WetView ver 7.1	07-13-2018	16:02:52
AC9 Absorption and Attenuation Meter
00000266		; Serial number
2	; structure version number
Reserved
0.000000	0.000000		; Depth calibration
19200			; Baud rate
0.100000			; Path length (meters)
31			; number of temperature calibration bins
				12.59339	13.44920	14.48425	15.49668	16.50852	17.49564	18.50545	19.52458	20.50176	21.48889	22.47318	23.48707	24.50962	25.49370	26.49784	27.51372	28.50746	29.47237	30.47938	31.50214	32.50470	33.49235	34.50337	35.50914	36.50618	37.52058	38.51018	39.51308	40.49994	41.49866	42.47204	; temperature bins
a650	Blue	20.34952		-0.00383	-0.00415	-0.00430	-0.00391	-0.00363	-0.00317	-0.00269	-0.00237	-0.00179	-0.00130	-0.00099	-0.00071	-0.00015	0.00000	0.00004	-0.00001	0.00015	0.00036	0.00058	0.00101	0.00161	0.00132	0.00160	0.00169	0.00242	0.00273	0.00336	0.00365	0.00427	0.00566	0.00670		; offset and temperature correction info
a676	Green	20.51193		-0.00398	-0.00384	-0.00360	-0.00306	-0.00302	-0.00255	-0.00235	-0.00212	-0.00163	-0.00136	-0.00118	-0.00089	-0.00029	0.00000	0.00068	0.00082	0.00099	0.00137	0.00145	0.00212	0.00260	0.00252	0.00321	0.00354	0.00457	0.00535	0.00617	0.00648	0.00742	0.00887	0.01002		; offset and temperature correction info
a715	Brown	20.23230		-0.00421	-0.00394	-0.00391	-0.00291	-0.00264	-0.00192	-0.00204	-0.00179	-0.00188	-0.00239	-0.00180	-0.00187	-0.00099	0.00000	0.00084	0.00162	0.00188	0.00224	0.00321	0.00381	0.00466	0.00528	0.00588	0.00696	0.00859	0.01041	0.01148	0.01282	0.01333	0.01456	0.01617		; offset and temperature correction info
c510	Red	20.40042		-0.00261	-0.00247	-0.00258	-0.00225	-0.00203	-0.00197	-0.00199	-0.00203	-0.00154	-0.00103	-0.00069	-0.00019	-0.00007	0.00000	0.00011	-0.00021	-0.00042	-0.00056	-0.00040	0.00011	0.00036	0.00050	0.00077	0.00079	0.00050	0.00042	0.00043	0.00092	0.00147	0.00200	0.00232		; offset and temperature correction info
c532	Magenta	20.40760		-0.00248	-0.00265	-0.00278	-0.00279	-0.00296	-0.00292	-0.00238	-0.00206	-0.00129	-0.00096	-0.00092	-0.00052	-0.00009	0.00000	0.00007	-0.00049	-0.00136	-0.00107	-0.00079	-0.00065	-0.00074	-0.00105	-0.00152	-0.00192	-0.00236	-0.00269	-0.00252	-0.00233	-0.00172	-0.00128	-0.00067		; offset and temperature correction info
c555	Black	20.50654		-0.00053	-0.00063	-0.00106	-0.00094	-0.00068	-0.00055	-0.00053	-0.00039	-0.00028	-0.00025	-0.00011	-0.00035	-0.00007	0.00000	-0.00037	-0.00055	-0.00036	-0.00014	0.00019	0.00044	0.00032	0.00040	0.00050	0.00028	0.00014	0.00013	0.00030	0.00073	0.00117	0.00176	0.00241		; offset and temperature correction info
a412	LtBlue	17.15231		-0.01972	-0.01823	-0.01612	-0.01381	-0.01272	-0.01080	-0.00959	-0.00866	-0.00710	-0.00532	-0.00354	-0.00148	-0.00028	0.00000	0.00176	0.00297	0.00394	0.00440	0.00453	0.00487	0.00804	0.00856	0.01065	0.01248	0.01388	0.01439	0.01659	0.01881	0.02256	0.02450	0.02719		; offset and temperature correction info
a440	LtGreen	18.00171		-0.00729	-0.00642	-0.00581	-0.00502	-0.00426	-0.00349	-0.00244	-0.00218	-0.00179	-0.00101	-0.00046	-0.00006	0.00036	0.00000	0.00040	0.00045	0.00030	-0.00015	-0.00024	-0.00035	0.00012	-0.00013	-0.00033	-0.00089	-0.00142	-0.00189	-0.00231	-0.00205	-0.00140	-0.00140	-0.00146		; offset and temperature correction info
a488	Yellow	18.86491		-0.00113	-0.00102	-0.00106	-0.00064	-0.00027	-0.00020	-0.00030	-0.00037	-0.00047	-0.00059	-0.00052	-0.00012	0.00008	0.00000	0.00025	0.00012	-0.00013	-0.00043	-0.00065	-0.00076	-0.00025	0.00010	0.00090	0.00111	0.00113	0.00104	0.00073	0.00068	0.00120	0.00186	0.00258		; offset and temperature correction info
c650	Blue	20.46075		-0.00145	-0.00097	-0.00092	-0.00139	-0.00185	-0.00196	-0.00237	-0.00266	-0.00238	-0.00163	-0.00083	-0.00041	-0.00010	0.00000	0.00005	-0.00001	0.00015	0.00034	0.00029	0.00065	0.00101	0.00164	0.00126	0.00156	0.00175	0.00270	0.00287	0.00371	0.00407	0.00473	0.00534		; offset and temperature correction info
c676	Green	20.10118		-0.00170	-0.00144	-0.00149	-0.00177	-0.00188	-0.00194	-0.00198	-0.00196	-0.00177	-0.00156	-0.00140	-0.00091	-0.00033	0.00000	0.00050	0.00092	0.00110	0.00141	0.00167	0.00199	0.00216	0.00265	0.00269	0.00289	0.00315	0.00374	0.00367	0.00408	0.00486	0.00561	0.00646		; offset and temperature correction info
c715	Brown	19.91219		-0.01201	-0.01097	-0.00859	-0.00680	-0.00651	-0.00592	-0.00535	-0.00440	-0.00387	-0.00303	-0.00222	-0.00153	-0.00028	0.00000	0.00093	0.00149	0.00247	0.00322	0.00330	0.00427	0.00373	0.00464	0.00536	0.00551	0.00643	0.00733	0.00779	0.00884	0.00899	0.01021	0.01120		; offset and temperature correction info
a510	Red	19.21192		0.00201	0.00193	0.00158	0.00098	0.00089	0.00049	0.00011	-0.00016	-0.00016	-0.00005	0.00028	0.00025	0.00006	0.00000	0.00035	-0.00022	-0.00023	-0.00080	-0.00144	-0.00154	-0.00153	-0.00204	-0.00220	-0.00219	-0.00190	-0.00128	-0.00069	-0.00018	0.00068	0.00152	0.00241		; offset and temperature correction info
a532	Magenta	19.41084		-0.00097	-0.00072	-0.00060	-0.00081	-0.00062	-0.00071	-0.00040	0.00020	0.00028	0.00043	0.00000	-0.00035	0.00007	0.00000	-0.00011	-0.00059	-0.00080	-0.00098	-0.00137	-0.00162	-0.00163	-0.00130	-0.00073	-0.00018	0.00090	0.00185	0.00175	0.00247	0.00291	0.00327	0.00349		; offset and temperature correction info
a555	Black	19.69776		0.00171	0.00183	0.00183	0.00186	0.00191	0.00170	0.00115	0.00131	0.00097	0.00073	0.00060	0.00013	0.00015	0.00000	0.00014	-0.00029	-0.00066	-0.00082	-0.00116	-0.00139	-0.00134	-0.00167	-0.00119	-0.00093	-0.00048	0.00053	0.00111	0.00095	0.00178	0.00206	0.00273		; offset and temperature correction info
c412	LtBlue	19.91180		-0.02051	-0.01853	-0.01589	-0.01311	-0.01059	-0.00877	-0.00705	-0.00581	-0.00413	-0.00231	-0.00098	-0.00066	-0.00011	0.00000	-0.00013	-0.00085	-0.00170	-0.00170	-0.00302	-0.00330	-0.00429	-0.00551	-0.00626	-0.00775	-0.00978	-0.01181	-0.01113	-0.01108	-0.01116	-0.01192	-0.01291		; offset and temperature correction info
c440	LtGreen	20.06241		-0.01064	-0.00992	-0.00892	-0.00766	-0.00639	-0.00531	-0.00478	-0.00384	-0.00287	-0.00187	-0.00102	-0.00063	-0.00023	0.00000	-0.00007	-0.00053	-0.00090	-0.00119	-0.00169	-0.00197	-0.00226	-0.00257	-0.00260	-0.00289	-0.00394	-0.00470	-0.00481	-0.00493	-0.00520	-0.00580	-0.00620		; offset and temperature correction info
c488	Yellow	20.35984		-0.01125	-0.01082	-0.00966	-0.00833	-0.00726	-0.00661	-0.00579	-0.00500	-0.00389	-0.00278	-0.00167	-0.00113	-0.00041	0.00000	0.00055	0.00121	0.00187	0.00226	0.00222	0.00251	0.00281	0.00359	0.00414	0.00427	0.00401	0.00404	0.00486	0.00563	0.00638	0.00684	0.00718		; offset and temperature correction info
0.003500	0.004000	0.015000	0.020000	0.015000	0.020000	2500.000000	2000.000000	1000.000000	; maxANoise	maxCNoise	maxADifference	maxCDifference	minACounts	minCCounts	minRCounts	maxTempSdev	maxDepthSdev
0			; auxilliary capabilities
1			; acquisition binsize
0	-0.18771	-0.17920	-0.77887	0.20389	0.26766	0.22682	0.66913	0.27679	0.16924	0.20972	0.27366	0.21559	0.08962	0.14857	0.05689	0.01998	0.10850	0.21333	32.69	6.1	0.00	7.69	0.01272	0.01303	0.01630	0.00796	0.00592	0.00649	0.00469	0.01272	0.01687	0.00689	0.00713	0.00889	0.01496	0.01098	0.01200	0.00223	0.00632	0.00884
160	-0.15753	-0.23249	-0.76407	0.20076	0.26485	0.22321	0.49916	0.32859	0.15901	0.20685	0.27074	0.21322	0.12365	0.09798	0.05535	0.02056	0.10900	0.21494
330	-0.19714	-0.19996	-0.75128	0.20361	0.26730	0.22594	0.65650	0.30644	0.12931	0.20924	0.27324	0.21474	0.08658	0.09835	0.09496	0.01632	0.10782	0.21180
490	-0.17833	-0.19780	-0.78812	0.20159	0.26501	0.22291	0.58559	0.27968	0.17466	0.20603	0.27067	0.21226	0.09951	0.14268	0.04054	0.01811	0.10999	0.21379
650	-0.16357	-0.23050	-0.75052	0.20278	0.26684	0.22437	0.53727	0.33709	0.14076	0.20745	0.27200	0.21362	0.11649	0.07850	0.07374	0.01591	0.10638	0.21233
820	-0.20331	-0.18765	-0.76333	0.20134	0.26439	0.22259	0.68656	0.28472	0.13866	0.20559	0.26875	0.21224	0.08032	0.11486	0.08942	0.01998	0.10998	0.21516
980	-0.16768	-0.20524	-0.78174	0.20315	0.26746	0.22565	0.55398	0.28876	0.17409	0.20871	0.27124	0.21349	0.10357	0.12824	0.02734	0.01829	0.10767	0.21230
1140	-0.18195	-0.24354	-0.76370	0.20008	0.26411	0.22271	0.46892	0.31104	0.11723	0.20490	0.26890	0.21145	0.09794	0.04584	0.04231	0.01936	0.11050	0.21595
1310	-0.23278	-0.21505	-0.78159	0.20383	0.26668	0.22618	0.55226	0.24560	0.10576	0.20941	0.27126	0.21408	0.04914	0.06782	0.05181	0.01749	0.10795	0.21247
1470	-0.20157	-0.23127	-0.80916	0.19991	0.26363	0.22183	0.45549	0.23829	0.14490	0.20558	0.26911	0.21200	0.07470	0.11145	0.01523	0.02254	0.11285	0.21818
1640	-0.18703	-0.25644	-0.77451	0.20540	0.26882	0.22717	0.42199	0.30611	0.13305	0.21124	0.27313	0.21567	0.10338	0.05984	0.03284	0.02188	0.10771	0.21462	32.69	6.0	0.00	7.70	0.01272	0.01303	0.01630	0.00796	0.00592	0.00649	0.00469	0.01272	0.01687	0.00689	0.00713	0.00889	0.01496	0.01098	0.01200	0.00223	0.00632	0.00884
1800	-0.22103	-0.21414	-0.76732	0.20402	0.27041	0.22765	0.59197	0.27988	0.11993	0.21198	0.27477	0.21782	0.06622	0.07792	0.07445	0.02239	0.10989	0.21516
1960	-0.19180	-0.21773	-0.79714	0.20266	0.26646	0.22447	0.48872	0.26789	0.16119	0.20946	0.27096	0.21429	0.09185	0.11448	0.01651	0.01719	0.10556	0.21089
2130	-0.18672	-0.23975	-0.75849	0.20275	0.26842	0.22685	0.51255	0.31891	0.12154	0.21158	0.27354	0.21706	0.10334	0.06496	0.08003	0.02137	0.10906	0.21505
2290	-0.21178	-0.19458	-0.78601	0.20139	0.26593	0.22457	0.63236	0.25643	0.15445	0.20890	0.27173	0.21460	0.07480	0.12965	0.03982	0.01668	0.10519	0.21121
2450	-0.16984	-0.24228	-0.77125	0.19802	0.26306	0.22170	0.46742	0.31571	0.15099	0.20545	0.26949	0.21197	0.11824	0.09080	0.04900	0.02430	0.11075	0.21743
2620	-0.20067	-0.20294	-0.75147	0.20452	0.26834	0.22503	0.65372	0.31086	0.12878	0.20992	0.27296	0.21590	0.08760	0.09191	0.09717	0.01825	0.10712	0.21369
2780	-0.18293	-0.18981	-0.78433	0.20050	0.26514	0.22274	0.62510	0.27830	0.17320	0.20663	0.27045	0.21227	0.09953	0.15346	0.05779	0.02280	0.11072	0.21702
2940	-0.15336	-0.22684	-0.75124	0.20436	0.26756	0.22567	0.54858	0.34760	0.15675	0.21009	0.27248	0.21553	0.12972	0.09569	0.07340	0.01928	0.10704	0.21292
3110	-0.19605	-0.18077	-0.75001	0.20351	0.26783	0.22575	0.72778	0.30619	0.14806	0.21017	0.27296	0.21648	0.09131	0.12878	0.10239	0.02129	0.10799	0.21397
3270	-0.15580	-0.19413	-0.77148	0.20115	0.26482	0.22334	0.58917	0.31361	0.18630	0.20890	0.27012	0.21446	0.12503	0.15179	0.05553	0.01311	0.10436	0.21106	32.69	6.2	0.00	7.80	0.01272	0.01303	0.01630	0.00796	0.00592	0.00649	0.00469	0.01272	0.01687	0.00689	0.00713	0.00889	0.01496	0.01098	0.01200	0.00222	0.00632	0.00884
3430	-0.16587	-0.20912	-0.73449	0.19865	0.26287	0.22196	0.63174	0.35645	0.14561	0.20679	0.26843	0.21214	0.13355	0.10440	0.11262	0.01956	0.11018	0.21670
3600	-0.17627	-0.15899	-0.74903	0.20385	0.26741	0.22569	0.79012	0.31206	0.17010	0.21007	0.27218	0.21587	0.10906	0.16685	0.12289	0.01718	0.10875	0.21612
3760	-0.12921	-0.18338	-0.75200	0.20429	0.26827	0.22712	0.64802	0.35094	0.20435	0.21170	0.27272	0.21660	0.14672	0.16481	0.07332	0.01904	0.10872	0.21396
3920	-0.16265	-0.18875	-0.72532	0.20122	0.26495	0.22399	0.71848	0.35049	0.14536	0.20738	0.27010	0.21301	0.11687	0.11736	0.12212	0.01370	0.10718	0.21368
4090	-0.16664	-0.16899	-0.76876	0.20279	0.26722	0.22442	0.68590	0.29636	0.18477	0.20969	0.27187	0.21471	0.10723	0.16525	0.05629	0.01523	0.10598	0.21215
4250	-0.15016	-0.22009	-0.74389	0.20105	0.26623	0.22327	0.55838	0.34729	0.15300	0.20790	0.27071	0.21409	0.12969	0.09276	0.07679	0.01007	0.10379	0.20951
4410	-0.19708	-0.17931	-0.74972	0.19891	0.26759	0.22660	0.71027	0.30447	0.14650	0.21239	0.27409	0.21729	0.08878	0.12334	0.10256	0.01805	0.10932	0.21568
4580	-0.15886	-0.20165	-0.77638	0.20196	0.26705	0.22408	0.56629	0.30576	0.18043	0.20881	0.27181	0.21440	0.12011	0.13715	0.04505	0.01447	0.10539	0.21146
4740	-0.17877	-0.21318	-0.73877	0.19974	0.26682	0.22669	0.61703	0.34168	0.13535	0.21157	0.27459	0.21758	0.10939	0.09266	0.10453	0.01714	0.10912	0.21554
4900	-0.18699	-0.18017	-0.77873	0.20270	0.26594	0.22448	0.64218	0.27515	0.17425	0.20705	0.27089	0.21414	0.09481	0.14552	0.03742	0.01355	0.10410	0.21075	32.75	6.0	0.00	7.74	0.01272	0.01303	0.01630	0.00796	0.00592	0.00649	0.00469	0.01272	0.01687	0.00689	0.00713	0.00889	0.01496	0.01099	0.01200	0.00222	0.00632	0.00884
5060	-0.16228	-0.23008	-0.74782	0.20221	0.26683	0.22509	0.52796	0.33744	0.13534	0.20986	0.27282	0.21560	0.11010	0.07478	0.08342	0.01516	0.10748	0.21323
5230	-0.20381	-0.18930	-0.78469	0.20059	0.26420	0.22303	0.64230	0.25909	0.15546	0.20677	0.27043	0.21301	0.07254	0.12352	0.03081	0.01212	0.10386	0.21164
5390	-0.17745	-0.25283	-0.77536	0.19914	0.26191	0.22110	0.42609	0.30262	0.13249	0.20581	0.26833	0.21169	0.10352	0.05847	0.03723	0.01461	0.10653	0.21380
5550	-0.22182	-0.21169	-0.76712	0.20292	0.26542	0.22433	0.59435	0.27166	0.11481	0.20782	0.27070	0.21388	0.06461	0.08119	0.07423	0.01662	0.10530	0.21185
5720	-0.19202	-0.21184	-0.79830	0.20029	0.26374	0.22158	0.52280	0.25710	0.15631	0.20720	0.26986	0.21114	0.08219	0.12539	0.02935	0.01593	0.10888	0.21558
5880	-0.17630	-0.24573	-0.76709	0.20264	0.26682	0.22464	0.45031	0.31659	0.14002	0.20929	0.27359	0.21474	0.10930	0.07506	0.03966	0.01494	0.10562	0.21171
6050	-0.21348	-0.21015	-0.75767	0.20184	0.26580	0.22479	0.60640	0.29507	0.11765	0.20959	0.27251	0.21508	0.07886	0.07451	0.08283	0.01644	0.10576	0.21289
6210	-0.19601	-0.19601	-0.78997	0.20242	0.26655	0.22453	0.61194	0.25793	0.15604	0.20848	0.27357	0.21518	0.07805	0.13148	0.04531	0.01465	0.10503	0.21187
6370	-0.16889	-0.23715	-0.77316	0.20351	0.26752	0.22640	0.48093	0.31589	0.16017	0.21096	0.27319	0.21700	0.11999	0.10176	0.04063	0.01974	0.10733	0.21397
6540	-0.20194	-0.21360	-0.75340	0.20160	0.26527	0.22256	0.61672	0.30699	0.12260	0.20869	0.27315	0.21457	0.08922	0.08122	0.08799	0.01570	0.10464	0.21171	32.69	6.0	0.00	7.49	0.01272	0.01303	0.01630	0.00796	0.00592	0.00649	0.00469	0.01272	0.01687	0.00689	0.00713	0.00889	0.01496	0.01098	0.01200	0.00223	0.00632	0.00884
6700	-0.19240	-0.19154	-0.78435	0.20419	0.26962	0.22616	0.62224	0.27018	0.16854	0.21192	0.27577	0.21750	0.09120	0.13934	0.04097	0.01943	0.10858	0.21543
6860	-0.16412	-0.23344	-0.75515	0.20277	0.26725	0.22387	0.49983	0.33161	0.13694	0.20935	0.27162	0.21456	0.11592	0.07435	0.07548	0.01493	0.10436	0.21181
7030	-0.20478	-0.18591	-0.76999	0.20326	0.26810	0.22509	0.68623	0.27395	0.15933	0.21105	0.27412	0.21661	0.07914	0.13854	0.05964	0.02137	0.10923	0.21453
7190	-0.16047	-0.23453	-0.76238	0.20173	0.26566	0.22214	0.50514	0.32981	0.14740	0.20825	0.27112	0.21379	0.12401	0.08271	0.06738	0.01555	0.10309	0.21038
7350	-0.20863	-0.19039	-0.76567	0.19961	0.26363	0.22105	0.67852	0.27683	0.13844	0.20630	0.27015	0.21214	0.08163	0.12760	0.08655	0.01969	0.10683	0.21474
7510	-0.16146	-0.21750	-0.77803	0.20248	0.26603	0.22313	0.51735	0.30483	0.17283	0.20910	0.27117	0.21429	0.11825	0.12377	0.03681	0.01474	0.10431	0.21102
7680	-0.18347	-0.21989	-0.74674	0.19804	0.26280	0.21985	0.58619	0.33088	0.12768	0.20547	0.26913	0.21187	0.11170	0.07592	0.08814	0.01745	0.10672	0.21384
7840	-0.19762	-0.18124	-0.76423	0.20265	0.26623	0.22387	0.67825	0.28313	0.13988	0.21003	0.27266	0.21472	0.08340	0.11632	0.09785	0.01720	0.10741	0.21447
8010	-0.16775	-0.19497	-0.78129	0.20325	0.26722	0.22460	0.59558	0.28249	0.17490	0.20984	0.27377	0.21529	0.10034	0.15048	0.04858	0.01778	0.10743	0.21387
8170	-0.15756	-0.23155	-0.75798	0.20195	0.26569	0.22277	0.51720	0.33544	0.16019	0.20776	0.27196	0.21470	0.12812	0.10821	0.05800	0.01831	0.11015	0.21811	32.75	6.1	0.00	7.69	0.01272	0.01303	0.01630	0.00796	0.00592	0.00649	0.00469	0.01272	0.01687	0.00689	0.00713	0.00889	0.01496	0.01098	0.01200	0.00222	0.00632	0.00884
8340	-0.19016	-0.19942	-0.74293	0.20670	0.26993	0.22630	0.64719	0.32500	0.13217	0.21100	0.27493	0.21691	0.09834	0.09598	0.10321	0.01838	0.10922	0.21560
8500	-0.18328	-0.18534	-0.78151	0.20296	0.26798	0.22575	0.63583	0.27983	0.17745	0.21121	0.27402	0.21743	0.09880	0.14810	0.04256	0.01868	0.10765	0.21469
8660	-0.16259	-0.22786	-0.74650	0.20210	0.26469	0.22272	0.54428	0.33829	0.13636	0.20859	0.27135	0.21518	0.11834	0.07636	0.08560	0.01150	0.10313	0.21097
8820	-0.19856	-0.18051	-0.76897	0.20241	0.26655	0.22564	0.69444	0.27970	0.15641	0.20952	0.27199	0.21727	0.08497	0.14204	0.07202	0.01512	0.10659	0.21326
8990	-0.15641	-0.22271	-0.76851	0.20229	0.26496	0.22409	0.51835	0.32518	0.16893	0.20818	0.27108	0.21518	0.12520	0.11147	0.05376	0.01377	0.10485	0.21239
9150	-0.19498	-0.20246	-0.74575	0.19885	0.26332	0.22058	0.65886	0.32295	0.12893	0.20534	0.26878	0.21224	0.10305	0.09284	0.10340	0.01648	0.10911	0.21653
9320	-0.18466	-0.17624	-0.77403	0.20435	0.26779	0.22444	0.67047	0.27440	0.16675	0.20921	0.27279	0.21636	0.09044	0.14689	0.06330	0.01505	0.10565	0.21296
9480	-0.15366	-0.22412	-0.76367	0.20366	0.26756	0.22437	0.51498	0.32935	0.17072	0.21088	0.27447	0.21719	0.12805	0.11423	0.05059	0.01816	0.10714	0.21425
9640	-0.18862	-0.20446	-0.74400	0.20223	0.26602	0.22349	0.64156	0.32449	0.13012	0.20903	0.27194	0.21567	0.09939	0.08751	0.09905	0.01377	0.10504	0.21201
9810	-0.18430	-0.17793	-0.77599	0.20448	0.26843	0.22561	0.67063	0.27833	0.17261	0.21235	0.27484	0.21762	0.09157	0.15005	0.05433	0.01492	0.10877	0.21429	32.75	6.1	0.00	7.72	0.01272	0.01303	0.01630	0.00796	0.00592	0.00649	0.00469	0.01272	0.01687	0.00689	0.00713	0.00889	0.01496	0.01098	0.01200	0.00222	0.00632	0.00883
9970	-0.15669	-0.23084	-0.75754	0.20329	0.26652	0.22225	0.51317	0.33603	0.15026	0.20914	0.27188	0.21457	0.12564	0.08957	0.06433	0.01148	0.10393	0.21102
10130	-0.20119	-0.18621	-0.75378	0.20352	0.26807	0.22504	0.68940	0.29335	0.14290	0.21114	0.27492	0.21741	0.08402	0.12696	0.08992	0.01309	0.10731	0.21349
10300	-0.16000	-0.21001	-0.77631	0.20224	0.26491	0.22358	0.53415	0.30983	0.17573	0.20925	0.27087	0.21488	0.12214	0.12647	0.04317	0.01122	0.10378	0.21087
10460	-0.18539	-0.21347	-0.74402	0.19906	0.26229	0.22009	0.61982	0.32758	0.12878	0.20575	0.27092	0.21378	0.10728	0.08693	0.10121	0.01459	0.10889	0.21646
10620	-0.18872	-0.17717	-0.77476	0.20384	0.26830	0.22489	0.67752	0.27682	0.16781	0.21042	0.27290	0.21665	0.08973	0.14525	0.05967	0.01276	0.10637	0.21309
10790	-0.15516	-0.22857	-0.76199	0.20088	0.26444	0.22131	0.51615	0.33159	0.16222	0.20624	0.27127	0.21354	0.12709	0.10777	0.05774	0.01635	0.10869	0.21639
10950	-0.19027	-0.19500	-0.74481	0.20494	0.26707	0.22521	0.66444	0.31759	0.13321	0.21021	0.27401	0.21667	0.09420	0.09783	0.09914	0.01126	0.10627	0.21268
11110	-0.17838	-0.18678	-0.78197	0.20082	0.26444	0.22155	0.62043	0.28067	0.17377	0.20742	0.26938	0.21372	0.09996	0.15398	0.05127	0.01638	0.11023	0.21688
11280	-0.15513	-0.22828	-0.75309	0.20495	0.26774	0.22468	0.52846	0.34176	0.15600	0.21018	0.27302	0.21643	0.12886	0.09111	0.06881	0.01496	0.10864	0.21525
11440	-0.19797	-0.18544	-0.75324	0.20389	0.26865	0.22487	0.70058	0.29572	0.14218	0.21165	0.27363	0.21668	0.08288	0.11978	0.09016	0.01422	0.10633	0.21334	32.69	6.1	0.00	7.69	0.01272	0.01303	0.01630	0.00796	0.00592	0.00649	0.00469	0.01272	0.01687	0.00689	0.00713	0.00889	0.01496	0.01098	0.01200	0.00222	0.00632	0.00883
11600	-0.16220	-0.20697	-0.77887	0.20126	0.26545	0.22130	0.55183	0.30065	0.17701	0.20866	0.27106	0.21398	0.11768	0.13440	0.04291	0.01297	0.10610	0.21334
11770	-0.17718	-0.21665	-0.74334	0.20309	0.26780	0.22378	0.61041	0.33455	0.13092	0.20915	0.27232	0.21572	0.10689	0.08584	0.09582	0.01202	0.10537	0.21231
11930	-0.19193	-0.17961	-0.77686	0.20152	0.26613	0.22226	0.67510	0.27088	0.16380	0.20774	0.27118	0.21501	0.08492	0.14165	0.06521	0.00664	0.10253	0.21041
12090	-0.15913	-0.22466	-0.76508	0.19991	0.26792	0.22538	0.52121	0.32944	0.17572	0.21278	0.27635	0.21939	0.13072	0.11422	0.05520	0.01477	0.10883	0.21555
12260	-0.19332	-0.19846	-0.74536	0.20366	0.26698	0.22420	0.68026	0.31393	0.13357	0.20998	0.27302	0.21667	0.08739	0.10590	0.10057	0.01103	0.10576	0.21208
12420	-0.17238	-0.19725	-0.77915	0.20120	0.26775	0.22564	0.59074	0.29752	0.18088	0.21164	0.27545	0.21968	0.11303	0.14181	0.04367	0.01264	0.10858	0.21577
12580	-0.17484	-0.21822	-0.74393	0.20262	0.26643	0.22448	0.61785	0.32871	0.13078	0.20882	0.27214	0.21636	0.09757	0.09417	0.09816	0.01239	0.10433	0.21188
12740	-0.18346	-0.19161	-0.78251	0.20118	0.26706	0.22447	0.60613	0.28586	0.17823	0.20983	0.27367	0.21657	0.10428	0.14207	0.04071	0.01437	0.10551	0.21168
12910	-0.17087	-0.22475	-0.74726	0.20116	0.26511	0.22285	0.57590	0.33643	0.13215	0.20836	0.27221	0.21510	0.10910	0.08044	0.09296	0.00898	0.10481	0.21091
13070	-0.19617	-0.18324	-0.77829	0.20008	0.26410	0.22138	0.67658	0.27156	0.16172	0.20786	0.27066	0.21347	0.08113	0.14043	0.06309	0.00865	0.10110	0.20837	32.69	5.9	0.00	7.74	0.01272	0.01303	0.01630	0.00796	0.00592	0.00649	0.00469	0.01272	0.01687	0.00689	0.00713	0.00889	0.01496	0.01098	0.01200	0.00222	0.00632	0.00883
13230	-0.15683	-0.22737	-0.76529	0.20507	0.27001	0.22749	0.52162	0.33452	0.17319	0.21262	0.27613	0.21870	0.13101	0.11330	0.05658	0.01597	0.10975	0.21575
13400	-0.19635	-0.19934	-0.74663	0.20424	0.26847	0.22471	0.67558	0.30900	0.13595	0.21004	0.27266	0.21606	0.09000	0.10722	0.10111	0.01217	0.10514	0.21114
13560	-0.16917	-0.19473	-0.77960	0.20470	0.26948	0.22728	0.57593	0.30221	0.18380	0.21283	0.27506	0.21841	0.12105	0.13876	0.04446	0.01777	0.10861	0.21513
13720	-0.17668	-0.21034	-0.74274	0.20250	0.26705	0.22318	0.65219	0.32247	0.13235	0.20965	0.27256	0.21565	0.09435	0.10220	0.10153	0.01055	0.10460	0.21100
13880	-0.17371	-0.19759	-0.78380	0.19770	0.26345	0.22029	0.58179	0.28976	0.17533	0.20559	0.26911	0.21241	0.11111	0.14481	0.04275	0.01480	0.10800	0.21495
14050	-0.16815	-0.22027	-0.74275	0.20324	0.26701	0.22421	0.59443	0.33758	0.13429	0.20978	0.27232	0.21580	0.11425	0.08499	0.09992	0.01407	0.10388	0.21147
14210	-0.19421	-0.18135	-0.77564	0.19918	0.26404	0.22057	0.67915	0.27218	0.16493	0.20676	0.27018	0.21331	0.08868	0.14398	0.06015	0.00887	0.10054	0.20834
14370	-0.15504	-0.22495	-0.76199	0.20443	0.26916	0.22649	0.52586	0.33557	0.17350	0.21315	0.27584	0.21843	0.13061	0.10829	0.05854	0.01590	0.10842	0.21509
14540	-0.19451	-0.19466	-0.74907	0.20348	0.26711	0.22413	0.68495	0.30920	0.13761	0.20931	0.27215	0.21513	0.08717	0.11061	0.09461	0.01418	0.10434	0.21137
14700	-0.16795	-0.19945	-0.77859	0.20339	0.27088	0.22774	0.56414	0.30865	0.18259	0.21160	0.27417	0.21810	0.12128	0.13391	0.04796	0.01636	0.10793	0.21491	32.75	6.2	0.00	7.76	0.01272	0.01303	0.01630	0.00796	0.00592	0.00649	0.00469	0.01272	0.01687	0.00689	0.00713	0.00889	0.01496	0.01098	0.01200	0.00222	0.00632	0.00883
14860	-0.18502	-0.20861	-0.74539	0.20251	0.26684	0.22377	0.66848	0.31406	0.13284	0.20954	0.27233	0.21487	0.08845	0.10938	0.10033	0.00933	0.10247	0.21045
15020	-0.17228	-0.20096	-0.78131	0.19820	0.26361	0.22154	0.56261	0.29462	0.17736	0.20700	0.26949	0.21274	0.11523	0.13841	0.04299	0.01372	0.10680	0.21444
15190	-0.17515	-0.21631	-0.74381	0.20236	0.26814	0.22272	0.61063	0.33585	0.13224	0.20865	0.27180	0.21552	0.10592	0.08778	0.10094	0.01251	0.10426	0.21124
15350	-0.18936	-0.18149	-0.77932	0.20034	0.26620	0.22257	0.67530	0.27756	0.17314	0.20867	0.27208	0.21357	0.09454	0.15220	0.06031	0.01127	0.10052	0.20946
15510	-0.15197	-0.22522	-0.75612	0.20416	0.27056	0.22644	0.53975	0.34571	0.16989	0.21306	0.27561	0.21837	0.13543	0.10770	0.07006	0.01782	0.10743	0.21460
15680	-0.19787	-0.18681	-0.75101	0.20333	0.26749	0.22455	0.69747	0.29275	0.14279	0.20894	0.27274	0.21538	0.08761	0.12896	0.09432	0.01559	0.10766	0.21542
15840	-0.16145	-0.21118	-0.77388	0.20487	0.27022	0.22615	0.52685	0.32147	0.17528	0.21216	0.27589	0.21791	0.12500	0.10905	0.05636	0.01585	0.10738	0.21372
16000	-0.20036	-0.19481	-0.75658	0.20153	0.26678	0.22295	0.67736	0.28593	0.13963	0.20853	0.27136	0.21471	0.07839	0.12329	0.07759	0.01233	0.10346	0.20982
16160	-0.16536	-0.22750	-0.77639	0.19803	0.26408	0.21949	0.50650	0.31561	0.16281	0.20591	0.26992	0.21251	0.12150	0.10974	0.05213	0.01420	0.10811	0.21565
16330	-0.19558	-0.19827	-0.74829	0.20422	0.26958	0.22584	0.67504	0.30338	0.13619	0.20988	0.27387	0.21655	0.08386	0.11525	0.09056	0.01506	0.10623	0.21317	32.75	6.2	0.00	7.70	0.01272	0.01303	0.01630	0.00796	0.00592	0.00649	0.00469	0.01272	0.01687	0.00689	0.00713	0.00889	0.01496	0.01098	0.01200	0.00222	0.00632	0.00883
16490	-0.16555	-0.21411	-0.78048	0.20152	0.26755	0.22349	0.52386	0.31154	0.17202	0.20754	0.27104	0.21444	0.11973	0.11203	0.04626	0.01071	0.10127	0.20978
16650	-0.19429	-0.20484	-0.74478	0.19931	0.26734	0.22504	0.64997	0.31696	0.13482	0.21081	0.27503	0.21710	0.09020	0.10358	0.09933	0.01770	0.10616	0.21302
16810	-0.17204	-0.19945	-0.78131	0.20167	0.26716	0.22349	0.58226	0.29667	0.17865	0.20816	0.27114	0.21448	0.11248	0.13809	0.03825	0.01396	0.10224	0.21046
16980	-0.17932	-0.22259	-0.74565	0.19871	0.26458	0.22089	0.58662	0.33350	0.13125	0.20593	0.26969	0.21264	0.11781	0.08668	0.09547	0.01422	0.10812	0.21541
17140	-0.19617	-0.17692	-0.76993	0.20487	0.27043	0.22570	0.69005	0.27837	0.16151	0.21103	0.27511	0.21721	0.08907	0.14493	0.06471	0.01638	0.10612	0.21316
17300	-0.15532	-0.22610	-0.76296	0.20062	0.26643	0.22245	0.51584	0.32861	0.16419	0.20775	0.27207	0.21379	0.12921	0.10776	0.06105	0.01733	0.10844	0.21534
17470	-0.19245	-0.19440	-0.74595	0.20356	0.26829	0.22459	0.68010	0.31594	0.13686	0.20885	0.27327	0.21522	0.09250	0.10284	0.10081	0.01517	0.10482	0.21228
17630	-0.17244	-0.19274	-0.78257	0.19952	0.26426	0.22089	0.60553	0.28519	0.17689	0.20596	0.27179	0.21353	0.10683	0.14934	0.04883	0.01411	0.10707	0.21423
17790	-0.15989	-0.22673	-0.74921	0.20271	0.26789	0.22462	0.54447	0.34223	0.14996	0.20981	0.27278	0.21552	0.12535	0.08657	0.07307	0.01356	0.10461	0.21159
17960	-0.20392	-0.18786	-0.75630	0.19884	0.26493	0.22022	0.67714	0.29435	0.13373	0.20646	0.27040	0.21286	0.08639	0.10787	0.10317	0.01766	0.10828	0.21610	32.69	6.1	0.00	7.79	0.01272	0.01303	0.01630	0.00796	0.00592	0.00649	0.00469	0.01272	0.01687	0.00689	0.00713	0.00889	0.01496	0.01098	0.01200	0.00222	0.00632	0.00884
18120	-0.17231	-0.18860	-0.78044	0.20278	0.26847	0.22452	0.61690	0.28194	0.17577	0.20927	0.27303	0.21475	0.09756	0.14901	0.04881	0.01344	0.10438	0.21201
18290	-0.15707	-0.22971	-0.75472	0.20294	0.26794	0.22522	0.51760	0.34064	0.15817	0.21084	0.27354	0.21608	0.12651	0.09160	0.06316	0.01571	0.10540	0.21379
18450	-0.19970	-0.19336	-0.75120	0.20228	0.26798	0.22418	0.67567	0.30780	0.13288	0.20998	0.27272	0.21455	0.08542	0.09954	0.09828	0.01407	0.10280	0.21181
18610	-0.17751	-0.18782	-0.77917	0.20308	0.26918	0.22562	0.63121	0.27994	0.17491	0.21110	0.27382	0.21617	0.09981	0.15082	0.04853	0.01527	0.10630	0.21440
18780	-0.16151	-0.23062	-0.75304	0.20154	0.26673	0.22361	0.52023	0.33970	0.14729	0.20914	0.27221	0.21449	0.12399	0.08617	0.07055	0.01224	0.10338	0.21127
18940	-0.19981	-0.18310	-0.75473	0.20451	0.26949	0.22633	0.69833	0.29395	0.14359	0.21311	0.27519	0.21745	0.08807	0.12368	0.09154	0.01952	0.10835	0.21553
19100	-0.16374	-0.21122	-0.77701	0.20279	0.26712	0.22454	0.53604	0.30919	0.17382	0.20889	0.27242	0.21527	0.12014	0.12221	0.04375	0.01165	0.10296	0.21042
19270	-0.18695	-0.20637	-0.74398	0.20323	0.26810	0.22545	0.64589	0.32129	0.13375	0.21080	0.27460	0.21728	0.09130	0.10229	0.10101	0.01634	0.10706	0.21449
19430	-0.17442	-0.19851	-0.78213	0.20111	0.26621	0.22323	0.57329	0.29702	0.17772	0.20875	0.27233	0.21505	0.11487	0.13461	0.03862	0.01319	0.10217	0.21038
19590	-0.18281	-0.21717	-0.74583	0.19817	0.26452	0.22160	0.60996	0.33053	0.12676	0.20646	0.26990	0.21219	0.10759	0.08522	0.09606	0.01181	0.10662	0.21399	32.75	6.1	0.00	7.67	0.01272	0.01303	0.01630	0.00796	0.00592	0.00649	0.00469	0.01272	0.01687	0.00689	0.00713	0.00889	0.01496	0.01098	0.01200	0.00222	0.00632	0.00883
19750	-0.19107	-0.17944	-0.77745	0.20225	0.26708	0.22357	0.66673	0.27392	0.16804	0.20842	0.27190	0.21413	0.08837	0.14441	0.05544	0.01419	0.10333	0.21117
19920	-0.15906	-0.23081	-0.76392	0.19875	0.26403	0.22092	0.51463	0.32914	0.16377	0.20702	0.26992	0.21278	0.12417	0.11237	0.04782	0.01181	0.10630	0.21443
20080	-0.18740	-0.20851	-0.74487	0.20219	0.26853	0.22443	0.61711	0.33463	0.13130	0.21024	0.27332	0.21561	0.10901	0.07955	0.09067	0.01382	0.10521	0.21215
20250	-0.19658	-0.17736	-0.76829	0.20219	0.26975	0.22636	0.70007	0.28460	0.15402	0.21225	0.27490	0.21862	0.08438	0.13476	0.08352	0.01990	0.10852	0.21642
20410	-0.15575	-0.21529	-0.77401	0.20296	0.26802	0.22397	0.53449	0.31138	0.17618	0.20924	0.27193	0.21514	0.11980	0.13150	0.04284	0.01701	0.10727	0.21506
20570	-0.17931	-0.21408	-0.74123	0.20330	0.26887	0.22466	0.60622	0.33324	0.13176	0.21046	0.27334	0.21571	0.11039	0.08602	0.09619	0.01250	0.10488	0.21169
20740	-0.19544	-0.17987	-0.77638	0.20193	0.26602	0.22218	0.67343	0.26723	0.15900	0.20779	0.27132	0.21347	0.08840	0.14494	0.06899	0.01481	0.10861	0.21513
20900	-0.15177	-0.22304	-0.76452	0.20398	0.26944	0.22527	0.51140	0.32763	0.17073	0.21057	0.27301	0.21633	0.12635	0.11124	0.05173	0.01488	0.10546	0.21314
21060	-0.19364	-0.20320	-0.74595	0.20076	0.26583	0.22245	0.63871	0.31940	0.12571	0.20745	0.27137	0.21430	0.10335	0.09113	0.10249	0.01455	0.10771	0.21602
21230	-0.18514	-0.17775	-0.77768	0.20285	0.26818	0.22534	0.67550	0.27480	0.16756	0.20949	0.27288	0.21580	0.09020	0.14589	0.05895	0.01420	0.10506	0.21240	32.69	6.3	0.00	7.84	0.01272	0.01303	0.01630	0.00796	0.00592	0.00649	0.00469	0.01272	0.01687	0.00689	0.00713	0.00889	0.01496	0.01098	0.01200	0.00222	0.00632	0.00883
21390	-0.15475	-0.23044	-0.76198	0.19898	0.26506	0.22229	0.51371	0.32862	0.16417	0.20594	0.26990	0.21299	0.12938	0.11585	0.05584	0.01739	0.11033	0.21687
21560	-0.18677	-0.20228	-0.74185	0.20456	0.26875	0.22534	0.64094	0.32872	0.13072	0.20960	0.27385	0.21648	0.10223	0.08718	0.10002	0.01285	0.10663	0.21292
21720	-0.18738	-0.17829	-0.77792	0.20276	0.26884	0.22620	0.67027	0.27453	0.16796	0.21029	0.27402	0.21690	0.09380	0.14826	0.05792	0.01640	0.10760	0.21340
21880	-0.15296	-0.22676	-0.75875	0.20011	0.26659	0.22415	0.51390	0.33500	0.15844	0.20716	0.27160	0.21527	0.12583	0.09446	0.05501	0.01120	0.10472	0.21173
22050	-0.19624	-0.19274	-0.74551	0.20228	0.26909	0.22586	0.66621	0.31290	0.13434	0.21024	0.27424	0.21659	0.09224	0.10110	0.10135	0.01596	0.10788	0.21478
22210	-0.17533	-0.19222	-0.78235	0.20131	0.26732	0.22442	0.61392	0.28276	0.17651	0.20780	0.27161	0.21443	0.09947	0.14415	0.04081	0.01208	0.10438	0.21194
22370	-0.16034	-0.22729	-0.74725	0.20239	0.26862	0.22666	0.53783	0.34600	0.14714	0.21116	0.27349	0.21767	0.12624	0.08805	0.08382	0.01475	0.10693	0.21463
22540	-0.19792	-0.18046	-0.76373	0.20240	0.26728	0.22359	0.69421	0.27994	0.14831	0.20881	0.27057	0.21461	0.08039	0.12919	0.08190	0.01127	0.10434	0.21078
22700	-0.15978	-0.20967	-0.77263	0.20283	0.26885	0.22684	0.53955	0.31391	0.17858	0.21113	0.27430	0.21720	0.12211	0.12977	0.04458	0.01699	0.10809	0.21495
22860	-0.18162	-0.20969	-0.74254	0.20179	0.26716	0.22433	0.62889	0.33094	0.12941	0.20902	0.27182	0.21556	0.09800	0.08579	0.09998	0.01470	0.10482	0.21183	32.69	6.0	0.00	7.69	0.01272	0.01303	0.01630	0.00796	0.00592	0.00649	0.00469	0.01272	0.01687	0.00689	0.00713	0.00889	0.01496	0.01098	0.01200	0.00222	0.00632	0.00884
23030	-0.18686	-0.18310	-0.77994	0.20322	0.26887	0.22596	0.65439	0.27993	0.17409	0.20954	0.27375	0.21672	0.09538	0.14888	0.05165	0.01623	0.10877	0.21422
23190	-0.15790	-0.23223	-0.75352	0.20198	0.26802	0.22341	0.52853	0.33794	0.14804	0.20853	0.27190	0.21475	0.12330	0.08498	0.07275	0.01448	0.10503	0.21122
23350	-0.20251	-0.18764	-0.75979	0.19848	0.26415	0.22069	0.68202	0.28874	0.13462	0.20636	0.26925	0.21284	0.08385	0.11196	0.10063	0.01862	0.11128	0.21791
23520	-0.16744	-0.19321	-0.77942	0.20493	0.26951	0.22573	0.58447	0.28851	0.18023	0.20964	0.27464	0.21566	0.10960	0.15013	0.04371	0.01957	0.10966	0.21591
23680	-0.16369	-0.22320	-0.74490	0.20313	0.26907	0.22672	0.56188	0.34371	0.13972	0.21001	0.27350	0.21644	0.12145	0.08214	0.09158	0.01774	0.10889	0.21420
23840	-0.19804	-0.18085	-0.77433	0.20148	0.26605	0.22288	0.68473	0.27236	0.15715	0.20698	0.26955	0.21342	0.08621	0.14338	0.07013	0.01953	0.10893	0.21420
24010	-0.15526	-0.22454	-0.76522	0.20261	0.26868	0.22388	0.52291	0.32947	0.16747	0.20857	0.27125	0.21501	0.12757	0.10640	0.05547	0.01623	0.10721	0.21281
24170	-0.19749	-0.19935	-0.74711	0.20058	0.26623	0.22326	0.66937	0.31167	0.12784	0.20809	0.27091	0.21460	0.09111	0.09600	0.10088	0.01407	0.10441	0.21081
24330	-0.18267	-0.18503	-0.77896	0.20032	0.26825	0.22698	0.64785	0.27988	0.17592	0.21204	0.27417	0.21813	0.10037	0.15278	0.05275	0.02122	0.11054	0.21636
24500	-0.15693	-0.22720	-0.75398	0.20308	0.26824	0.22406	0.52684	0.33865	0.14893	0.20893	0.27192	0.21461	0.12690	0.08902	0.07459	0.01818	0.10975	0.21478	32.69	6.1	0.00	7.78	0.01272	0.01303	0.01630	0.00796	0.00592	0.00649	0.00469	0.01272	0.01687	0.00689	0.00713	0.00889	0.01496	0.01098	0.01200	0.00222	0.00632	0.00884
24660	-0.20041	-0.18368	-0.75678	0.20258	0.26820	0.22406	0.68805	0.29108	0.14019	0.20894	0.27156	0.21523	0.08314	0.12117	0.09346	0.01543	0.10690	0.21274
24820	-0.16544	-0.20675	-0.78126	0.20017	0.26587	0.22369	0.55632	0.29652	0.17553	0.20766	0.27072	0.21296	0.11524	0.14355	0.04316	0.01671	0.10945	0.21479
24990	-0.17054	-0.22429	-0.74583	0.20228	0.26834	0.22406	0.56573	0.34021	0.13890	0.20869	0.27263	0.21527	0.12048	0.08244	0.08370	0.01485	0.10867	0.21386
25150	-0.19903	-0.18107	-0.76511	0.20134	0.26713	0.22217	0.68927	0.28225	0.13721	0.20744	0.27056	0.21260	0.08714	0.11788	0.09964	0.01840	0.11158	0.21584
25320	-0.16569	-0.19688	-0.77864	0.20334	0.26907	0.22479	0.58522	0.28517	0.17577	0.20962	0.27257	0.21473	0.10473	0.14971	0.04455	0.01895	0.10720	0.21392
25480	-0.15833	-0.22772	-0.74943	0.20271	0.26885	0.22654	0.52928	0.33978	0.15607	0.21021	0.27372	0.21639	0.12792	0.09587	0.06637	0.01924	0.10868	0.21455
25640	-0.19651	-0.18861	-0.74968	0.20144	0.26865	0.22533	0.67615	0.31073	0.13174	0.20848	0.27250	0.21517	0.09340	0.09550	0.10355	0.01532	0.10789	0.21227
25810	-0.17903	-0.18008	-0.77688	0.20511	0.27083	0.22866	0.66585	0.28110	0.17292	0.21233	0.27556	0.21816	0.09547	0.15471	0.06230	0.01986	0.11287	0.21646
25970	-0.15513	-0.22773	-0.75473	0.20338	0.26884	0.22501	0.51337	0.33861	0.15369	0.20888	0.27207	0.21519	0.12816	0.09284	0.06697	0.01701	0.10775	0.21281
26130	-0.19672	-0.18321	-0.74704	0.20465	0.27149	0.22836	0.68937	0.30399	0.14172	0.21200	0.27446	0.21664	0.08994	0.12628	0.09717	0.02033	0.11163	0.21741	32.69	6.2	0.00	7.72	0.01272	0.01303	0.01630	0.00796	0.00592	0.00649	0.00469	0.01272	0.01687	0.00689	0.00712	0.00889	0.01496	0.01098	0.01200	0.00222	0.00632	0.00883
26300	-0.16181	-0.20225	-0.77587	0.20374	0.26898	0.22519	0.53906	0.30814	0.17731	0.20931	0.27159	0.21438	0.12059	0.12451	0.04790	0.01758	0.10703	0.21249
26460	-0.18723	-0.20013	-0.74290	0.20214	0.26998	0.22667	0.66825	0.32014	0.13556	0.21025	0.27276	0.21604	0.09084	0.11122	0.10229	0.02069	0.10957	0.21527
26620	-0.16555	-0.20249	-0.78074	0.20065	0.26584	0.22455	0.55273	0.30724	0.17639	0.20683	0.27034	0.21283	0.11989	0.12832	0.04587	0.01414	0.10544	0.21122
26780	-0.18834	-0.20908	-0.74409	0.19818	0.26502	0.22205	0.63871	0.32174	0.12818	0.20612	0.27009	0.21152	0.09750	0.09782	0.10589	0.01725	0.10826	0.21438
26950	-0.18331	-0.18165	-0.77943	0.20187	0.26734	0.22401	0.64298	0.28068	0.17408	0.20826	0.27223	0.21395	0.09911	0.15313	0.04823	0.01505	0.10733	0.21363
27110	-0.15675	-0.22747	-0.75437	0.20070	0.26778	0.22351	0.52903	0.34107	0.15323	0.20875	0.27100	0.21415	0.12625	0.09260	0.06681	0.01139	0.10558	0.21143
27270	-0.19516	-0.18339	-0.74848	0.20400	0.27093	0.22816	0.68391	0.30990	0.14136	0.21319	0.27569	0.21743	0.08914	0.11853	0.10296	0.02187	0.11182	0.21714
27440	-0.16267	-0.20001	-0.77640	0.20299	0.26805	0.22614	0.55733	0.30558	0.17801	0.20906	0.27206	0.21480	0.12157	0.13321	0.04894	0.02077	0.11105	0.21636
27600	-0.18319	-0.20416	-0.74073	0.20452	0.27101	0.22852	0.66431	0.31904	0.13585	0.21109	0.27312	0.21712	0.09264	0.11601	0.09741	0.01971	0.11030	0.21562
27760	-0.16377	-0.20848	-0.77496	0.20260	0.26797	0.22484	0.53346	0.31237	0.17298	0.20769	0.27049	0.21400	0.12505	0.11006	0.05323	0.01219	0.10425	0.21147	32.75	6.3	0.00	7.69	0.01272	0.01303	0.01630	0.00796	0.00592	0.00649	0.00469	0.01272	0.01687	0.00689	0.00713	0.00889	0.01495	0.01098	0.01200	0.00222	0.00632	0.00883
27920	-0.19810	-0.19448	-0.75234	0.19789	0.26379	0.22265	0.67906	0.29445	0.13490	0.20434	0.26923	0.21142	0.08283	0.12102	0.09628	0.01626	0.10955	0.21650
28090	-0.15981	-0.20534	-0.77497	0.20426	0.26936	0.22627	0.53879	0.31267	0.17612	0.21008	0.27461	0.21637	0.12676	0.12336	0.05436	0.01838	0.10783	0.21450
28250	-0.18957	-0.19659	-0.74304	0.20109	0.26655	0.22415	0.70594	0.31915	0.14319	0.20753	0.27037	0.21330	0.10113	0.13098	0.11996	0.01355	0.10470	0.21046
28410	-0.14627	-0.17225	-0.75412	0.19919	0.26809	0.22638	0.70874	0.34365	0.21839	0.20963	0.27371	0.21558	0.15568	0.19828	0.09951	0.01754	0.10791	0.21498
28570	-0.12724	-0.17283	-0.70722	0.20095	0.26764	0.22489	0.77794	0.39867	0.17415	0.20796	0.27118	0.21370	0.15409	0.13974	0.14397	0.01260	0.10582	0.21188
28740	-0.15068	-0.14129	-0.74587	0.19967	0.26567	0.22233	0.81827	0.31382	0.18249	0.20648	0.27146	0.21164	0.11454	0.17738	0.11058	0.01926	0.11157	0.21767
28900	-0.13417	-0.19900	-0.75644	0.20630	0.27088	0.22789	0.57889	0.33946	0.18687	0.21168	0.27459	0.21686	0.13472	0.13042	0.06186	0.02014	0.11011	0.21606
29060	-0.18488	-0.19772	-0.74145	0.20303	0.26903	0.22691	0.67179	0.31881	0.13434	0.20965	0.27334	0.21570	0.09098	0.10654	0.09843	0.01615	0.10714	0.21334
29230	-0.17789	-0.20147	-0.78782	0.20077	0.26659	0.22471	0.55302	0.28060	0.17000	0.20789	0.27087	0.21399	0.10018	0.12503	0.02887	0.01344	0.10639	0.21193
29390	-0.18338	-0.23667	-0.75828	0.19876	0.26494	0.22146	0.50056	0.31829	0.11863	0.20587	0.27164	0.21168	0.10635	0.06461	0.07250	0.01661	0.10958	0.21534	32.69	6.1	0.00	7.74	0.01272	0.01303	0.01630	0.00796	0.00592	0.00649	0.00469	0.01272	0.01687	0.00689	0.00713	0.00889	0.01495	0.01098	0.01200	0.00222	0.00632	0.00883
29550	-0.21084	-0.19283	-0.77670	0.20270	0.26808	0.22529	0.64348	0.26290	0.14036	0.20946	0.27337	0.21431	0.06917	0.11935	0.06414	0.01735	0.10551	0.21397
29720	-0.16884	-0.23071	-0.78508	0.19970	0.26602	0.22332	0.48105	0.29132	0.16459	0.20680	0.27090	0.21239	0.10586	0.12332	0.03023	0.01819	0.11003	0.21647
29880	-0.18285	-0.22923	-0.75212	0.20299	0.26852	0.22534	0.54210	0.32812	0.12656	0.20927	0.27303	0.21480	0.10673	0.06530	0.07555	0.01804	0.10633	0.21223
30050	-0.20979	-0.18536	-0.77144	0.20304	0.26836	0.22569	0.66128	0.27101	0.14346	0.21007	0.27386	0.21479	0.07593	0.12406	0.07384	0.01804	0.10619	0.21400
30210	-0.16728	-0.21620	-0.78078	0.20177	0.26666	0.22438	0.50575	0.29447	0.17145	0.20871	0.27379	0.21413	0.10819	0.12318	0.02979	0.01555	0.10505	0.21202
30370	-0.17827	-0.22560	-0.74874	0.20343	0.26937	0.22522	0.54920	0.33786	0.13523	0.21116	0.27460	0.21625	0.11511	0.07282	0.07877	0.02057	0.10848	0.21390
30540	-0.20344	-0.18200	-0.77064	0.20161	0.26762	0.22513	0.67903	0.27271	0.14598	0.20969	0.27372	0.21448	0.07640	0.12239	0.07762	0.01742	0.10451	0.21146
30700	-0.16214	-0.21345	-0.77752	0.20365	0.27063	0.22871	0.52844	0.30349	0.17527	0.21336	0.27583	0.21744	0.11508	0.12577	0.03781	0.02203	0.10993	0.21562
30860	-0.18502	-0.21461	-0.74730	0.20377	0.26731	0.22568	0.60177	0.32386	0.12426	0.20894	0.27422	0.21444	0.09469	0.08022	0.09283	0.01533	0.10567	0.21266
31030	-0.19072	-0.18646	-0.78156	0.20412	0.27043	0.22703	0.63457	0.27470	0.17334	0.21228	0.27662	0.21806	0.09692	0.14499	0.04059	0.01905	0.10960	0.21482	32.75	6.2	0.00	7.76	0.01272	0.01303	0.01630	0.00796	0.00592	0.00649	0.00469	0.01272	0.01687	0.00689	0.00713	0.00889	0.01495	0.01098	0.01200	0.00222	0.00632	0.00883
31190	-0.16483	-0.22968	-0.75179	0.20322	0.26734	0.22306	0.54908	0.33270	0.13118	0.20843	0.27217	0.21526	0.10736	0.07562	0.08823	0.01268	0.10539	0.21071
31350	-0.19983	-0.18589	-0.78207	0.19933	0.26473	0.22076	0.65875	0.26545	0.15809	0.20652	0.27048	0.21228	0.08409	0.14335	0.05940	0.01543	0.10875	0.21444
31520	-0.15781	-0.22957	-0.76501	0.20310	0.26722	0.22414	0.50068	0.32538	0.15792	0.20850	0.27226	0.21455	0.12401	0.09756	0.05517	0.01506	0.10489	0.21063
31680	-0.19908	-0.20002	-0.75084	0.19893	0.26397	0.22198	0.66122	0.30901	0.12386	0.20596	0.27006	0.21283	0.09325	0.08936	0.10070	0.01389	0.10675	0.21382
31840	-0.18745	-0.17885	-0.77826	0.20274	0.26742	0.22584	0.65875	0.27088	0.16032	0.20921	0.27432	0.21502	0.08922	0.14285	0.07573	0.01774	0.10793	0.21408
32010	-0.15856	-0.21619	-0.77205	0.20304	0.26730	0.22569	0.53426	0.30939	0.17773	0.20978	0.27392	0.21555	0.12101	0.13759	0.04497	0.01697	0.10784	0.21363
32170	-0.17455	-0.22153	-0.74556	0.20242	0.26848	0.22396	0.56303	0.34177	0.14001	0.20894	0.27270	0.21523	0.12293	0.08481	0.08357	0.01920	0.11253	0.21717
32340	-0.19598	-0.17887	-0.75774	0.20561	0.27015	0.22732	0.69533	0.29467	0.14513	0.21278	0.27585	0.21714	0.08491	0.12162	0.09856	0.01872	0.11002	0.21554
32500	-0.16258	-0.20255	-0.77626	0.20316	0.26918	0.22627	0.55500	0.30485	0.17958	0.21143	0.27487	0.21727	0.11848	0.13271	0.04568	0.01689	0.10849	0.21467
32660	-0.18276	-0.21304	-0.74480	0.20097	0.26719	0.22326	0.62016	0.32645	0.12863	0.20806	0.27232	0.21379	0.09987	0.08577	0.09723	0.01049	0.10483	0.21101	32.75	6.1	0.00	7.76	0.01272	0.01303	0.01630	0.00796	0.00592	0.00649	0.00469	0.01272	0.01687	0.00689	0.00713	0.00889	0.01496	0.01098	0.01200	0.00222	0.00632	0.00883
32820	-0.18753	-0.17874	-0.77953	0.20242	0.26824	0.22620	0.66691	0.27689	0.17201	0.20896	0.27496	0.21560	0.09376	0.14893	0.05452	0.01404	0.10782	0.21295
32990	-0.15594	-0.22962	-0.75605	0.20122	0.26758	0.22375	0.51304	0.33696	0.15507	0.20763	0.27242	0.21439	0.12713	0.09157	0.06576	0.01225	0.10650	0.21189
33150	-0.19970	-0.18870	-0.75421	0.19870	0.26426	0.22083	0.68154	0.30063	0.13009	0.20682	0.27110	0.21202	0.09011	0.10674	0.10583	0.01723	0.11160	0.21671
33320	-0.17307	-0.18569	-0.77956	0.20461	0.26928	0.22616	0.63781	0.28186	0.17683	0.21002	0.27540	0.21645	0.09877	0.15214	0.05266	0.01686	0.10738	0.21282
33480	-0.15285	-0.22594	-0.75015	0.20370	0.26890	0.22730	0.53929	0.34464	0.16064	0.21119	0.27708	0.21665	0.13364	0.10016	0.08109	0.01668	0.11106	0.21472
33640	-0.19313	-0.17680	-0.74804	0.20221	0.26783	0.22370	0.73279	0.31024	0.15100	0.20904	0.27287	0.21471	0.09682	0.13845	0.11131	0.01367	0.10562	0.21130
33810	-0.15075	-0.18579	-0.76331	0.20342	0.26953	0.22572	0.63910	0.32276	0.19606	0.21004	0.27455	0.21685	0.13463	0.16739	0.06490	0.01583	0.10933	0.21442
33970	-0.15216	-0.20095	-0.72855	0.20199	0.26756	0.22489	0.66266	0.36799	0.15383	0.20773	0.27351	0.21507	0.13407	0.10924	0.11582	0.01305	0.10616	0.21129
34130	-0.17321	-0.15563	-0.75207	0.20233	0.26891	0.22575	0.78200	0.30844	0.17835	0.21100	0.27487	0.21726	0.10537	0.17061	0.09995	0.01558	0.10849	0.21445
34300	-0.13602	-0.20237	-0.75376	0.20267	0.26784	0.22484	0.59437	0.34882	0.18766	0.20877	0.27223	0.21447	0.14248	0.13845	0.06647	0.01600	0.10683	0.21173	32.75	6.0	0.00	7.70	0.01272	0.01303	0.01630	0.00796	0.00592	0.00649	0.00469	0.01272	0.01687	0.00689	0.00713	0.00889	0.01495	0.01098	0.01200	0.00222	0.00632	0.00883
34460	-0.17194	-0.19089	-0.73077	0.20355	0.26983	0.22667	0.69835	0.34289	0.14408	0.21128	0.27490	0.21604	0.11308	0.10871	0.11630	0.02098	0.10849	0.21367
34620	-0.17225	-0.17403	-0.77243	0.20230	0.26776	0.22542	0.68039	0.29016	0.18316	0.20940	0.27352	0.21524	0.10548	0.15983	0.05909	0.01457	0.10600	0.21191
34790	-0.15124	-0.22166	-0.74652	0.20313	0.26903	0.22545	0.56045	0.35271	0.15435	0.21132	0.27435	0.21656	0.13335	0.09396	0.08558	0.01713	0.10872	0.21361
34950	-0.19501	-0.17963	-0.75889	0.20244	0.26723	0.22426	0.71214	0.28993	0.14933	0.20883	0.27301	0.21531	0.08280	0.13334	0.09119	0.01494	0.10542	0.21125
35110	-0.15887	-0.21152	-0.77424	0.19912	0.26439	0.22190	0.55447	0.30619	0.17787	0.20696	0.27127	0.21365	0.12084	0.14626	0.04769	0.02083	0.11206	0.21629
35280	-0.16825	-0.21553	-0.74121	0.20372	0.26969	0.22659	0.60301	0.34689	0.13696	0.21073	0.27435	0.21623	0.12115	0.08691	0.09654	0.02028	0.10868	0.21521
35440	-0.19256	-0.17589	-0.76546	0.20323	0.27021	0.22655	0.71453	0.28381	0.16047	0.21048	0.27490	0.21629	0.08905	0.14747	0.07974	0.02153	0.10843	0.21344
35600	-0.15426	-0.21714	-0.76797	0.20048	0.26665	0.22358	0.53684	0.32777	0.17611	0.20760	0.27211	0.21427	0.13134	0.12875	0.05516	0.01856	0.11014	0.21525
35770	-0.18239	-0.20090	-0.74002	0.20434	0.26918	0.22491	0.65428	0.33516	0.13617	0.21078	0.27426	0.21640	0.10813	0.09659	0.10615	0.01820	0.10778	0.21296
35930	-0.18066	-0.17632	-0.77587	0.20234	0.26562	0.22383	0.68320	0.28100	0.17240	0.20884	0.27286	0.21484	0.09547	0.15812	0.06647	0.01723	0.11076	0.21509	32.69	6.1	0.00	7.72	0.01272	0.01303	0.01629	0.00796	0.00592	0.00649	0.00469	0.01272	0.01687	0.00689	0.00713	0.00889	0.01495	0.01098	0.01200	0.00222	0.00632	0.00883
36090	-0.14675	-0.22185	-0.75509	0.20377	0.26841	0.22605	0.54361	0.34409	0.16830	0.21058	0.27457	0.21670	0.13235	0.10723	0.06549	0.01653	0.10812	0.21347
36260	-0.19320	-0.18964	-0.74523	0.20239	0.26720	0.22409	0.69393	0.31289	0.13481	0.20921	0.27250	0.21430	0.09436	0.10954	0.10560	0.01697	0.10975	0.21487
36420	-0.17071	-0.18367	-0.77798	0.20394	0.26771	0.22621	0.62624	0.28821	0.17857	0.21126	0.27323	0.21639	0.10429	0.15048	0.04546	0.01745	0.10734	0.21231
36580	-0.16096	-0.22660	-0.75191	0.19975	0.26529	0.22254	0.53513	0.34037	0.15086	0.20725	0.27206	0.21350	0.12894	0.09412	0.07244	0.01686	0.11130	0.21588
36750	-0.19613	-0.18472	-0.75180	0.20511	0.26929	0.22526	0.69396	0.30648	0.13681	0.21101	0.27458	0.21672	0.08702	0.11024	0.09904	0.01887	0.10702	0.21179
36910	-0.17132	-0.19247	-0.78199	0.20082	0.26636	0.22227	0.62548	0.27799	0.16990	0.20794	0.27255	0.21408	0.09912	0.15298	0.05788	0.02001	0.11155	0.21674
37080	-0.15584	-0.22942	-0.75834	0.20454	0.26958	0.22652	0.52043	0.33554	0.16300	0.21147	0.27507	0.21721	0.12707	0.10079	0.05707	0.02074	0.10829	0.21330
37240	-0.19703	-0.19498	-0.74795	0.20472	0.26958	0.22853	0.67368	0.31300	0.13465	0.21073	0.27625	0.21793	0.09325	0.09938	0.10283	0.01854	0.10952	0.21448
37400	-0.17802	-0.19088	-0.78441	0.20266	0.26713	0.22558	0.60355	0.28380	0.17811	0.20971	0.27290	0.21546	0.10006	0.14339	0.04121	0.01796	0.10605	0.21069
37570	-0.16331	-0.23172	-0.75108	0.20438	0.27118	0.22772	0.53849	0.34359	0.14820	0.21254	0.27652	0.21878	0.12541	0.08390	0.08342	0.01917	0.10926	0.21479	32.69	6.1	0.00	7.73	0.01272	0.01303	0.01629	0.00796	0.00592	0.00649	0.00469	0.01272	0.01687	0.00689	0.00713	0.00889	0.01495	0.01098	0.01200	0.00222	0.00632	0.00883
37730	-0.20211	-0.18296	-0.76708	0.20256	0.26934	0.22499	0.69680	0.27875	0.15331	0.20958	0.27371	0.21604	0.08076	0.13630	0.07468	0.01543	0.10589	0.21115
37890	-0.15915	-0.22124	-0.77054	0.20240	0.26973	0.22522	0.52942	0.32419	0.17107	0.21036	0.27466	0.21729	0.12517	0.11544	0.04961	0.01891	0.10826	0.21366
38060	-0.19329	-0.20350	-0.74537	0.20239	0.26907	0.22557	0.65396	0.32087	0.13104	0.20958	0.27448	0.21612	0.09233	0.09658	0.09860	0.01675	0.10661	0.21123
38220	-0.18480	-0.18642	-0.78503	0.19966	0.26638	0.22269	0.62967	0.27701	0.16967	0.20744	0.27199	0.21403	0.09939	0.15376	0.05718	0.01887	0.11234	0.21647
38380	-0.15625	-0.22875	-0.75590	0.20445	0.26959	0.22579	0.52431	0.34411	0.15813	0.21105	0.27543	0.21658	0.12759	0.09574	0.06346	0.01902	0.10821	0.21248
38550	-0.19715	-0.18972	-0.75248	0.20403	0.27015	0.22611	0.68144	0.30906	0.14117	0.21258	0.27578	0.21747	0.08957	0.11410	0.09851	0.01891	0.10869	0.21376
38710	-0.16452	-0.19684	-0.78079	0.20275	0.26968	0.22404	0.58341	0.29915	0.17924	0.20959	0.27511	0.21595	0.11214	0.14119	0.04241	0.01682	0.10553	0.21157
38870	-0.17264	-0.22632	-0.74811	0.19901	0.26552	0.22257	0.57413	0.34256	0.13418	0.20811	0.27204	0.21343	0.12149	0.08419	0.09072	0.01851	0.11125	0.21601
39040	-0.19766	-0.17980	-0.76514	0.20395	0.27025	0.22644	0.70105	0.28137	0.14910	0.21086	0.27513	0.21610	0.08466	0.13419	0.08780	0.01880	0.11072	0.21502
39200	-0.16092	-0.21417	-0.77361	0.20421	0.27022	0.22677	0.53048	0.31385	0.17745	0.21143	0.27508	0.21721	0.12199	0.12604	0.04681	0.01885	0.11015	0.21403	32.75	6.1	0.00	7.71	0.01272	0.01303	0.01629	0.00796	0.00592	0.00649	0.00469	0.01272	0.01687	0.00689	0.00713	0.00889	0.01495	0.01098	0.01200	0.00222	0.00632	0.00883
39360	-0.18673	-0.20840	-0.74453	0.20224	0.26640	0.22400	0.64640	0.32340	0.13035	0.20808	0.27349	0.21432	0.09694	0.09212	0.10249	0.01760	0.10943	0.21458
39530	-0.18163	-0.18238	-0.77979	0.20233	0.26827	0.22440	0.65436	0.28348	0.17685	0.20955	0.27450	0.21645	0.09826	0.15237	0.05247	0.01581	0.10861	0.21260
39690	-0.15678	-0.22740	-0.75056	0.20107	0.26664	0.22269	0.54457	0.34130	0.14984	0.20899	0.27288	0.21494	0.12515	0.08847	0.07633	0.01478	0.10547	0.20982
39850	-0.19582	-0.18233	-0.75100	0.19977	0.26867	0.22576	0.71780	0.30640	0.14539	0.21289	0.27570	0.21829	0.09447	0.12715	0.10482	0.02024	0.11095	0.21508
40020	-0.15643	-0.18906	-0.76803	0.20233	0.26782	0.22347	0.64972	0.32663	0.20364	0.20899	0.27291	0.21526	0.14196	0.18714	0.08405	0.01687	0.10621	0.21166
40180	-0.13059	-0.18703	-0.71374	0.20061	0.26938	0.22701	0.73696	0.40451	0.18200	0.21188	0.27735	0.21854	0.16332	0.14073	0.14207	0.02072	0.11152	0.21539
40340	-0.15486	-0.13934	-0.73998	0.20287	0.26803	0.22433	0.86231	0.33324	0.19976	0.20947	0.27328	0.21550	0.12560	0.19682	0.11840	0.01266	0.10636	0.21140
40510	-0.11153	-0.18104	-0.72942	0.20358	0.27150	0.22746	0.71826	0.40025	0.21487	0.21205	0.27607	0.21788	0.17712	0.17462	0.12748	0.01834	0.11045	0.21495
40670	-0.14602	-0.13554	-0.71212	0.20312	0.26922	0.22465	0.92556	0.37237	0.19790	0.21007	0.27308	0.21575	0.14476	0.20639	0.16258	0.01650	0.10688	0.21087
40830	-0.10101	-0.15055	-0.72712	0.19828	0.26517	0.22049	0.80791	0.39347	0.23332	0.20720	0.27000	0.21278	0.18238	0.21990	0.12715	0.01841	0.11099	0.21675	32.80	6.1	0.00	7.75	0.01272	0.01303	0.01629	0.00796	0.00592	0.00649	0.00469	0.01272	0.01687	0.00689	0.00713	0.00889	0.01495	0.01098	0.01200	0.00222	0.00632	0.00883
40990	-0.11453	-0.14930	-0.69452	0.20395	0.26944	0.22616	0.86732	0.41822	0.19374	0.21067	0.27436	0.21624	0.16744	0.16758	0.16467	0.01687	0.10756	0.21270
41160	-0.13252	-0.12594	-0.73316	0.20110	0.26624	0.22159	0.90486	0.34776	0.20819	0.20814	0.27277	0.21350	0.14315	0.21466	0.13794	0.02061	0.11236	0.21659
41320	-0.10394	-0.17095	-0.72916	0.20426	0.26985	0.22650	0.73201	0.38883	0.21377	0.21099	0.27689	0.21698	0.16705	0.17742	0.10527	0.01632	0.10888	0.21269
41490	-0.14684	-0.16370	-0.71385	0.20349	0.26956	0.22483	0.80566	0.37898	0.16866	0.21115	0.27533	0.21775	0.13808	0.14642	0.14144	0.01632	0.10856	0.21326
41650	-0.14728	-0.15353	-0.75443	0.20207	0.26907	0.22521	0.77558	0.32467	0.19946	0.20985	0.27418	0.21629	0.12837	0.18606	0.08559	0.01801	0.10751	0.21180
41810	-0.13386	-0.20223	-0.73676	0.20008	0.26713	0.22191	0.63938	0.36957	0.17508	0.20754	0.27171	0.21368	0.14914	0.13242	0.09310	0.02024	0.11272	0.21761
41980	-0.16912	-0.17027	-0.73324	0.20460	0.27013	0.22683	0.75046	0.33847	0.15201	0.21183	0.27586	0.21737	0.10753	0.12002	0.11497	0.01867	0.10856	0.21390
42140	-0.16421	-0.17646	-0.77192	0.20471	0.27037	0.22786	0.66745	0.29407	0.17962	0.21216	0.27664	0.21883	0.10123	0.14518	0.04761	0.02163	0.11081	0.21520
42300	-0.16555	-0.23512	-0.76010	0.20290	0.26968	0.22513	0.49430	0.31999	0.13196	0.21070	0.27501	0.21646	0.10483	0.06256	0.05652	0.01640	0.10753	0.21324
42470	-0.22006	-0.20245	-0.77788	0.20462	0.27134	0.22729	0.59882	0.25828	0.12638	0.21240	0.27576	0.21845	0.06218	0.10120	0.05636	0.02125	0.11086	0.21547	32.80	6.1	0.00	7.73	0.01272	0.01303	0.01629	0.00796	0.00592	0.00649	0.00469	0.01272	0.01687	0.00689	0.00712	0.00888	0.01495	0.01098	0.01200	0.00223	0.00632	0.00883
42630	-0.18112	-0.23683	-0.79171	0.20368	0.27000	0.22474	0.43998	0.28090	0.15161	0.21023	0.27302	0.21564	0.09537	0.09095	0.01669	0.02019	0.10591	0.21274
42790	-0.20845	-0.23357	-0.76495	0.20040	0.26594	0.22263	0.52929	0.29855	0.10646	0.20767	0.27074	0.21398	0.08500	0.05749	0.07317	0.02191	0.11211	0.21847
42960	-0.21024	-0.20057	-0.79313	0.20538	0.27062	0.22652	0.58851	0.24499	0.14351	0.21199	0.27483	0.21691	0.06615	0.11672	0.04022	0.02305	0.11200	0.21684
43120	-0.17474	-0.24303	-0.77759	0.20487	0.27141	0.22776	0.44084	0.30599	0.14686	0.21197	0.27588	0.21794	0.11010	0.07699	0.04248	0.02107	0.10903	0.21576
43280	-0.21370	-0.20976	-0.76405	0.20279	0.26722	0.22420	0.61180	0.27699	0.11926	0.20836	0.27306	0.21583	0.07434	0.09481	0.07965	0.02195	0.11002	0.21493
43450	-0.17969	-0.20999	-0.78837	0.20469	0.27038	0.22582	0.51652	0.27976	0.16714	0.21063	0.27462	0.21628	0.10167	0.12169	0.02838	0.01931	0.10818	0.21345
43610	-0.18176	-0.23045	-0.75121	0.20299	0.26870	0.22588	0.53566	0.32622	0.12746	0.20928	0.27538	0.21558	0.10561	0.06738	0.08261	0.01840	0.10804	0.21283
43770	-0.20395	-0.18562	-0.77032	0.20232	0.27098	0.22830	0.67121	0.27465	0.14955	0.21363	0.27735	0.22023	0.08247	0.13350	0.07382	0.02635	0.11261	0.21716
43940	-0.16141	-0.22227	-0.77261	0.20511	0.27109	0.22594	0.50754	0.31821	0.16434	0.21027	0.27472	0.21720	0.12155	0.10904	0.05110	0.02118	0.10782	0.21343
44100	-0.19343	-0.20188	-0.74510	0.20167	0.27133	0.22856	0.64976	0.31662	0.13153	0.21193	0.27757	0.21928	0.09461	0.10076	0.10160	0.02225	0.11264	0.21793	32.75	6.1	0.00	7.76	0.01272	0.01303	0.01629	0.00796	0.00592	0.00649	0.00469	0.01272	0.01687	0.00689	0.00712	0.00888	0.01495	0.01098	0.01200	0.00222	0.00632	0.00883
44260	-0.17695	-0.19093	-0.78309	0.20367	0.26970	0.22529	0.58193	0.28204	0.17466	0.20949	0.27387	0.21643	0.10396	0.13741	0.03423	0.01610	0.10664	0.21336
44420	-0.17047	-0.22518	-0.74794	0.20442	0.27145	0.22814	0.55651	0.33385	0.13124	0.21137	0.27620	0.21845	0.10931	0.07388	0.08536	0.02229	0.11089	0.21586
44590	-0.20026	-0.18467	-0.78014	0.20335	0.27072	0.22600	0.64835	0.26430	0.15820	0.20914	0.27421	0.21620	0.08005	0.13432	0.05347	0.01606	0.10748	0.21247
44750	-0.16272	-0.23493	-0.76919	0.20012	0.26716	0.22283	0.49130	0.32149	0.15789	0.20877	0.27123	0.21419	0.12371	0.10995	0.05303	0.01969	0.11309	0.21896
44920	-0.19031	-0.20305	-0.74483	0.20677	0.27169	0.22825	0.65430	0.32493	0.13357	0.21214	0.27661	0.21734	0.10102	0.09705	0.10751	0.01742	0.10999	0.21431
45080	-0.17678	-0.17639	-0.77181	0.20429	0.27141	0.22774	0.68115	0.29397	0.18243	0.21270	0.27632	0.21766	0.10852	0.16740	0.07511	0.02126	0.11002	0.21558
45240	-0.13896	-0.20811	-0.74086	0.20339	0.26959	0.22676	0.61834	0.36812	0.18118	0.21030	0.27433	0.21660	0.15019	0.13186	0.09765	0.01372	0.10746	0.21302
45410	-0.16498	-0.16212	-0.72471	0.20388	0.27273	0.22778	0.81258	0.35491	0.16945	0.21313	0.27635	0.21834	0.12305	0.15293	0.13806	0.02046	0.11045	0.21552
45570	-0.13896	-0.15941	-0.75427	0.20387	0.26943	0.22614	0.73788	0.33332	0.20370	0.21052	0.27402	0.21683	0.13450	0.18609	0.08397	0.01705	0.10873	0.21340
45730	-0.13078	-0.19835	-0.72648	0.20593	0.27131	0.22962	0.66237	0.38216	0.17791	0.21180	0.27557	0.21842	0.15141	0.13054	0.10961	0.02523	0.11195	0.21688	32.80	6.1	0.00	7.74	0.01272	0.01302	0.01629	0.00796	0.00592	0.00649	0.00469	0.01272	0.01687	0.00689	0.00712	0.00888	0.01495	0.01098	0.01200	0.00222	0.00632	0.00883
45900	-0.17370	-0.16137	-0.73991	0.20373	0.27013	0.22678	0.79118	0.32432	0.16669	0.21076	0.27376	0.21667	0.10950	0.15311	0.11619	0.01882	0.10979	0.21494
46060	-0.14262	-0.18378	-0.75738	0.20612	0.27182	0.22927	0.64960	0.33663	0.19868	0.21240	0.27604	0.21928	0.13730	0.16207	0.07110	0.02491	0.11377	0.21810
46220	-0.15752	-0.19578	-0.73085	0.20465	0.27045	0.22642	0.68121	0.35641	0.14973	0.21011	0.27364	0.21568	0.12029	0.11064	0.11196	0.01703	0.10911	0.21366
46390	-0.17286	-0.16879	-0.76642	0.20612	0.27271	0.22857	0.72718	0.30240	0.18623	0.21275	0.27547	0.21837	0.10990	0.16354	0.06728	0.02245	0.11245	0.21842
46550	-0.14631	-0.21848	-0.74476	0.20483	0.26899	0.22696	0.58502	0.35011	0.15386	0.21079	0.27313	0.21653	0.12941	0.09821	0.08984	0.01758	0.10948	0.21390
46710	-0.19460	-0.17741	-0.75786	0.20195	0.26764	0.22401	0.72224	0.29550	0.15162	0.20945	0.27274	0.21497	0.09372	0.13636	0.10105	0.02278	0.11406	0.21963
46880	-0.15495	-0.20062	-0.77017	0.20664	0.27167	0.22873	0.57549	0.31281	0.18185	0.21186	0.27544	0.21773	0.12271	0.13823	0.05306	0.02300	0.11161	0.21709
47040	-0.17286	-0.20789	-0.74071	0.20455	0.27106	0.22776	0.62286	0.34043	0.13925	0.21209	0.27567	0.21802	0.10962	0.09304	0.10019	0.02076	0.11020	0.21545
47200	-0.18428	-0.17939	-0.77577	0.20370	0.26872	0.22662	0.67683	0.28141	0.16803	0.21026	0.27335	0.21637	0.09260	0.14640	0.06226	0.02120	0.10811	0.21327
47370	-0.15963	-0.22541	-0.75935	0.20217	0.27062	0.23020	0.53722	0.33878	0.17231	0.21422	0.27710	0.22026	0.13027	0.11186	0.06571	0.02556	0.11447	0.21928	32.75	6.2	0.00	7.71	0.01272	0.01302	0.01629	0.00796	0.00592	0.00649	0.00469	0.01272	0.01687	0.00689	0.00712	0.00888	0.01495	0.01098	0.01200	0.00222	0.00632	0.00883
47530	-0.19197	-0.19078	-0.74938	0.20662	0.27143	0.22775	0.68203	0.30491	0.13976	0.21083	0.27527	0.21785	0.08968	0.11794	0.09479	0.02131	0.11039	0.21471
47690	-0.16845	-0.19940	-0.77635	0.20400	0.27206	0.22990	0.57081	0.30097	0.18074	0.21326	0.27594	0.21980	0.11666	0.13506	0.04673	0.02369	0.11346	0.21869
47850	-0.17985	-0.21180	-0.74555	0.20470	0.26898	0.22715	0.62187	0.32732	0.13190	0.20963	0.27366	0.21691	0.10057	0.09263	0.09931	0.01706	0.10733	0.21336
48020	-0.18314	-0.18777	-0.78122	0.20198	0.26995	0.22741	0.62864	0.28645	0.17545	0.21172	0.27514	0.21870	0.09977	0.14562	0.04605	0.02351	0.11129	0.21588
48180	-0.16591	-0.22677	-0.75036	0.20298	0.26996	0.22653	0.55027	0.33714	0.14263	0.21114	0.27338	0.21714	0.12191	0.08636	0.08428	0.02157	0.10849	0.21472
48340	-0.20100	-0.18429	-0.76812	0.20230	0.26694	0.22477	0.68610	0.28027	0.14193	0.20770	0.27086	0.21463	0.08881	0.13079	0.09403	0.02362	0.11416	0.22012
48510	-0.16038	-0.20464	-0.77428	0.20752	0.27211	0.22973	0.56483	0.30340	0.17827	0.21211	0.27559	0.21857	0.11650	0.13775	0.04595	0.02028	0.10982	0.21638
48670	-0.17220	-0.21913	-0.74694	0.20318	0.26813	0.22642	0.57747	0.33382	0.13639	0.20920	0.27300	0.21567	0.11993	0.08737	0.08968	0.02505	0.11488	0.22048
48840	-0.19103	-0.17934	-0.76170	0.20810	0.27244	0.22983	0.69041	0.28580	0.15311	0.21280	0.27593	0.21957	0.08356	0.13186	0.08326	0.02010	0.11065	0.21677
49000	-0.15906	-0.21398	-0.77262	0.20676	0.27228	0.23011	0.52630	0.31328	0.16891	0.21260	0.27678	0.21955	0.11908	0.11051	0.04177	0.02463	0.11198	0.21759	32.75	6.1	0.00	7.81	0.01272	0.01302	0.01629	0.00796	0.00592	0.00649	0.00469	0.01272	0.01687	0.00689	0.00712	0.00888	0.01496	0.01098	0.01200	0.00222	0.00632	0.00883
49160	-0.19793	-0.21323	-0.75722	0.20467	0.27044	0.22804	0.58998	0.29125	0.11520	0.20980	0.27352	0.21661	0.07195	0.06962	0.06777	0.01932	0.10835	0.21383
49330	-0.20398	-0.21688	-0.80496	0.20469	0.27008	0.22863	0.47507	0.23692	0.14202	0.21054	0.27607	0.21824	0.06625	0.09589	-0.00454	0.02060	0.11002	0.21614
49490	-0.20429	-0.26492	-0.77893	0.20437	0.26982	0.22768	0.38823	0.28304	0.09862	0.20926	0.27415	0.21708	0.07805	0.02515	0.03737	0.01902	0.10928	0.21495
49650	-0.23777	-0.21863	-0.79703	0.20205	0.26778	0.22452	0.53329	0.22369	0.10850	0.20702	0.27207	0.21431	0.04962	0.08162	0.05314	0.02122	0.11293	0.21836
49820	-0.19307	-0.23600	-0.80262	0.20627	0.27251	0.22834	0.43947	0.25619	0.14808	0.21165	0.27631	0.21810	0.08205	0.10282	0.00614	0.02060	0.10907	0.21550
49980	-0.19347	-0.25389	-0.76759	0.20590	0.27153	0.22849	0.43904	0.30375	0.11435	0.21278	0.27570	0.21853	0.09588	0.04442	0.05004	0.02196	0.11153	0.21707
50140	-0.23007	-0.20872	-0.78488	0.20504	0.27018	0.22784	0.57761	0.24530	0.11817	0.20970	0.27552	0.21638	0.05891	0.09032	0.06094	0.01862	0.10868	0.21434
50310	-0.18532	-0.22672	-0.79440	0.20659	0.27273	0.23059	0.46584	0.27098	0.16026	0.21318	0.27790	0.21965	0.09730	0.11077	0.01687	0.02562	0.11239	0.21872
50470	-0.19740	-0.23735	-0.75993	0.20623	0.27032	0.22709	0.51218	0.30586	0.11208	0.21144	0.27570	0.21758	0.08927	0.05806	0.07413	0.01804	0.10843	0.21441
50630	-0.20994	-0.19899	-0.79177	0.20676	0.27331	0.22880	0.58947	0.24870	0.15145	0.21131	0.27625	0.21939	0.07156	0.12220	0.02589	0.02600	0.11286	0.21727	32.80	6.1	0.00	7.72	0.01272	0.01303	0.01629	0.00796	0.00592	0.00649	0.00469	0.01272	0.01687	0.00688	0.00712	0.00888	0.01496	0.01098	0.01200	0.00222	0.00632	0.00883
50800	-0.17962	-0.25146	-0.76836	0.20403	0.27040	0.22717	0.44690	0.31044	0.12372	0.20915	0.27397	0.21670	0.10461	0.05853	0.05753	0.02271	0.11147	0.21752
50960	-0.21973	-0.20118	-0.78267	0.20565	0.27153	0.22789	0.61571	0.24937	0.13525	0.21014	0.27579	0.21802	0.06422	0.11713	0.04799	0.02135	0.11124	0.21580
51120	-0.17495	-0.24296	-0.77718	0.20215	0.26960	0.22584	0.44240	0.30890	0.14527	0.20833	0.27341	0.21573	0.11044	0.07778	0.04409	0.01868	0.10736	0.21279
51280	-0.21188	-0.20406	-0.75810	0.20159	0.27034	0.22714	0.62253	0.28469	0.12363	0.21088	0.27570	0.21830	0.07539	0.09697	0.08193	0.02201	0.11127	0.21600
51450	-0.18169	-0.21144	-0.78907	0.20335	0.27013	0.22574	0.52287	0.27367	0.16592	0.20903	0.27365	0.21624	0.09647	0.12448	0.02588	0.01930	0.10731	0.21337
51610	-0.18404	-0.23626	-0.75468	0.20227	0.26995	0.22725	0.52056	0.32624	0.12569	0.21173	0.27524	0.21755	0.11048	0.06835	0.07802	0.02007	0.11084	0.21568
51780	-0.20942	-0.18877	-0.77637	0.20320	0.27091	0.22626	0.65378	0.26451	0.14163	0.20986	0.27450	0.21687	0.07457	0.12343	0.06983	0.01945	0.10872	0.21426
51940	-0.16876	-0.22138	-0.77888	0.20217	0.27017	0.22792	0.49779	0.29678	0.16899	0.21122	0.27588	0.21847	0.11376	0.12210	0.03687	0.02267	0.11188	0.21563
52100	-0.18665	-0.21941	-0.74706	0.20443	0.26960	0.22666	0.58351	0.32413	0.12557	0.20989	0.27434	0.21727	0.10262	0.07523	0.08798	0.01780	0.10829	0.21359
52270	-0.19731	-0.18197	-0.77613	0.20607	0.27394	0.22962	0.66014	0.26991	0.16110	0.21197	0.27676	0.21979	0.08316	0.14322	0.06095	0.02343	0.11103	0.21756	32.75	6.1	0.00	7.74	0.01272	0.01303	0.01629	0.00796	0.00592	0.00649	0.00469	0.01272	0.01687	0.00688	0.00712	0.00888	0.01495	0.01098	0.01200	0.00222	0.00632	0.00883
52430	-0.15828	-0.22932	-0.76244	0.20427	0.27064	0.22622	0.50454	0.33312	0.15731	0.20875	0.27365	0.21665	0.12226	0.09401	0.05871	0.01757	0.10685	0.21402
52590	-0.20224	-0.19287	-0.75205	0.20549	0.27095	0.22778	0.66266	0.28888	0.13241	0.21132	0.27621	0.21797	0.07918	0.10825	0.08317	0.02479	0.11007	0.21698
52760	-0.17297	-0.21515	-0.78460	0.20438	0.26975	0.22526	0.51070	0.28691	0.16787	0.20947	0.27331	0.21640	0.10490	0.12026	0.02896	0.01742	0.10739	0.21389
52920	-0.18696	-0.22948	-0.75381	0.20123	0.26658	0.22257	0.53917	0.32216	0.12041	0.20640	0.27082	0.21389	0.10578	0.06936	0.08277	0.02567	0.11295	0.21996
53080	-0.20065	-0.18282	-0.77530	0.20707	0.27309	0.22869	0.65931	0.26801	0.14950	0.21077	0.27585	0.21743	0.07703	0.12925	0.06414	0.02116	0.11036	0.21565
53250	-0.16317	-0.22700	-0.77385	0.20623	0.27178	0.22760	0.48632	0.31311	0.16406	0.21140	0.27540	0.21790	0.11729	0.10082	0.04161	0.02296	0.11074	0.21606
53410	-0.20226	-0.20829	-0.75407	0.20324	0.26912	0.22582	0.62748	0.30139	0.12397	0.20880	0.27285	0.21559	0.08098	0.08819	0.08873	0.01819	0.10693	0.21336
53570	-0.18530	-0.19510	-0.78981	0.20076	0.26801	0.22252	0.58082	0.26496	0.16282	0.20543	0.27009	0.21365	0.09219	0.14542	0.04638	0.02134	0.11166	0.21862
53740	-0.16280	-0.23461	-0.75894	0.20624	0.27135	0.22684	0.49482	0.33089	0.15336	0.21007	0.27459	0.21685	0.12413	0.09005	0.05626	0.02090	0.11018	0.21498
53900	-0.20038	-0.19361	-0.75172	0.20395	0.27141	0.22805	0.66509	0.30673	0.13353	0.21010	0.27543	0.21633	0.08759	0.10490	0.09824	0.02155	0.10961	0.21581	32.80	6.1	0.00	7.84	0.01272	0.01303	0.01629	0.00796	0.00592	0.00649	0.00469	0.01272	0.01687	0.00688	0.00712	0.00888	0.01495	0.01098	0.01200	0.00222	0.00632	0.00883
54060	-0.17517	-0.19118	-0.78258	0.20237	0.26851	0.22493	0.60686	0.28791	0.17695	0.20790	0.27312	0.21472	0.10515	0.14729	0.04815	0.01741	0.10751	0.21270
54230	-0.15892	-0.22636	-0.74577	0.20362	0.27142	0.22790	0.56251	0.35012	0.15004	0.21022	0.27513	0.21708	0.12896	0.09028	0.08767	0.02071	0.11114	0.21687
54390	-0.19698	-0.18028	-0.75982	0.20332	0.26884	0.22594	0.71717	0.28888	0.15351	0.20780	0.27274	0.21581	0.08677	0.13534	0.08603	0.01785	0.10782	0.21396
54550	-0.15696	-0.21327	-0.76954	0.20397	0.27044	0.22773	0.53716	0.32074	0.17888	0.21028	0.27450	0.21709	0.12631	0.12164	0.05071	0.02041	0.11139	0.21599
54720	-0.18740	-0.19890	-0.74180	0.20255	0.26799	0.22458	0.67372	0.32311	0.13574	0.20724	0.27157	0.21544	0.09724	0.10591	0.10875	0.02089	0.10992	0.21625
54880	-0.17194	-0.18436	-0.77749	0.20273	0.26897	0.22525	0.63845	0.29745	0.18425	0.20834	0.27165	0.21520	0.11213	0.15497	0.05208	0.01833	0.10755	0.21425
55040	-0.15764	-0.21804	-0.74038	0.20043	0.26720	0.22350	0.59758	0.35572	0.14635	0.20721	0.27080	0.21466	0.12692	0.09306	0.09850	0.01580	0.10650	0.21234
55210	-0.19191	-0.17030	-0.75888	0.20008	0.26970	0.22720	0.73652	0.29491	0.16163	0.21051	0.27495	0.21705	0.09353	0.15078	0.09125	0.02195	0.11155	0.21712
55370	-0.15054	-0.20926	-0.76551	0.20286	0.26839	0.22465	0.55883	0.32415	0.17983	0.20731	0.27099	0.21463	0.12650	0.12800	0.05197	0.01803	0.10673	0.21378
55530	-0.17882	-0.20225	-0.73893	0.20026	0.26962	0.22799	0.64688	0.34325	0.13848	0.21031	0.27319	0.21685	0.11079	0.09629	0.10933	0.02045	0.11122	0.21717	32.80	6.1	0.00	7.77	0.01272	0.01303	0.01629	0.00796	0.00592	0.00649	0.00469	0.01272	0.01687	0.00688	0.00712	0.00888	0.01495	0.01098	0.01200	0.00222	0.00632	0.00883
55700	-0.18344	-0.17583	-0.77549	0.20225	0.26828	0.22509	0.69391	0.28490	0.17507	0.20853	0.27110	0.21448	0.09802	0.15858	0.06295	0.01840	0.10701	0.21416
55860	-0.15169	-0.22239	-0.75194	0.20157	0.26940	0.22694	0.55314	0.34879	0.16905	0.21090	0.27410	0.21671	0.13649	0.10865	0.07329	0.01986	0.11092	0.21593
56020	-0.19454	-0.18538	-0.74757	0.20233	0.26762	0.22576	0.71062	0.30930	0.14140	0.20818	0.27181	0.21420	0.09048	0.11707	0.10452	0.01609	0.10687	0.21410
56190	-0.16705	-0.18958	-0.77636	0.20338	0.27020	0.22736	0.60755	0.29720	0.18351	0.20987	0.27393	0.21753	0.11279	0.14914	0.04422	0.02276	0.11017	0.21626
56350	-0.16634	-0.22376	-0.74525	0.20301	0.26840	0.22490	0.56944	0.33593	0.13393	0.20721	0.27299	0.21461	0.11180	0.07471	0.08463	0.01492	0.10671	0.21325
56510	-0.20023	-0.18192	-0.77197	0.20367	0.27038	0.22685	0.68597	0.27636	0.15465	0.21054	0.27345	0.21629	0.07875	0.13782	0.06752	0.02184	0.11058	0.21472
56680	-0.16213	-0.22767	-0.77189	0.20128	0.26859	0.22469	0.50162	0.32188	0.16103	0.20783	0.27081	0.21454	0.11864	0.09981	0.04695	0.01576	0.10672	0.21331
56840	-0.20097	-0.20396	-0.75260	0.19837	0.26497	0.22204	0.64002	0.30931	0.12248	0.20428	0.26885	0.21198	0.09911	0.09110	0.10086	0.02283	0.11298	0.21956
57000	-0.18767	-0.17673	-0.77561	0.20566	0.27052	0.22778	0.66796	0.27669	0.16861	0.20946	0.27353	0.21676	0.09103	0.15338	0.06500	0.02129	0.10969	0.21613
57170	-0.14859	-0.21899	-0.75276	0.20430	0.26999	0.22783	0.54187	0.34993	0.17262	0.21087	0.27419	0.21719	0.13771	0.11291	0.07814	0.02193	0.11005	0.21588	32.80	6.1	0.00	7.72	0.01272	0.01303	0.01629	0.00796	0.00592	0.00649	0.00469	0.01272	0.01687	0.00688	0.00712	0.00888	0.01495	0.01098	0.01200	0.00222	0.00632	0.00883
57330	-0.18490	-0.17637	-0.74227	0.20202	0.26802	0.22537	0.73011	0.31606	0.14853	0.20834	0.27153	0.21511	0.09692	0.12917	0.11221	0.01856	0.10606	0.21226
57490	-0.15431	-0.18473	-0.77089	0.20239	0.26993	0.22732	0.62856	0.31005	0.18931	0.20985	0.27312	0.21594	0.11826	0.15555	0.05377	0.01863	0.10877	0.21446
57660	-0.16167	-0.21600	-0.74101	0.20177	0.26839	0.22478	0.58783	0.34655	0.14153	0.20915	0.27146	0.21434	0.12224	0.08839	0.09654	0.01871	0.10589	0.21299
57820	-0.19622	-0.17602	-0.76320	0.19898	0.26569	0.22318	0.70828	0.28281	0.14519	0.20572	0.27002	0.21276	0.09055	0.13731	0.10125	0.02157	0.11214	0.21801
57980	-0.15510	-0.19477	-0.77274	0.20441	0.27003	0.22775	0.59258	0.29996	0.18145	0.20980	0.27445	0.21658	0.11796	0.15160	0.04957	0.01933	0.10778	0.21416
58150	-0.15931	-0.21710	-0.73981	0.20508	0.27119	0.22865	0.58203	0.35092	0.14860	0.21068	0.27532	0.21763	0.12968	0.09456	0.09569	0.02043	0.11087	0.21654
58310	-0.19106	-0.17321	-0.76444	0.20376	0.26936	0.22537	0.70767	0.28425	0.15936	0.20839	0.27243	0.21488	0.08911	0.14877	0.07526	0.01842	0.10745	0.21286
58470	-0.15225	-0.22097	-0.76236	0.20268	0.27034	0.22769	0.53265	0.33433	0.17208	0.21028	0.27430	0.21680	0.13142	0.11104	0.06295	0.01962	0.10880	0.21518
58640	-0.19528	-0.19530	-0.74818	0.20118	0.26802	0.22538	0.68834	0.30890	0.13689	0.20698	0.27120	0.21462	0.09144	0.11570	0.09789	0.01959	0.10890	0.21443
58800	-0.16779	-0.19804	-0.78011	0.20281	0.26959	0.22544	0.57628	0.29882	0.18112	0.20977	0.27278	0.21650	0.11485	0.13861	0.04313	0.01799	0.10785	0.21361	32.75	6.1	0.00	7.77	0.01272	0.01303	0.01629	0.00796	0.00592	0.00649	0.00469	0.01272	0.01687	0.00688	0.00712	0.00888	0.01495	0.01098	0.01200	0.00222	0.00632	0.00883
58960	-0.17434	-0.21769	-0.74415	0.20184	0.26713	0.22561	0.58998	0.33957	0.13189	0.20794	0.27306	0.21481	0.11106	0.08285	0.09811	0.01616	0.10728	0.21292
59120	-0.19222	-0.17863	-0.77354	0.20063	0.26791	0.22650	0.69530	0.27985	0.16550	0.20944	0.27439	0.21615	0.08855	0.15244	0.06872	0.01960	0.10992	0.21545
59290	-0.15381	-0.22139	-0.76208	0.20269	0.26799	0.22534	0.52708	0.33353	0.16964	0.20788	0.27202	0.21489	0.12983	0.11325	0.06184	0.01594	0.10692	0.21184
59450	-0.18932	-0.19753	-0.74059	0.20087	0.26924	0.22687	0.66863	0.32718	0.13334	0.20992	0.27369	0.21700	0.10056	0.09416	0.10358	0.01858	0.11048	0.21523
59620	-0.18722	-0.18450	-0.78285	0.20197	0.26838	0.22545	0.62951	0.26110	0.15948	0.20926	0.27416	0.21538	0.07898	0.12790	0.03724	0.01762	0.10801	0.21334
59780	-0.17609	-0.24524	-0.77649	0.20100	0.26915	0.22740	0.42513	0.29883	0.14407	0.21184	0.27605	0.21771	0.10036	0.06934	0.02178	0.02250	0.11102	0.21548
59940	-0.22434	-0.22799	-0.77019	0.20285	0.26938	0.22559	0.53106	0.27600	0.10132	0.20924	0.27318	0.21601	0.06571	0.05493	0.06766	0.01667	0.10681	0.21316
60110	-0.20907	-0.20783	-0.79912	0.20440	0.27253	0.22885	0.55303	0.24402	0.15136	0.21235	0.27724	0.21919	0.06862	0.11958	0.02480	0.02261	0.11289	0.21722
60270	-0.18026	-0.25288	-0.77049	0.20405	0.26986	0.22636	0.43817	0.30829	0.12654	0.20867	0.27409	0.21609	0.10338	0.05944	0.05570	0.01579	0.10737	0.21283
60430	-0.22069	-0.19961	-0.77588	0.20457	0.27082	0.22814	0.62344	0.26037	0.13126	0.21123	0.27627	0.21748	0.06697	0.11145	0.05931	0.02159	0.10919	0.21588	32.75	6.2	0.00	7.73	0.01272	0.01303	0.01629	0.00796	0.00592	0.00649	0.00469	0.01272	0.01687	0.00688	0.00712	0.00888	0.01495	0.01098	0.01200	0.00222	0.00632	0.00883
60590	-0.17445	-0.23672	-0.78464	0.20209	0.26685	0.22377	0.44389	0.29909	0.15422	0.20704	0.27227	0.21489	0.10844	0.09125	0.03469	0.01455	0.10499	0.21146
60760	-0.21041	-0.21635	-0.75880	0.19766	0.26580	0.22182	0.59993	0.29957	0.11540	0.20544	0.27136	0.21290	0.08759	0.08083	0.09328	0.01935	0.11173	0.21775
60920	-0.19282	-0.19039	-0.78902	0.20478	0.26981	0.22669	0.62671	0.26591	0.16197	0.21042	0.27551	0.21574	0.08152	0.13421	0.04612	0.01583	0.10740	0.21426
61090	-0.16380	-0.23663	-0.76532	0.20353	0.26911	0.22708	0.48613	0.32471	0.15373	0.20976	0.27485	0.21668	0.11637	0.08882	0.05209	0.01778	0.10873	0.21402
61250	-0.20542	-0.20021	-0.75477	0.20277	0.26720	0.22639	0.64952	0.29645	0.12669	0.20919	0.27334	0.21524	0.08184	0.09330	0.08837	0.01452	0.10665	0.21269
61410	-0.18223	-0.20025	-0.79012	0.19931	0.26557	0.22222	0.58712	0.26670	0.16272	0.20631	0.27100	0.21292	0.09295	0.14778	0.05002	0.01726	0.11236	0.21842
61580	-0.15912	-0.23264	-0.76231	0.20615	0.27180	0.22758	0.49733	0.33243	0.15931	0.21143	0.27592	0.21688	0.12394	0.09572	0.05288	0.01734	0.10833	0.21392
61740	-0.19920	-0.20074	-0.75004	0.20422	0.27020	0.22822	0.65292	0.30957	0.13184	0.21207	0.27522	0.21758	0.08574	0.10111	0.09708	0.01891	0.11031	0.21452
61900	-0.17627	-0.19618	-0.78632	0.20241	0.26846	0.22487	0.58850	0.28655	0.17399	0.20846	0.27372	0.21514	0.10056	0.13910	0.03632	0.01452	0.10626	0.21131
62070	-0.17038	-0.23081	-0.74962	0.20367	0.26999	0.22684	0.55185	0.34095	0.13655	0.21020	0.27586	0.21773	0.11827	0.07782	0.08384	0.01625	0.10918	0.21489	32.80	6.1	0.00	7.73	0.01272	0.01302	0.01629	0.00796	0.00592	0.00649	0.00469	0.01272	0.01687	0.00688	0.00712	0.00888	0.01495	0.01098	0.01200	0.00222	0.00632	0.00883
62230	-0.20260	-0.18513	-0.77322	0.20148	0.26774	0.22473	0.68331	0.27212	0.15340	0.20756	0.27206	0.21599	0.07771	0.13560	0.06356	0.01280	0.10589	0.21212
62390	-0.16322	-0.22761	-0.77457	0.19874	0.26461	0.22267	0.50989	0.31752	0.16491	0.20628	0.27095	0.21436	0.12034	0.11873	0.04299	0.01702	0.11167	0.21645
62560	-0.18607	-0.21464	-0.74796	0.20324	0.26817	0.22637	0.61248	0.32892	0.13063	0.21016	0.27408	0.21593	0.10368	0.07805	0.09231	0.01573	0.10992	0.21586
62720	-0.19496	-0.18266	-0.77734	0.20378	0.26936	0.22763	0.66943	0.27319	0.16358	0.21056	0.27516	0.21711	0.08357	0.14001	0.06158	0.01822	0.10818	0.21448
62880	-0.15944	-0.23032	-0.76801	0.20110	0.26633	0.22376	0.50003	0.32512	0.16176	0.20665	0.27162	0.21432	0.12378	0.10516	0.05118	0.01577	0.10940	0.21604
63050	-0.19348	-0.20433	-0.74755	0.20346	0.26898	0.22633	0.64608	0.31751	0.13013	0.20946	0.27420	0.21644	0.09419	0.09232	0.09884	0.01735	0.10780	0.21378
