WetView ver 7.1	07-08-2018	18:32:49
AC9 Absorption and Attenuation Meter
00000266		; Serial number
2	; structure version number
Reserved
0.000000	0.000000		; Depth calibration
19200			; Baud rate
0.100000			; Path length (meters)
31			; number of temperature calibration bins
				12.59339	13.44920	14.48425	15.49668	16.50852	17.49564	18.50545	19.52458	20.50176	21.48889	22.47318	23.48707	24.50962	25.49370	26.49784	27.51372	28.50746	29.47237	30.47938	31.50214	32.50470	33.49235	34.50337	35.50914	36.50618	37.52058	38.51018	39.51308	40.49994	41.49866	42.47204	; temperature bins
a650	Blue	20.34952		-0.00383	-0.00415	-0.00430	-0.00391	-0.00363	-0.00317	-0.00269	-0.00237	-0.00179	-0.00130	-0.00099	-0.00071	-0.00015	0.00000	0.00004	-0.00001	0.00015	0.00036	0.00058	0.00101	0.00161	0.00132	0.00160	0.00169	0.00242	0.00273	0.00336	0.00365	0.00427	0.00566	0.00670		; offset and temperature correction info
a676	Green	20.51193		-0.00398	-0.00384	-0.00360	-0.00306	-0.00302	-0.00255	-0.00235	-0.00212	-0.00163	-0.00136	-0.00118	-0.00089	-0.00029	0.00000	0.00068	0.00082	0.00099	0.00137	0.00145	0.00212	0.00260	0.00252	0.00321	0.00354	0.00457	0.00535	0.00617	0.00648	0.00742	0.00887	0.01002		; offset and temperature correction info
a715	Brown	20.23230		-0.00421	-0.00394	-0.00391	-0.00291	-0.00264	-0.00192	-0.00204	-0.00179	-0.00188	-0.00239	-0.00180	-0.00187	-0.00099	0.00000	0.00084	0.00162	0.00188	0.00224	0.00321	0.00381	0.00466	0.00528	0.00588	0.00696	0.00859	0.01041	0.01148	0.01282	0.01333	0.01456	0.01617		; offset and temperature correction info
c510	Red	20.40042		-0.00261	-0.00247	-0.00258	-0.00225	-0.00203	-0.00197	-0.00199	-0.00203	-0.00154	-0.00103	-0.00069	-0.00019	-0.00007	0.00000	0.00011	-0.00021	-0.00042	-0.00056	-0.00040	0.00011	0.00036	0.00050	0.00077	0.00079	0.00050	0.00042	0.00043	0.00092	0.00147	0.00200	0.00232		; offset and temperature correction info
c532	Magenta	20.40760		-0.00248	-0.00265	-0.00278	-0.00279	-0.00296	-0.00292	-0.00238	-0.00206	-0.00129	-0.00096	-0.00092	-0.00052	-0.00009	0.00000	0.00007	-0.00049	-0.00136	-0.00107	-0.00079	-0.00065	-0.00074	-0.00105	-0.00152	-0.00192	-0.00236	-0.00269	-0.00252	-0.00233	-0.00172	-0.00128	-0.00067		; offset and temperature correction info
c555	Black	20.50654		-0.00053	-0.00063	-0.00106	-0.00094	-0.00068	-0.00055	-0.00053	-0.00039	-0.00028	-0.00025	-0.00011	-0.00035	-0.00007	0.00000	-0.00037	-0.00055	-0.00036	-0.00014	0.00019	0.00044	0.00032	0.00040	0.00050	0.00028	0.00014	0.00013	0.00030	0.00073	0.00117	0.00176	0.00241		; offset and temperature correction info
a412	LtBlue	17.15231		-0.01972	-0.01823	-0.01612	-0.01381	-0.01272	-0.01080	-0.00959	-0.00866	-0.00710	-0.00532	-0.00354	-0.00148	-0.00028	0.00000	0.00176	0.00297	0.00394	0.00440	0.00453	0.00487	0.00804	0.00856	0.01065	0.01248	0.01388	0.01439	0.01659	0.01881	0.02256	0.02450	0.02719		; offset and temperature correction info
a440	LtGreen	18.00171		-0.00729	-0.00642	-0.00581	-0.00502	-0.00426	-0.00349	-0.00244	-0.00218	-0.00179	-0.00101	-0.00046	-0.00006	0.00036	0.00000	0.00040	0.00045	0.00030	-0.00015	-0.00024	-0.00035	0.00012	-0.00013	-0.00033	-0.00089	-0.00142	-0.00189	-0.00231	-0.00205	-0.00140	-0.00140	-0.00146		; offset and temperature correction info
a488	Yellow	18.86491		-0.00113	-0.00102	-0.00106	-0.00064	-0.00027	-0.00020	-0.00030	-0.00037	-0.00047	-0.00059	-0.00052	-0.00012	0.00008	0.00000	0.00025	0.00012	-0.00013	-0.00043	-0.00065	-0.00076	-0.00025	0.00010	0.00090	0.00111	0.00113	0.00104	0.00073	0.00068	0.00120	0.00186	0.00258		; offset and temperature correction info
c650	Blue	20.46075		-0.00145	-0.00097	-0.00092	-0.00139	-0.00185	-0.00196	-0.00237	-0.00266	-0.00238	-0.00163	-0.00083	-0.00041	-0.00010	0.00000	0.00005	-0.00001	0.00015	0.00034	0.00029	0.00065	0.00101	0.00164	0.00126	0.00156	0.00175	0.00270	0.00287	0.00371	0.00407	0.00473	0.00534		; offset and temperature correction info
c676	Green	20.10118		-0.00170	-0.00144	-0.00149	-0.00177	-0.00188	-0.00194	-0.00198	-0.00196	-0.00177	-0.00156	-0.00140	-0.00091	-0.00033	0.00000	0.00050	0.00092	0.00110	0.00141	0.00167	0.00199	0.00216	0.00265	0.00269	0.00289	0.00315	0.00374	0.00367	0.00408	0.00486	0.00561	0.00646		; offset and temperature correction info
c715	Brown	19.91219		-0.01201	-0.01097	-0.00859	-0.00680	-0.00651	-0.00592	-0.00535	-0.00440	-0.00387	-0.00303	-0.00222	-0.00153	-0.00028	0.00000	0.00093	0.00149	0.00247	0.00322	0.00330	0.00427	0.00373	0.00464	0.00536	0.00551	0.00643	0.00733	0.00779	0.00884	0.00899	0.01021	0.01120		; offset and temperature correction info
a510	Red	19.21192		0.00201	0.00193	0.00158	0.00098	0.00089	0.00049	0.00011	-0.00016	-0.00016	-0.00005	0.00028	0.00025	0.00006	0.00000	0.00035	-0.00022	-0.00023	-0.00080	-0.00144	-0.00154	-0.00153	-0.00204	-0.00220	-0.00219	-0.00190	-0.00128	-0.00069	-0.00018	0.00068	0.00152	0.00241		; offset and temperature correction info
a532	Magenta	19.41084		-0.00097	-0.00072	-0.00060	-0.00081	-0.00062	-0.00071	-0.00040	0.00020	0.00028	0.00043	0.00000	-0.00035	0.00007	0.00000	-0.00011	-0.00059	-0.00080	-0.00098	-0.00137	-0.00162	-0.00163	-0.00130	-0.00073	-0.00018	0.00090	0.00185	0.00175	0.00247	0.00291	0.00327	0.00349		; offset and temperature correction info
a555	Black	19.69776		0.00171	0.00183	0.00183	0.00186	0.00191	0.00170	0.00115	0.00131	0.00097	0.00073	0.00060	0.00013	0.00015	0.00000	0.00014	-0.00029	-0.00066	-0.00082	-0.00116	-0.00139	-0.00134	-0.00167	-0.00119	-0.00093	-0.00048	0.00053	0.00111	0.00095	0.00178	0.00206	0.00273		; offset and temperature correction info
c412	LtBlue	19.91180		-0.02051	-0.01853	-0.01589	-0.01311	-0.01059	-0.00877	-0.00705	-0.00581	-0.00413	-0.00231	-0.00098	-0.00066	-0.00011	0.00000	-0.00013	-0.00085	-0.00170	-0.00170	-0.00302	-0.00330	-0.00429	-0.00551	-0.00626	-0.00775	-0.00978	-0.01181	-0.01113	-0.01108	-0.01116	-0.01192	-0.01291		; offset and temperature correction info
c440	LtGreen	20.06241		-0.01064	-0.00992	-0.00892	-0.00766	-0.00639	-0.00531	-0.00478	-0.00384	-0.00287	-0.00187	-0.00102	-0.00063	-0.00023	0.00000	-0.00007	-0.00053	-0.00090	-0.00119	-0.00169	-0.00197	-0.00226	-0.00257	-0.00260	-0.00289	-0.00394	-0.00470	-0.00481	-0.00493	-0.00520	-0.00580	-0.00620		; offset and temperature correction info
c488	Yellow	20.35984		-0.01125	-0.01082	-0.00966	-0.00833	-0.00726	-0.00661	-0.00579	-0.00500	-0.00389	-0.00278	-0.00167	-0.00113	-0.00041	0.00000	0.00055	0.00121	0.00187	0.00226	0.00222	0.00251	0.00281	0.00359	0.00414	0.00427	0.00401	0.00404	0.00486	0.00563	0.00638	0.00684	0.00718		; offset and temperature correction info
0.003500	0.004000	0.015000	0.020000	0.015000	0.020000	2500.000000	2000.000000	1000.000000	; maxANoise	maxCNoise	maxADifference	maxCDifference	minACounts	minCCounts	minRCounts	maxTempSdev	maxDepthSdev
0			; auxilliary capabilities
1			; acquisition binsize
0	-0.15019	-0.17798	-0.72759	0.07699	0.14435	0.10374	0.63875	0.34105	0.18966	0.12005	0.13236	0.13073	0.13836	0.14992	0.10272	-0.17222	-0.05856	0.07955	26.64	6.0	0.00	7.42	0.01285	0.01310	0.01673	0.00814	0.00606	0.00663	0.00474	0.01283	0.01705	0.00705	0.00727	0.00925	0.01508	0.01110	0.01210	0.00228	0.00647	0.00905
170	-0.15061	-0.17968	-0.72785	0.07864	0.14605	0.10619	0.64071	0.34538	0.19204	0.12275	0.13428	0.13313	0.14310	0.15191	0.10393	-0.16567	-0.05494	0.08285
330	-0.14991	-0.17980	-0.72809	0.07733	0.14358	0.10286	0.64522	0.33973	0.18903	0.12068	0.13295	0.13095	0.13888	0.15093	0.10252	-0.17002	-0.05892	0.07923
490	-0.14901	-0.17620	-0.72696	0.07870	0.14650	0.10526	0.64941	0.34177	0.19261	0.12317	0.13385	0.13305	0.14258	0.15396	0.10293	-0.16746	-0.05547	0.08224
660	-0.14727	-0.17951	-0.72956	0.07647	0.14415	0.10267	0.64657	0.34254	0.18883	0.12014	0.13270	0.13108	0.13854	0.15119	0.10003	-0.17205	-0.05853	0.07915
820	-0.14808	-0.17498	-0.72567	0.07939	0.14687	0.10635	0.64714	0.34566	0.19339	0.12430	0.13620	0.13421	0.14469	0.15387	0.10546	-0.16581	-0.05404	0.08390
980	-0.14820	-0.17682	-0.72917	0.07844	0.14511	0.10375	0.64413	0.34017	0.19016	0.12141	0.13328	0.13149	0.13884	0.15354	0.10309	-0.16844	-0.05558	0.08156
1150	-0.14872	-0.17964	-0.72961	0.07710	0.14462	0.10350	0.63736	0.34668	0.19106	0.12219	0.13395	0.13155	0.14114	0.15102	0.10062	-0.16900	-0.05733	0.08018
1310	-0.14920	-0.17859	-0.72809	0.07517	0.14299	0.10219	0.64736	0.34072	0.18894	0.11983	0.13191	0.13013	0.13680	0.14874	0.10101	-0.17044	-0.05902	0.07865
1470	-0.14740	-0.17545	-0.72571	0.07906	0.14799	0.10717	0.64671	0.34906	0.19475	0.12428	0.13555	0.13427	0.14421	0.15581	0.10576	-0.16476	-0.05281	0.08378
1640	-0.14606	-0.17964	-0.72781	0.07837	0.14473	0.10401	0.64084	0.34236	0.19073	0.12108	0.13299	0.13067	0.14077	0.15023	0.10483	-0.16773	-0.05550	0.08145	26.70	6.1	0.00	7.44	0.01285	0.01310	0.01673	0.00814	0.00606	0.00663	0.00474	0.01283	0.01705	0.00705	0.00727	0.00925	0.01508	0.01109	0.01210	0.00228	0.00647	0.00905
1800	-0.14893	-0.17733	-0.72901	0.07745	0.14521	0.10327	0.64836	0.34021	0.18894	0.12111	0.13224	0.13173	0.13931	0.15006	0.10170	-0.17014	-0.05732	0.07923
1970	-0.15068	-0.17909	-0.73044	0.07540	0.14216	0.10170	0.63573	0.33979	0.18533	0.11998	0.13048	0.12941	0.14230	0.15143	0.10396	-0.16762	-0.05458	0.08202
2130	-0.14734	-0.17783	-0.72768	0.07891	0.14483	0.10392	0.63684	0.34157	0.19090	0.12144	0.13367	0.13205	0.13955	0.14835	0.10283	-0.17102	-0.05739	0.07916
2290	-0.15080	-0.17857	-0.73152	0.07471	0.14167	0.10056	0.64496	0.33944	0.18728	0.11938	0.13067	0.12958	0.14380	0.15059	0.09954	-0.17074	-0.05598	0.08037
2460	-0.14650	-0.17752	-0.72865	0.07776	0.14526	0.10425	0.64735	0.34086	0.19225	0.12152	0.13363	0.13202	0.14325	0.15299	0.10452	-0.16759	-0.05487	0.08069
2620	-0.14590	-0.17749	-0.72735	0.07809	0.14440	0.10386	0.64262	0.34325	0.18917	0.12133	0.13342	0.13131	0.14479	0.15328	0.10297	-0.16839	-0.05314	0.08244
2790	-0.14632	-0.17672	-0.72751	0.07982	0.14525	0.10490	0.64368	0.34642	0.19082	0.12224	0.13422	0.13263	0.14081	0.15114	0.09936	-0.16769	-0.05665	0.08004
2950	-0.14926	-0.17738	-0.72681	0.07696	0.14571	0.10503	0.65500	0.34795	0.19346	0.12332	0.13383	0.13376	0.14249	0.15267	0.10418	-0.16745	-0.05489	0.08204
3120	-0.14807	-0.17785	-0.72862	0.07741	0.14523	0.10396	0.65000	0.34494	0.18926	0.11932	0.13105	0.13022	0.14505	0.15567	0.10846	-0.16650	-0.05339	0.08321
3280	-0.14739	-0.17637	-0.72666	0.07837	0.14637	0.10556	0.64468	0.34062	0.19023	0.12195	0.13358	0.13272	0.14058	0.15259	0.10192	-0.16854	-0.05697	0.07977	26.70	6.0	0.00	7.35	0.01285	0.01310	0.01673	0.00813	0.00606	0.00663	0.00474	0.01283	0.01705	0.00705	0.00727	0.00925	0.01508	0.01109	0.01210	0.00228	0.00647	0.00905
3450	-0.14654	-0.17665	-0.72650	0.07802	0.14684	0.10549	0.64656	0.34699	0.19156	0.12341	0.13411	0.13404	0.14179	0.15325	0.10313	-0.16703	-0.05497	0.08145
3610	-0.14966	-0.17866	-0.72831	0.07638	0.14378	0.10209	0.64273	0.34051	0.18769	0.12042	0.13148	0.13031	0.14075	0.15039	0.10197	-0.16907	-0.05697	0.08017
3770	-0.14914	-0.17852	-0.73007	0.07604	0.14471	0.10311	0.64333	0.34302	0.18951	0.12037	0.13309	0.13124	0.14037	0.15138	0.10440	-0.16977	-0.05756	0.07924
3940	-0.14945	-0.18136	-0.73020	0.07513	0.14238	0.10188	0.63728	0.34116	0.18670	0.11983	0.13033	0.12978	0.14243	0.15465	0.10502	-0.16735	-0.05379	0.08306
4100	-0.14730	-0.17751	-0.72663	0.07863	0.14585	0.10438	0.64519	0.34433	0.19063	0.12228	0.13324	0.13192	0.14123	0.14994	0.10147	-0.17169	-0.05682	0.07929
4270	-0.14825	-0.17828	-0.72451	0.07857	0.14737	0.10658	0.65264	0.34701	0.19345	0.12350	0.13443	0.13403	0.14400	0.15310	0.10268	-0.16560	-0.05422	0.08215
4430	-0.14611	-0.17719	-0.72772	0.07763	0.14437	0.10307	0.63945	0.34151	0.18985	0.12030	0.13145	0.13101	0.13921	0.15050	0.09925	-0.17299	-0.05967	0.07834
4590	-0.14755	-0.17788	-0.72700	0.07852	0.14707	0.10663	0.64523	0.34778	0.19303	0.12409	0.13530	0.13479	0.14462	0.15385	0.10730	-0.16619	-0.05370	0.08243
4760	-0.14920	-0.17850	-0.72830	0.07746	0.14494	0.10358	0.64663	0.34089	0.19138	0.12074	0.13183	0.13152	0.13750	0.15356	0.10264	-0.17190	-0.05818	0.07910
4920	-0.14844	-0.17701	-0.72666	0.07886	0.14716	0.10614	0.64600	0.34658	0.19313	0.12375	0.13608	0.13430	0.14289	0.15555	0.10235	-0.16645	-0.05490	0.08131	26.76	6.1	0.00	7.36	0.01285	0.01310	0.01673	0.00813	0.00606	0.00663	0.00474	0.01283	0.01705	0.00705	0.00727	0.00925	0.01508	0.01109	0.01210	0.00228	0.00647	0.00905
5080	-0.15053	-0.17959	-0.72818	0.07693	0.14440	0.10302	0.65087	0.34326	0.18899	0.12078	0.13289	0.13185	0.13843	0.15238	0.09981	-0.16905	-0.05919	0.07792
5250	-0.15086	-0.18310	-0.73232	0.07393	0.14092	0.10097	0.63508	0.33932	0.18693	0.11909	0.13061	0.12919	0.13949	0.15229	0.10487	-0.16898	-0.05583	0.08116
5410	-0.14954	-0.17860	-0.72879	0.07708	0.14436	0.10372	0.64786	0.34396	0.18875	0.12077	0.13143	0.13218	0.14027	0.14965	0.10353	-0.16929	-0.05893	0.07863
5570	-0.15066	-0.18046	-0.73128	0.07440	0.14149	0.10056	0.64441	0.33819	0.18791	0.11939	0.13018	0.13005	0.14137	0.15310	0.10377	-0.16814	-0.05651	0.08132
5740	-0.14597	-0.17809	-0.72773	0.07707	0.14346	0.10279	0.63946	0.34255	0.18956	0.12127	0.13302	0.13192	0.14319	0.15152	0.10404	-0.16779	-0.05722	0.08006
5900	-0.14905	-0.17710	-0.72931	0.07732	0.14459	0.10515	0.65058	0.34502	0.19020	0.12263	0.13380	0.13217	0.14354	0.15089	0.10531	-0.16884	-0.05662	0.08034
6060	-0.14768	-0.17735	-0.72905	0.07591	0.14423	0.10302	0.64465	0.34063	0.18909	0.12099	0.13162	0.13126	0.14254	0.15390	0.10727	-0.16652	-0.05342	0.08311
6230	-0.14413	-0.17600	-0.72544	0.07943	0.14777	0.10595	0.64298	0.34739	0.19208	0.12371	0.13484	0.13339	0.14399	0.15436	0.10429	-0.16835	-0.05606	0.08094
6390	-0.14857	-0.17808	-0.72657	0.07682	0.14645	0.10555	0.64392	0.34574	0.19242	0.12349	0.13542	0.13351	0.14323	0.15219	0.10381	-0.16708	-0.05511	0.08169
6560	-0.14978	-0.17717	-0.72943	0.07601	0.14433	0.10369	0.64952	0.34132	0.18939	0.12022	0.13262	0.13093	0.14230	0.15087	0.10215	-0.17195	-0.06026	0.07725	26.70	5.9	0.00	7.37	0.01285	0.01310	0.01673	0.00813	0.00606	0.00663	0.00474	0.01283	0.01705	0.00705	0.00727	0.00925	0.01508	0.01109	0.01210	0.00228	0.00646	0.00905
6720	-0.14779	-0.17808	-0.72602	0.07320	0.14580	0.10618	0.64626	0.34526	0.19584	0.12467	0.13655	0.13455	0.14497	0.15642	0.10221	-0.16666	-0.05457	0.08287
6880	-0.14779	-0.17759	-0.72828	0.07743	0.14471	0.10349	0.64701	0.34142	0.18872	0.12173	0.13300	0.13214	0.14248	0.15136	0.10606	-0.16866	-0.05597	0.08172
7050	-0.14842	-0.17849	-0.72953	0.07641	0.14353	0.10361	0.64730	0.34255	0.19035	0.12169	0.13341	0.13179	0.14148	0.15119	0.10222	-0.17150	-0.05904	0.07977
7210	-0.14864	-0.17875	-0.72986	0.07476	0.14218	0.10115	0.63968	0.33945	0.18776	0.11934	0.13213	0.12941	0.14143	0.15145	0.10436	-0.17121	-0.05670	0.08036
7380	-0.14872	-0.17786	-0.72610	0.07639	0.14477	0.10304	0.64901	0.34489	0.18965	0.12179	0.13300	0.13161	0.14220	0.15086	0.10138	-0.17016	-0.05905	0.07998
7540	-0.14646	-0.17663	-0.72694	0.07618	0.14480	0.10351	0.64440	0.34237	0.19156	0.12181	0.13400	0.13143	0.14210	0.15201	0.10589	-0.16957	-0.05730	0.08009
7700	-0.14721	-0.17651	-0.72750	0.07655	0.14497	0.10431	0.64187	0.34247	0.19056	0.12212	0.13441	0.13270	0.14281	0.15174	0.10092	-0.17251	-0.05915	0.07842
7870	-0.14596	-0.17589	-0.72615	0.07918	0.14781	0.10624	0.64539	0.34894	0.19554	0.12595	0.13737	0.13456	0.14436	0.15585	0.10383	-0.16610	-0.05440	0.08303
8030	-0.14785	-0.17743	-0.72660	0.07818	0.14585	0.10405	0.64006	0.33977	0.18835	0.12189	0.13430	0.13159	0.14200	0.15396	0.10684	-0.16883	-0.05610	0.08141
8200	-0.14886	-0.17801	-0.73019	0.07638	0.14436	0.10266	0.64594	0.33803	0.18922	0.12075	0.13313	0.13169	0.14190	0.14994	0.09891	-0.17117	-0.05858	0.07868	26.76	6.2	0.00	7.34	0.01285	0.01310	0.01673	0.00813	0.00606	0.00663	0.00474	0.01283	0.01705	0.00705	0.00727	0.00925	0.01508	0.01109	0.01210	0.00228	0.00646	0.00905
8360	-0.14996	-0.17771	-0.73114	0.07391	0.14108	0.10089	0.64220	0.34089	0.18588	0.11887	0.13134	0.12914	0.14232	0.15225	0.10439	-0.16840	-0.05692	0.08145
8520	-0.14544	-0.17606	-0.72804	0.07731	0.14467	0.10298	0.64980	0.33942	0.19068	0.12098	0.13358	0.13179	0.14003	0.15104	0.10229	-0.17289	-0.05903	0.07923
8690	-0.14678	-0.17634	-0.72649	0.07685	0.14386	0.10390	0.64485	0.34116	0.19195	0.12270	0.13450	0.13262	0.14094	0.15371	0.10327	-0.17040	-0.05762	0.07955
8850	-0.14552	-0.17852	-0.72713	0.07640	0.14405	0.10256	0.64780	0.34215	0.19045	0.12200	0.13312	0.13162	0.14379	0.15100	0.10141	-0.17141	-0.05969	0.07846
9020	-0.14492	-0.17565	-0.72441	0.07947	0.14857	0.10774	0.65306	0.34599	0.19299	0.12513	0.13753	0.13469	0.14500	0.15513	0.10737	-0.16605	-0.05454	0.08321
9180	-0.14570	-0.17618	-0.72802	0.07807	0.14597	0.10466	0.64927	0.34215	0.19111	0.12218	0.13561	0.13189	0.14236	0.15179	0.10450	-0.17075	-0.05886	0.07927
9340	-0.14972	-0.17875	-0.72923	0.07481	0.14335	0.10217	0.65067	0.34072	0.18869	0.12098	0.13281	0.13058	0.14023	0.14811	0.09935	-0.17359	-0.06158	0.07670
9510	-0.15083	-0.17827	-0.72815	0.07393	0.14516	0.10457	0.65180	0.34517	0.19339	0.12378	0.13629	0.13426	0.14451	0.15383	0.10769	-0.16661	-0.05434	0.08156
9670	-0.14706	-0.17719	-0.72965	0.07720	0.14476	0.10262	0.64941	0.34236	0.18860	0.12059	0.13321	0.13100	0.14037	0.15641	0.10370	-0.17050	-0.05719	0.08034
9830	-0.14583	-0.17829	-0.72749	0.07672	0.14346	0.10230	0.65178	0.34373	0.18877	0.11995	0.13152	0.13119	0.14050	0.15156	0.10199	-0.17315	-0.05967	0.07800	26.76	6.2	0.00	7.36	0.01285	0.01310	0.01673	0.00813	0.00606	0.00663	0.00474	0.01283	0.01705	0.00705	0.00727	0.00925	0.01508	0.01109	0.01210	0.00228	0.00646	0.00905
10000	-0.14961	-0.17709	-0.72909	0.07488	0.14189	0.10094	0.64823	0.33991	0.18714	0.11953	0.13103	0.12997	0.14071	0.15236	0.10589	-0.17151	-0.05778	0.08050
10160	-0.14517	-0.17676	-0.72793	0.07805	0.14469	0.10251	0.63904	0.34226	0.18847	0.12053	0.13242	0.13121	0.14119	0.15309	0.10074	-0.17326	-0.05943	0.07783
10330	-0.14762	-0.18022	-0.72898	0.07402	0.14059	0.09840	0.63907	0.34037	0.18669	0.11840	0.13033	0.12854	0.14485	0.15605	0.10602	-0.16877	-0.05434	0.08283
10490	-0.14398	-0.17618	-0.72667	0.07905	0.14667	0.10417	0.64505	0.34516	0.19069	0.12220	0.13463	0.13312	0.14206	0.15357	0.10481	-0.16965	-0.05736	0.07998
10650	-0.14774	-0.17545	-0.72708	0.07829	0.14673	0.10466	0.65950	0.34526	0.19257	0.12401	0.13550	0.13374	0.14354	0.15406	0.10401	-0.16818	-0.05556	0.08102
10820	-0.14704	-0.17918	-0.72846	0.07664	0.14433	0.10187	0.65026	0.34160	0.18987	0.12055	0.13231	0.13137	0.14115	0.15190	0.10341	-0.17343	-0.06049	0.07740
10980	-0.14810	-0.17805	-0.72609	0.07832	0.14624	0.10525	0.64946	0.34672	0.19360	0.12351	0.13674	0.13437	0.14690	0.15573	0.10729	-0.16909	-0.05535	0.08164
11140	-0.14695	-0.17718	-0.72895	0.07648	0.14338	0.10185	0.64690	0.34444	0.18955	0.12070	0.13336	0.13136	0.14008	0.15358	0.10102	-0.17182	-0.05968	0.07709
11310	-0.14931	-0.17612	-0.72824	0.07799	0.14506	0.10446	0.65446	0.34763	0.19255	0.12250	0.13445	0.13370	0.14489	0.15272	0.10526	-0.16996	-0.05593	0.08076
11470	-0.15040	-0.17836	-0.72855	0.07526	0.14343	0.10159	0.64981	0.33997	0.18967	0.11895	0.13057	0.13058	0.13756	0.15198	0.10275	-0.17624	-0.06239	0.07667	26.70	6.3	0.00	7.52	0.01285	0.01310	0.01673	0.00813	0.00606	0.00663	0.00474	0.01282	0.01705	0.00705	0.00727	0.00925	0.01508	0.01109	0.01210	0.00228	0.00646	0.00905
11630	-0.15170	-0.17998	-0.73119	0.07174	0.13963	0.09788	0.64163	0.33841	0.18608	0.11662	0.12906	0.12769	0.14146	0.15259	0.10613	-0.17299	-0.05767	0.08254
11800	-0.14787	-0.17648	-0.72843	0.07685	0.14372	0.10178	0.64892	0.34007	0.18843	0.12018	0.13173	0.13106	0.13676	0.15057	0.10048	-0.17495	-0.06112	0.07799
11960	-0.15088	-0.17883	-0.73002	0.07282	0.14010	0.09900	0.64696	0.33869	0.18693	0.11701	0.13129	0.12816	0.14203	0.15299	0.10527	-0.17180	-0.05523	0.08282
12120	-0.14473	-0.17586	-0.72674	0.07782	0.14521	0.10316	0.64745	0.34627	0.19238	0.12151	0.13487	0.13260	0.14391	0.15160	0.10347	-0.17246	-0.05886	0.07844
12290	-0.14617	-0.17380	-0.72414	0.07797	0.14596	0.10565	0.65126	0.34819	0.19374	0.12349	0.13593	0.13441	0.14365	0.15404	0.10508	-0.17001	-0.05611	0.08209
12450	-0.14677	-0.17667	-0.72807	0.07719	0.14386	0.10204	0.64523	0.34351	0.19196	0.12023	0.13296	0.13156	0.13875	0.14913	0.10409	-0.17547	-0.06097	0.07863
12610	-0.14905	-0.17704	-0.72552	0.07640	0.14542	0.10464	0.64571	0.34619	0.19224	0.12212	0.13449	0.13384	0.14371	0.15497	0.10615	-0.16934	-0.05658	0.08165
12780	-0.14871	-0.17775	-0.73009	0.07592	0.14320	0.10140	0.64175	0.34243	0.19124	0.11845	0.13204	0.13069	0.14237	0.15296	0.10499	-0.17194	-0.05826	0.08035
12940	-0.14969	-0.17869	-0.72820	0.07595	0.14350	0.10294	0.64595	0.34157	0.19126	0.12107	0.13375	0.13191	0.14201	0.15177	0.10452	-0.17369	-0.06017	0.07928
13100	-0.15096	-0.17960	-0.73029	0.07368	0.14241	0.10032	0.64582	0.34102	0.18845	0.11819	0.13072	0.12920	0.13921	0.15026	0.10127	-0.17524	-0.06136	0.07707	26.76	6.2	0.00	7.35	0.01285	0.01310	0.01673	0.00813	0.00606	0.00663	0.00474	0.01282	0.01705	0.00705	0.00727	0.00925	0.01508	0.01109	0.01210	0.00228	0.00646	0.00905
13260	-0.15276	-0.18250	-0.72782	0.07261	0.14317	0.10189	0.64618	0.34613	0.19101	0.12107	0.13365	0.13161	0.14193	0.15388	0.10514	-0.17258	-0.05937	0.07948
13430	-0.14958	-0.17931	-0.72829	0.07408	0.14277	0.10074	0.64765	0.33985	0.18842	0.11886	0.13146	0.12987	0.13940	0.14890	0.10354	-0.17619	-0.06173	0.07720
13590	-0.15009	-0.17955	-0.73168	0.07239	0.14051	0.09886	0.64278	0.33589	0.18836	0.11689	0.13001	0.12786	0.14020	0.15626	0.10464	-0.17027	-0.05535	0.08324
13760	-0.14534	-0.17685	-0.72439	0.07853	0.14643	0.10482	0.65125	0.34533	0.19393	0.12211	0.13477	0.13284	0.14306	0.15491	0.10436	-0.17247	-0.05723	0.08069
13920	-0.14901	-0.17662	-0.72506	0.07586	0.14570	0.10432	0.64500	0.34732	0.19232	0.12117	0.13328	0.13318	0.14034	0.15493	0.10513	-0.17139	-0.05735	0.08049
14080	-0.14599	-0.17883	-0.72899	0.07524	0.14395	0.10033	0.64085	0.34049	0.18915	0.11795	0.13048	0.12987	0.14076	0.15013	0.10023	-0.17710	-0.06115	0.07712
14250	-0.14907	-0.17719	-0.72689	0.07611	0.14451	0.10349	0.64678	0.34736	0.19263	0.12082	0.13356	0.13247	0.14108	0.15326	0.10511	-0.17395	-0.05783	0.08071
14410	-0.14912	-0.17735	-0.73061	0.07527	0.14314	0.10131	0.64864	0.33846	0.18986	0.11932	0.13145	0.12968	0.13911	0.14983	0.10191	-0.17531	-0.06156	0.07815
14570	-0.14867	-0.17816	-0.72648	0.07602	0.14555	0.10341	0.64611	0.34444	0.19106	0.12078	0.13321	0.13160	0.14254	0.15216	0.10429	-0.17048	-0.05793	0.08034
14740	-0.14909	-0.17889	-0.72993	0.07451	0.14307	0.10121	0.64531	0.34217	0.18875	0.11929	0.13168	0.12961	0.13994	0.14708	0.10140	-0.17357	-0.06034	0.07758	26.76	6.0	0.00	7.35	0.01285	0.01310	0.01673	0.00813	0.00606	0.00663	0.00474	0.01282	0.01705	0.00705	0.00727	0.00925	0.01508	0.01109	0.01210	0.00228	0.00646	0.00905
14900	-0.14749	-0.17428	-0.72704	0.07692	0.14633	0.10402	0.65277	0.34609	0.19307	0.12105	0.13410	0.13245	0.14110	0.15376	0.10326	-0.16919	-0.05635	0.08078
15060	-0.14736	-0.17926	-0.72889	0.07530	0.14314	0.10129	0.64037	0.34279	0.18910	0.11869	0.13182	0.12985	0.13897	0.14958	0.10088	-0.17381	-0.06188	0.07676
15230	-0.14931	-0.17800	-0.72769	0.07762	0.14706	0.10523	0.64987	0.34812	0.19282	0.12249	0.13518	0.13311	0.14295	0.15264	0.10734	-0.16845	-0.05529	0.08163
15390	-0.14756	-0.18029	-0.72744	0.07575	0.14464	0.10263	0.64389	0.34475	0.19388	0.11970	0.13156	0.13105	0.14038	0.15295	0.10199	-0.17059	-0.05992	0.07877
15550	-0.14799	-0.17701	-0.72510	0.07748	0.14599	0.10465	0.64671	0.34614	0.19240	0.12183	0.13422	0.13224	0.14375	0.15278	0.10419	-0.16887	-0.05672	0.08183
15720	-0.14654	-0.17765	-0.73032	0.07645	0.14370	0.10093	0.64051	0.33935	0.19045	0.11896	0.13098	0.12968	0.13799	0.14900	0.09990	-0.17413	-0.06139	0.07709
15880	-0.15093	-0.18144	-0.73041	0.07213	0.14117	0.09889	0.64565	0.33833	0.18697	0.11707	0.12893	0.12806	0.14190	0.15115	0.10615	-0.16912	-0.05670	0.08122
16040	-0.14893	-0.17674	-0.72998	0.07629	0.14442	0.10181	0.64743	0.34013	0.19061	0.11904	0.13165	0.12966	0.13783	0.15196	0.10198	-0.17213	-0.05992	0.07834
16210	-0.14980	-0.18109	-0.73194	0.07300	0.14079	0.09805	0.64321	0.33819	0.18613	0.11651	0.13036	0.12816	0.14255	0.15450	0.10646	-0.16806	-0.05541	0.08357
16370	-0.14643	-0.17794	-0.72685	0.07757	0.14605	0.10355	0.64316	0.34460	0.19064	0.12020	0.13270	0.13152	0.14388	0.14804	0.10283	-0.17014	-0.05862	0.07845	26.70	6.0	0.00	7.35	0.01284	0.01310	0.01673	0.00813	0.00606	0.00663	0.00474	0.01282	0.01705	0.00705	0.00727	0.00925	0.01508	0.01109	0.01210	0.00228	0.00646	0.00905
16530	-0.14861	-0.17849	-0.72641	0.07697	0.14669	0.10516	0.64781	0.34582	0.19111	0.12161	0.13390	0.13255	0.14256	0.15496	0.10485	-0.16769	-0.05691	0.08007
16700	-0.14805	-0.17924	-0.72919	0.07481	0.14305	0.10165	0.64808	0.34121	0.18952	0.11864	0.13046	0.12973	0.14282	0.15472	0.10533	-0.16643	-0.05453	0.08285
16860	-0.14769	-0.17688	-0.72500	0.07811	0.14666	0.10558	0.65597	0.34745	0.19381	0.12269	0.13402	0.13323	0.14402	0.15418	0.10483	-0.16622	-0.05537	0.08163
17020	-0.14801	-0.17846	-0.72904	0.07660	0.14378	0.10296	0.65377	0.34288	0.18954	0.11843	0.13049	0.13067	0.14233	0.15577	0.10623	-0.16913	-0.05595	0.08187
17190	-0.14739	-0.17793	-0.72849	0.07736	0.14532	0.10433	0.64615	0.34316	0.19093	0.12050	0.13207	0.13165	0.14256	0.15222	0.10278	-0.16930	-0.05875	0.07904
17350	-0.14992	-0.18011	-0.73107	0.07383	0.14246	0.10064	0.64591	0.34211	0.18872	0.11864	0.13091	0.12856	0.13820	0.14985	0.09951	-0.17417	-0.06201	0.07500
17510	-0.14982	-0.18125	-0.72982	0.07251	0.14159	0.10250	0.64678	0.34317	0.19260	0.12022	0.13244	0.13109	0.14153	0.15304	0.10062	-0.17221	-0.05830	0.07871
17670	-0.15100	-0.17934	-0.72992	0.07467	0.14312	0.10172	0.65081	0.34227	0.18904	0.11917	0.13068	0.12983	0.13765	0.14966	0.10125	-0.17218	-0.06125	0.07698
17840	-0.15155	-0.18147	-0.73112	0.07303	0.14093	0.10001	0.64596	0.33846	0.18771	0.11750	0.12981	0.12788	0.14298	0.15545	0.10626	-0.16692	-0.05486	0.08285
18000	-0.14575	-0.17682	-0.72630	0.07886	0.14513	0.10520	0.64991	0.34763	0.19361	0.12118	0.13392	0.13210	0.14297	0.15251	0.10678	-0.16717	-0.05612	0.08060	26.76	6.0	0.00	7.38	0.01284	0.01310	0.01673	0.00813	0.00605	0.00663	0.00474	0.01282	0.01705	0.00705	0.00727	0.00925	0.01508	0.01109	0.01210	0.00228	0.00646	0.00905
18170	-0.14715	-0.17782	-0.72872	0.07805	0.14524	0.10492	0.65182	0.34482	0.19306	0.12034	0.13227	0.13194	0.13906	0.15320	0.10348	-0.16738	-0.05703	0.08053
18330	-0.14745	-0.17788	-0.72871	0.07489	0.14224	0.10212	0.64480	0.34158	0.19035	0.11825	0.13046	0.12948	0.13931	0.14973	0.10204	-0.17134	-0.06047	0.07696
18490	-0.14799	-0.17933	-0.72658	0.07610	0.14352	0.10322	0.64786	0.34454	0.19017	0.11926	0.13227	0.13046	0.14253	0.15196	0.10470	-0.17092	-0.05796	0.07945
18660	-0.14900	-0.17920	-0.72921	0.07541	0.14289	0.10175	0.64487	0.33952	0.18939	0.11822	0.13111	0.12969	0.13929	0.15117	0.09972	-0.17081	-0.06053	0.07743
18820	-0.14640	-0.17718	-0.72714	0.07568	0.14452	0.10464	0.64876	0.34533	0.19189	0.12129	0.13188	0.13185	0.14143	0.15268	0.10232	-0.16836	-0.05789	0.08008
18980	-0.14895	-0.17789	-0.72760	0.07554	0.14259	0.10197	0.64154	0.34421	0.18859	0.11901	0.13237	0.13001	0.14133	0.14894	0.10341	-0.17050	-0.05953	0.07802
19150	-0.14909	-0.17492	-0.72704	0.07779	0.14604	0.10557	0.65300	0.34790	0.19458	0.12236	0.13481	0.13269	0.14286	0.15403	0.10467	-0.16587	-0.05450	0.08243
19310	-0.14652	-0.18029	-0.73011	0.07715	0.14372	0.10182	0.64224	0.34301	0.19097	0.11916	0.13200	0.13000	0.14116	0.14926	0.09963	-0.17015	-0.05953	0.07753
19470	-0.14770	-0.17682	-0.72565	0.07788	0.14582	0.10543	0.65003	0.34637	0.19336	0.12236	0.13449	0.13321	0.14250	0.15500	0.10334	-0.16506	-0.05507	0.08145
19640	-0.14813	-0.17659	-0.72858	0.07658	0.14502	0.10241	0.64552	0.34125	0.19016	0.11971	0.13058	0.12960	0.13951	0.15272	0.10019	-0.17068	-0.05942	0.07747	26.76	6.0	0.00	7.34	0.01284	0.01310	0.01673	0.00813	0.00605	0.00663	0.00474	0.01282	0.01705	0.00705	0.00727	0.00925	0.01508	0.01109	0.01210	0.00228	0.00646	0.00905
19800	-0.14824	-0.17882	-0.72716	0.07704	0.14647	0.10506	0.65225	0.34627	0.19194	0.12224	0.13341	0.13171	0.14255	0.15170	0.10445	-0.16490	-0.05582	0.08151
19960	-0.14818	-0.17671	-0.72967	0.07632	0.14398	0.10215	0.64928	0.33873	0.18850	0.11892	0.12957	0.12942	0.13778	0.15056	0.10207	-0.17149	-0.06004	0.07675
20130	-0.14873	-0.17789	-0.72654	0.07641	0.14540	0.10372	0.64581	0.34427	0.19263	0.12136	0.13269	0.13105	0.13951	0.15145	0.10431	-0.16917	-0.05672	0.07996
20290	-0.14841	-0.17960	-0.72829	0.07515	0.14371	0.10119	0.64629	0.34162	0.18873	0.11903	0.13151	0.12952	0.13942	0.14853	0.10062	-0.17240	-0.06062	0.07745
20450	-0.14946	-0.17910	-0.73046	0.07217	0.13964	0.09857	0.64945	0.34065	0.18802	0.11767	0.12982	0.12734	0.14387	0.15342	0.10675	-0.16788	-0.05522	0.08222
20620	-0.14653	-0.17740	-0.72584	0.07812	0.14549	0.10212	0.64798	0.34486	0.19016	0.12088	0.13224	0.13110	0.14389	0.15016	0.10516	-0.16644	-0.05529	0.08178
20780	-0.14732	-0.17662	-0.72560	0.07787	0.14555	0.10452	0.65100	0.34648	0.19283	0.12230	0.13408	0.13167	0.14126	0.15235	0.10542	-0.16697	-0.05541	0.08069
20940	-0.14893	-0.17600	-0.72880	0.07605	0.14511	0.10356	0.64750	0.34121	0.19149	0.12162	0.13322	0.13169	0.14206	0.15298	0.10041	-0.17072	-0.05745	0.07971
21110	-0.14684	-0.17974	-0.72971	0.07523	0.14362	0.10194	0.64993	0.34476	0.18982	0.11927	0.13108	0.13024	0.14016	0.14975	0.10142	-0.17075	-0.05982	0.07802
21270	-0.14744	-0.17876	-0.72731	0.07362	0.14355	0.10325	0.64525	0.34450	0.19012	0.12095	0.13291	0.13131	0.14176	0.15208	0.10609	-0.16915	-0.05739	0.07954	26.82	6.1	0.00	7.37	0.01284	0.01310	0.01673	0.00813	0.00605	0.00663	0.00474	0.01282	0.01704	0.00705	0.00727	0.00925	0.01508	0.01109	0.01210	0.00228	0.00646	0.00905
21440	-0.14645	-0.17733	-0.72800	0.07529	0.14250	0.10131	0.64790	0.34004	0.18973	0.11975	0.13156	0.13002	0.14170	0.14990	0.09986	-0.17069	-0.06044	0.07703
21600	-0.14866	-0.17758	-0.72721	0.07352	0.14525	0.10543	0.65063	0.34794	0.19483	0.12327	0.13515	0.13303	0.14518	0.15456	0.10757	-0.16533	-0.05452	0.08259
21760	-0.14620	-0.17585	-0.72786	0.07660	0.14439	0.10243	0.64563	0.34604	0.19001	0.12106	0.13241	0.13128	0.14485	0.15315	0.10653	-0.16449	-0.05405	0.08304
21930	-0.14626	-0.17751	-0.72818	0.07783	0.14530	0.10300	0.65111	0.34323	0.19208	0.12072	0.13322	0.13096	0.14118	0.15273	0.10337	-0.16866	-0.05834	0.07871
22090	-0.14957	-0.18036	-0.72969	0.07437	0.14168	0.10005	0.64052	0.33749	0.18630	0.11854	0.13007	0.12854	0.14581	0.15335	0.10652	-0.16554	-0.05360	0.08348
22260	-0.14715	-0.17751	-0.72623	0.07823	0.14583	0.10450	0.64199	0.34658	0.19071	0.12169	0.13323	0.13191	0.14221	0.15295	0.10523	-0.16873	-0.05750	0.07982
22420	-0.14665	-0.17749	-0.72887	0.07616	0.14566	0.10393	0.64530	0.34750	0.19099	0.12097	0.13306	0.13192	0.14198	0.15230	0.10252	-0.16785	-0.05714	0.07931
22580	-0.14768	-0.18170	-0.72913	0.07461	0.14273	0.10083	0.64575	0.34364	0.19119	0.11936	0.13084	0.12975	0.13994	0.14956	0.09929	-0.17059	-0.06050	0.07719
22750	-0.14811	-0.17738	-0.72751	0.07653	0.14548	0.10419	0.64457	0.34652	0.19347	0.12203	0.13352	0.13255	0.14184	0.15124	0.10505	-0.16582	-0.05654	0.08022
22910	-0.14817	-0.17790	-0.72796	0.07500	0.14335	0.10265	0.64201	0.34168	0.19015	0.11985	0.13268	0.13003	0.14097	0.15210	0.10540	-0.16808	-0.05885	0.07876	26.76	6.0	0.00	7.43	0.01284	0.01310	0.01673	0.00813	0.00605	0.00663	0.00474	0.01282	0.01704	0.00705	0.00727	0.00925	0.01508	0.01109	0.01210	0.00228	0.00646	0.00905
23070	-0.14838	-0.17612	-0.72733	0.07834	0.14724	0.10505	0.64915	0.34538	0.19140	0.12289	0.13501	0.13295	0.14520	0.15310	0.10583	-0.16794	-0.05567	0.08187
23240	-0.14741	-0.17770	-0.72751	0.07571	0.14349	0.10213	0.65403	0.34124	0.18870	0.12019	0.13177	0.12951	0.14035	0.15069	0.10140	-0.17112	-0.05968	0.07765
23400	-0.14724	-0.17890	-0.72749	0.07760	0.14701	0.10576	0.65241	0.34779	0.19591	0.12306	0.13527	0.13297	0.14327	0.15554	0.10650	-0.16341	-0.05498	0.08284
23560	-0.14699	-0.17895	-0.72816	0.07718	0.14433	0.10346	0.64466	0.34226	0.19025	0.12019	0.13280	0.13097	0.13879	0.15075	0.10323	-0.17007	-0.05890	0.07917
23730	-0.14719	-0.17667	-0.72739	0.07781	0.14635	0.10462	0.64831	0.34543	0.19296	0.12201	0.13462	0.13270	0.14063	0.15410	0.10427	-0.16629	-0.05609	0.08138
23890	-0.14766	-0.17957	-0.72956	0.07585	0.14381	0.10191	0.64261	0.34011	0.18946	0.11962	0.13062	0.13022	0.13950	0.14846	0.09981	-0.17133	-0.05924	0.07757
24050	-0.15200	-0.18099	-0.73310	0.07233	0.14096	0.09911	0.64416	0.33870	0.18584	0.11694	0.12940	0.12854	0.13897	0.15130	0.10291	-0.16843	-0.05692	0.08124
24210	-0.14634	-0.17983	-0.72835	0.07535	0.14372	0.10211	0.64121	0.34204	0.19021	0.11991	0.13151	0.13046	0.13943	0.14950	0.10039	-0.17000	-0.05916	0.07768
24380	-0.14989	-0.18164	-0.73011	0.07230	0.14055	0.09974	0.64826	0.34021	0.18670	0.11757	0.13014	0.12811	0.13989	0.15032	0.10477	-0.16881	-0.05725	0.08083
24540	-0.14883	-0.17594	-0.72813	0.07595	0.14329	0.10223	0.65194	0.34099	0.18721	0.11896	0.13137	0.12917	0.14113	0.15285	0.10504	-0.16973	-0.05567	0.08110	26.88	6.0	0.00	7.31	0.01284	0.01310	0.01673	0.00813	0.00605	0.00663	0.00474	0.01282	0.01704	0.00705	0.00727	0.00925	0.01508	0.01109	0.01210	0.00228	0.00646	0.00905
24710	-0.14788	-0.17839	-0.72805	0.07707	0.14396	0.10307	0.64902	0.34345	0.19293	0.12042	0.13295	0.13073	0.14298	0.15263	0.10309	-0.17061	-0.05817	0.07956
24870	-0.14952	-0.17682	-0.72744	0.07467	0.14303	0.10387	0.64564	0.34684	0.19337	0.12094	0.13377	0.13099	0.14259	0.15130	0.10439	-0.16770	-0.05751	0.07997
25040	-0.14603	-0.17908	-0.72981	0.07573	0.14304	0.10215	0.64521	0.34359	0.18956	0.11936	0.13304	0.12961	0.14352	0.15246	0.10673	-0.16672	-0.05491	0.08198
25200	-0.14605	-0.17667	-0.72718	0.07729	0.14370	0.10273	0.65117	0.34348	0.19089	0.11963	0.13392	0.13123	0.14309	0.15059	0.10518	-0.16777	-0.05800	0.07863
25370	-0.14676	-0.17791	-0.72666	0.07773	0.14594	0.10495	0.64475	0.34614	0.19400	0.12245	0.13429	0.13223	0.14383	0.15608	0.10532	-0.16605	-0.05588	0.08098
25530	-0.14741	-0.17959	-0.72806	0.07569	0.14289	0.10110	0.63592	0.34250	0.19125	0.11832	0.13179	0.12977	0.14260	0.15305	0.10294	-0.16854	-0.05641	0.08072
25690	-0.14812	-0.17636	-0.72943	0.07624	0.14337	0.10235	0.64765	0.34104	0.18709	0.12003	0.13349	0.13010	0.14325	0.15023	0.10472	-0.16903	-0.05737	0.07986
25860	-0.14921	-0.17878	-0.73084	0.07452	0.14063	0.10007	0.64685	0.34252	0.18630	0.11710	0.12993	0.12821	0.14229	0.15391	0.10541	-0.16630	-0.05328	0.08423
26020	-0.14506	-0.17564	-0.72872	0.07886	0.14551	0.10429	0.65223	0.34597	0.19266	0.12118	0.13292	0.13187	0.14269	0.15471	0.10156	-0.16910	-0.05704	0.07992
26190	-0.14480	-0.17542	-0.72537	0.07787	0.14564	0.10520	0.64921	0.34634	0.19321	0.12176	0.13490	0.13283	0.14506	0.15345	0.10763	-0.16811	-0.05555	0.08133	26.88	6.2	0.00	6.49	0.01284	0.01310	0.01673	0.00813	0.00605	0.00663	0.00474	0.01282	0.01704	0.00705	0.00727	0.00925	0.01508	0.01109	0.01210	0.00228	0.00646	0.00905
26350	-0.14626	-0.17804	-0.72824	0.07598	0.14321	0.10123	0.64612	0.34442	0.19052	0.11994	0.13151	0.13036	0.14429	0.15316	0.10566	-0.16955	-0.05641	0.08002
26510	-0.14721	-0.17832	-0.72918	0.07489	0.14193	0.10073	0.64296	0.34189	0.18976	0.11871	0.13078	0.12962	0.14003	0.15165	0.10142	-0.17091	-0.05849	0.07784
26680	-0.14860	-0.18058	-0.72891	0.07352	0.14057	0.09923	0.64281	0.34025	0.18895	0.11668	0.12893	0.12780	0.14323	0.15160	0.10387	-0.17176	-0.05655	0.08012
26840	-0.14769	-0.17792	-0.72773	0.07579	0.14279	0.10196	0.65056	0.34243	0.18854	0.11903	0.13182	0.12954	0.13905	0.15023	0.10234	-0.17158	-0.05780	0.07852
27010	-0.14977	-0.17863	-0.73099	0.07356	0.14076	0.09932	0.63949	0.34100	0.18779	0.11687	0.13024	0.12770	0.14456	0.15604	0.10704	-0.16636	-0.05257	0.08317
27170	-0.14459	-0.17789	-0.72751	0.07766	0.14459	0.10322	0.64566	0.34387	0.19334	0.12041	0.13344	0.13116	0.14474	0.15278	0.10524	-0.16951	-0.05695	0.08000
27340	-0.14497	-0.17514	-0.72629	0.07779	0.14615	0.10578	0.65049	0.34789	0.19483	0.12264	0.13529	0.13258	0.14523	0.15477	0.10641	-0.16776	-0.05393	0.08225
27500	-0.14770	-0.17436	-0.72859	0.07668	0.14363	0.10287	0.64754	0.34216	0.19031	0.12068	0.13215	0.13078	0.14072	0.15319	0.10199	-0.16993	-0.05803	0.07883
27660	-0.14741	-0.18097	-0.72842	0.07436	0.14096	0.10005	0.64115	0.34251	0.18931	0.11770	0.13114	0.12933	0.13865	0.15096	0.10041	-0.17351	-0.05994	0.07669
27830	-0.15219	-0.17939	-0.72555	0.07319	0.14339	0.10358	0.65635	0.34714	0.19216	0.12158	0.13440	0.13273	0.14574	0.15567	0.10768	-0.16742	-0.05435	0.08170	26.88	6.2	0.00	7.38	0.01284	0.01310	0.01673	0.00813	0.00605	0.00663	0.00474	0.01282	0.01704	0.00705	0.00726	0.00925	0.01508	0.01109	0.01210	0.00228	0.00646	0.00905
27990	-0.14621	-0.17754	-0.72970	0.07618	0.14304	0.10221	0.64958	0.34202	0.19166	0.11883	0.13124	0.13012	0.14195	0.15359	0.10572	-0.16921	-0.05601	0.08112
28150	-0.14700	-0.17845	-0.72939	0.07619	0.14355	0.10240	0.64741	0.34391	0.19013	0.11856	0.13026	0.12939	0.14212	0.15126	0.10152	-0.17148	-0.05854	0.07796
28320	-0.14945	-0.17749	-0.72788	0.07362	0.14139	0.09947	0.64126	0.33840	0.18846	0.11708	0.12925	0.12822	0.14014	0.15372	0.10513	-0.17012	-0.05499	0.08162
28480	-0.14592	-0.17666	-0.72809	0.07750	0.14425	0.10286	0.65009	0.34470	0.19099	0.11944	0.13163	0.13020	0.14198	0.15478	0.10528	-0.17180	-0.05809	0.07909
28650	-0.14690	-0.17823	-0.72819	0.07584	0.14348	0.10187	0.63605	0.34515	0.19184	0.11956	0.13157	0.13050	0.14169	0.15314	0.10478	-0.16938	-0.05826	0.07895
28810	-0.14912	-0.17854	-0.72739	0.07490	0.14199	0.10167	0.64324	0.34034	0.18775	0.11818	0.13136	0.12899	0.14110	0.15061	0.10356	-0.17352	-0.06013	0.07719
28970	-0.14943	-0.17969	-0.72790	0.07588	0.14412	0.10327	0.65171	0.34484	0.19007	0.12042	0.13333	0.13099	0.14335	0.15328	0.10479	-0.17057	-0.05752	0.07960
29140	-0.14606	-0.17844	-0.73036	0.07470	0.14165	0.10137	0.64312	0.34438	0.18781	0.11838	0.13097	0.12911	0.14014	0.15395	0.10321	-0.17359	-0.06005	0.07710
29300	-0.14418	-0.17527	-0.72458	0.07798	0.14626	0.10566	0.65084	0.34931	0.19414	0.12245	0.13444	0.13309	0.14509	0.15477	0.10635	-0.16700	-0.05360	0.08245
29460	-0.14770	-0.17598	-0.72784	0.07661	0.14510	0.10360	0.64049	0.34164	0.19042	0.11913	0.13204	0.13089	0.14227	0.15471	0.10430	-0.17064	-0.05670	0.07979	26.88	6.1	0.00	7.36	0.01284	0.01310	0.01673	0.00813	0.00605	0.00663	0.00474	0.01282	0.01704	0.00705	0.00726	0.00925	0.01508	0.01109	0.01210	0.00228	0.00646	0.00904
29630	-0.14889	-0.17827	-0.72913	0.07534	0.14242	0.10176	0.64850	0.34319	0.19081	0.11812	0.13055	0.12983	0.14165	0.15285	0.10244	-0.17470	-0.05977	0.07665
29790	-0.15122	-0.17772	-0.73077	0.07254	0.14080	0.10024	0.64179	0.34054	0.18624	0.11677	0.13036	0.12837	0.13788	0.14911	0.10371	-0.17421	-0.06303	0.07427
29950	-0.14904	-0.17520	-0.72573	0.07671	0.14594	0.10545	0.65253	0.34414	0.19358	0.12170	0.13361	0.13281	0.14607	0.15690	0.10416	-0.16850	-0.05566	0.08149
30120	-0.14437	-0.17800	-0.72807	0.07575	0.14360	0.10247	0.64225	0.34262	0.18855	0.11883	0.13194	0.13004	0.14294	0.15140	0.10210	-0.16878	-0.05712	0.07972
30280	-0.15068	-0.17807	-0.72800	0.07446	0.14229	0.10205	0.63827	0.33853	0.18782	0.11801	0.13038	0.12970	0.14043	0.15146	0.10242	-0.17330	-0.06036	0.07735
30450	-0.14922	-0.17804	-0.73108	0.07297	0.14073	0.10024	0.63926	0.33870	0.18788	0.11701	0.12991	0.12874	0.14157	0.15249	0.10418	-0.17242	-0.05887	0.07984
30610	-0.14641	-0.17837	-0.72705	0.07555	0.14340	0.10317	0.64032	0.34427	0.19090	0.11900	0.13251	0.13068	0.14182	0.15225	0.10533	-0.17060	-0.05857	0.07821
30770	-0.14826	-0.17833	-0.73029	0.07336	0.14017	0.10044	0.63952	0.34084	0.18640	0.11608	0.12959	0.12835	0.14237	0.15320	0.10607	-0.16965	-0.05547	0.08089
30940	-0.14757	-0.17815	-0.72891	0.07641	0.14322	0.10307	0.63856	0.34408	0.19052	0.11927	0.13297	0.13125	0.14416	0.15451	0.10780	-0.16604	-0.05407	0.08313
31100	-0.14348	-0.17340	-0.72535	0.07883	0.14638	0.10626	0.65072	0.34634	0.19390	0.12180	0.13568	0.13343	0.14506	0.15515	0.10689	-0.17081	-0.05540	0.08166	26.88	6.2	0.00	7.37	0.01284	0.01310	0.01672	0.00813	0.00605	0.00663	0.00474	0.01282	0.01704	0.00705	0.00726	0.00925	0.01508	0.01109	0.01210	0.00228	0.00646	0.00904
31260	-0.14831	-0.17742	-0.72715	0.07747	0.14386	0.10430	0.65130	0.34307	0.19203	0.12004	0.13458	0.13177	0.14250	0.15316	0.10404	-0.17081	-0.05650	0.08003
31430	-0.15025	-0.17896	-0.73075	0.07395	0.14192	0.10029	0.64577	0.34283	0.19102	0.11843	0.13038	0.12928	0.14084	0.15078	0.10223	-0.17418	-0.06110	0.07604
31590	-0.15086	-0.17994	-0.72929	0.07295	0.14105	0.10065	0.64319	0.34420	0.19037	0.11873	0.13230	0.13014	0.14107	0.15243	0.10443	-0.17348	-0.05859	0.07845
31760	-0.14821	-0.17759	-0.72797	0.07430	0.14250	0.10060	0.64799	0.34113	0.19002	0.11921	0.13299	0.13021	0.13880	0.15149	0.10440	-0.17306	-0.06000	0.07728
31920	-0.14922	-0.18002	-0.72826	0.07426	0.14310	0.10246	0.64623	0.34513	0.19316	0.12084	0.13369	0.13227	0.14460	0.15281	0.10734	-0.17001	-0.05640	0.08031
32080	-0.14923	-0.17921	-0.72936	0.07409	0.14253	0.10112	0.64196	0.34352	0.19049	0.11859	0.13263	0.13031	0.14288	0.15211	0.10519	-0.17067	-0.05737	0.07972
32250	-0.14880	-0.17763	-0.72752	0.07476	0.14312	0.10194	0.65132	0.34482	0.18994	0.11863	0.13204	0.13072	0.14286	0.15366	0.10300	-0.17264	-0.05848	0.07864
32410	-0.14898	-0.17915	-0.72937	0.07309	0.14103	0.09941	0.64664	0.34025	0.18767	0.11806	0.13078	0.12897	0.14295	0.15536	0.10637	-0.16980	-0.05555	0.08181
32580	-0.14587	-0.17720	-0.72790	0.07734	0.14357	0.10266	0.64246	0.34371	0.19197	0.12050	0.13316	0.13151	0.14275	0.15290	0.10507	-0.17260	-0.05827	0.07851
32740	-0.14684	-0.17669	-0.72649	0.07772	0.14520	0.10501	0.65005	0.34596	0.19273	0.12126	0.13402	0.13195	0.14647	0.15324	0.10570	-0.16850	-0.05765	0.08064	26.88	6.2	0.00	7.33	0.01284	0.01310	0.01672	0.00813	0.00605	0.00663	0.00474	0.01282	0.01704	0.00705	0.00726	0.00925	0.01508	0.01109	0.01210	0.00228	0.00646	0.00904
32900	-0.15032	-0.17667	-0.72842	0.07524	0.14209	0.10196	0.64315	0.34199	0.18838	0.11815	0.13113	0.12937	0.14066	0.15193	0.10572	-0.16951	-0.05572	0.08150
33070	-0.14707	-0.17890	-0.72877	0.07612	0.14394	0.10223	0.64385	0.34079	0.19092	0.11937	0.13256	0.13105	0.14102	0.15411	0.10142	-0.17067	-0.05877	0.07870
33230	-0.14656	-0.17806	-0.72691	0.07534	0.14316	0.10333	0.64426	0.34417	0.19336	0.11986	0.13364	0.13085	0.14232	0.15164	0.10480	-0.16920	-0.05926	0.07882
33400	-0.14870	-0.17838	-0.72715	0.07546	0.14272	0.10201	0.64988	0.34236	0.19052	0.11993	0.13239	0.13122	0.14389	0.15178	0.10290	-0.17071	-0.05967	0.07768
33560	-0.14718	-0.17587	-0.72706	0.07843	0.14505	0.10569	0.65107	0.34456	0.19323	0.12191	0.13470	0.13294	0.14317	0.15772	0.10571	-0.16783	-0.05498	0.08163
33720	-0.14650	-0.17873	-0.72841	0.07653	0.14267	0.10218	0.64016	0.34206	0.19040	0.11838	0.13236	0.13089	0.14346	0.15360	0.10692	-0.17057	-0.05621	0.08072
33890	-0.14968	-0.17768	-0.72857	0.07514	0.14251	0.10162	0.64839	0.34030	0.19123	0.11907	0.13195	0.13108	0.14081	0.15048	0.10461	-0.17197	-0.05913	0.07866
34050	-0.15167	-0.17910	-0.73013	0.07267	0.14130	0.10058	0.64597	0.33811	0.18858	0.11813	0.13036	0.12875	0.14318	0.15550	0.10446	-0.16927	-0.05658	0.08163
34220	-0.14689	-0.17800	-0.72795	0.07601	0.14281	0.10236	0.65022	0.34142	0.19169	0.11922	0.13226	0.13133	0.14326	0.15439	0.10353	-0.16745	-0.05642	0.08165
34380	-0.14723	-0.17874	-0.72779	0.07762	0.14487	0.10348	0.64778	0.34595	0.19235	0.12051	0.13315	0.13083	0.14394	0.15372	0.10597	-0.17129	-0.05750	0.08009	26.94	6.2	0.00	7.32	0.01284	0.01310	0.01672	0.00813	0.00605	0.00663	0.00474	0.01282	0.01704	0.00705	0.00726	0.00924	0.01508	0.01109	0.01210	0.00228	0.00646	0.00904
34540	-0.14934	-0.17721	-0.72573	0.07569	0.14281	0.10167	0.65123	0.34216	0.19114	0.11915	0.13214	0.13110	0.14286	0.15549	0.10515	-0.17132	-0.05855	0.07964
34710	-0.14751	-0.17760	-0.73065	0.07474	0.14211	0.10132	0.64937	0.34314	0.19070	0.11898	0.13256	0.12984	0.14083	0.15282	0.10079	-0.17129	-0.05988	0.07806
34870	-0.14798	-0.17987	-0.72775	0.07391	0.14381	0.10256	0.64302	0.34449	0.19181	0.11989	0.13385	0.13182	0.14354	0.15391	0.10383	-0.16946	-0.05700	0.08003
35040	-0.14879	-0.17620	-0.72955	0.07446	0.14279	0.10126	0.64312	0.33937	0.19009	0.11775	0.13105	0.12931	0.14273	0.15238	0.10595	-0.17150	-0.05768	0.07975
35200	-0.14782	-0.17802	-0.72966	0.07562	0.14259	0.10179	0.65326	0.34484	0.19138	0.11915	0.13174	0.12965	0.14162	0.15359	0.10334	-0.17188	-0.05856	0.07918
35370	-0.14729	-0.18014	-0.72874	0.07406	0.14044	0.09824	0.64092	0.34149	0.18802	0.11664	0.13030	0.12787	0.14453	0.15520	0.10647	-0.16897	-0.05520	0.08316
35530	-0.14510	-0.17548	-0.72826	0.07785	0.14493	0.10236	0.64594	0.34583	0.19065	0.12001	0.13265	0.13086	0.14306	0.15280	0.10341	-0.17192	-0.05879	0.07873
35690	-0.14557	-0.17538	-0.72844	0.07676	0.14426	0.10332	0.65096	0.34652	0.19171	0.12031	0.13364	0.13131	0.14233	0.15625	0.10508	-0.17072	-0.05684	0.08054
35860	-0.14742	-0.17848	-0.72863	0.07560	0.14272	0.10068	0.64334	0.34136	0.18956	0.11784	0.13076	0.12909	0.14375	0.15491	0.10422	-0.17065	-0.05625	0.08092
36020	-0.14724	-0.17760	-0.72726	0.07546	0.14427	0.10238	0.63257	0.34431	0.18959	0.11897	0.13178	0.12973	0.14201	0.15385	0.10204	-0.17341	-0.05887	0.07857	26.88	6.1	0.00	7.41	0.01284	0.01310	0.01672	0.00813	0.00605	0.00663	0.00474	0.01282	0.01704	0.00705	0.00726	0.00924	0.01508	0.01109	0.01210	0.00228	0.00646	0.00904
36190	-0.14853	-0.18032	-0.72655	0.07580	0.14419	0.10268	0.64376	0.34129	0.19059	0.11900	0.13324	0.12971	0.14298	0.15303	0.10573	-0.17323	-0.05887	0.07940
36350	-0.14973	-0.17836	-0.72696	0.07464	0.14332	0.10180	0.64518	0.34372	0.19119	0.11821	0.13136	0.12971	0.14053	0.15243	0.10152	-0.17372	-0.05957	0.07875
36510	-0.14768	-0.17635	-0.72788	0.07686	0.14562	0.10400	0.64219	0.34589	0.19177	0.12074	0.13290	0.13163	0.14546	0.15594	0.10637	-0.16931	-0.05546	0.08208
36680	-0.14820	-0.17849	-0.72975	0.07530	0.14297	0.10141	0.65071	0.34165	0.18815	0.11789	0.13055	0.12841	0.14272	0.15205	0.10577	-0.17092	-0.05730	0.08092
36840	-0.14870	-0.17732	-0.72809	0.07624	0.14432	0.10192	0.64926	0.34145	0.19008	0.11866	0.13103	0.12971	0.14079	0.15425	0.10363	-0.17187	-0.05831	0.07855
37010	-0.14864	-0.17741	-0.72817	0.07603	0.14519	0.10300	0.64448	0.34287	0.19122	0.11903	0.13175	0.13016	0.14228	0.15340	0.10216	-0.17299	-0.05868	0.07995
37170	-0.14617	-0.17672	-0.72911	0.07621	0.14445	0.10256	0.64354	0.34295	0.19080	0.11925	0.13221	0.13008	0.14183	0.15127	0.10149	-0.17165	-0.05891	0.07914
37340	-0.14605	-0.17424	-0.72642	0.07830	0.14730	0.10579	0.64405	0.34513	0.19288	0.12150	0.13413	0.13227	0.14482	0.15907	0.10482	-0.16888	-0.05433	0.08278
37500	-0.14733	-0.17586	-0.72907	0.07668	0.14432	0.10304	0.64299	0.34251	0.19010	0.11851	0.13193	0.12954	0.14038	0.15334	0.10352	-0.17351	-0.05884	0.07976
37660	-0.14836	-0.17949	-0.72746	0.07458	0.14236	0.10223	0.63936	0.34117	0.18880	0.11749	0.13184	0.12952	0.14002	0.15188	0.10309	-0.17390	-0.05952	0.07785	26.88	6.3	0.00	7.38	0.01284	0.01310	0.01672	0.00813	0.00605	0.00663	0.00474	0.01282	0.01704	0.00705	0.00726	0.00924	0.01508	0.01109	0.01210	0.00228	0.00646	0.00904
37830	-0.15126	-0.17757	-0.72704	0.07217	0.14371	0.10397	0.65087	0.34575	0.19367	0.12071	0.13343	0.13231	0.14227	0.15488	0.10712	-0.16945	-0.05490	0.08221
37990	-0.14798	-0.17884	-0.72801	0.07472	0.14310	0.10149	0.64358	0.34025	0.18895	0.11804	0.13134	0.12955	0.14057	0.15167	0.10051	-0.17660	-0.05943	0.07836
38150	-0.14992	-0.18031	-0.72749	0.07273	0.14466	0.10476	0.64278	0.34578	0.19320	0.12177	0.13531	0.13284	0.14505	0.15490	0.10457	-0.16917	-0.05519	0.08267
38320	-0.14707	-0.17715	-0.72841	0.07575	0.14495	0.10218	0.64764	0.34342	0.18963	0.11933	0.13277	0.13009	0.14125	0.15366	0.10610	-0.17355	-0.05716	0.08119
38480	-0.14799	-0.17816	-0.72982	0.07493	0.14299	0.10202	0.64184	0.34389	0.18976	0.11834	0.13160	0.13018	0.14182	0.15177	0.10228	-0.17468	-0.05873	0.07817
38640	-0.15083	-0.17869	-0.73040	0.07196	0.14090	0.10003	0.64305	0.34006	0.18799	0.11673	0.12990	0.12894	0.13885	0.15003	0.10142	-0.17709	-0.06192	0.07653
38810	-0.14746	-0.17744	-0.72604	0.07679	0.14669	0.10554	0.65044	0.34695	0.19352	0.12192	0.13558	0.13337	0.14645	0.15874	0.10436	-0.16875	-0.05445	0.08353
38970	-0.14538	-0.17880	-0.72724	0.07638	0.14490	0.10274	0.64616	0.34353	0.18934	0.11869	0.13258	0.13079	0.14238	0.15521	0.10475	-0.17173	-0.05672	0.08052
39130	-0.14992	-0.17789	-0.72739	0.07473	0.14371	0.10167	0.64271	0.34222	0.18916	0.11829	0.13160	0.12971	0.13971	0.15149	0.10482	-0.17429	-0.05836	0.07876
39300	-0.15028	-0.17915	-0.73211	0.07197	0.14228	0.10050	0.63981	0.33646	0.18713	0.11723	0.12939	0.12812	0.14050	0.15339	0.10201	-0.17012	-0.05617	0.08139	26.88	6.1	0.00	7.46	0.01284	0.01310	0.01672	0.00813	0.00605	0.00663	0.00474	0.01282	0.01704	0.00705	0.00726	0.00924	0.01508	0.01109	0.01210	0.00228	0.00646	0.00904
39460	-0.14851	-0.17706	-0.72724	0.07545	0.14491	0.10236	0.64244	0.34405	0.19085	0.11945	0.13296	0.13048	0.14184	0.15241	0.10257	-0.17043	-0.05882	0.07977
39630	-0.14830	-0.17739	-0.72756	0.07521	0.14493	0.10250	0.64509	0.34472	0.19072	0.11952	0.13212	0.13050	0.14197	0.15224	0.10193	-0.17029	-0.05710	0.07982
39790	-0.14817	-0.17759	-0.72843	0.07455	0.14398	0.10351	0.65707	0.34235	0.18957	0.11979	0.13249	0.13034	0.14127	0.15295	0.10066	-0.17173	-0.05878	0.07878
39950	-0.14562	-0.17692	-0.72803	0.07710	0.14689	0.10582	0.64833	0.34801	0.19546	0.12172	0.13434	0.13272	0.14539	0.15494	0.10332	-0.16703	-0.05609	0.08154
40120	-0.14754	-0.17651	-0.72980	0.07528	0.14457	0.10195	0.64061	0.34236	0.18931	0.11883	0.13235	0.13004	0.14204	0.15509	0.10365	-0.16952	-0.05676	0.08064
40280	-0.14750	-0.17769	-0.72892	0.07464	0.14393	0.10254	0.64804	0.34236	0.18959	0.11920	0.13210	0.12990	0.14104	0.15290	0.10331	-0.17190	-0.05905	0.07827
40450	-0.14953	-0.18029	-0.73084	0.07203	0.14176	0.09953	0.64254	0.33892	0.18766	0.11659	0.12901	0.12736	0.14404	0.15629	0.10534	-0.16945	-0.05451	0.08332
40610	-0.14733	-0.17659	-0.72680	0.07668	0.14601	0.10375	0.64239	0.34303	0.19063	0.11963	0.13298	0.13052	0.14299	0.15233	0.10345	-0.16948	-0.05788	0.07982
40780	-0.14718	-0.17586	-0.72650	0.07733	0.14714	0.10583	0.64657	0.34643	0.19165	0.12197	0.13379	0.13225	0.14251	0.15403	0.10463	-0.16692	-0.05601	0.08186
40940	-0.14747	-0.17680	-0.72944	0.07520	0.14444	0.10102	0.64799	0.34126	0.19010	0.11804	0.13180	0.12939	0.14131	0.15364	0.10190	-0.17330	-0.05893	0.07882	26.94	6.1	0.00	7.49	0.01284	0.01310	0.01672	0.00813	0.00605	0.00663	0.00474	0.01282	0.01704	0.00705	0.00726	0.00924	0.01508	0.01109	0.01210	0.00228	0.00646	0.00904
41100	-0.14717	-0.17961	-0.72690	0.07495	0.14393	0.10151	0.64564	0.34428	0.18958	0.11772	0.13098	0.12940	0.14067	0.14836	0.10177	-0.17359	-0.06065	0.07786
41270	-0.15113	-0.17787	-0.72769	0.07296	0.14485	0.10491	0.66219	0.34761	0.19378	0.12096	0.13374	0.13190	0.14430	0.15500	0.10430	-0.16808	-0.05433	0.08262
41430	-0.14651	-0.17617	-0.72732	0.07555	0.14407	0.10251	0.65231	0.34243	0.18953	0.11880	0.13043	0.12992	0.14300	0.15444	0.10595	-0.16819	-0.05592	0.08124
41590	-0.14590	-0.17801	-0.72899	0.07663	0.14459	0.10276	0.64340	0.34901	0.19097	0.11857	0.13184	0.13052	0.14522	0.15249	0.10363	-0.17225	-0.05792	0.07939
41760	-0.15007	-0.17835	-0.73003	0.07382	0.14198	0.10008	0.64308	0.34020	0.18597	0.11638	0.13011	0.12788	0.14338	0.15346	0.10563	-0.17120	-0.05542	0.08200
41920	-0.14759	-0.17666	-0.72956	0.07673	0.14486	0.10277	0.65004	0.34264	0.19129	0.11926	0.13202	0.13081	0.14163	0.15557	0.10215	-0.17082	-0.05767	0.07956
42090	-0.14633	-0.17823	-0.72753	0.07566	0.14482	0.10280	0.64094	0.34470	0.19035	0.11966	0.13173	0.13019	0.14050	0.15224	0.10262	-0.17025	-0.05851	0.07912
42250	-0.14976	-0.17721	-0.72941	0.07431	0.14370	0.10237	0.64813	0.34356	0.19057	0.11828	0.13237	0.12963	0.14050	0.15291	0.10107	-0.17411	-0.05970	0.07817
42410	-0.14729	-0.17882	-0.72839	0.07574	0.14495	0.10324	0.64424	0.34416	0.19275	0.11927	0.13357	0.13034	0.14329	0.15385	0.10309	-0.17236	-0.05738	0.07946
42580	-0.14756	-0.17979	-0.72912	0.07459	0.14338	0.10221	0.64588	0.34350	0.18974	0.11766	0.13090	0.12901	0.14158	0.15272	0.10081	-0.17297	-0.05899	0.07833	26.94	6.0	0.00	7.39	0.01284	0.01310	0.01672	0.00813	0.00605	0.00663	0.00474	0.01282	0.01704	0.00705	0.00726	0.00924	0.01507	0.01109	0.01209	0.00228	0.00646	0.00904
42740	-0.14700	-0.17517	-0.72579	0.07687	0.14600	0.10482	0.64767	0.34815	0.19347	0.12042	0.13382	0.13137	0.14416	0.15441	0.10334	-0.16870	-0.05519	0.08166
42900	-0.14727	-0.17861	-0.72956	0.07551	0.14370	0.10149	0.64943	0.34198	0.18959	0.11706	0.13057	0.12825	0.14469	0.15565	0.10322	-0.17115	-0.05662	0.07975
43070	-0.14933	-0.17881	-0.73028	0.07528	0.14259	0.10144	0.63717	0.34090	0.18798	0.11699	0.12961	0.12796	0.14177	0.15216	0.10216	-0.17076	-0.05932	0.07824
43230	-0.14894	-0.17976	-0.73000	0.07350	0.14143	0.09994	0.65382	0.33990	0.18908	0.11667	0.13027	0.12786	0.14131	0.15448	0.10315	-0.17048	-0.05678	0.08012
43400	-0.14690	-0.17861	-0.72918	0.07463	0.14294	0.10132	0.64598	0.34382	0.19049	0.11741	0.13056	0.12895	0.14295	0.15229	0.10206	-0.16877	-0.05753	0.07942
43560	-0.14797	-0.17988	-0.72967	0.07356	0.14025	0.09943	0.63871	0.34048	0.18844	0.11563	0.12953	0.12768	0.14489	0.15369	0.10415	-0.16957	-0.05538	0.08217
43720	-0.14585	-0.17563	-0.72680	0.07723	0.14361	0.10294	0.65170	0.34282	0.19072	0.11876	0.13269	0.12945	0.14351	0.15257	0.10397	-0.17080	-0.05737	0.07881
43890	-0.14724	-0.17314	-0.72728	0.07830	0.14652	0.10454	0.65073	0.34839	0.19481	0.12093	0.13445	0.13176	0.14476	0.15496	0.10618	-0.16824	-0.05562	0.08157
44050	-0.14830	-0.17823	-0.73081	0.07606	0.14320	0.10207	0.64088	0.34229	0.19089	0.11783	0.13127	0.12922	0.14281	0.15371	0.10491	-0.16964	-0.05572	0.08111
44220	-0.14988	-0.17839	-0.72877	0.07533	0.14319	0.10207	0.64427	0.34302	0.18901	0.11834	0.12987	0.12830	0.13953	0.15094	0.10213	-0.17244	-0.05759	0.07992	26.94	6.1	0.00	7.37	0.01284	0.01310	0.01672	0.00813	0.00605	0.00663	0.00474	0.01282	0.01704	0.00705	0.00726	0.00924	0.01507	0.01109	0.01209	0.00228	0.00646	0.00904
44380	-0.14966	-0.17917	-0.73019	0.07503	0.14375	0.10182	0.64641	0.34398	0.19016	0.11699	0.12953	0.12933	0.13972	0.15118	0.10063	-0.17265	-0.05822	0.07895
44540	-0.14750	-0.17900	-0.73034	0.07439	0.14201	0.10116	0.64890	0.33984	0.18898	0.11679	0.12918	0.12818	0.14260	0.15386	0.10374	-0.16992	-0.05531	0.08229
44710	-0.14778	-0.17711	-0.72655	0.07808	0.14555	0.10344	0.64699	0.34602	0.19131	0.11840	0.13173	0.12990	0.14471	0.15201	0.10139	-0.16957	-0.05686	0.08023
44870	-0.14906	-0.17548	-0.72683	0.07481	0.14373	0.10214	0.64342	0.34358	0.18964	0.11764	0.13005	0.12938	0.14048	0.15189	0.10273	-0.17308	-0.05746	0.08023
45040	-0.14799	-0.17689	-0.72867	0.07535	0.14443	0.10258	0.64415	0.34049	0.18918	0.11823	0.12974	0.12847	0.13928	0.15300	0.10151	-0.17262	-0.06059	0.07831
45200	-0.15062	-0.17964	-0.72815	0.07399	0.14512	0.10494	0.64523	0.34576	0.19277	0.12058	0.13360	0.13126	0.14470	0.15682	0.10288	-0.16736	-0.05573	0.08176
45360	-0.14609	-0.17806	-0.72785	0.07615	0.14301	0.10202	0.64613	0.34326	0.18938	0.11802	0.13158	0.12920	0.14488	0.15235	0.10634	-0.16904	-0.05533	0.08195
45530	-0.14797	-0.17786	-0.72667	0.07753	0.14451	0.10271	0.64784	0.34096	0.18977	0.11870	0.13125	0.12995	0.14328	0.15397	0.10193	-0.16887	-0.05858	0.07958
45690	-0.14972	-0.17987	-0.73039	0.07344	0.14120	0.10043	0.64091	0.34034	0.18873	0.11602	0.12914	0.12719	0.14350	0.15487	0.10587	-0.16873	-0.05303	0.08379
45860	-0.14664	-0.17680	-0.72670	0.07769	0.14552	0.10333	0.64646	0.34590	0.19100	0.11809	0.13255	0.12894	0.14239	0.15334	0.10226	-0.16953	-0.05768	0.07951	26.94	6.0	0.00	7.35	0.01284	0.01310	0.01672	0.00813	0.00605	0.00663	0.00474	0.01282	0.01704	0.00705	0.00726	0.00924	0.01507	0.01109	0.01209	0.00228	0.00646	0.00904
46020	-0.14847	-0.17626	-0.72713	0.07670	0.14644	0.10422	0.65784	0.34513	0.19353	0.11932	0.13326	0.13107	0.14180	0.15509	0.10338	-0.16820	-0.05545	0.08099
46180	-0.14759	-0.17854	-0.72883	0.07478	0.14275	0.10127	0.64055	0.34277	0.18880	0.11629	0.13000	0.12767	0.13965	0.15031	0.10004	-0.17371	-0.06016	0.07698
46350	-0.14828	-0.17636	-0.72727	0.07759	0.14717	0.10507	0.65499	0.34550	0.19269	0.11981	0.13254	0.13151	0.14382	0.15442	0.10352	-0.16760	-0.05474	0.08162
46510	-0.14863	-0.17885	-0.73056	0.07654	0.14426	0.10191	0.64608	0.34009	0.19067	0.11725	0.13032	0.12818	0.14119	0.15133	0.10180	-0.17244	-0.05870	0.07776
46670	-0.14840	-0.17882	-0.72716	0.07695	0.14562	0.10444	0.64827	0.34760	0.19395	0.11962	0.13250	0.13045	0.14217	0.15455	0.10389	-0.16911	-0.05560	0.08077
46840	-0.14897	-0.17601	-0.72980	0.07602	0.14389	0.10094	0.64518	0.34164	0.18850	0.11637	0.12992	0.12826	0.14067	0.15362	0.10192	-0.17258	-0.06036	0.07723
47000	-0.14807	-0.17774	-0.72743	0.07620	0.14448	0.10326	0.64038	0.34380	0.19050	0.11861	0.13246	0.13010	0.14252	0.15374	0.10507	-0.16890	-0.05745	0.07959
47160	-0.14948	-0.17954	-0.72991	0.07483	0.14319	0.10082	0.64422	0.34107	0.18942	0.11706	0.13087	0.12821	0.13914	0.15121	0.10037	-0.17276	-0.05951	0.07666
47330	-0.15177	-0.18152	-0.73226	0.07192	0.14186	0.09876	0.63896	0.33878	0.18718	0.11541	0.12958	0.12617	0.14500	0.15478	0.10398	-0.16859	-0.05422	0.08301
47490	-0.14493	-0.17662	-0.72815	0.07741	0.14497	0.10376	0.63980	0.34374	0.19142	0.11776	0.13170	0.12993	0.13906	0.15264	0.10136	-0.16926	-0.05749	0.07926	27.00	6.0	0.00	7.37	0.01284	0.01310	0.01672	0.00813	0.00605	0.00663	0.00474	0.01282	0.01704	0.00705	0.00726	0.00924	0.01507	0.01109	0.01209	0.00228	0.00646	0.00904
47650	-0.14864	-0.17757	-0.72748	0.07690	0.14427	0.10301	0.65274	0.34308	0.19207	0.11954	0.13238	0.13073	0.14154	0.15190	0.10230	-0.16691	-0.05562	0.08037
47820	-0.14926	-0.18015	-0.73101	0.07598	0.14258	0.10121	0.64555	0.34017	0.18749	0.11604	0.12998	0.12803	0.13942	0.15354	0.10356	-0.16989	-0.05780	0.07943
47980	-0.14957	-0.17883	-0.73147	0.07588	0.14285	0.10239	0.64311	0.34273	0.18938	0.11801	0.13259	0.12877	0.13990	0.15228	0.10116	-0.16842	-0.05870	0.07834
48150	-0.15000	-0.17796	-0.72777	0.07443	0.14380	0.10413	0.64922	0.34614	0.19345	0.12141	0.13464	0.13166	0.14132	0.15351	0.10579	-0.16361	-0.05490	0.08213
48310	-0.14826	-0.17765	-0.72846	0.07679	0.14354	0.10136	0.64774	0.34436	0.18882	0.11772	0.13106	0.12947	0.14251	0.15419	0.10479	-0.16677	-0.05449	0.08194
48470	-0.14672	-0.17742	-0.72839	0.07731	0.14455	0.10304	0.64528	0.34307	0.19225	0.11834	0.13209	0.13001	0.14085	0.15187	0.10427	-0.16747	-0.05761	0.07939
