WetView ver 7.1	07-20-2019	16:52:13
AC9 Absorption and Attenuation Meter
00000311		; Serial number
2	; structure version number
Reserved
0.000000	0.000000		; Depth calibration
19200			; Baud rate
0.100000			; Path length (meters)
23			; number of temperature calibration bins
				12.61517	13.44096	14.46844	15.49904	16.50682	17.50108	18.49752	19.51783	20.49177	21.49009	22.48286	23.50673	24.54012	25.54812	26.49986	27.49321	28.50960	29.48671	30.47471	31.49432	32.50437	33.48679	34.49133	; temperature bins
a650	Blue	18.61587		0.01156	0.01096	0.01010	0.00930	0.00851	0.00774	0.00661	0.00573	0.00499	0.00402	0.00285	0.00203	0.00096	0.00000	-0.00110	-0.00152	-0.00210	-0.00247	-0.00259	-0.00317	-0.00346	-0.00380	-0.00403		; offset and temperature correction info
a676	Green	18.78942		0.00964	0.00899	0.00863	0.00813	0.00730	0.00639	0.00545	0.00448	0.00385	0.00301	0.00233	0.00165	0.00046	0.00000	-0.00106	-0.00167	-0.00251	-0.00280	-0.00316	-0.00329	-0.00377	-0.00392	-0.00441		; offset and temperature correction info
a715	Brown	18.59217		0.01171	0.01109	0.01043	0.00975	0.00878	0.00789	0.00685	0.00572	0.00469	0.00356	0.00255	0.00160	0.00061	0.00000	-0.00063	-0.00113	-0.00152	-0.00183	-0.00226	-0.00293	-0.00364	-0.00404	-0.00473		; offset and temperature correction info
c510	Red	18.18396		-0.00549	-0.00480	-0.00383	-0.00272	-0.00202	-0.00118	-0.00044	-0.00038	-0.00015	-0.00021	0.00013	0.00007	-0.00007	0.00000	-0.00007	-0.00065	-0.00045	-0.00018	0.00007	0.00039	-0.00001	-0.00002	-0.00045		; offset and temperature correction info
c532	Magenta	18.26528		-0.00721	-0.00645	-0.00581	-0.00518	-0.00465	-0.00345	-0.00281	-0.00270	-0.00182	-0.00141	-0.00108	-0.00072	-0.00022	0.00000	0.00044	0.00030	0.00031	-0.00006	-0.00052	-0.00089	-0.00142	-0.00149	-0.00154		; offset and temperature correction info
c555	Black	18.37125		-0.00430	-0.00419	-0.00381	-0.00319	-0.00286	-0.00254	-0.00205	-0.00196	-0.00138	-0.00137	-0.00067	-0.00051	-0.00030	0.00000	0.00067	0.00087	0.00057	0.00027	-0.00015	-0.00089	-0.00127	-0.00137	-0.00150		; offset and temperature correction info
a412	LtBlue	15.33566		-0.06011	-0.05567	-0.05012	-0.04441	-0.03922	-0.03412	-0.02941	-0.02503	-0.02049	-0.01588	-0.01121	-0.00784	-0.00311	0.00000	0.00273	0.00611	0.00757	0.00871	0.01066	0.01299	0.01539	0.01781	0.02175		; offset and temperature correction info
a440	LtGreen	16.05925		-0.01380	-0.01214	-0.01039	-0.00858	-0.00690	-0.00532	-0.00426	-0.00322	-0.00230	-0.00158	-0.00055	0.00006	0.00001	0.00000	0.00017	0.00016	-0.00094	-0.00222	-0.00363	-0.00486	-0.00567	-0.00651	-0.00782		; offset and temperature correction info
a488	Yellow	16.82827		0.00255	0.00293	0.00331	0.00354	0.00373	0.00378	0.00363	0.00350	0.00291	0.00225	0.00215	0.00142	0.00099	0.00000	-0.00092	-0.00169	-0.00295	-0.00396	-0.00479	-0.00542	-0.00582	-0.00604	-0.00663		; offset and temperature correction info
c650	Blue	18.49287		-0.00570	-0.00516	-0.00456	-0.00403	-0.00346	-0.00232	-0.00132	-0.00122	-0.00073	-0.00066	-0.00035	-0.00016	0.00003	0.00000	0.00044	0.00078	0.00108	0.00057	0.00040	-0.00042	-0.00033	-0.00029	-0.00034		; offset and temperature correction info
c676	Green	18.50570		0.00299	0.00293	0.00287	0.00293	0.00278	0.00294	0.00317	0.00251	0.00243	0.00215	0.00139	0.00123	0.00068	0.00000	-0.00041	-0.00106	-0.00205	-0.00268	-0.00325	-0.00413	-0.00495	-0.00610	-0.00674		; offset and temperature correction info
c715	Brown	17.88888		0.00826	0.00812	0.00773	0.00790	0.00766	0.00758	0.00753	0.00650	0.00571	0.00461	0.00359	0.00222	0.00101	0.00000	-0.00146	-0.00284	-0.00385	-0.00448	-0.00463	-0.00513	-0.00623	-0.00715	-0.00838		; offset and temperature correction info
a510	Red	17.18050		0.00353	0.00364	0.00354	0.00361	0.00381	0.00381	0.00356	0.00332	0.00277	0.00229	0.00176	0.00116	0.00036	0.00000	-0.00014	-0.00069	-0.00088	-0.00147	-0.00150	-0.00129	-0.00120	-0.00134	-0.00091		; offset and temperature correction info
a532	Magenta	17.40228		0.00550	0.00548	0.00526	0.00479	0.00464	0.00422	0.00393	0.00328	0.00253	0.00212	0.00136	0.00085	0.00039	0.00000	-0.00059	-0.00146	-0.00188	-0.00262	-0.00330	-0.00393	-0.00491	-0.00540	-0.00605		; offset and temperature correction info
a555	Black	17.72308		0.00849	0.00832	0.00800	0.00760	0.00724	0.00655	0.00580	0.00495	0.00435	0.00347	0.00252	0.00153	0.00049	0.00000	-0.00050	-0.00155	-0.00214	-0.00306	-0.00350	-0.00411	-0.00470	-0.00539	-0.00570		; offset and temperature correction info
c412	LtBlue	16.72802		-0.05949	-0.05458	-0.04744	-0.04134	-0.03547	-0.03064	-0.02511	-0.02047	-0.01574	-0.01163	-0.00761	-0.00442	-0.00204	0.00000	0.00100	0.00051	-0.00043	-0.00239	-0.00475	-0.00629	-0.00827	-0.00955	-0.01337		; offset and temperature correction info
c440	LtGreen	17.42637		-0.02723	-0.02503	-0.02216	-0.01930	-0.01691	-0.01394	-0.01125	-0.00926	-0.00732	-0.00582	-0.00401	-0.00226	-0.00093	0.00000	0.00082	0.00123	0.00133	0.00097	0.00038	-0.00003	-0.00022	-0.00023	-0.00125		; offset and temperature correction info
c488	Yellow	18.03666		-0.00640	-0.00554	-0.00465	-0.00357	-0.00276	-0.00154	-0.00067	-0.00031	-0.00014	-0.00012	0.00046	0.00032	0.00020	0.00000	0.00001	-0.00024	-0.00060	-0.00084	-0.00126	-0.00180	-0.00276	-0.00304	-0.00427		; offset and temperature correction info
0.003500	0.004000	0.015000	0.020000	0.015000	0.020000	2500.000000	2000.000000	1000.000000	; maxANoise	maxCNoise	maxADifference	maxCDifference	minACounts	minCCounts	minRCounts	maxTempSdev	maxDepthSdev
0			; auxilliary capabilities
1			; acquisition binsize
0	0.87277	0.87525	0.75347	5.71484	5.47862	5.24121	4.62580	3.11704	1.93634	4.84616	4.82567	4.70875	1.62210	1.38001	1.18902	8.50195	7.11185	6.00992	33.85	6.0	0.00	-2.04	0.01727	0.01196	0.01513	0.01832	0.01894	0.01481	0.00542	0.01505	0.01997	0.01867	0.01298	0.01653	0.01699	0.01756	0.01372	0.00571	0.01610	0.02152
160	0.87271	0.87510	0.75090	5.71352	5.47905	5.24079	4.63960	3.11790	1.93965	4.84636	4.82648	4.70904	1.62620	1.38279	1.19127	8.50534	7.11240	6.00864
330	0.87288	0.87452	0.74853	5.71133	5.47483	5.23551	4.62562	3.11127	1.93534	4.83904	4.81944	4.70072	1.62569	1.38449	1.19334	8.50745	7.11375	6.00899
490	0.87539	0.87787	0.75084	5.71333	5.47591	5.23486	4.62973	3.11512	1.93455	4.83826	4.81914	4.70090	1.62387	1.38209	1.18983	8.50049	7.10729	6.00284
660	0.87455	0.87832	0.75507	5.71149	5.47581	5.23445	4.63861	3.11778	1.93917	4.83727	4.81985	4.70043	1.62762	1.38465	1.19207	8.49984	7.10818	6.00404
820	0.87323	0.87761	0.75149	5.70666	5.47048	5.22820	4.62901	3.11163	1.93581	4.83025	4.81360	4.69443	1.62632	1.38449	1.19385	8.49815	7.10715	6.00350
980	0.87476	0.87806	0.75131	5.70749	5.46953	5.22893	4.63839	3.11749	1.93865	4.83051	4.81343	4.69447	1.62792	1.38403	1.19093	8.49457	7.10169	5.99702
1150	0.87207	0.87662	0.74767	5.70080	5.46511	5.22425	4.62932	3.11276	1.93503	4.82537	4.80949	4.69008	1.62555	1.38424	1.19089	8.49009	7.09684	5.99195
1310	0.87233	0.87516	0.74730	5.69789	5.46277	5.21986	4.63185	3.11369	1.93606	4.82311	4.80653	4.68783	1.62786	1.38200	1.19345	8.49004	7.09963	5.99588
1480	0.87445	0.87836	0.75061	5.70076	5.46544	5.22308	4.63098	3.11550	1.93834	4.82487	4.80966	4.68908	1.62725	1.38546	1.19166	8.48913	7.10185	5.99769
1640	0.87277	0.87637	0.75058	5.70570	5.46894	5.22629	4.63859	3.11774	1.93563	4.82515	4.81131	4.69097	1.62380	1.38121	1.19181	8.48805	7.09696	5.99434	33.85	6.2	0.00	-2.04	0.01727	0.01196	0.01513	0.01833	0.01894	0.01481	0.00542	0.01504	0.01997	0.01868	0.01298	0.01653	0.01698	0.01756	0.01372	0.00571	0.01610	0.02152
1810	0.87188	0.87572	0.75005	5.70058	5.46503	5.22332	4.63288	3.11425	1.93799	4.82392	4.80897	4.68840	1.62372	1.38159	1.18786	8.48535	7.09684	5.99330
1970	0.87129	0.87460	0.74629	5.69815	5.46204	5.21849	4.62339	3.11110	1.93109	4.82046	4.80518	4.68541	1.62244	1.38098	1.19163	8.48270	7.09480	5.99176
2130	0.87043	0.87482	0.74886	5.69851	5.46319	5.21903	4.62883	3.11441	1.93380	4.82177	4.80857	4.68721	1.62377	1.38035	1.18935	8.48270	7.09241	5.99099
2300	0.87126	0.87594	0.74861	5.69721	5.46207	5.21735	4.62626	3.11364	1.93300	4.81987	4.80617	4.68698	1.62658	1.38436	1.19503	8.48366	7.09619	5.99468
2460	0.87463	0.87906	0.75377	5.70294	5.46758	5.22226	4.63390	3.11706	1.93686	4.82276	4.81001	4.68847	1.62632	1.38375	1.19403	8.48169	7.09484	5.99206
2630	0.87164	0.87521	0.75067	5.70156	5.46744	5.22067	4.63390	3.11786	1.93752	4.82285	4.80917	4.68930	1.62678	1.38177	1.19250	8.48146	7.09281	5.99121
2790	0.87190	0.87594	0.74966	5.69962	5.46303	5.21909	4.62513	3.11467	1.93263	4.82031	4.80493	4.68676	1.62421	1.38134	1.19054	8.48302	7.09118	5.98977
2950	0.86964	0.87187	0.74781	5.69701	5.46213	5.21794	4.63367	3.10985	1.93150	4.81853	4.80532	4.68516	1.62419	1.37955	1.19007	8.48142	7.08991	5.98755
3120	0.87170	0.87521	0.74589	5.69481	5.45900	5.21488	4.62970	3.10889	1.93126	4.81579	4.80302	4.68276	1.62380	1.38331	1.19199	8.48078	7.09191	5.98987
3280	0.87060	0.87444	0.74937	5.69744	5.46166	5.21788	4.62346	3.11044	1.93195	4.81897	4.80510	4.68568	1.62092	1.37869	1.18881	8.48356	7.09064	5.98784	33.85	6.0	0.00	-2.04	0.01726	0.01195	0.01513	0.01833	0.01894	0.01481	0.00541	0.01504	0.01996	0.01868	0.01298	0.01653	0.01698	0.01755	0.01371	0.00571	0.01610	0.02153
3450	0.86981	0.87723	0.74966	5.69633	5.46155	5.21784	4.63128	3.11512	1.93518	4.81983	4.80416	4.68477	1.62369	1.38156	1.19166	8.47981	7.09085	5.98782
3610	0.87051	0.87465	0.74761	5.69212	5.45651	5.21372	4.62115	3.10823	1.92892	4.81612	4.80035	4.68226	1.62315	1.38294	1.18830	8.47903	7.09206	5.98811
3780	0.87095	0.87728	0.75012	5.69279	5.45702	5.21501	4.62330	3.11447	1.93414	4.81807	4.80147	4.68382	1.62200	1.37972	1.18580	8.48068	7.08789	5.98407
3940	0.87183	0.87497	0.75085	5.69153	5.45761	5.21800	4.63162	3.11508	1.93681	4.81883	4.80219	4.68406	1.62508	1.38156	1.18948	8.47908	7.08943	5.98502
4110	0.87043	0.87519	0.74733	5.68877	5.45285	5.21160	4.62550	3.11388	1.93198	4.81441	4.79647	4.67987	1.62280	1.38335	1.18878	8.47953	7.08855	5.98339
4270	0.87228	0.87708	0.74932	5.68766	5.45291	5.21122	4.63521	3.11373	1.93426	4.81373	4.79605	4.67896	1.62368	1.37992	1.18918	8.46834	7.08127	5.97848
4440	0.87323	0.87684	0.75055	5.68722	5.45394	5.21201	4.63132	3.11936	1.93674	4.81474	4.79664	4.67944	1.62518	1.38297	1.19206	8.47249	7.08368	5.97939
4600	0.87367	0.87278	0.74866	5.68469	5.45003	5.20685	4.62905	3.11317	1.93382	4.80996	4.79235	4.67498	1.62144	1.38136	1.19056	8.47478	7.07990	5.97662
4760	0.87200	0.87579	0.74862	5.68238	5.44786	5.20410	4.62470	3.11382	1.93395	4.80657	4.79077	4.67155	1.62415	1.38078	1.19035	8.47099	7.08024	5.97685
4930	0.87326	0.87432	0.74905	5.68639	5.45079	5.20639	4.63641	3.11581	1.93432	4.80773	4.79225	4.67350	1.61980	1.37865	1.18809	8.47424	7.07725	5.97504	33.85	6.0	0.00	-2.04	0.01726	0.01195	0.01513	0.01833	0.01894	0.01481	0.00541	0.01503	0.01996	0.01868	0.01298	0.01654	0.01697	0.01755	0.01371	0.00571	0.01610	0.02153
5090	0.86797	0.87240	0.74929	5.68215	5.44896	5.20482	4.62865	3.11426	1.93407	4.80676	4.79334	4.67386	1.62271	1.37998	1.18816	8.47113	7.07775	5.97474
5260	0.87062	0.87268	0.74746	5.68154	5.44662	5.20142	4.62877	3.11081	1.93235	4.80409	4.78998	4.67102	1.62177	1.38082	1.18890	8.47081	7.07726	5.97568
5420	0.87278	0.87428	0.75103	5.68383	5.44836	5.20321	4.62778	3.11173	1.93322	4.80518	4.79015	4.67118	1.62148	1.37954	1.19011	8.46524	7.07437	5.97110
5590	0.87160	0.87541	0.74956	5.68116	5.44737	5.20212	4.63610	3.11632	1.93385	4.80427	4.78816	4.67090	1.62494	1.38125	1.18950	8.46382	7.07191	5.97045
5750	0.87008	0.87303	0.74769	5.67776	5.44328	5.19802	4.62733	3.10913	1.93203	4.80019	4.78315	4.66623	1.62453	1.38046	1.18893	8.46592	7.07161	5.97048
5920	0.87012	0.87398	0.74917	5.67946	5.44565	5.19999	4.63387	3.11469	1.93595	4.80286	4.78683	4.66847	1.62293	1.38074	1.18868	8.46401	7.07152	5.96995
6080	0.87073	0.87310	0.74837	5.68088	5.44731	5.20180	4.63648	3.11456	1.93556	4.80331	4.78678	4.66892	1.62429	1.38244	1.18869	8.46679	7.07415	5.97155
6250	0.87022	0.87548	0.74685	5.67964	5.44513	5.19821	4.63137	3.11291	1.93459	4.80160	4.78489	4.66731	1.62418	1.38457	1.19230	8.46734	7.07595	5.97488
6410	0.87106	0.87688	0.74895	5.68342	5.44769	5.20224	4.63232	3.11762	1.93643	4.80470	4.78666	4.67011	1.62006	1.37941	1.18824	8.46465	7.07290	5.97184
6580	0.87249	0.87868	0.75140	5.68386	5.44907	5.20473	4.63094	3.11952	1.93645	4.80750	4.78987	4.67221	1.62406	1.38341	1.19188	8.46840	7.07897	5.97612	33.85	6.1	0.00	-2.04	0.01726	0.01195	0.01513	0.01833	0.01894	0.01481	0.00541	0.01503	0.01995	0.01868	0.01298	0.01654	0.01697	0.01755	0.01371	0.00571	0.01610	0.02153
6740	0.87131	0.87618	0.74794	5.68276	5.44612	5.20140	4.63650	3.11362	1.93375	4.80333	4.78568	4.66779	1.62234	1.38079	1.19032	8.46415	7.07333	5.97064
6910	0.87102	0.87467	0.74839	5.67871	5.44424	5.20018	4.64131	3.11524	1.93424	4.80425	4.78523	4.66850	1.62144	1.38088	1.18717	8.46730	7.07571	5.97191
7070	0.87019	0.87479	0.74837	5.67885	5.44446	5.20104	4.63272	3.11620	1.93453	4.80379	4.78586	4.66940	1.62068	1.38035	1.18764	8.46872	7.07562	5.97208
7240	0.87123	0.87502	0.74838	5.67883	5.44622	5.20144	4.63854	3.11583	1.93462	4.80487	4.78628	4.66991	1.62139	1.37890	1.18865	8.46776	7.07571	5.97185
7400	0.86987	0.87238	0.74643	5.67826	5.44481	5.20036	4.63620	3.11570	1.93397	4.80395	4.78577	4.66895	1.62174	1.38052	1.18823	8.47041	7.07758	5.97353
7570	0.87266	0.87464	0.74781	5.68101	5.44725	5.20285	4.63393	3.11797	1.93416	4.80524	4.78684	4.67040	1.62485	1.38539	1.19276	8.47497	7.08350	5.97795
7730	0.87463	0.87867	0.75048	5.68630	5.45138	5.20520	4.62931	3.11886	1.93738	4.80877	4.79041	4.67340	1.62330	1.38312	1.19221	8.47283	7.07951	5.97427
7900	0.87221	0.87665	0.74800	5.68087	5.44628	5.20121	4.62837	3.11874	1.93487	4.80540	4.78683	4.67066	1.62101	1.37999	1.18766	8.46899	7.07425	5.97015
8060	0.87119	0.87650	0.74907	5.68050	5.44820	5.20221	4.63018	3.11826	1.93830	4.80665	4.78774	4.67081	1.62338	1.38241	1.18973	8.46977	7.07583	5.97100
8230	0.87191	0.87643	0.74926	5.68028	5.44576	5.19999	4.62756	3.11372	1.93539	4.80425	4.78603	4.66847	1.62170	1.38128	1.18990	8.46836	7.07770	5.97360	33.85	6.1	0.00	-2.04	0.01726	0.01195	0.01512	0.01833	0.01894	0.01481	0.00541	0.01503	0.01995	0.01868	0.01298	0.01654	0.01697	0.01755	0.01371	0.00571	0.01611	0.02153
8390	0.87272	0.87554	0.74879	5.68382	5.44890	5.20188	4.63096	3.11561	1.93326	4.80723	4.79048	4.67254	1.62104	1.38141	1.18802	8.46763	7.07523	5.97075
8560	0.87158	0.87808	0.75123	5.68578	5.45262	5.20665	4.63709	3.12229	1.94014	4.81112	4.79257	4.67532	1.62445	1.38167	1.19096	8.47151	7.08008	5.97565
8720	0.87114	0.87650	0.74915	5.68432	5.45055	5.20430	4.62903	3.11439	1.93177	4.80865	4.78943	4.67308	1.62292	1.38279	1.19141	8.47334	7.08170	5.97836
8880	0.87283	0.87677	0.74913	5.68807	5.45449	5.20884	4.63365	3.11657	1.93407	4.81259	4.79443	4.67691	1.62297	1.37754	1.18678	8.47078	7.07979	5.97664
9050	0.87152	0.87415	0.74779	5.68810	5.45475	5.20953	4.63100	3.11485	1.93273	4.81512	4.79584	4.67745	1.62221	1.38040	1.18798	8.47466	7.08100	5.97869
9210	0.86870	0.87320	0.74586	5.68688	5.45257	5.20820	4.62487	3.11089	1.93041	4.81331	4.79405	4.67758	1.61763	1.37633	1.18511	8.47082	7.07836	5.97529
9370	0.87115	0.87347	0.74792	5.68805	5.45652	5.21328	4.63187	3.11820	1.93713	4.81853	4.79859	4.68191	1.62382	1.37980	1.18773	8.47704	7.08597	5.98097
9540	0.87075	0.87466	0.74595	5.68903	5.45615	5.20981	4.62839	3.11154	1.93117	4.81685	4.79653	4.68032	1.62192	1.37884	1.18694	8.47827	7.08474	5.98118
9700	0.87023	0.87551	0.74673	5.68999	5.45616	5.21135	4.62158	3.11206	1.93104	4.81722	4.79655	4.68038	1.61893	1.37614	1.18384	8.47758	7.08554	5.98000
9870	0.87352	0.87636	0.74853	5.68526	5.45081	5.20527	4.63677	3.11687	1.93650	4.81174	4.79142	4.67486	1.62823	1.38819	1.19782	8.47729	7.08542	5.98088	33.85	6.1	0.00	-2.04	0.01727	0.01196	0.01513	0.01833	0.01894	0.01481	0.00542	0.01504	0.01997	0.01868	0.01298	0.01653	0.01699	0.01756	0.01372	0.00571	0.01610	0.02152
10030	0.87749	0.87999	0.75255	5.69074	5.45636	5.20978	4.63227	3.12203	1.94095	4.81644	4.79629	4.67945	1.62514	1.38430	1.19265	8.47633	7.08234	5.97794
10190	0.87377	0.87998	0.75061	5.69264	5.46101	5.21222	4.63269	3.12017	1.93782	4.81797	4.79809	4.68129	1.62299	1.38160	1.19151	8.48442	7.08748	5.98160
10360	0.86834	0.87296	0.74406	5.69446	5.46075	5.21085	4.63299	3.11164	1.92971	4.81513	4.79852	4.67977	1.62015	1.37755	1.18495	8.48396	7.08835	5.98243
10520	0.86647	0.87241	0.74546	5.69688	5.46436	5.21492	4.62275	3.10970	1.92959	4.81958	4.80244	4.68424	1.61741	1.37623	1.18349	8.48762	7.09358	5.98723
10690	0.86317	0.87012	0.74136	5.70145	5.47192	5.22227	4.62078	3.10769	1.92850	4.82585	4.80992	4.69104	1.61727	1.36918	1.18129	8.49838	7.10324	5.99760
10850	0.85936	0.86503	0.73625	5.70901	5.47475	5.22814	4.60799	3.09162	1.91105	4.82898	4.81287	4.69439	1.60088	1.35381	1.16258	8.50320	7.11093	6.00644
11010	0.84067	0.84516	0.71721	5.71658	5.48288	5.23657	4.57261	3.05748	1.88078	4.83930	4.82024	4.70419	1.57139	1.33075	1.13881	8.51659	7.11793	6.01265
11170	0.82594	0.83394	0.70924	5.72760	5.49629	5.24925	4.56829	3.05187	1.87759	4.85320	4.83194	4.71505	1.56333	1.32322	1.13377	8.53676	7.13552	6.02783
11340	0.81902	0.82739	0.69982	5.74205	5.50666	5.25371	4.54705	3.03515	1.86236	4.85645	4.83592	4.71804	1.55271	1.31596	1.12524	8.54435	7.14524	6.03663
11510	0.81584	0.82247	0.69787	5.74645	5.51299	5.26088	4.53197	3.02973	1.86029	4.86291	4.84125	4.72346	1.54689	1.31085	1.12340	8.54836	7.14407	6.03492	33.85	5.8	0.00	-2.04	0.01727	0.01196	0.01514	0.01832	0.01894	0.01481	0.00542	0.01505	0.01998	0.01867	0.01298	0.01653	0.01699	0.01757	0.01372	0.00571	0.01610	0.02152
11680	0.82056	0.83135	0.70648	5.75173	5.51664	5.26624	4.55758	3.05141	1.87872	4.86677	4.84608	4.72578	1.56979	1.33371	1.14687	8.54629	7.14489	6.03369
11840	0.83891	0.84829	0.72033	5.74092	5.50209	5.25054	4.57801	3.07161	1.90154	4.85097	4.83088	4.71148	1.59812	1.35873	1.17237	8.52173	7.12871	6.02193
12010	0.85718	0.86507	0.73655	5.72851	5.49291	5.24655	4.61203	3.09976	1.92370	4.84957	4.82963	4.71212	1.61437	1.37504	1.18480	8.51521	7.11926	6.01510
12170	0.87077	0.87678	0.74992	5.72085	5.48480	5.23957	4.63166	3.11804	1.93843	4.84293	4.82290	4.70494	1.62839	1.38778	1.19752	8.50232	7.10955	6.00672
12340	0.87995	0.88075	0.75539	5.71234	5.47906	5.23202	4.63929	3.12282	1.94240	4.83516	4.81657	4.69773	1.62856	1.38310	1.19122	8.49774	7.10575	6.00170
12500	0.87782	0.88058	0.75461	5.71311	5.48170	5.23565	4.63563	3.12763	1.94543	4.83960	4.82082	4.70083	1.63296	1.39058	1.19711	8.49861	7.10710	6.00425
12660	0.87857	0.88178	0.75351	5.71320	5.47880	5.23192	4.63888	3.12221	1.93923	4.83629	4.81775	4.69861	1.62849	1.38689	1.19517	8.49284	7.10286	5.99963
12830	0.87828	0.87784	0.75267	5.70893	5.47668	5.23015	4.63536	3.12110	1.93879	4.83611	4.81808	4.69923	1.63125	1.39329	1.19963	8.50058	7.10860	6.00707
12990	0.88492	0.88458	0.75708	5.71367	5.48142	5.23648	4.64107	3.12548	1.94297	4.84125	4.82265	4.70430	1.63123	1.39027	1.19616	8.50297	7.10691	6.00484
13160	0.87737	0.88227	0.75480	5.71589	5.48348	5.23876	4.63748	3.12416	1.94170	4.84448	4.82458	4.70752	1.62689	1.38720	1.19441	8.50708	7.10924	6.00623	33.85	6.2	0.00	-2.04	0.01727	0.01196	0.01513	0.01833	0.01894	0.01481	0.00542	0.01504	0.01997	0.01868	0.01298	0.01653	0.01698	0.01756	0.01372	0.00571	0.01610	0.02152
13320	0.87871	0.87978	0.75312	5.71408	5.48173	5.23585	4.63158	3.11934	1.93795	4.84215	4.82233	4.70624	1.62574	1.38588	1.19522	8.50474	7.11102	6.00833
13480	0.87709	0.88180	0.75234	5.71699	5.48372	5.24006	4.63540	3.12011	1.93923	4.84540	4.82617	4.70939	1.62955	1.39006	1.19435	8.50506	7.11444	6.01272
13650	0.87999	0.88238	0.75511	5.71981	5.48686	5.24141	4.63714	3.12330	1.94017	4.84712	4.82936	4.71188	1.62884	1.38817	1.19344	8.50446	7.11249	6.01126
13810	0.87688	0.88059	0.75590	5.71923	5.48841	5.24507	4.63918	3.12445	1.94353	4.85084	4.83422	4.71589	1.63081	1.38834	1.19678	8.51001	7.11598	6.01426
13980	0.87909	0.88035	0.75453	5.72197	5.48878	5.24522	4.63150	3.11971	1.93761	4.85049	4.83312	4.71579	1.63329	1.39182	1.20038	8.51065	7.11962	6.01833
14140	0.88061	0.88379	0.75724	5.72526	5.49293	5.24831	4.63638	3.12001	1.94222	4.85361	4.83550	4.71944	1.62871	1.38969	1.19290	8.50777	7.11724	6.01613
14310	0.87721	0.87923	0.75341	5.72278	5.49000	5.24660	4.62908	3.11705	1.93781	4.85084	4.83383	4.71640	1.62633	1.38806	1.19375	8.50992	7.11544	6.01585
14470	0.87601	0.88057	0.75344	5.72138	5.48895	5.24546	4.62678	3.11416	1.93526	4.85028	4.83388	4.71609	1.62835	1.38864	1.19714	8.51469	7.12107	6.02034
14640	0.87926	0.88485	0.75565	5.72721	5.49510	5.25087	4.64368	3.11865	1.94024	4.85434	4.83775	4.71985	1.62867	1.38605	1.19337	8.51368	7.11762	6.01755
14800	0.87739	0.88191	0.75379	5.72942	5.49858	5.25547	4.64000	3.12116	1.93828	4.85847	4.84061	4.72336	1.62702	1.38607	1.19385	8.51485	7.12256	6.02200	33.85	6.2	0.00	-2.04	0.01726	0.01196	0.01513	0.01833	0.01894	0.01481	0.00542	0.01504	0.01996	0.01868	0.01298	0.01653	0.01698	0.01756	0.01372	0.00571	0.01610	0.02153
14970	0.87739	0.87734	0.75112	5.73183	5.49654	5.25218	4.62314	3.11047	1.93336	4.85642	4.84075	4.72195	1.62559	1.38447	1.19092	8.51558	7.12470	6.02381
15130	0.87586	0.87902	0.75236	5.73381	5.49983	5.25493	4.62949	3.11259	1.93486	4.85782	4.84121	4.72318	1.62341	1.38338	1.19027	8.51338	7.12098	6.02000
15290	0.87336	0.87922	0.75171	5.73094	5.49778	5.25330	4.63539	3.11406	1.93658	4.85705	4.84020	4.72260	1.62545	1.38522	1.19032	8.51453	7.12062	6.02065
15460	0.87342	0.87605	0.75019	5.72996	5.49538	5.25107	4.62446	3.11221	1.93383	4.85475	4.83823	4.71980	1.62519	1.38255	1.19082	8.51333	7.11856	6.01886
15620	0.87477	0.87994	0.75206	5.72856	5.49373	5.24932	4.62488	3.10998	1.93455	4.85213	4.83654	4.71758	1.62491	1.38112	1.18965	8.50751	7.11684	6.01774
15790	0.87294	0.87518	0.74850	5.72676	5.49017	5.24588	4.62443	3.10772	1.93347	4.84983	4.83220	4.71444	1.62462	1.38601	1.19297	8.51324	7.12111	6.02253
15950	0.87739	0.87885	0.75381	5.72916	5.49391	5.24908	4.62548	3.11148	1.93598	4.85135	4.83431	4.71631	1.62647	1.38419	1.18926	8.51205	7.11805	6.01845
16120	0.87575	0.87718	0.75191	5.72747	5.49106	5.24774	4.62798	3.10864	1.93378	4.85025	4.83464	4.71589	1.62106	1.38231	1.19083	8.51508	7.12087	6.02068
16280	0.87600	0.87930	0.75359	5.72885	5.49287	5.25007	4.62473	3.11119	1.93461	4.85149	4.83672	4.71740	1.62287	1.38274	1.18675	8.51645	7.12333	6.02166
16450	0.87019	0.87483	0.75119	5.73050	5.49527	5.25245	4.62095	3.10989	1.93521	4.85379	4.83836	4.71955	1.62407	1.38273	1.18633	8.52046	7.12567	6.02417	33.85	6.2	0.00	-2.04	0.01726	0.01195	0.01513	0.01833	0.01894	0.01481	0.00541	0.01503	0.01996	0.01868	0.01298	0.01653	0.01698	0.01755	0.01371	0.00571	0.01610	0.02153
16610	0.87221	0.87469	0.74790	5.73048	5.49385	5.25039	4.62359	3.10410	1.92805	4.85071	4.83762	4.71795	1.62147	1.38302	1.18919	8.52294	7.12631	6.02436
16780	0.87304	0.87724	0.74904	5.73164	5.49543	5.25143	4.62234	3.10762	1.92955	4.85106	4.83922	4.71946	1.62130	1.37983	1.18679	8.51587	7.12249	6.02089
16940	0.87150	0.87585	0.75206	5.72783	5.49408	5.25259	4.61513	3.10824	1.93187	4.85320	4.83895	4.72001	1.62396	1.38235	1.18983	8.51725	7.12458	6.02188
17100	0.87180	0.87448	0.74851	5.72663	5.49027	5.24698	4.62306	3.10365	1.92684	4.84808	4.83547	4.71492	1.62165	1.38371	1.18892	8.51610	7.12337	6.02136
17270	0.87339	0.87525	0.74712	5.72761	5.49189	5.24938	4.62556	3.10466	1.92791	4.84917	4.83746	4.71612	1.61967	1.37650	1.18560	8.51340	7.12089	6.01965
17430	0.87063	0.87470	0.75027	5.72905	5.49369	5.25067	4.61842	3.10487	1.92628	4.85085	4.83872	4.71887	1.61918	1.37633	1.18408	8.51243	7.12135	6.02073
17600	0.87060	0.87270	0.74760	5.72721	5.49163	5.24925	4.61951	3.10351	1.92646	4.84790	4.83492	4.71633	1.61721	1.37886	1.18630	8.51276	7.11982	6.01875
17760	0.87156	0.87510	0.74990	5.72887	5.49343	5.25080	4.61830	3.10584	1.93082	4.84962	4.83608	4.71718	1.62273	1.38269	1.18905	8.51656	7.12082	6.02099
17930	0.87203	0.87416	0.74910	5.72661	5.48979	5.24637	4.61498	3.10405	1.92540	4.84490	4.83207	4.71304	1.61947	1.37787	1.18809	8.51487	7.12092	6.01976
18090	0.86990	0.87370	0.74683	5.72705	5.49011	5.24754	4.60491	3.09982	1.92418	4.84447	4.83190	4.71131	1.61638	1.37627	1.18365	8.51021	7.11787	6.01720	33.85	6.1	0.00	-2.04	0.01726	0.01195	0.01512	0.01833	0.01894	0.01481	0.00541	0.01503	0.01996	0.01868	0.01298	0.01653	0.01697	0.01755	0.01371	0.00571	0.01610	0.02153
18250	0.86796	0.87275	0.74621	5.72452	5.48889	5.24615	4.61159	3.09999	1.92466	4.84451	4.83044	4.71037	1.61584	1.37562	1.18415	8.51163	7.12001	6.01718
18420	0.87004	0.87260	0.74777	5.72406	5.48780	5.24369	4.61076	3.10052	1.92550	4.84278	4.82885	4.70735	1.61587	1.37648	1.18473	8.50829	7.11667	6.01485
18580	0.86954	0.87044	0.74629	5.72067	5.48401	5.24116	4.61571	3.10310	1.92644	4.83946	4.82540	4.70452	1.61534	1.37904	1.18572	8.50361	7.11439	6.01334
18750	0.86766	0.87422	0.74795	5.71725	5.48145	5.23945	4.61223	3.10426	1.92343	4.83883	4.82314	4.70350	1.61452	1.37485	1.18500	8.50636	7.11429	6.01306
18910	0.87043	0.87335	0.74932	5.71823	5.48189	5.23940	4.61880	3.10049	1.92599	4.84030	4.82439	4.70503	1.61511	1.37701	1.18277	8.50801	7.11510	6.01327
19080	0.86905	0.87251	0.74682	5.71985	5.48194	5.24178	4.61846	3.10046	1.92653	4.84145	4.82496	4.70607	1.61653	1.37715	1.18445	8.50677	7.11433	6.01376
19240	0.87105	0.87418	0.74676	5.71941	5.48250	5.24271	4.60997	3.10158	1.92687	4.84209	4.82457	4.70607	1.61607	1.37780	1.18543	8.50632	7.11444	6.01174
19410	0.86996	0.87274	0.74813	5.71610	5.48067	5.24052	4.62262	3.10168	1.92850	4.84151	4.82404	4.70586	1.61652	1.37933	1.18562	8.50719	7.11252	6.01243
19570	0.86977	0.87123	0.74689	5.71458	5.47797	5.23829	4.61167	3.10009	1.92326	4.83859	4.82093	4.70368	1.61517	1.37962	1.18804	8.50829	7.11704	6.01472
19740	0.87036	0.87383	0.74989	5.71790	5.47980	5.23939	4.61761	3.09980	1.92567	4.83831	4.82179	4.70416	1.61441	1.37587	1.18172	8.50486	7.11316	6.00940	33.85	6.0	0.00	-2.04	0.01726	0.01195	0.01512	0.01833	0.01894	0.01481	0.00541	0.01503	0.01995	0.01868	0.01298	0.01654	0.01697	0.01755	0.01371	0.00571	0.01610	0.02153
19900	0.86779	0.87095	0.74760	5.71305	5.47557	5.23694	4.61655	3.10516	1.92659	4.83674	4.81994	4.70345	1.61607	1.37764	1.18268	8.50225	7.11127	6.00858
20060	0.86657	0.86763	0.74356	5.71072	5.47142	5.23274	4.61134	3.09860	1.92143	4.83073	4.81539	4.69701	1.61582	1.37676	1.18330	8.49611	7.10970	6.00591
20230	0.86839	0.86752	0.74469	5.70924	5.47153	5.23175	4.61047	3.09784	1.92176	4.83024	4.81648	4.69801	1.61236	1.37482	1.18295	8.49891	7.10815	6.00537
20390	0.86565	0.86923	0.74199	5.70828	5.47195	5.23052	4.61383	3.09499	1.91986	4.83107	4.81453	4.69631	1.61449	1.37704	1.18758	8.50647	7.11455	6.01017
20560	0.86986	0.87221	0.74583	5.71333	5.47631	5.23542	4.61829	3.10363	1.92474	4.83438	4.81808	4.69885	1.61567	1.37451	1.18375	8.50454	7.10997	6.00526
20720	0.86834	0.87014	0.74527	5.70977	5.47313	5.23253	4.61209	3.10186	1.92498	4.83144	4.81592	4.69807	1.61448	1.37319	1.18025	8.50330	7.11120	6.00597
20890	0.86660	0.87088	0.74559	5.71167	5.47476	5.23363	4.61648	3.09804	1.92484	4.83407	4.81779	4.69940	1.61333	1.37402	1.18418	8.50294	7.11201	6.00725
21050	0.86649	0.86895	0.74611	5.71060	5.47364	5.23303	4.61704	3.10093	1.92208	4.83215	4.81718	4.69853	1.61418	1.37345	1.18327	8.50660	7.11273	6.00742
21220	0.86737	0.87035	0.74571	5.71365	5.47627	5.23444	4.61776	3.09987	1.92435	4.83355	4.81955	4.69986	1.61473	1.37349	1.18165	8.50555	7.11205	6.00769
21380	0.86626	0.87124	0.74695	5.71527	5.47819	5.23723	4.62188	3.09876	1.92407	4.83488	4.82190	4.70160	1.61413	1.37332	1.18307	8.50516	7.11342	6.00909	33.90	6.2	0.00	-2.04	0.01726	0.01195	0.01512	0.01833	0.01894	0.01481	0.00541	0.01503	0.01995	0.01868	0.01298	0.01654	0.01697	0.01755	0.01371	0.00571	0.01610	0.02153
21550	0.86536	0.86820	0.74315	5.71260	5.47500	5.23371	4.60874	3.09672	1.91925	4.83194	4.81790	4.69764	1.61365	1.37376	1.18092	8.50228	7.11333	6.01101
21710	0.86738	0.86913	0.74685	5.71446	5.47610	5.23498	4.61297	3.10039	1.92190	4.83386	4.81828	4.69910	1.61100	1.37264	1.18150	8.50118	7.11081	6.00770
21880	0.86617	0.86576	0.74403	5.71316	5.47527	5.23568	4.61123	3.09907	1.92333	4.83392	4.81883	4.70101	1.61315	1.37377	1.18277	8.50686	7.11242	6.00896
22040	0.86580	0.87117	0.74644	5.71563	5.47757	5.23784	4.61327	3.10102	1.92438	4.83615	4.82099	4.70136	1.61231	1.37237	1.18158	8.50223	7.11218	6.00857
22210	0.86487	0.86815	0.74741	5.71429	5.47758	5.23791	4.60957	3.10185	1.92469	4.83791	4.82208	4.70259	1.61310	1.37248	1.18202	8.50649	7.11286	6.00786
22370	0.86512	0.86572	0.74275	5.71323	5.47532	5.23330	4.60421	3.09686	1.92288	4.83377	4.81720	4.69855	1.61367	1.37603	1.18380	8.50429	7.11294	6.00914
22540	0.86787	0.86829	0.74542	5.71622	5.47733	5.23718	4.60779	3.10091	1.92370	4.83543	4.81932	4.70122	1.61280	1.37445	1.18138	8.50067	7.10869	6.00535
22700	0.86592	0.86752	0.74484	5.71349	5.47604	5.23564	4.61312	3.09909	1.92271	4.83679	4.82047	4.70165	1.61220	1.37291	1.17950	8.50283	7.10977	6.00635
22860	0.86616	0.86631	0.74462	5.71325	5.47511	5.23400	4.61055	3.09792	1.92002	4.83427	4.81795	4.70048	1.61154	1.37289	1.18037	8.50209	7.10924	6.00741
23030	0.86480	0.86800	0.74377	5.71518	5.47713	5.23567	4.61177	3.09710	1.92206	4.83708	4.81967	4.70271	1.60928	1.36944	1.17825	8.50256	7.10832	6.00521	33.90	6.0	0.00	-2.04	0.01725	0.01195	0.01512	0.01833	0.01894	0.01481	0.00541	0.01503	0.01995	0.01868	0.01298	0.01654	0.01697	0.01755	0.01371	0.00571	0.01611	0.02153
23190	0.86680	0.86800	0.74524	5.71552	5.47820	5.23815	4.60989	3.10079	1.92417	4.83708	4.82071	4.70117	1.61083	1.37200	1.18070	8.50448	7.10858	6.00665
23360	0.86456	0.86508	0.74384	5.71279	5.47415	5.23303	4.61079	3.09671	1.92057	4.83297	4.81710	4.69740	1.61131	1.37256	1.18268	8.49967	7.10992	6.00848
23520	0.86583	0.86555	0.74432	5.71605	5.47627	5.23546	4.61472	3.09698	1.92255	4.83405	4.81780	4.69935	1.61154	1.36884	1.18057	8.49734	7.10657	6.00341
23690	0.86812	0.86908	0.74656	5.71661	5.47821	5.23726	4.62436	3.10337	1.92832	4.83690	4.82106	4.70142	1.61378	1.37287	1.18045	8.50274	7.11129	6.00876
23850	0.86782	0.86527	0.74517	5.71548	5.47477	5.23486	4.61242	3.09790	1.92030	4.83207	4.81629	4.69583	1.61233	1.37301	1.18575	8.50677	7.11095	6.00917
24020	0.86945	0.86864	0.74644	5.71346	5.47377	5.23337	4.61449	3.09992	1.92275	4.83096	4.81399	4.69444	1.60951	1.37021	1.17908	8.49587	7.10610	6.00375
24180	0.86699	0.86794	0.74748	5.71092	5.47187	5.23212	4.61744	3.10146	1.92319	4.82935	4.81240	4.69341	1.60991	1.37180	1.18275	8.50022	7.10694	6.00271
24340	0.86613	0.86482	0.74468	5.70536	5.46455	5.22586	4.60819	3.09744	1.91844	4.82367	4.80704	4.68942	1.60978	1.37073	1.18198	8.49752	7.10524	6.00010
24510	0.86700	0.86536	0.74382	5.70291	5.46346	5.22456	4.61313	3.09868	1.92045	4.82254	4.80534	4.68782	1.60972	1.37180	1.17988	8.49583	7.10367	5.99829
24670	0.86708	0.86524	0.74239	5.70027	5.46110	5.22265	4.60573	3.09558	1.91782	4.82163	4.80389	4.68532	1.61090	1.37267	1.18478	8.49976	7.10687	6.00220	33.90	6.1	0.00	-2.04	0.01726	0.01195	0.01512	0.01833	0.01894	0.01481	0.00541	0.01503	0.01995	0.01868	0.01298	0.01654	0.01697	0.01755	0.01371	0.00571	0.01610	0.02153
24840	0.86625	0.86872	0.74557	5.70282	5.46330	5.22497	4.61925	3.09725	1.92222	4.82274	4.80657	4.68697	1.61390	1.37484	1.18337	8.50210	7.10691	6.00097
25000	0.86834	0.86871	0.74769	5.70284	5.46433	5.22829	4.61592	3.10371	1.92402	4.82582	4.80829	4.68974	1.61386	1.37354	1.18438	8.49706	7.10542	6.00015
25170	0.86746	0.86903	0.74666	5.70045	5.46239	5.22643	4.61630	3.10159	1.92330	4.82437	4.80710	4.68928	1.61256	1.37263	1.18200	8.49528	7.10272	5.99755
25330	0.86741	0.86713	0.74709	5.69730	5.45884	5.22262	4.61403	3.10114	1.92363	4.82095	4.80262	4.68457	1.61423	1.37414	1.18156	8.49546	7.10065	5.99550
25490	0.86726	0.86751	0.74379	5.69703	5.45807	5.22175	4.61758	3.10348	1.92431	4.82060	4.80280	4.68523	1.61500	1.37547	1.18217	8.49134	7.09616	5.99161
25660	0.86627	0.86760	0.74310	5.69422	5.45590	5.21984	4.62223	3.09964	1.92157	4.81984	4.80093	4.68466	1.61442	1.37778	1.18618	8.49514	7.09864	5.99397
25820	0.87186	0.87175	0.74765	5.69582	5.45998	5.22252	4.61585	3.10335	1.92401	4.82253	4.80572	4.68812	1.61259	1.37184	1.18190	8.49125	7.09907	5.99213
25990	0.87013	0.87090	0.74946	5.69884	5.46170	5.22445	4.62420	3.10493	1.92671	4.82424	4.80897	4.69016	1.61380	1.37372	1.18136	8.49573	7.10105	5.99581
26150	0.86693	0.86540	0.74451	5.69993	5.46107	5.22258	4.61479	3.10170	1.92476	4.82352	4.80645	4.69094	1.61560	1.37460	1.18513	8.48805	7.10190	5.99783
26320	0.86675	0.86806	0.74558	5.70167	5.46421	5.22626	4.61365	3.09590	1.92112	4.82699	4.80880	4.68921	1.61277	1.37171	1.18293	8.48698	7.09676	5.99285	33.85	6.3	0.00	-2.04	0.01725	0.01195	0.01512	0.01833	0.01894	0.01481	0.00541	0.01503	0.01995	0.01868	0.01298	0.01654	0.01697	0.01755	0.01371	0.00571	0.01610	0.02153
26480	0.86655	0.86531	0.74255	5.69846	5.46136	5.22209	4.62158	3.09329	1.91669	4.82165	4.80423	4.68756	1.61453	1.37555	1.18256	8.49284	7.10167	5.99874
26640	0.86853	0.86763	0.74435	5.70597	5.46738	5.22686	4.61452	3.10028	1.92384	4.82558	4.81031	4.69180	1.61418	1.37344	1.18244	8.49073	7.09824	5.99429
26810	0.86838	0.86998	0.74826	5.70525	5.46963	5.22767	4.61561	3.09913	1.92529	4.82939	4.81360	4.69477	1.61415	1.37257	1.18396	8.49307	7.10166	5.99729
26970	0.86879	0.86759	0.74680	5.70552	5.46656	5.22459	4.61610	3.09785	1.92171	4.82380	4.81017	4.69083	1.61445	1.37458	1.18362	8.49613	7.09987	5.99778
27140	0.86829	0.86580	0.74502	5.70632	5.46920	5.22865	4.61252	3.09636	1.92094	4.82845	4.81209	4.69173	1.61195	1.37136	1.17676	8.48543	7.09466	5.99293
27300	0.86407	0.86185	0.74165	5.70104	5.46244	5.22038	4.61150	3.09232	1.91796	4.81926	4.80430	4.68443	1.61544	1.37603	1.18434	8.48895	7.09801	5.99524
27460	0.86789	0.86694	0.74647	5.70255	5.46392	5.22314	4.62064	3.09980	1.92172	4.82391	4.80813	4.68869	1.61234	1.37280	1.18324	8.48735	7.09615	5.99416
27630	0.86754	0.86916	0.74656	5.70401	5.46671	5.22642	4.61418	3.10274	1.92547	4.82799	4.81018	4.69365	1.61416	1.37228	1.18197	8.48863	7.10031	5.99712
27790	0.86637	0.86490	0.74512	5.70282	5.46408	5.22454	4.61561	3.09798	1.92108	4.82560	4.80925	4.69104	1.61291	1.37417	1.18162	8.48954	7.09871	5.99654
27960	0.86553	0.86323	0.74315	5.70048	5.46251	5.22317	4.60510	3.09658	1.91991	4.82518	4.80613	4.68886	1.61229	1.37007	1.18034	8.48106	7.09368	5.99239	33.90	6.1	0.00	-2.04	0.01725	0.01195	0.01512	0.01833	0.01894	0.01481	0.00541	0.01503	0.01995	0.01868	0.01298	0.01654	0.01697	0.01755	0.01371	0.00571	0.01611	0.02153
28120	0.86685	0.86520	0.74337	5.69770	5.45934	5.21999	4.61443	3.09447	1.92038	4.82125	4.80336	4.68640	1.61175	1.37171	1.18084	8.48275	7.08974	5.98798
28280	0.86514	0.86361	0.74368	5.69379	5.45599	5.21678	4.61560	3.09754	1.92048	4.81943	4.79987	4.68475	1.61276	1.37184	1.18145	8.48778	7.09378	5.99166
28450	0.86655	0.86588	0.74562	5.69737	5.45864	5.21900	4.61681	3.09651	1.92277	4.82118	4.80130	4.68447	1.61223	1.37288	1.18093	8.48654	7.09098	5.98814
28610	0.86516	0.86580	0.74318	5.69380	5.45671	5.21765	4.60827	3.10087	1.92143	4.82003	4.80035	4.68409	1.61277	1.37242	1.18084	8.48741	7.09229	5.98953
28780	0.86827	0.86482	0.74401	5.69415	5.45655	5.21633	4.61669	3.09615	1.92012	4.81854	4.79759	4.68217	1.61304	1.37151	1.18187	8.48577	7.09365	5.99045
28940	0.86738	0.86699	0.74627	5.69543	5.45613	5.21628	4.61008	3.09650	1.92153	4.81823	4.79814	4.68198	1.60995	1.36928	1.18081	8.48385	7.09349	5.98849
29110	0.86476	0.86532	0.74618	5.69326	5.45533	5.21665	4.61790	3.09950	1.92168	4.81886	4.79971	4.68309	1.61133	1.37065	1.18167	8.47868	7.09343	5.99024
29270	0.86572	0.86328	0.74456	5.69412	5.45505	5.21694	4.61764	3.09680	1.92171	4.81800	4.79903	4.68107	1.61060	1.37256	1.17983	8.48129	7.09204	5.98880
29440	0.86500	0.86535	0.74713	5.69203	5.45344	5.21463	4.61118	3.09737	1.92329	4.81684	4.79749	4.68084	1.61093	1.37197	1.17949	8.48042	7.09067	5.98713
29600	0.86582	0.86464	0.74411	5.69214	5.45451	5.21587	4.61392	3.09799	1.92231	4.81809	4.80001	4.68241	1.61040	1.37136	1.17983	8.48012	7.09290	5.98932	33.90	6.1	0.00	-2.04	0.01725	0.01195	0.01512	0.01833	0.01894	0.01481	0.00541	0.01503	0.01995	0.01868	0.01298	0.01654	0.01697	0.01755	0.01371	0.00571	0.01611	0.02153
29770	0.86424	0.86390	0.74327	5.69218	5.45468	5.21573	4.60908	3.09503	1.92167	4.81786	4.79929	4.68158	1.61383	1.37279	1.18277	8.48401	7.09419	5.99106
29930	0.86814	0.86557	0.74578	5.69469	5.45653	5.21817	4.61014	3.10007	1.92473	4.81834	4.80074	4.68260	1.61182	1.36908	1.18091	8.48374	7.09057	5.98676
30100	0.86658	0.86824	0.74690	5.69490	5.45744	5.22036	4.61558	3.10373	1.92494	4.82170	4.80362	4.68627	1.61647	1.37346	1.18047	8.48579	7.09397	5.98992
30260	0.86867	0.86500	0.74456	5.69313	5.45398	5.21634	4.61611	3.09993	1.92099	4.81886	4.80187	4.68322	1.61510	1.37600	1.18346	8.48726	7.09469	5.99172
30420	0.86874	0.86933	0.74717	5.69444	5.45612	5.21885	4.61698	3.09854	1.92310	4.82204	4.80331	4.68534	1.61086	1.36905	1.17697	8.48406	7.09161	5.98695
30590	0.86448	0.86446	0.74501	5.69074	5.45291	5.21512	4.61928	3.09657	1.92196	4.81964	4.79919	4.68264	1.61207	1.36977	1.18022	8.48113	7.09138	5.98729
30750	0.86385	0.86260	0.74360	5.69008	5.45081	5.21417	4.61139	3.09401	1.92052	4.81839	4.79849	4.68140	1.61239	1.37286	1.18035	8.48140	7.09097	5.98849
30920	0.86759	0.86635	0.74401	5.69189	5.45404	5.21757	4.61777	3.09716	1.92235	4.82193	4.80166	4.68429	1.61445	1.37354	1.18205	8.48396	7.09265	5.98972
31080	0.87057	0.86948	0.74499	5.69398	5.45686	5.22047	4.62219	3.10364	1.92577	4.82581	4.80553	4.68847	1.61522	1.37264	1.18133	8.48790	7.09257	5.98880
31250	0.86633	0.86721	0.74692	5.69175	5.45527	5.22045	4.62662	3.10171	1.92620	4.82488	4.80455	4.68744	1.61596	1.37227	1.18173	8.48196	7.09096	5.98757	33.90	6.2	0.00	-2.04	0.01725	0.01195	0.01512	0.01833	0.01894	0.01481	0.00541	0.01503	0.01995	0.01868	0.01298	0.01654	0.01697	0.01755	0.01371	0.00571	0.01611	0.02153
31410	0.86590	0.86549	0.74381	5.68936	5.45131	5.21675	4.60814	3.09752	1.92281	4.82215	4.80154	4.68456	1.61380	1.37167	1.17924	8.48063	7.09146	5.98630
31570	0.86573	0.86389	0.74525	5.68954	5.45141	5.21712	4.62049	3.09863	1.92420	4.82205	4.80085	4.68497	1.61486	1.37294	1.18108	8.47771	7.08773	5.98446
31740	0.86624	0.86615	0.74320	5.68829	5.45055	5.21551	4.61312	3.09716	1.92219	4.82139	4.80017	4.68453	1.61608	1.37560	1.18469	8.47871	7.09012	5.98797
31900	0.86820	0.86750	0.74574	5.69151	5.45464	5.21948	4.61524	3.10340	1.92624	4.82409	4.80209	4.68731	1.61771	1.37408	1.18123	8.47830	7.08746	5.98452
32070	0.86707	0.86693	0.74629	5.69104	5.45382	5.21737	4.61350	3.10008	1.92638	4.82383	4.80171	4.68737	1.61503	1.37272	1.18024	8.47762	7.08816	5.98386
32230	0.86761	0.86314	0.74314	5.68965	5.45326	5.21392	4.61112	3.09769	1.91966	4.82165	4.80085	4.68526	1.61146	1.36895	1.17590	8.47739	7.08489	5.98226
32390	0.86879	0.86696	0.74567	5.69386	5.45790	5.21968	4.62805	3.10379	1.92486	4.82601	4.80624	4.68799	1.61586	1.37150	1.18091	8.48146	7.09024	5.98668
32560	0.86935	0.86603	0.74200	5.69178	5.45561	5.21763	4.61199	3.10016	1.91963	4.82261	4.80300	4.68599	1.61152	1.36749	1.17486	8.47821	7.08562	5.98208
32720	0.86782	0.86603	0.74548	5.69274	5.45836	5.22083	4.62072	3.10359	1.92518	4.82616	4.80591	4.68919	1.61604	1.37333	1.18159	8.48136	7.08960	5.98556
32880	0.86705	0.86338	0.74442	5.68913	5.45465	5.21726	4.61797	3.09768	1.92033	4.82176	4.80152	4.68552	1.61235	1.36820	1.17758	8.47628	7.08436	5.98167	33.90	6.0	0.00	-2.04	0.01725	0.01195	0.01512	0.01833	0.01894	0.01481	0.00541	0.01503	0.01995	0.01868	0.01298	0.01654	0.01697	0.01755	0.01371	0.00571	0.01611	0.02153
33050	0.86579	0.86636	0.74501	5.69102	5.45614	5.22028	4.61381	3.10085	1.92474	4.82480	4.80533	4.68870	1.61470	1.37190	1.18184	8.47929	7.08971	5.98537
33210	0.86530	0.86441	0.74401	5.68914	5.45355	5.21736	4.61521	3.09710	1.92035	4.82133	4.80095	4.68544	1.60960	1.36686	1.17514	8.47527	7.08476	5.98144
33370	0.86566	0.86566	0.74788	5.68906	5.45540	5.21860	4.61181	3.10169	1.92380	4.82205	4.80220	4.68516	1.61437	1.36994	1.17901	8.47893	7.08711	5.98272
33540	0.86542	0.86329	0.74360	5.68496	5.45087	5.21293	4.60675	3.09816	1.92165	4.81661	4.79707	4.67968	1.60987	1.36838	1.17676	8.46778	7.07804	5.97631
33700	0.86664	0.86553	0.74647	5.68605	5.45262	5.21342	4.62167	3.10505	1.92729	4.81725	4.79815	4.68105	1.61620	1.37360	1.18307	8.47687	7.08348	5.97976
33860	0.86572	0.86275	0.74475	5.68259	5.44888	5.20788	4.61381	3.09965	1.92316	4.81369	4.79338	4.67776	1.61436	1.36920	1.18015	8.47308	7.08033	5.97685
34030	0.86600	0.86383	0.74202	5.68168	5.44751	5.20704	4.60868	3.09645	1.91894	4.81227	4.79228	4.67529	1.61227	1.36955	1.17745	8.46897	7.07818	5.97435
34190	0.86405	0.86322	0.74201	5.67941	5.44519	5.20574	4.60973	3.09759	1.92095	4.81140	4.79250	4.67438	1.61440	1.37147	1.18062	8.47057	7.07923	5.97560
34360	0.86649	0.86444	0.74376	5.68225	5.44841	5.20775	4.61850	3.09839	1.92212	4.81332	4.79406	4.67726	1.61478	1.37353	1.18169	8.47157	7.08069	5.97775
34520	0.86494	0.86519	0.74462	5.68460	5.45001	5.21062	4.62074	3.09898	1.92303	4.81505	4.79642	4.67919	1.61409	1.37321	1.18082	8.47476	7.07944	5.97732	33.90	6.1	0.00	-2.04	0.01725	0.01195	0.01512	0.01833	0.01895	0.01482	0.00541	0.01503	0.01995	0.01868	0.01298	0.01654	0.01697	0.01755	0.01371	0.00571	0.01611	0.02153
34690	0.86450	0.86423	0.74334	5.68237	5.44909	5.20868	4.62142	3.10094	1.92244	4.81479	4.79629	4.67947	1.61121	1.37052	1.17948	8.46956	7.07974	5.97668
34850	0.86555	0.86294	0.74410	5.68304	5.45001	5.20942	4.61386	3.09580	1.92093	4.81537	4.79732	4.67920	1.61222	1.36903	1.17847	8.47248	7.07976	5.97720
35020	0.86649	0.86294	0.74180	5.68415	5.45114	5.20989	4.62097	3.09528	1.91927	4.81621	4.79709	4.67965	1.61030	1.37009	1.17831	8.47294	7.07953	5.97544
35180	0.86311	0.86310	0.74300	5.68223	5.45120	5.21099	4.61356	3.09643	1.91870	4.81565	4.79732	4.67965	1.61198	1.36976	1.17950	8.47339	7.07937	5.97625
35350	0.86262	0.86309	0.74217	5.68273	5.44971	5.20666	4.60831	3.09349	1.91625	4.81304	4.79634	4.67757	1.61093	1.37026	1.18089	8.47285	7.08316	5.97854
35510	0.86622	0.86513	0.74284	5.68632	5.45405	5.21089	4.61462	3.09566	1.92129	4.81646	4.79867	4.68104	1.60876	1.36841	1.17725	8.47545	7.07974	5.97567
35680	0.86599	0.86415	0.74371	5.68620	5.45653	5.21380	4.60174	3.10169	1.92327	4.81842	4.80173	4.68224	1.61104	1.36994	1.17954	8.47390	7.08276	5.97990
35840	0.86520	0.86300	0.74310	5.68636	5.45459	5.21059	4.61012	3.09453	1.91660	4.81540	4.79914	4.67960	1.61309	1.37106	1.18232	8.47518	7.08387	5.98056
36000	0.86827	0.86403	0.74388	5.68868	5.45589	5.21305	4.61417	3.09889	1.92058	4.81689	4.80075	4.68133	1.61168	1.37028	1.17987	8.46531	7.07892	5.97822
36170	0.86533	0.86299	0.74439	5.68873	5.45690	5.21523	4.61141	3.09897	1.92301	4.81815	4.80232	4.68329	1.61161	1.36984	1.17921	8.47020	7.08017	5.97938	33.90	6.2	0.00	-2.04	0.01725	0.01195	0.01512	0.01833	0.01895	0.01482	0.00541	0.01503	0.01995	0.01868	0.01299	0.01654	0.01697	0.01754	0.01371	0.00571	0.01611	0.02153
36330	0.86454	0.86085	0.74173	5.68667	5.45288	5.21113	4.60722	3.09417	1.91616	4.81486	4.79887	4.67904	1.60979	1.36600	1.17675	8.46773	7.07970	5.97869
36500	0.86328	0.85771	0.74023	5.68696	5.45281	5.21055	4.61761	3.09229	1.91617	4.81414	4.79926	4.67978	1.60817	1.36833	1.17518	8.46682	7.07707	5.97588
36660	0.86192	0.85844	0.73972	5.68362	5.44966	5.20682	4.60307	3.09136	1.91485	4.81167	4.79623	4.67658	1.61059	1.36975	1.18031	8.47015	7.08048	5.97922
36820	0.86723	0.86201	0.74396	5.68766	5.45403	5.21032	4.60692	3.09623	1.91879	4.81521	4.79911	4.68080	1.60754	1.36887	1.17800	8.46906	7.07879	5.97694
36990	0.86579	0.86253	0.74525	5.69026	5.45679	5.21442	4.61625	3.09781	1.91941	4.81724	4.80240	4.68285	1.61105	1.37200	1.17729	8.47330	7.08220	5.98006
37150	0.86404	0.86183	0.74175	5.68802	5.45243	5.20946	4.61179	3.09174	1.91703	4.81342	4.79746	4.67834	1.60864	1.36744	1.17729	8.47426	7.08159	5.97941
37320	0.86413	0.86196	0.74180	5.68731	5.45196	5.21029	4.60888	3.09315	1.91746	4.81413	4.79884	4.68088	1.60958	1.36828	1.17707	8.47097	7.08179	5.98038
37480	0.86234	0.86176	0.74326	5.68805	5.45484	5.21365	4.60164	3.09404	1.91813	4.81820	4.80156	4.68169	1.60974	1.36888	1.17738	8.47321	7.08121	5.97837
37650	0.86111	0.85974	0.74255	5.68637	5.45303	5.21243	4.61111	3.09045	1.91620	4.81569	4.79945	4.68027	1.60769	1.36979	1.17428	8.46764	7.07816	5.97676
37810	0.86164	0.86042	0.74043	5.68643	5.45123	5.20848	4.60942	3.09046	1.91370	4.81295	4.79609	4.67809	1.60497	1.36366	1.17468	8.46645	7.07413	5.97294	33.90	6.0	0.00	-2.04	0.01725	0.01195	0.01512	0.01833	0.01895	0.01482	0.00541	0.01503	0.01995	0.01868	0.01299	0.01654	0.01697	0.01754	0.01371	0.00571	0.01611	0.02153
37970	0.85954	0.85961	0.74206	5.68247	5.45132	5.21105	4.61293	3.09660	1.91745	4.81459	4.79848	4.68116	1.60881	1.36846	1.17785	8.47170	7.07819	5.97657
38140	0.86274	0.86017	0.74031	5.68448	5.44881	5.20608	4.60681	3.09050	1.91499	4.80993	4.79324	4.67519	1.61159	1.36996	1.17724	8.47138	7.07931	5.97723
38300	0.86366	0.86020	0.74320	5.68715	5.45141	5.20748	4.62049	3.09430	1.91758	4.81049	4.79429	4.67473	1.60732	1.36877	1.17605	8.46120	7.07488	5.97249
38470	0.86333	0.86255	0.74225	5.68372	5.44905	5.20650	4.60300	3.09319	1.91799	4.80950	4.79416	4.67487	1.60909	1.36682	1.17661	8.46453	7.07447	5.97235
38630	0.86146	0.85947	0.73884	5.68166	5.44649	5.20321	4.60934	3.08773	1.91505	4.80660	4.79114	4.67250	1.60562	1.36224	1.17120	8.45951	7.07102	5.96917
38790	0.86157	0.86250	0.74398	5.68411	5.44949	5.20828	4.60979	3.09656	1.92033	4.81128	4.79539	4.67570	1.61057	1.36870	1.17624	8.47092	7.07681	5.97531
38960	0.86262	0.85919	0.74275	5.68315	5.44758	5.20474	4.61002	3.09063	1.91526	4.80670	4.79139	4.67261	1.60674	1.36870	1.17720	8.46499	7.07514	5.97443
39120	0.86132	0.85986	0.74046	5.68120	5.44605	5.20415	4.60119	3.09115	1.91362	4.80494	4.79258	4.67053	1.60563	1.36564	1.17257	8.46175	7.07239	5.97111
39290	0.85998	0.85684	0.73746	5.67804	5.44222	5.20079	4.60300	3.08686	1.91313	4.80122	4.78691	4.66899	1.60708	1.36787	1.17767	8.46631	7.07571	5.97649
39450	0.86315	0.86285	0.74217	5.68170	5.44669	5.20581	4.60262	3.09109	1.91722	4.80553	4.79107	4.67256	1.60693	1.36582	1.17495	8.45908	7.07214	5.97157	33.85	6.0	0.00	-2.04	0.01725	0.01195	0.01512	0.01833	0.01895	0.01482	0.00541	0.01503	0.01995	0.01868	0.01299	0.01654	0.01697	0.01754	0.01371	0.00571	0.01611	0.02153
39610	0.86131	0.85980	0.74268	5.68067	5.44586	5.20657	4.61225	3.09352	1.91686	4.80600	4.79203	4.67133	1.60779	1.36825	1.17595	8.46136	7.07298	5.97141
39780	0.86125	0.85808	0.74020	5.67707	5.43989	5.20165	4.59919	3.08822	1.91416	4.80254	4.78790	4.66849	1.60766	1.36624	1.17659	8.46205	7.07344	5.97220
39940	0.86139	0.86023	0.74224	5.67656	5.44054	5.20279	4.60172	3.08950	1.91526	4.80237	4.78779	4.66849	1.60479	1.36529	1.17345	8.45808	7.07052	5.96873
40110	0.86088	0.86127	0.74248	5.67626	5.44043	5.20268	4.60296	3.09407	1.91720	4.80373	4.78869	4.67018	1.60590	1.36865	1.17493	8.45972	7.07102	5.96853
40270	0.86017	0.85953	0.73888	5.67410	5.43908	5.20195	4.60859	3.08953	1.91485	4.80369	4.78623	4.66953	1.60681	1.36937	1.17429	8.46392	7.06998	5.96854
40440	0.86202	0.86039	0.74133	5.67343	5.43861	5.20187	4.60953	3.09142	1.91751	4.80373	4.78713	4.66887	1.60862	1.36862	1.17826	8.46355	7.07147	5.96978
40600	0.86133	0.86345	0.74346	5.67390	5.43933	5.20099	4.60096	3.09292	1.91868	4.80366	4.78728	4.66986	1.60707	1.36722	1.17669	8.46027	7.06940	5.96809
40770	0.86091	0.86249	0.74364	5.67202	5.43926	5.20193	4.60862	3.09426	1.91855	4.80496	4.78754	4.67061	1.60941	1.36670	1.17660	8.46036	7.06984	5.96765
40930	0.85955	0.86063	0.74036	5.67184	5.43585	5.19728	4.60877	3.08659	1.91477	4.80105	4.78334	4.66585	1.60761	1.36729	1.17574	8.46602	7.07091	5.96781
41100	0.86179	0.86232	0.74090	5.67245	5.43658	5.19857	4.59854	3.08823	1.91569	4.80205	4.78342	4.66617	1.60568	1.36666	1.17341	8.45961	7.06909	5.96511	33.90	6.1	0.00	-2.04	0.01725	0.01195	0.01512	0.01833	0.01895	0.01482	0.00541	0.01503	0.01995	0.01868	0.01299	0.01654	0.01697	0.01754	0.01371	0.00571	0.01611	0.02153
41260	0.85828	0.86139	0.74015	5.66995	5.43550	5.19729	4.59538	3.08803	1.91619	4.80191	4.78240	4.66479	1.60692	1.36747	1.17626	8.46299	7.07004	5.96605
41420	0.86114	0.85891	0.73990	5.66942	5.43462	5.19622	4.59726	3.08825	1.91448	4.80033	4.78296	4.66597	1.60635	1.36682	1.17635	8.46144	7.07065	5.96626
41590	0.85971	0.86069	0.74055	5.67066	5.43467	5.19676	4.59983	3.08845	1.91618	4.80026	4.78237	4.66438	1.60521	1.36751	1.17732	8.46422	7.07029	5.96619
41750	0.86055	0.86184	0.74035	5.67004	5.43445	5.19715	4.60651	3.09141	1.91619	4.79971	4.78073	4.66382	1.60665	1.36631	1.17550	8.46523	7.06866	5.96439
41920	0.86238	0.86160	0.74061	5.66975	5.43392	5.19512	4.60077	3.08930	1.91712	4.79925	4.78069	4.66462	1.60638	1.36810	1.17636	8.46555	7.07188	5.96758
42080	0.86100	0.85994	0.74287	5.66980	5.43548	5.19644	4.60175	3.08747	1.91540	4.79855	4.77936	4.66374	1.60553	1.36602	1.17260	8.46687	7.07000	5.96542
42250	0.86255	0.86318	0.74373	5.67145	5.43601	5.19824	4.60484	3.09228	1.91721	4.80087	4.78173	4.66594	1.60719	1.36949	1.17826	8.46614	7.07315	5.96904
42410	0.86173	0.86157	0.74137	5.67103	5.43454	5.19501	4.60349	3.08756	1.91531	4.79787	4.77851	4.66150	1.60826	1.37127	1.17791	8.46605	7.07616	5.97033
42580	0.86186	0.86428	0.74401	5.67384	5.43714	5.19670	4.60930	3.09415	1.91671	4.79960	4.77958	4.66426	1.60844	1.36846	1.17806	8.46495	7.07172	5.96691
42740	0.86024	0.86294	0.74341	5.67080	5.43492	5.19588	4.60456	3.08976	1.91835	4.79791	4.77860	4.66200	1.60649	1.36673	1.17450	8.46623	7.06961	5.96558	33.85	6.0	0.00	-2.04	0.01725	0.01195	0.01512	0.01834	0.01895	0.01482	0.00541	0.01503	0.01995	0.01868	0.01299	0.01654	0.01697	0.01754	0.01371	0.00571	0.01611	0.02153
42910	0.86068	0.86377	0.74143	5.67048	5.43597	5.19595	4.61434	3.09109	1.91647	4.79905	4.77936	4.66219	1.60715	1.36780	1.17618	8.46244	7.06938	5.96582
43070	0.86137	0.86156	0.74123	5.66984	5.43406	5.19483	4.60313	3.08847	1.91362	4.79721	4.77715	4.66060	1.60597	1.36967	1.17618	8.46345	7.07078	5.96732
43240	0.86236	0.86209	0.74321	5.67093	5.43595	5.19526	4.60849	3.09172	1.91686	4.79814	4.77926	4.66224	1.60827	1.36990	1.18036	8.46975	7.07445	5.97048
43400	0.86310	0.86596	0.74288	5.67514	5.43945	5.19910	4.61857	3.09630	1.91864	4.79989	4.77977	4.66293	1.60969	1.36930	1.17734	8.46537	7.07222	5.96815
43570	0.86123	0.86109	0.74118	5.67117	5.43658	5.19602	4.60554	3.09574	1.91731	4.79886	4.77850	4.66194	1.60758	1.36751	1.17476	8.46249	7.07038	5.96587
43730	0.86033	0.85911	0.73919	5.66954	5.43392	5.19319	4.60497	3.08481	1.91270	4.79598	4.77580	4.65920	1.60452	1.36654	1.17427	8.45861	7.06826	5.96382
43890	0.85961	0.86039	0.74124	5.66848	5.43423	5.19273	4.61132	3.08652	1.91163	4.79562	4.77637	4.65907	1.60250	1.36557	1.17182	8.45743	7.06548	5.96069
44060	0.85793	0.86053	0.73728	5.66641	5.43160	5.18983	4.60592	3.08633	1.90877	4.79370	4.77453	4.65771	1.60599	1.36722	1.17610	8.45747	7.06556	5.96112
44220	0.86033	0.86069	0.74016	5.66793	5.43347	5.19110	4.60403	3.08789	1.91496	4.79513	4.77669	4.65957	1.60469	1.36424	1.17277	8.45829	7.06269	5.95771
44390	0.85945	0.85840	0.74033	5.66841	5.43414	5.19198	4.60309	3.09376	1.91622	4.79571	4.77697	4.65964	1.60541	1.36630	1.17319	8.45853	7.06361	5.96014	33.90	6.1	0.00	-2.04	0.01725	0.01195	0.01512	0.01834	0.01895	0.01482	0.00541	0.01503	0.01995	0.01868	0.01299	0.01654	0.01697	0.01755	0.01371	0.00571	0.01611	0.02153
44550	0.85646	0.85927	0.74010	5.66722	5.43258	5.18859	4.60392	3.08657	1.91407	4.79323	4.77503	4.65710	1.60430	1.36477	1.17340	8.45579	7.06075	5.95640
44710	0.86123	0.86208	0.74240	5.66937	5.43718	5.19363	4.61419	3.09540	1.91676	4.79552	4.77963	4.66143	1.60777	1.36859	1.17598	8.46282	7.06890	5.96398
44880	0.85939	0.86181	0.73895	5.67070	5.43458	5.19021	4.60226	3.08800	1.91317	4.79157	4.77801	4.65826	1.60877	1.36872	1.17881	8.46450	7.06904	5.96406
45040	0.86093	0.85851	0.74074	5.67096	5.43644	5.19167	4.59830	3.08872	1.91380	4.79089	4.77719	4.65852	1.60413	1.36146	1.17293	8.45766	7.06196	5.96053
45210	0.85780	0.86002	0.74129	5.66981	5.43624	5.18892	4.60162	3.08924	1.91462	4.78980	4.77681	4.65711	1.60535	1.36451	1.17396	8.45780	7.06185	5.96018
45370	0.85767	0.85933	0.73707	5.67031	5.43555	5.18860	4.59807	3.09034	1.91123	4.78924	4.77719	4.65719	1.60313	1.36266	1.17264	8.45419	7.06202	5.95957
45530	0.85595	0.85956	0.73878	5.67209	5.43866	5.19243	4.61015	3.09153	1.91415	4.79202	4.77980	4.65914	1.60626	1.36589	1.17544	8.45971	7.06587	5.96294
45700	0.85849	0.85999	0.73927	5.67207	5.43689	5.19089	4.60388	3.08758	1.91327	4.78997	4.77835	4.65800	1.60353	1.36241	1.17245	8.45775	7.06385	5.96036
45860	0.85622	0.85746	0.73681	5.67055	5.43555	5.19061	4.59860	3.08653	1.91407	4.79007	4.77934	4.65718	1.60546	1.36633	1.17377	8.45433	7.06313	5.96004
46030	0.85661	0.85767	0.73493	5.66837	5.43403	5.18868	4.59569	3.08688	1.90908	4.78820	4.77636	4.65503	1.60551	1.36664	1.17634	8.45848	7.06599	5.96358	33.90	6.1	0.00	-2.04	0.01725	0.01195	0.01512	0.01833	0.01895	0.01482	0.00541	0.01503	0.01995	0.01868	0.01299	0.01654	0.01697	0.01754	0.01371	0.00571	0.01611	0.02153
46190	0.85889	0.85944	0.74060	5.67139	5.43713	5.19223	4.60440	3.09135	1.91543	4.79264	4.78009	4.66040	1.60404	1.36375	1.17152	8.45246	7.06238	5.95998
46360	0.85673	0.85998	0.73917	5.66932	5.43446	5.19247	4.59950	3.08623	1.91360	4.79346	4.78164	4.66029	1.60483	1.36618	1.17393	8.45588	7.06311	5.96179
46520	0.85720	0.86021	0.73776	5.66977	5.43553	5.19262	4.59716	3.08961	1.91559	4.79318	4.77985	4.66053	1.60330	1.36252	1.16984	8.45893	7.06226	5.96074
46690	0.85225	0.85513	0.73829	5.66861	5.43539	5.19398	4.59867	3.08938	1.91571	4.79530	4.78049	4.66241	1.60851	1.36590	1.17515	8.45519	7.06363	5.96187
46850	0.85785	0.86002	0.74026	5.67067	5.43419	5.19326	4.59693	3.08474	1.91226	4.79487	4.77957	4.66078	1.60756	1.36642	1.17781	8.45770	7.06428	5.96304
47020	0.85967	0.86251	0.74012	5.66986	5.43342	5.19418	4.59267	3.08780	1.91378	4.79528	4.78037	4.66282	1.60502	1.36468	1.17142	8.45401	7.06075	5.96022
47180	0.85435	0.85916	0.74125	5.66731	5.43253	5.19479	4.59927	3.08820	1.91638	4.79727	4.78081	4.66392	1.60852	1.36501	1.17229	8.45510	7.06472	5.96360
47340	0.85337	0.85945	0.73792	5.66809	5.43124	5.19136	4.59889	3.08187	1.90859	4.79297	4.77679	4.65917	1.60414	1.36580	1.17153	8.45433	7.06269	5.96278
47510	0.85516	0.85857	0.73663	5.66801	5.43112	5.19269	4.59071	3.08325	1.91166	4.79295	4.77739	4.65919	1.60278	1.35923	1.16556	8.45150	7.06016	5.95926
47670	0.85155	0.85532	0.73322	5.66345	5.42583	5.18967	4.58541	3.07701	1.90563	4.78990	4.77322	4.65502	1.60359	1.36264	1.17175	8.45499	7.06582	5.96506	33.85	6.1	0.00	-2.04	0.01725	0.01195	0.01512	0.01834	0.01895	0.01482	0.00541	0.01503	0.01995	0.01868	0.01299	0.01654	0.01697	0.01754	0.01371	0.00571	0.01611	0.02153
47840	0.85582	0.85894	0.73825	5.66772	5.43090	5.19302	4.59019	3.08484	1.91053	4.79328	4.77610	4.65783	1.60216	1.36113	1.16859	8.45353	7.06084	5.96005
48000	0.85488	0.85800	0.73601	5.66498	5.42906	5.19146	4.59769	3.08513	1.91018	4.79206	4.77386	4.65770	1.60395	1.36217	1.16909	8.45248	7.06022	5.95912
48160	0.85279	0.85527	0.73587	5.66319	5.42539	5.18804	4.59042	3.08008	1.90683	4.78925	4.77109	4.65380	1.60131	1.36006	1.16914	8.45417	7.06145	5.96001
48330	0.85272	0.85420	0.73490	5.66429	5.42549	5.18863	4.59136	3.07760	1.90676	4.79073	4.77215	4.65614	1.59874	1.36120	1.16789	8.44911	7.05876	5.95836
48490	0.85071	0.85340	0.73174	5.66159	5.42386	5.18570	4.58970	3.07532	1.90430	4.78941	4.77023	4.65312	1.59987	1.36206	1.17073	8.45212	7.06254	5.96159
48660	0.85287	0.85786	0.73570	5.66537	5.42651	5.18909	4.59373	3.07991	1.90681	4.79240	4.77324	4.65676	1.59777	1.35696	1.16721	8.45271	7.05779	5.95688
48820	0.85173	0.85706	0.73514	5.66445	5.42704	5.18981	4.59875	3.08246	1.90872	4.79237	4.77292	4.65801	1.60180	1.35988	1.16816	8.45659	7.06366	5.96005
48990	0.85267	0.85229	0.73298	5.66313	5.42506	5.18629	4.58955	3.07748	1.90291	4.78924	4.77118	4.65526	1.60056	1.35904	1.17077	8.45891	7.06535	5.96107
49150	0.85340	0.85715	0.73393	5.66516	5.42756	5.18871	4.57554	3.06434	1.89335	4.78995	4.77265	4.65597	1.60906	1.35249	1.10023	8.45495	7.06003	5.95686
49320	0.79910	0.52179	0.11073	5.66557	5.42832	5.19008	-0.35188	1.24407	0.71123	4.79191	4.77330	4.65754	0.80455	0.59537	0.15213	8.45748	7.06169	5.95891	33.90	6.2	0.00	-2.04	0.01725	0.01195	0.01512	0.01834	0.01895	0.01482	0.00541	0.01503	0.01995	0.01868	0.01299	0.01654	0.01697	0.01754	0.01371	0.00571	0.01611	0.02153
49480	0.00316	-0.55124	-0.46253	5.66416	5.42539	5.18595	-1.26229	1.10666	0.69801	4.78760	4.77113	4.65308	0.41914	0.22169	-0.36720	8.45155	7.06009	5.95714
49640	-0.51104	-1.20957	-0.99053	5.66290	5.42513	5.18521	-2.56987	0.44451	0.10312	4.78786	4.76947	4.65390	-0.57051	-0.72600	-1.32655	8.45606	7.06166	5.95675
49810	-0.73761	-1.28081	-0.97225	5.66336	5.42409	5.18622	-2.47746	0.54914	0.34769	4.78864	4.76946	4.65348	0.09712	0.42302	0.73356	8.45360	7.06013	5.95696
49970	1.21508	1.55054	1.40774	5.66230	5.42337	5.18580	10.13966	4.56092	2.87276	4.78768	4.76929	4.65248	2.52500	2.22577	2.23967	8.46076	7.06529	5.96182
50140	1.66777	2.03410	1.66118	5.66660	5.42916	5.18900	10.86474	4.51913	2.77456	4.79099	4.77299	4.65613	2.39471	2.07915	2.01906	8.45675	7.06293	5.95836
50300	1.45323	1.68171	1.36447	5.66304	5.42368	5.18500	8.02766	3.88279	2.34976	4.78662	4.76895	4.65262	1.97955	1.77175	1.71599	8.44996	7.05788	5.95516
50470	1.32989	1.56384	1.30252	5.65937	5.42089	5.18254	8.21955	3.98546	2.45396	4.78574	4.76674	4.65118	2.07707	1.79158	1.68380	8.45520	7.06404	5.95970
50630	1.24922	1.43304	1.19239	5.66319	5.42535	5.18565	7.39136	3.81184	2.35864	4.78845	4.76989	4.65475	1.99538	1.72612	1.61655	8.45492	7.06113	5.95546
50790	1.20406	1.36074	1.13607	5.66247	5.42478	5.18702	6.95262	3.70023	2.28640	4.78854	4.77098	4.65470	1.93378	1.66815	1.54595	8.45679	7.06214	5.95680
50960	1.14927	1.28287	1.07407	5.66033	5.42244	5.18234	6.57987	3.60596	2.22924	4.78445	4.76756	4.65076	1.88443	1.61935	1.48980	8.45008	7.05938	5.95528	33.90	6.1	0.00	-2.04	0.01725	0.01195	0.01512	0.01834	0.01895	0.01482	0.00541	0.01503	0.01995	0.01868	0.01299	0.01654	0.01697	0.01754	0.01371	0.00571	0.01611	0.02153
51120	1.09794	1.20342	1.01033	5.65922	5.42174	5.18128	6.14072	3.49512	2.16394	4.78372	4.76778	4.65013	1.81799	1.55853	1.41346	8.45208	7.05699	5.95330
51290	1.05005	1.14008	0.96281	5.65778	5.42075	5.18090	5.89728	3.42323	2.11737	4.78215	4.76607	4.64954	1.79543	1.54229	1.39409	8.45158	7.06071	5.95751
51450	1.02215	1.09530	0.92414	5.66212	5.42556	5.18403	5.64882	3.37230	2.09093	4.78494	4.76944	4.65153	1.76428	1.51773	1.37668	8.44871	7.05678	5.95294
51610	1.02328	1.10827	0.94409	5.66255	5.42592	5.18434	5.81647	3.41417	2.11733	4.78528	4.76901	4.65171	1.79827	1.54661	1.40143	8.45496	7.05844	5.95461
51780	1.02686	1.10281	0.93134	5.66005	5.42280	5.18010	5.72828	3.38366	2.09085	4.78206	4.76588	4.64804	1.77213	1.51976	1.36599	8.45363	7.05875	5.95410
51940	0.99809	1.06117	0.90062	5.65969	5.42328	5.18082	5.52345	3.33571	2.06041	4.78167	4.76585	4.64766	1.74190	1.48983	1.32892	8.44848	7.05354	5.94893
52110	0.97351	1.02586	0.87248	5.66080	5.42398	5.18130	5.35986	3.29268	2.03755	4.78233	4.76638	4.64801	1.71973	1.47093	1.30345	8.44985	7.05552	5.95171
52270	0.95218	0.99560	0.84760	5.65821	5.42043	5.17701	5.23454	3.25333	2.00994	4.77907	4.76452	4.64516	1.69729	1.44606	1.27923	8.45263	7.05722	5.95361
52440	0.93493	0.97178	0.82812	5.65871	5.42234	5.17893	5.12584	3.22287	1.99245	4.78128	4.76526	4.64679	1.68072	1.43345	1.26217	8.45687	7.06033	5.95561
52600	0.91839	0.95279	0.81246	5.66218	5.42483	5.18264	5.01978	3.19607	1.97946	4.78417	4.76741	4.64913	1.66652	1.41968	1.24374	8.45374	7.06000	5.95465	33.90	6.2	0.00	-2.04	0.01725	0.01195	0.01512	0.01834	0.01895	0.01482	0.00541	0.01503	0.01995	0.01868	0.01299	0.01654	0.01697	0.01754	0.01371	0.00571	0.01611	0.02153
52770	0.90788	0.93589	0.79879	5.66030	5.42305	5.18262	4.94944	3.17539	1.96678	4.78371	4.76806	4.64949	1.65513	1.41001	1.23112	8.45656	7.06083	5.95494
52930	0.89741	0.91906	0.78482	5.65922	5.42059	5.17931	4.89366	3.15611	1.95057	4.78036	4.76552	4.64624	1.64184	1.39933	1.21929	8.45579	7.05845	5.95390
53090	0.89071	0.90790	0.77650	5.65967	5.42161	5.18159	4.84560	3.14228	1.94230	4.78000	4.76490	4.64662	1.63150	1.38704	1.20567	8.45118	7.05715	5.95346
53260	0.88252	0.89439	0.76883	5.65990	5.42110	5.17897	4.77974	3.12887	1.93167	4.77916	4.76487	4.64577	1.62544	1.38249	1.19870	8.45118	7.06234	5.95667
53420	0.87401	0.88302	0.76028	5.66255	5.42402	5.18323	4.72879	3.11445	1.92436	4.78220	4.76618	4.64748	1.61363	1.36822	1.17731	8.45465	7.05938	5.95376
53590	0.85099	0.84016	0.71672	5.66166	5.42317	5.18269	4.40011	3.01084	1.85896	4.78222	4.76624	4.64832	1.54522	1.30898	1.10571	8.45301	7.05791	5.95427
53750	0.81020	0.79582	0.68269	5.65885	5.41959	5.17832	4.33216	2.99092	1.84200	4.77772	4.76215	4.64252	1.52624	1.29163	1.09159	8.45005	7.05744	5.95221
53910	0.80781	0.79136	0.68435	5.65637	5.41796	5.17634	4.34042	2.99746	1.84343	4.77656	4.76067	4.64225	1.51885	1.28209	1.07746	8.44517	7.05459	5.94926
54080	0.79229	0.77249	0.67025	5.65432	5.41572	5.17438	4.28504	2.98121	1.84140	4.77499	4.75935	4.64079	1.53290	1.29782	1.09257	8.45132	7.05913	5.95418
54240	0.77986	0.71246	0.65137	5.65861	5.41828	5.17801	4.21556	2.95710	1.82643	4.77852	4.76061	4.64302	1.51067	1.27187	1.05637	8.44358	7.05506	5.94988	33.85	6.0	0.00	-2.04	0.01725	0.01195	0.01512	0.01834	0.01895	0.01482	0.00541	0.01503	0.01995	0.01868	0.01299	0.01654	0.01697	0.01754	0.01371	0.00571	0.01611	0.02153
54410	0.77037	0.72979	0.63024	5.65846	5.41862	5.17911	3.96037	2.88649	1.78407	4.78065	4.76178	4.64505	1.47280	1.24594	1.03593	8.45073	7.05737	5.95198
54570	0.76344	0.71715	0.61885	5.65557	5.41697	5.17547	3.99664	2.89688	1.79019	4.77741	4.75936	4.64237	1.47815	1.24935	1.03912	8.45100	7.05450	5.95081
54740	0.77162	0.73731	0.63806	5.65547	5.41732	5.17589	4.07479	2.91102	1.79144	4.77800	4.75988	4.64406	1.46256	1.23208	1.01802	8.44790	7.05266	5.94936
54900	0.75373	0.71352	0.62640	5.65376	5.41471	5.17423	4.04909	2.90457	1.79422	4.77529	4.75898	4.64168	1.48127	1.25017	1.04187	8.44918	7.05691	5.95293
55060	0.77205	0.74170	0.64651	5.65800	5.41965	5.17831	4.17683	2.96346	1.83402	4.77986	4.76324	4.64529	1.53152	1.30166	1.10695	8.44854	7.05458	5.95063
55230	0.81731	0.80316	0.69320	5.65966	5.42234	5.18145	4.39926	3.02542	1.87033	4.78209	4.76552	4.64848	1.55401	1.31822	1.12511	8.45319	7.05943	5.95357
55390	0.83416	0.83369	0.72126	5.65849	5.41964	5.17720	4.55551	3.06192	1.89076	4.77936	4.76165	4.64427	1.57683	1.33869	1.14676	8.45119	7.05704	5.95255
55560	0.84078	0.83426	0.72185	5.65694	5.41940	5.17704	4.52098	3.05070	1.88307	4.77886	4.76345	4.64444	1.56729	1.32876	1.13822	8.44727	7.05504	5.95067
55720	0.83196	0.82230	0.71083	5.65781	5.42207	5.17877	4.48396	3.03843	1.87482	4.78126	4.76480	4.64504	1.55740	1.31866	1.11885	8.44695	7.05495	5.95082
55880	0.82134	0.81446	0.70537	5.65679	5.41979	5.17836	4.48147	3.03282	1.87157	4.77910	4.76239	4.64406	1.55805	1.32672	1.13298	8.44863	7.05783	5.95417	33.90	6.0	0.00	-2.04	0.01725	0.01195	0.01512	0.01834	0.01895	0.01482	0.00541	0.01503	0.01995	0.01868	0.01299	0.01654	0.01697	0.01754	0.01371	0.00571	0.01611	0.02153
56050	0.83023	0.82228	0.71533	5.66209	5.42439	5.18181	4.52597	3.05969	1.89348	4.78131	4.76487	4.64671	1.58400	1.35188	1.17500	8.44663	7.05546	5.95067
56210	0.86569	0.87774	0.76025	5.65764	5.41994	5.17609	4.84152	3.15497	1.95479	4.77730	4.76210	4.64288	1.66535	1.42951	1.26369	8.45114	7.05937	5.95383
56380	0.92122	0.94764	0.81213	5.66416	5.42474	5.18163	5.04190	3.20650	1.98207	4.78157	4.76649	4.64705	1.67108	1.42580	1.25418	8.45064	7.05794	5.95321
56540	0.90535	0.92577	0.78895	5.66095	5.42467	5.18034	4.90767	3.16544	1.95616	4.78107	4.76740	4.64780	1.65041	1.40647	1.23075	8.44800	7.05667	5.95174
56700	0.89547	0.91448	0.78707	5.66000	5.42188	5.17712	4.90845	3.16402	1.95403	4.77889	4.76463	4.64455	1.64648	1.40310	1.22602	8.44613	7.05159	5.94840
56870	0.89060	0.91265	0.78394	5.66214	5.42555	5.18156	4.87020	3.15581	1.95308	4.78321	4.76851	4.64802	1.64868	1.40794	1.23550	8.45488	7.05795	5.95377
57030	0.90311	0.92545	0.79447	5.66106	5.42404	5.18030	4.92227	3.16306	1.95187	4.78055	4.76535	4.64524	1.64377	1.40083	1.22323	8.45438	7.05640	5.95213
57190	0.88710	0.89975	0.77103	5.65993	5.42300	5.17823	4.79660	3.12934	1.93431	4.77975	4.76633	4.64599	1.62354	1.38184	1.20123	8.44750	7.05497	5.95097
57360	0.87372	0.88188	0.75767	5.65938	5.42199	5.17790	4.74196	3.11127	1.92202	4.77816	4.76470	4.64443	1.61417	1.37611	1.18912	8.45278	7.05844	5.95437
57520	0.86558	0.86953	0.74667	5.66301	5.42492	5.18067	4.67609	3.09302	1.91288	4.78131	4.76684	4.64798	1.59990	1.36109	1.17012	8.45001	7.05337	5.95021	33.90	6.0	0.00	-2.04	0.01725	0.01195	0.01512	0.01834	0.01895	0.01482	0.00541	0.01503	0.01995	0.01868	0.01299	0.01654	0.01697	0.01754	0.01371	0.00571	0.01611	0.02153
57690	0.85114	0.85046	0.73344	5.66367	5.42585	5.18250	4.60597	3.07821	1.90165	4.78282	4.76923	4.64967	1.58752	1.35113	1.15896	8.44942	7.05592	5.95418
57850	0.84425	0.83912	0.72694	5.66277	5.42463	5.18037	4.58391	3.06614	1.89248	4.77982	4.76633	4.64829	1.58295	1.34581	1.15411	8.45143	7.05730	5.95451
58020	0.84163	0.84105	0.72610	5.66379	5.42676	5.18280	4.56750	3.06573	1.89194	4.78266	4.76909	4.65032	1.58110	1.34087	1.14970	8.44897	7.05551	5.95177
58180	0.83995	0.83526	0.71958	5.66552	5.42832	5.18542	4.51567	3.05334	1.88727	4.78572	4.77148	4.65305	1.57776	1.34153	1.14893	8.45375	7.06004	5.95676
58350	0.83996	0.83340	0.71781	5.66442	5.42595	5.18330	4.49176	3.04691	1.88278	4.78170	4.76800	4.64935	1.57464	1.33846	1.14338	8.45311	7.06105	5.95855
58510	0.83233	0.82011	0.70637	5.66648	5.42858	5.18523	4.45135	3.03689	1.87860	4.78410	4.77095	4.65096	1.56915	1.33305	1.13787	8.45293	7.05887	5.95568
58670	0.83100	0.82128	0.71133	5.66701	5.42988	5.18671	4.47509	3.03998	1.87859	4.78597	4.77220	4.65317	1.56829	1.33078	1.13439	8.45325	7.06017	5.95735
58840	0.82741	0.81830	0.70726	5.66603	5.42682	5.18320	4.46057	3.03191	1.87156	4.78248	4.76887	4.64967	1.56354	1.32733	1.13162	8.45143	7.06081	5.95721
59000	0.82822	0.81897	0.70750	5.66754	5.42931	5.18443	4.47252	3.03556	1.87672	4.78421	4.77096	4.65109	1.57090	1.33537	1.14448	8.45403	7.06394	5.95925
59170	0.83719	0.82909	0.71732	5.66998	5.43122	5.18650	4.52641	3.05023	1.88825	4.78484	4.77340	4.65146	1.57610	1.33868	1.14938	8.45416	7.06010	5.95649	33.90	6.0	0.00	-2.04	0.01725	0.01195	0.01512	0.01834	0.01895	0.01482	0.00541	0.01503	0.01995	0.01868	0.01299	0.01654	0.01697	0.01754	0.01371	0.00571	0.01611	0.02153
59330	0.83701	0.83487	0.72435	5.66844	5.43065	5.18638	4.57322	3.06810	1.89479	4.78534	4.77265	4.65163	1.58432	1.34445	1.15439	8.45694	7.06195	5.95821
59500	0.84025	0.83717	0.72300	5.66745	5.42901	5.18483	4.53645	3.05789	1.88566	4.78370	4.77200	4.65119	1.58250	1.34752	1.15525	8.45950	7.06539	5.96099
59660	0.84247	0.83635	0.72202	5.67044	5.43244	5.18733	4.53375	3.05295	1.88496	4.78490	4.77323	4.65208	1.57672	1.33858	1.14199	8.45895	7.06170	5.95780
59830	0.83554	0.82805	0.71926	5.67086	5.43221	5.18893	4.51507	3.05512	1.88568	4.78779	4.77601	4.65486	1.57825	1.33758	1.14383	8.46046	7.06555	5.96079
59990	0.83019	0.81898	0.71080	5.66743	5.42847	5.18606	4.48385	3.04112	1.87662	4.78334	4.77119	4.65108	1.56982	1.33361	1.14033	8.45717	7.06488	5.96045
60160	0.83346	0.82433	0.71337	5.66661	5.42636	5.18519	4.52023	3.04876	1.88129	4.78371	4.77053	4.65112	1.57375	1.33248	1.13698	8.45248	7.05997	5.95716
60320	0.82612	0.81451	0.70362	5.66510	5.42720	5.18698	4.47352	3.03608	1.87844	4.78531	4.77400	4.65408	1.57199	1.33240	1.14100	8.45795	7.06231	5.95936
60480	0.83155	0.82559	0.71442	5.66519	5.42725	5.18847	4.51208	3.04765	1.88414	4.78578	4.77322	4.65364	1.57664	1.33886	1.14419	8.45754	7.06009	5.95868
60650	0.83294	0.82529	0.71595	5.66718	5.42867	5.19006	4.53199	3.04904	1.88359	4.78830	4.77439	4.65575	1.56946	1.32901	1.13639	8.45562	7.06253	5.96098
60810	0.82930	0.82127	0.70942	5.66442	5.42522	5.18632	4.48956	3.03918	1.87616	4.78596	4.77182	4.65348	1.57088	1.33335	1.14504	8.45125	7.06454	5.96229	33.90	6.1	0.00	-2.04	0.01725	0.01195	0.01512	0.01833	0.01894	0.01482	0.00541	0.01503	0.01995	0.01868	0.01299	0.01654	0.01697	0.01754	0.01371	0.00571	0.01611	0.02153
60980	0.83430	0.82950	0.72014	5.66661	5.42730	5.18930	4.55278	3.05962	1.88896	4.78859	4.77375	4.65682	1.58840	1.35316	1.16896	8.45380	7.06328	5.96072
61140	0.85351	0.85624	0.73930	5.66625	5.42774	5.18928	4.64743	3.08851	1.90543	4.78890	4.77385	4.65664	1.59738	1.35909	1.17431	8.45686	7.06483	5.96230
61310	0.85626	0.86288	0.74656	5.66624	5.42678	5.18829	4.68678	3.09820	1.91411	4.78775	4.77310	4.65666	1.60994	1.37015	1.18759	8.45850	7.06663	5.96269
61470	0.86266	0.86609	0.74924	5.66784	5.42816	5.18971	4.69184	3.09610	1.91104	4.78964	4.77335	4.65721	1.60394	1.36417	1.17873	8.45964	7.06352	5.96056
61640	0.85860	0.85950	0.74313	5.66943	5.42928	5.19226	4.65217	3.08886	1.90863	4.79267	4.77602	4.65938	1.59845	1.36093	1.17088	8.46238	7.06848	5.96430
61800	0.85123	0.85130	0.73629	5.66827	5.42790	5.19048	4.63970	3.08658	1.90950	4.78869	4.77236	4.65531	1.60500	1.36506	1.18187	8.45973	7.06329	5.96182
61970	0.85914	0.86205	0.74552	5.66591	5.42661	5.18875	4.67510	3.09482	1.91117	4.78768	4.77159	4.65474	1.60810	1.37118	1.18660	8.45905	7.06956	5.96774
62130	0.86291	0.86490	0.74835	5.67281	5.43188	5.19297	4.66435	3.09221	1.91054	4.79059	4.77404	4.65770	1.60480	1.36366	1.17708	8.46174	7.06612	5.96302
62290	0.85522	0.85657	0.73895	5.66678	5.42890	5.18872	4.64114	3.08539	1.90937	4.78739	4.77262	4.65388	1.60253	1.36336	1.17657	8.45791	7.06433	5.96110
62460	0.85403	0.85499	0.73928	5.66710	5.42665	5.18590	4.63453	3.08334	1.90527	4.78516	4.76961	4.65292	1.60022	1.36182	1.17478	8.45554	7.06300	5.95938	33.90	6.1	0.00	-2.04	0.01725	0.01195	0.01512	0.01834	0.01895	0.01482	0.00541	0.01503	0.01995	0.01868	0.01299	0.01654	0.01697	0.01754	0.01371	0.00571	0.01611	0.02153
62620	0.85199	0.85337	0.73655	5.66702	5.42659	5.18515	4.61426	3.07538	1.89868	4.78405	4.76872	4.65111	1.59301	1.35219	1.16151	8.45722	7.06115	5.95725
62780	0.84515	0.84140	0.72345	5.66305	5.42365	5.18204	4.53892	3.05085	1.88414	4.78093	4.76620	4.64923	1.57875	1.34540	1.15492	8.45435	7.06380	5.95959
62950	0.84407	0.84252	0.72716	5.66640	5.42780	5.18515	4.57422	3.06862	1.89355	4.78381	4.76949	4.65262	1.58773	1.34912	1.15524	8.45595	7.06156	5.95781
63110	0.83859	0.83633	0.72523	5.66812	5.42959	5.18657	4.57242	3.06796	1.89619	4.78413	4.77144	4.65183	1.58887	1.35002	1.15960	8.45353	7.06291	5.95886
63280	0.84520	0.84204	0.72823	5.66717	5.42819	5.18411	4.57219	3.06733	1.89474	4.78247	4.76984	4.65084	1.58830	1.34986	1.16122	8.45864	7.06450	5.96002
63440	0.84700	0.84816	0.73049	5.66967	5.43076	5.18551	4.57471	3.06720	1.89682	4.78390	4.77163	4.65250	1.59017	1.35179	1.15928	8.45791	7.06390	5.95946
63610	0.84682	0.84513	0.73056	5.67020	5.43256	5.18837	4.58676	3.07275	1.89907	4.78490	4.77394	4.65219	1.59098	1.34944	1.15959	8.45668	7.06606	5.96010
63770	0.84008	0.83521	0.72003	5.66688	5.42893	5.18320	4.52524	3.04936	1.88295	4.78018	4.76977	4.64891	1.57448	1.33931	1.14953	8.45617	7.06543	5.96183
63940	0.83517	0.83283	0.71917	5.66892	5.43038	5.18721	4.53030	3.05141	1.88638	4.78415	4.77386	4.65257	1.57391	1.33865	1.14689	8.45713	7.06530	5.96102
64100	0.83718	0.83295	0.71867	5.67305	5.43512	5.19155	4.50403	3.04811	1.88661	4.78816	4.77629	4.65510	1.58026	1.34558	1.15665	8.46203	7.06822	5.96385	33.85	6.1	0.00	-2.04	0.01725	0.01195	0.01512	0.01834	0.01895	0.01482	0.00541	0.01503	0.01995	0.01868	0.01299	0.01654	0.01697	0.01754	0.01371	0.00571	0.01611	0.02153
64270	0.84584	0.84501	0.72758	5.67182	5.43288	5.18829	4.58264	3.07026	1.89941	4.78557	4.77522	4.65370	1.59120	1.35072	1.15987	8.45569	7.06446	5.96176
64430	0.84547	0.84497	0.72856	5.67080	5.43333	5.18946	4.56586	3.06037	1.89071	4.78571	4.77661	4.65463	1.58258	1.34255	1.15041	8.45409	7.06731	5.96363
64600	0.84140	0.83589	0.72271	5.67374	5.43723	5.19152	4.52617	3.05248	1.88695	4.78809	4.77908	4.65705	1.57737	1.33901	1.14725	8.46034	7.06802	5.96512
64760	0.83875	0.83440	0.71947	5.67474	5.43711	5.19282	4.50881	3.04533	1.88341	4.78847	4.77992	4.65644	1.57395	1.33424	1.14474	8.45500	7.06635	5.96380
64930	0.83608	0.83029	0.71495	5.67402	5.43770	5.19349	4.48148	3.04420	1.88170	4.79072	4.78280	4.65912	1.57331	1.33613	1.14559	8.45769	7.06910	5.96516
65090	0.83656	0.83115	0.71466	5.67409	5.43779	5.19296	4.48637	3.03990	1.88164	4.78926	4.77950	4.65711	1.57148	1.33583	1.13985	8.45619	7.06871	5.96595
65260	0.83464	0.82867	0.71277	5.67493	5.43736	5.19323	4.47832	3.04135	1.88221	4.78901	4.78077	4.65702	1.57385	1.33487	1.14567	8.45090	7.06258	5.96129
65420	0.83804	0.83653	0.72342	5.67145	5.43707	5.19434	4.54693	3.06105	1.89306	4.79114	4.78334	4.65985	1.58067	1.34394	1.15664	8.45281	7.06744	5.96622
65590	0.84422	0.84343	0.72777	5.67420	5.43681	5.19262	4.56722	3.05799	1.88953	4.78864	4.78072	4.65807	1.57838	1.34189	1.15653	8.45541	7.06932	5.96821
65750	0.84556	0.84765	0.73136	5.67644	5.43815	5.19428	4.60920	3.07855	1.90325	4.79017	4.78253	4.65882	1.59570	1.35497	1.16275	8.44968	7.06290	5.96225	33.90	5.9	0.00	-2.04	0.01725	0.01195	0.01512	0.01833	0.01895	0.01482	0.00541	0.01503	0.01995	0.01868	0.01299	0.01654	0.01697	0.01754	0.01371	0.00571	0.01611	0.02153
65910	0.85175	0.85301	0.73571	5.67466	5.43880	5.19648	4.60822	3.07896	1.90484	4.79246	4.78317	4.66200	1.59451	1.35513	1.16766	8.45424	7.06486	5.96494
66080	0.84978	0.85133	0.73193	5.67397	5.43677	5.19345	4.59830	3.07509	1.89944	4.79046	4.78176	4.66016	1.59084	1.35120	1.16202	8.45319	7.06701	5.96546
66240	0.84580	0.84232	0.72589	5.67505	5.43771	5.19496	4.57159	3.06347	1.89344	4.79052	4.78150	4.66022	1.58258	1.34446	1.15220	8.44795	7.06062	5.96099
66410	0.83934	0.83497	0.72078	5.67382	5.43777	5.19621	4.54199	3.06128	1.89360	4.79169	4.78355	4.66210	1.58702	1.34852	1.16197	8.45187	7.06260	5.96321
66570	0.84591	0.84650	0.72832	5.67484	5.43751	5.19503	4.59226	3.06881	1.89492	4.79129	4.78279	4.66015	1.58812	1.34900	1.15882	8.44667	7.05925	5.96024
66730	0.84552	0.84603	0.72771	5.67664	5.44001	5.19705	4.58187	3.07478	1.90085	4.79275	4.78624	4.66362	1.59535	1.35431	1.16632	8.44804	7.06079	5.96202
66900	0.85066	0.85334	0.73489	5.67481	5.43820	5.19464	4.64207	3.08387	1.90503	4.79022	4.78435	4.66217	1.59000	1.34635	1.15904	8.44781	7.05976	5.96115
67060	0.84771	0.84682	0.72991	5.68046	5.44393	5.20288	4.57791	3.06559	1.89391	4.79779	4.79139	4.67106	1.58433	1.34438	1.15247	8.46008	7.06945	5.97076
67230	0.84247	0.83426	0.71961	5.68415	5.44560	5.20471	4.57223	3.06502	1.89080	4.79927	4.79289	4.67177	1.58108	1.34415	1.15470	8.46318	7.07032	5.97143
67390	0.84400	0.84383	0.72534	5.68224	5.44552	5.20265	4.59067	3.06681	1.88990	4.79916	4.79176	4.67116	1.57871	1.34136	1.15406	8.45737	7.06832	5.96828	33.90	6.2	0.00	-2.04	0.01725	0.01195	0.01512	0.01833	0.01894	0.01482	0.00541	0.01503	0.01995	0.01868	0.01299	0.01654	0.01697	0.01754	0.01371	0.00571	0.01611	0.02153
67550	0.84091	0.83834	0.72131	5.67845	5.43956	5.19816	4.56508	3.05686	1.88870	4.79514	4.78641	4.66631	1.57754	1.34068	1.14906	8.45865	7.07124	5.97074
67720	0.83931	0.83381	0.71873	5.68302	5.44346	5.20179	4.54724	3.05887	1.89315	4.79752	4.78989	4.66904	1.58401	1.34911	1.16212	8.45997	7.07187	5.97098
67880	0.85049	0.84988	0.73183	5.68293	5.44578	5.20338	4.61852	3.08170	1.90726	4.79996	4.79263	4.67007	1.60248	1.36614	1.19329	8.46107	7.06874	5.96939
68050	0.86845	0.87719	0.75501	5.68023	5.44568	5.20289	4.75064	3.11791	1.92642	4.80148	4.79402	4.67340	1.61836	1.37679	1.19206	8.46344	7.07166	5.97025
68210	0.86793	0.87786	0.75473	5.68077	5.44497	5.20226	4.76774	3.12311	1.92889	4.79904	4.79107	4.67178	1.62072	1.38208	1.20226	8.45915	7.07246	5.97300
68370	0.87291	0.88619	0.76130	5.68561	5.44851	5.20491	4.80467	3.12974	1.93554	4.79980	4.79067	4.66799	1.62936	1.38850	1.21301	8.45837	7.06874	5.96946
68540	0.88276	0.89875	0.77182	5.68075	5.44360	5.20093	4.84572	3.14775	1.94891	4.79900	4.78912	4.66983	1.64936	1.40646	1.22780	8.46303	7.07643	5.97626
68700	0.89003	0.90632	0.77720	5.68407	5.44580	5.20417	4.85253	3.15019	1.94631	4.80137	4.79171	4.67166	1.63852	1.39515	1.21794	8.45947	7.07053	5.97091
68870	0.88304	0.89624	0.77204	5.67991	5.44167	5.20162	4.84549	3.14054	1.94063	4.79915	4.78936	4.66801	1.63402	1.38823	1.20637	8.46034	7.06904	5.97039
69030	0.87377	0.88545	0.75890	5.67616	5.43957	5.19740	4.77778	3.11697	1.92378	4.79564	4.78654	4.66537	1.61597	1.37671	1.19027	8.45586	7.07066	5.97279	33.90	6.1	0.00	-2.04	0.01725	0.01195	0.01512	0.01833	0.01894	0.01482	0.00541	0.01503	0.01995	0.01868	0.01299	0.01654	0.01697	0.01754	0.01371	0.00571	0.01611	0.02153
69200	0.86620	0.87134	0.74974	5.67993	5.44357	5.20138	4.69757	3.10428	1.91585	4.79962	4.79005	4.67020	1.61111	1.37171	1.18945	8.45732	7.06822	5.96963
69360	0.86802	0.87841	0.75468	5.68000	5.44362	5.20421	4.71393	3.11041	1.92167	4.80260	4.79014	4.67097	1.61470	1.37113	1.18579	8.45714	7.07015	5.96925
69530	0.86263	0.86668	0.74510	5.67406	5.43590	5.19710	4.67725	3.09726	1.90943	4.79500	4.78379	4.66411	1.60453	1.36461	1.17731	8.45399	7.06706	5.96794
69690	0.85768	0.85478	0.73563	5.67198	5.43442	5.19595	4.62697	3.08052	1.90207	4.79373	4.78149	4.66302	1.59234	1.35209	1.16572	8.44692	7.05999	5.96121
69850	0.85058	0.85155	0.73213	5.66976	5.43360	5.19647	4.59641	3.07449	1.90093	4.79397	4.78259	4.66286	1.59566	1.35506	1.16683	8.44975	7.06153	5.96295
70020	0.84842	0.84531	0.72674	5.66891	5.43177	5.19501	4.57588	3.06465	1.89202	4.79308	4.78019	4.66210	1.57966	1.33881	1.14829	8.44647	7.05916	5.95973
70180	0.84221	0.83817	0.72371	5.67091	5.43431	5.19725	4.55382	3.05962	1.88781	4.79649	4.78316	4.66447	1.57646	1.33891	1.15109	8.45162	7.06293	5.96372
70340	0.83940	0.83494	0.72017	5.67032	5.43174	5.19426	4.55547	3.05751	1.88504	4.79214	4.78140	4.66212	1.57349	1.33395	1.14177	8.44661	7.05976	5.95957
70510	0.83632	0.83273	0.71984	5.67222	5.43581	5.19737	4.53798	3.05932	1.89016	4.79607	4.78321	4.66501	1.57868	1.33762	1.14781	8.45057	7.06312	5.96336
70670	0.83548	0.82900	0.71566	5.66987	5.43210	5.19310	4.52628	3.05445	1.88600	4.79125	4.77942	4.66195	1.57599	1.33674	1.14426	8.45040	7.06254	5.96172	33.90	6.1	0.00	-2.04	0.01725	0.01195	0.01512	0.01834	0.01895	0.01482	0.00541	0.01503	0.01995	0.01868	0.01299	0.01654	0.01697	0.01754	0.01371	0.00571	0.01611	0.02153
70840	0.83569	0.82891	0.71512	5.66887	5.43311	5.19353	4.50145	3.04551	1.88077	4.79331	4.78207	4.66326	1.57273	1.33312	1.13883	8.45168	7.06050	5.96201
71000	0.83356	0.82685	0.71514	5.67210	5.43433	5.19525	4.52287	3.04919	1.88263	4.79596	4.78446	4.66563	1.57354	1.33845	1.14645	8.45300	7.06265	5.96383
71160	0.83309	0.82519	0.71338	5.67218	5.43534	5.19611	4.51531	3.04531	1.87505	4.79656	4.78429	4.66523	1.56857	1.32889	1.13758	8.45409	7.06812	5.96808
71330	0.83158	0.82239	0.71340	5.67701	5.44118	5.20104	4.50832	3.04849	1.88063	4.80201	4.79016	4.67041	1.57300	1.33355	1.13944	8.45656	7.06780	5.96758
71490	0.83237	0.82564	0.71468	5.67777	5.44127	5.20081	4.53726	3.05196	1.88557	4.80076	4.78854	4.66811	1.57481	1.33789	1.14769	8.45875	7.06635	5.96549
71660	0.83862	0.83383	0.72107	5.67643	5.43806	5.19698	4.55418	3.05929	1.89100	4.79651	4.78510	4.66534	1.58258	1.34723	1.15647	8.45501	7.06593	5.96508
71820	0.84278	0.83988	0.72722	5.67598	5.43767	5.19624	4.59749	3.06952	1.89344	4.79892	4.78721	4.66803	1.58433	1.34615	1.15539	8.45409	7.06447	5.96379
71990	0.84311	0.84109	0.72620	5.67422	5.43886	5.19917	4.59146	3.07342	1.89736	4.79905	4.78849	4.66914	1.59008	1.35359	1.16411	8.45560	7.06794	5.96679
72150	0.84791	0.84845	0.73370	5.67350	5.43661	5.19514	4.62222	3.08029	1.90297	4.79606	4.78458	4.66407	1.59933	1.36105	1.17441	8.45396	7.06780	5.96609
72320	0.85654	0.85822	0.74040	5.67573	5.43680	5.19683	4.63560	3.08765	1.90480	4.79679	4.78398	4.66358	1.59559	1.35986	1.17446	8.44868	7.06321	5.96115	33.90	5.9	0.00	-2.04	0.01725	0.01195	0.01512	0.01833	0.01894	0.01482	0.00541	0.01503	0.01995	0.01868	0.01299	0.01654	0.01697	0.01754	0.01371	0.00571	0.01611	0.02153
72480	0.86150	0.86576	0.74690	5.67404	5.43629	5.19741	4.67805	3.09465	1.91330	4.79770	4.78612	4.66586	1.60385	1.36644	1.18229	8.45497	7.06701	5.96732
72650	0.86156	0.86549	0.74666	5.67383	5.43609	5.19496	4.68813	3.09789	1.91130	4.79476	4.78307	4.66387	1.60275	1.36404	1.17850	8.44900	7.06122	5.96140
72810	0.85881	0.86343	0.74589	5.67023	5.43266	5.19287	4.68855	3.09692	1.91479	4.79250	4.78060	4.66190	1.60548	1.36595	1.18052	8.44576	7.05737	5.95772
72980	0.86306	0.86825	0.74781	5.67248	5.43588	5.19513	4.70139	3.10246	1.91390	4.79349	4.78304	4.66178	1.60220	1.35887	1.17323	8.44690	7.06007	5.95978
73140	0.85207	0.85089	0.73316	5.67004	5.43192	5.18926	4.61797	3.07751	1.89805	4.78855	4.77712	4.65705	1.58862	1.34912	1.15492	8.44868	7.05808	5.95832
73300	0.83963	0.83245	0.71760	5.66900	5.43126	5.18844	4.54477	3.05629	1.88451	4.78768	4.77582	4.65540	1.57525	1.33525	1.14074	8.44294	7.05450	5.95426
73470	0.83550	0.82681	0.71706	5.66871	5.43215	5.18837	4.53787	3.05674	1.88538	4.79090	4.77701	4.65744	1.57754	1.33737	1.14674	8.44521	7.05581	5.95709
73630	0.83522	0.82408	0.71044	5.66693	5.42820	5.18462	4.50669	3.04115	1.87875	4.78693	4.77418	4.65448	1.57035	1.33257	1.14125	8.44881	7.05509	5.95514
73800	0.83046	0.82228	0.70975	5.66549	5.42755	5.18527	4.51252	3.04343	1.87959	4.78639	4.77377	4.65318	1.57145	1.33401	1.14268	8.44061	7.05388	5.95281
73960	0.83332	0.82671	0.71326	5.66373	5.42707	5.18523	4.51121	3.04129	1.87979	4.78674	4.77516	4.65528	1.57083	1.33167	1.14235	8.44407	7.05417	5.95314	33.90	6.1	0.00	-2.04	0.01725	0.01195	0.01512	0.01833	0.01895	0.01482	0.00541	0.01503	0.01995	0.01868	0.01299	0.01654	0.01697	0.01754	0.01371	0.00571	0.01611	0.02153
74130	0.83064	0.82394	0.71206	5.66363	5.42556	5.18530	4.50804	3.04622	1.88045	4.78662	4.77340	4.65362	1.57745	1.34061	1.14914	8.44685	7.05737	5.95773
74290	0.83978	0.83598	0.72109	5.66748	5.42917	5.18794	4.52633	3.05076	1.88326	4.78966	4.77710	4.65630	1.57324	1.33701	1.14573	8.44794	7.05476	5.95433
74450	0.83363	0.82492	0.71298	5.66287	5.42673	5.18656	4.51035	3.04875	1.88196	4.78839	4.77482	4.65518	1.57308	1.33165	1.14506	8.44421	7.05430	5.95467
74620	0.83660	0.83121	0.71569	5.66267	5.42497	5.18473	4.50411	3.04569	1.87920	4.78581	4.77304	4.65342	1.57060	1.33132	1.14293	8.44275	7.05288	5.95186
74780	0.83684	0.82911	0.71789	5.66227	5.42429	5.18270	4.53513	3.05043	1.88415	4.78397	4.77089	4.65142	1.57473	1.33615	1.14858	8.44129	7.04854	5.94735
74940	0.83978	0.84035	0.72601	5.65679	5.41954	5.17713	4.60656	3.06717	1.89086	4.78028	4.76792	4.64819	1.58107	1.34214	1.15327	8.42987	7.04887	5.94993
75110	0.84022	0.83856	0.72495	5.66007	5.42310	5.18195	4.60445	3.07456	1.89702	4.78330	4.77132	4.65022	1.58856	1.34932	1.16237	8.43319	7.04735	5.94715
75270	0.84990	0.85377	0.73971	5.65946	5.42380	5.18209	4.68227	3.09750	1.91250	4.78351	4.77153	4.65158	1.60237	1.36064	1.17490	8.43765	7.04828	5.94849
75440	0.85403	0.85748	0.74055	5.65639	5.42003	5.17771	4.66506	3.08909	1.90436	4.78029	4.76949	4.64754	1.59634	1.35386	1.16752	8.43478	7.04937	5.95037
75600	0.84776	0.84937	0.73358	5.65864	5.42171	5.18220	4.64106	3.08132	1.90263	4.78183	4.77144	4.65142	1.59379	1.35368	1.16482	8.43434	7.04671	5.94699	33.85	6.0	0.00	-2.04	0.01725	0.01195	0.01512	0.01833	0.01895	0.01482	0.00541	0.01503	0.01995	0.01868	0.01299	0.01654	0.01697	0.01754	0.01371	0.00571	0.01611	0.02153
75770	0.84991	0.85141	0.73415	5.65832	5.42383	5.18360	4.61473	3.07976	1.90123	4.78446	4.77328	4.65342	1.59406	1.35337	1.16293	8.43466	7.04713	5.94956
75930	0.84547	0.84334	0.72604	5.65608	5.41988	5.17883	4.57984	3.05724	1.88890	4.78123	4.76920	4.64989	1.58313	1.34529	1.15654	8.43757	7.04910	5.95080
76100	0.84291	0.83720	0.72349	5.65839	5.42342	5.18189	4.56780	3.06262	1.89020	4.78394	4.77179	4.65278	1.58048	1.33989	1.14955	8.43461	7.04541	5.94710
76260	0.83797	0.83196	0.72067	5.65795	5.42362	5.18449	4.55450	3.06059	1.89014	4.78703	4.77325	4.65392	1.57965	1.34132	1.14621	8.43548	7.04661	5.94821
76430	0.83666	0.82571	0.71263	5.65491	5.41954	5.17973	4.50165	3.03631	1.87194	4.78338	4.76920	4.65041	1.56091	1.32162	1.12537	8.43188	7.04616	5.94642
76590	0.82162	0.81399	0.70365	5.65502	5.41983	5.18058	4.48228	3.03585	1.87462	4.78547	4.77081	4.65283	1.56491	1.32767	1.13263	8.43166	7.04499	5.94526
76750	0.82849	0.82005	0.70973	5.65324	5.41835	5.17958	4.50288	3.04032	1.87470	4.78396	4.76815	4.65167	1.56609	1.32851	1.13996	8.43238	7.04574	5.94634
76920	0.83237	0.82731	0.71370	5.65559	5.42018	5.18280	4.51237	3.04602	1.88039	4.78649	4.77058	4.65258	1.56860	1.32968	1.13858	8.43261	7.04437	5.94614
77090	0.83029	0.82082	0.70803	5.65485	5.41917	5.18114	4.48843	3.04008	1.87412	4.78616	4.76959	4.65356	1.56676	1.33013	1.13727	8.43448	7.04828	5.95018
77250	0.82749	0.81860	0.70799	5.65752	5.42164	5.18455	4.49546	3.04378	1.87852	4.78960	4.77228	4.65624	1.57171	1.33236	1.13941	8.43083	7.04702	5.94739	33.90	6.1	0.00	-2.04	0.01725	0.01195	0.01512	0.01833	0.01895	0.01482	0.00541	0.01503	0.01995	0.01868	0.01299	0.01654	0.01697	0.01754	0.01371	0.00571	0.01611	0.02153
77420	0.83001	0.82263	0.71185	5.65351	5.41787	5.18117	4.51553	3.04659	1.87942	4.78639	4.76816	4.65259	1.56863	1.32902	1.14061	8.43370	7.04360	5.94366
77580	0.83111	0.82721	0.71407	5.65209	5.41796	5.18084	4.52792	3.05444	1.88423	4.78763	4.76801	4.65405	1.57726	1.34246	1.15198	8.43433	7.04586	5.94665
77750	0.84006	0.83754	0.72024	5.65289	5.41622	5.17964	4.55489	3.05739	1.88519	4.78573	4.76667	4.65196	1.57959	1.34169	1.15562	8.43620	7.04760	5.94739
77910	0.84331	0.84253	0.72429	5.65377	5.41709	5.17932	4.58532	3.06732	1.89131	4.78622	4.76588	4.65156	1.58460	1.34057	1.14793	8.43561	7.04151	5.94196
78080	0.83759	0.83416	0.72046	5.65201	5.41735	5.17965	4.55064	3.06077	1.88685	4.78864	4.76718	4.65239	1.57431	1.33535	1.14169	8.43411	7.04672	5.94591
78240	0.83399	0.82981	0.71811	5.65149	5.41508	5.17795	4.54914	3.05769	1.88821	4.78559	4.76369	4.65019	1.57848	1.34089	1.14818	8.43443	7.04397	5.94397
78400	0.83704	0.83421	0.72182	5.64922	5.41416	5.17679	4.57587	3.06843	1.89120	4.78558	4.76260	4.64894	1.58382	1.34318	1.15388	8.43238	7.04248	5.94127
78570	0.84026	0.83713	0.72383	5.64884	5.41444	5.17561	4.58110	3.06586	1.89294	4.78534	4.76321	4.64922	1.58380	1.34414	1.15165	8.43643	7.04278	5.94287
78730	0.83703	0.83241	0.71883	5.64867	5.41276	5.17398	4.54250	3.05299	1.88448	4.78430	4.76090	4.64749	1.58147	1.34405	1.15341	8.43579	7.05025	5.94900
78900	0.84076	0.83610	0.72267	5.65548	5.41858	5.18097	4.56710	3.06432	1.89148	4.78989	4.76620	4.65175	1.58264	1.34588	1.15172	8.43512	7.04670	5.94530	33.90	6.1	0.00	-2.04	0.01725	0.01195	0.01512	0.01833	0.01895	0.01482	0.00541	0.01503	0.01995	0.01868	0.01299	0.01654	0.01697	0.01754	0.01371	0.00571	0.01611	0.02153
79060	0.83534	0.83083	0.71758	5.65020	5.41595	5.17725	4.54351	3.05351	1.88600	4.78786	4.76541	4.65088	1.57603	1.33442	1.14646	8.42935	7.04321	5.94180
79230	0.83603	0.83454	0.72204	5.65151	5.41762	5.17970	4.56857	3.06509	1.89141	4.79032	4.76605	4.65318	1.58132	1.34277	1.15512	8.44050	7.04730	5.94677
79390	0.84460	0.84684	0.73185	5.65279	5.41954	5.18057	4.62794	3.07957	1.89947	4.79146	4.76692	4.65336	1.59161	1.35525	1.16847	8.44150	7.04936	5.94815
79560	0.85099	0.85610	0.73740	5.65345	5.42013	5.17987	4.65336	3.08596	1.90461	4.79222	4.76648	4.65427	1.59432	1.35785	1.17440	8.44373	7.04938	5.94949
79720	0.85463	0.86131	0.74421	5.65557	5.42176	5.18263	4.68204	3.10010	1.91603	4.79472	4.76858	4.65699	1.61445	1.37614	1.19549	8.44177	7.05050	5.94872
79890	0.86911	0.88031	0.75574	5.65526	5.42241	5.18414	4.73918	3.11201	1.92213	4.79593	4.77054	4.65756	1.61512	1.37435	1.19025	8.44441	7.05062	5.94965
80050	0.86637	0.87124	0.74960	5.65585	5.42102	5.18258	4.72362	3.10641	1.91643	4.79303	4.76767	4.65434	1.61111	1.37082	1.18840	8.44168	7.05092	5.94972
80210	0.86246	0.86868	0.74337	5.65760	5.42233	5.18293	4.67120	3.09565	1.90796	4.79316	4.77031	4.65627	1.59875	1.35978	1.17234	8.44063	7.04679	5.94578
80380	0.85136	0.85444	0.73366	5.65210	5.41836	5.17807	4.63733	3.07601	1.89890	4.78870	4.76549	4.65283	1.59390	1.35521	1.16945	8.44036	7.05143	5.95000
80540	0.85064	0.84841	0.72908	5.65882	5.42475	5.18498	4.58558	3.06611	1.89388	4.79480	4.77130	4.65784	1.58291	1.34585	1.15693	8.44702	7.05165	5.94914	33.90	6.0	0.00	-2.04	0.01725	0.01195	0.01512	0.01833	0.01894	0.01482	0.00541	0.01503	0.01995	0.01868	0.01299	0.01654	0.01697	0.01754	0.01371	0.00571	0.01611	0.02153
80710	0.84157	0.84267	0.72445	5.65679	5.42383	5.18628	4.59003	3.06996	1.89270	4.79472	4.77038	4.65646	1.58127	1.34192	1.15043	8.44510	7.05068	5.94862
80870	0.84216	0.84595	0.73020	5.65372	5.42040	5.18131	4.62355	3.07739	1.89409	4.79023	4.76789	4.65337	1.58296	1.34295	1.15503	8.43973	7.04587	5.94434
81030	0.84419	0.84565	0.72724	5.65427	5.42223	5.18494	4.60134	3.07008	1.89158	4.79421	4.77146	4.65717	1.58153	1.34456	1.15324	8.44515	7.05159	5.94972
81200	0.83673	0.83333	0.71793	5.65463	5.42087	5.18296	4.56428	3.05811	1.88333	4.79295	4.77197	4.65630	1.57439	1.33557	1.14225	8.44223	7.04917	5.94873
81360	0.83519	0.83141	0.71760	5.65922	5.42579	5.18874	4.55068	3.06324	1.89038	4.79788	4.77669	4.66027	1.57781	1.33841	1.14472	8.44506	7.05532	5.95425
81520	0.83156	0.82535	0.71102	5.65880	5.42513	5.18863	4.50431	3.04581	1.87874	4.79840	4.77655	4.66161	1.57164	1.33410	1.14251	8.45499	7.06053	5.95956
81690	0.83182	0.82345	0.71273	5.66383	5.43121	5.19475	4.51991	3.04732	1.88030	4.80299	4.78105	4.66675	1.56977	1.33483	1.14392	8.45627	7.06139	5.96102
81850	0.83265	0.82874	0.71520	5.66551	5.43263	5.19477	4.53013	3.04737	1.88184	4.80386	4.78284	4.66771	1.57382	1.33628	1.14427	8.45545	7.06480	5.96487
82020	0.83509	0.83175	0.71573	5.66770	5.43498	5.19671	4.53935	3.05447	1.88549	4.80491	4.78573	4.66890	1.57283	1.33440	1.14262	8.45618	7.06297	5.96201
82180	0.83512	0.83068	0.71921	5.66915	5.43771	5.19928	4.54520	3.05670	1.88638	4.80739	4.78648	4.67215	1.57808	1.33726	1.14629	8.46123	7.06852	5.96557	33.90	6.2	0.00	-2.04	0.01725	0.01195	0.01512	0.01833	0.01894	0.01482	0.00541	0.01503	0.01995	0.01868	0.01299	0.01654	0.01697	0.01754	0.01371	0.00571	0.01611	0.02153
82350	0.83237	0.82840	0.71454	5.67158	5.43769	5.19846	4.53264	3.04944	1.87942	4.80580	4.78540	4.67126	1.57431	1.33532	1.14238	8.46296	7.07127	5.96816
82510	0.83333	0.82685	0.71543	5.67488	5.44193	5.20099	4.53230	3.05091	1.88297	4.80812	4.78654	4.67267	1.56942	1.33321	1.14215	8.46292	7.06840	5.96505
82680	0.83451	0.83037	0.71750	5.67551	5.44289	5.20261	4.54742	3.06043	1.88886	4.80904	4.78801	4.67340	1.58052	1.34233	1.15045	8.46803	7.07297	5.96946
82840	0.83991	0.83542	0.72363	5.67526	5.44126	5.19991	4.58965	3.06854	1.89846	4.80594	4.78709	4.67232	1.59005	1.35437	1.16609	8.46096	7.07120	5.96755
83000	0.85016	0.85476	0.73601	5.67653	5.44216	5.19918	4.64335	3.08226	1.90169	4.80480	4.78503	4.67058	1.59911	1.36196	1.17676	8.46826	7.07443	5.97284
83170	0.85642	0.86131	0.74114	5.68004	5.44641	5.20234	4.65438	3.08916	1.90520	4.80808	4.78815	4.67255	1.59997	1.35973	1.17211	8.46534	7.07422	5.97009
83330	0.85010	0.85629	0.73687	5.67773	5.44533	5.20191	4.65188	3.08968	1.90474	4.80847	4.78862	4.67232	1.59687	1.35452	1.16609	8.46662	7.07378	5.97012
83500	0.84785	0.84963	0.72718	5.67699	5.44359	5.19914	4.60021	3.06980	1.89465	4.80593	4.78562	4.66845	1.58828	1.34828	1.16050	8.46977	7.07427	5.97001
83660	0.84454	0.84552	0.72694	5.67900	5.44625	5.20242	4.60527	3.07129	1.89656	4.80969	4.78737	4.67287	1.58349	1.34406	1.15308	8.46698	7.07385	5.96919
83830	0.84025	0.83937	0.72170	5.67689	5.44549	5.20121	4.56468	3.05826	1.88654	4.80948	4.78694	4.67119	1.57840	1.33844	1.14618	8.47046	7.07391	5.96842	33.90	6.1	0.00	-2.04	0.01725	0.01195	0.01512	0.01833	0.01894	0.01482	0.00541	0.01503	0.01995	0.01868	0.01299	0.01654	0.01697	0.01754	0.01371	0.00571	0.01611	0.02153
83990	0.83474	0.83076	0.71387	5.67483	5.44225	5.19909	4.52173	3.05134	1.88458	4.80623	4.78261	4.66871	1.57958	1.33789	1.14631	8.47046	7.07409	5.96837
84160	0.83100	0.83048	0.71630	5.67431	5.44060	5.19796	4.53038	3.05106	1.88357	4.80700	4.78438	4.67014	1.57392	1.33418	1.14452	8.46864	7.07517	5.97015
84320	0.83586	0.83505	0.71961	5.67644	5.44500	5.20258	4.55931	3.06859	1.90077	4.81110	4.78698	4.67428	1.60243	1.36371	1.17683	8.47202	7.07963	5.97382
84490	0.85530	0.86162	0.73946	5.67615	5.44386	5.20186	4.63682	3.07762	1.90057	4.81053	4.78576	4.67191	1.59420	1.35590	1.16820	8.47394	7.08118	5.97415
84650	0.84886	0.85228	0.73280	5.67664	5.44445	5.20249	4.62517	3.07915	1.89961	4.81062	4.78606	4.67244	1.59216	1.34894	1.15808	8.47092	7.07514	5.96988
84820	0.84506	0.84789	0.72992	5.67695	5.44592	5.20437	4.57492	3.06829	1.89633	4.81289	4.78794	4.67477	1.58942	1.34764	1.15748	8.47471	7.08052	5.97420
84980	0.83993	0.83880	0.72390	5.67692	5.44328	5.20195	4.56875	3.06625	1.89364	4.81094	4.78605	4.67269	1.59128	1.35110	1.16290	8.47480	7.08116	5.97577
85140	0.84749	0.84558	0.72470	5.67786	5.44562	5.20570	4.55920	3.06429	1.89080	4.81369	4.78744	4.67569	1.58238	1.34005	1.14868	8.47412	7.07713	5.97078
85310	0.83687	0.83579	0.71974	5.67307	5.44055	5.20184	4.54366	3.05930	1.88668	4.81225	4.78415	4.67404	1.57707	1.34242	1.14964	8.46759	7.07480	5.96940
85470	0.83863	0.83714	0.72083	5.67106	5.44044	5.20199	4.55561	3.05966	1.88688	4.81316	4.78491	4.67352	1.58515	1.34925	1.16248	8.47156	7.07560	5.97120	33.96	6.1	0.00	-2.04	0.01725	0.01195	0.01512	0.01833	0.01894	0.01481	0.00541	0.01503	0.01995	0.01868	0.01299	0.01654	0.01697	0.01754	0.01371	0.00571	0.01611	0.02153
85640	0.84955	0.85960	0.73407	5.67446	5.44452	5.20419	4.58401	3.06907	1.89720	4.81703	4.78950	4.67896	1.59620	1.36383	1.18113	8.48390	7.08695	5.98100
85800	0.85975	0.86502	0.74428	5.68269	5.45217	5.20983	4.70055	3.10381	1.91913	4.82125	4.79507	4.68097	1.60903	1.36654	1.18031	8.47891	7.08078	5.97553
85970	0.86059	0.86563	0.74811	5.67801	5.44698	5.20664	4.74420	3.12164	1.93004	4.81716	4.79035	4.67788	1.62246	1.38299	1.20367	8.47631	7.08033	5.97405
86130	0.87198	0.87605	0.73254	5.67796	5.44730	5.20716	4.72760	3.11142	1.92423	4.81767	4.78928	4.67588	1.62524	1.39413	1.22155	8.47485	7.07995	5.97531
86300	0.89806	0.92938	0.80193	5.67793	5.44752	5.20497	5.06779	3.21412	1.98633	4.81455	4.78793	4.67514	1.67924	1.43481	1.26196	8.47097	7.07719	5.97006
86460	0.91359	0.94666	0.80625	5.67417	5.44499	5.20531	5.03270	3.19525	1.97354	4.81297	4.78678	4.67395	1.66578	1.41984	1.24237	8.46864	7.07537	5.97161
86620	0.90170	0.92760	0.79154	5.67204	5.44027	5.20072	4.94867	3.17101	1.95602	4.80969	4.78299	4.67109	1.65008	1.40314	1.22643	8.46667	7.07228	5.96668
86790	0.89212	0.91620	0.78395	5.67572	5.44617	5.20669	4.90132	3.15819	1.95020	4.81516	4.78906	4.67685	1.64292	1.39985	1.22001	8.47617	7.08017	5.97448
86950	0.88383	0.90331	0.77155	5.67689	5.44540	5.20573	4.83899	3.14024	1.93795	4.81475	4.78916	4.67630	1.63230	1.38871	1.20672	8.47416	7.08053	5.97636
