WetView ver 7.1	07-20-2019	16:31:32
AC9 Absorption and Attenuation Meter
00000311		; Serial number
2	; structure version number
Reserved
0.000000	0.000000		; Depth calibration
19200			; Baud rate
0.100000			; Path length (meters)
23			; number of temperature calibration bins
				12.61517	13.44096	14.46844	15.49904	16.50682	17.50108	18.49752	19.51783	20.49177	21.49009	22.48286	23.50673	24.54012	25.54812	26.49986	27.49321	28.50960	29.48671	30.47471	31.49432	32.50437	33.48679	34.49133	; temperature bins
a650	Blue	18.61587		0.01156	0.01096	0.01010	0.00930	0.00851	0.00774	0.00661	0.00573	0.00499	0.00402	0.00285	0.00203	0.00096	0.00000	-0.00110	-0.00152	-0.00210	-0.00247	-0.00259	-0.00317	-0.00346	-0.00380	-0.00403		; offset and temperature correction info
a676	Green	18.78942		0.00964	0.00899	0.00863	0.00813	0.00730	0.00639	0.00545	0.00448	0.00385	0.00301	0.00233	0.00165	0.00046	0.00000	-0.00106	-0.00167	-0.00251	-0.00280	-0.00316	-0.00329	-0.00377	-0.00392	-0.00441		; offset and temperature correction info
a715	Brown	18.59217		0.01171	0.01109	0.01043	0.00975	0.00878	0.00789	0.00685	0.00572	0.00469	0.00356	0.00255	0.00160	0.00061	0.00000	-0.00063	-0.00113	-0.00152	-0.00183	-0.00226	-0.00293	-0.00364	-0.00404	-0.00473		; offset and temperature correction info
c510	Red	18.18396		-0.00549	-0.00480	-0.00383	-0.00272	-0.00202	-0.00118	-0.00044	-0.00038	-0.00015	-0.00021	0.00013	0.00007	-0.00007	0.00000	-0.00007	-0.00065	-0.00045	-0.00018	0.00007	0.00039	-0.00001	-0.00002	-0.00045		; offset and temperature correction info
c532	Magenta	18.26528		-0.00721	-0.00645	-0.00581	-0.00518	-0.00465	-0.00345	-0.00281	-0.00270	-0.00182	-0.00141	-0.00108	-0.00072	-0.00022	0.00000	0.00044	0.00030	0.00031	-0.00006	-0.00052	-0.00089	-0.00142	-0.00149	-0.00154		; offset and temperature correction info
c555	Black	18.37125		-0.00430	-0.00419	-0.00381	-0.00319	-0.00286	-0.00254	-0.00205	-0.00196	-0.00138	-0.00137	-0.00067	-0.00051	-0.00030	0.00000	0.00067	0.00087	0.00057	0.00027	-0.00015	-0.00089	-0.00127	-0.00137	-0.00150		; offset and temperature correction info
a412	LtBlue	15.33566		-0.06011	-0.05567	-0.05012	-0.04441	-0.03922	-0.03412	-0.02941	-0.02503	-0.02049	-0.01588	-0.01121	-0.00784	-0.00311	0.00000	0.00273	0.00611	0.00757	0.00871	0.01066	0.01299	0.01539	0.01781	0.02175		; offset and temperature correction info
a440	LtGreen	16.05925		-0.01380	-0.01214	-0.01039	-0.00858	-0.00690	-0.00532	-0.00426	-0.00322	-0.00230	-0.00158	-0.00055	0.00006	0.00001	0.00000	0.00017	0.00016	-0.00094	-0.00222	-0.00363	-0.00486	-0.00567	-0.00651	-0.00782		; offset and temperature correction info
a488	Yellow	16.82827		0.00255	0.00293	0.00331	0.00354	0.00373	0.00378	0.00363	0.00350	0.00291	0.00225	0.00215	0.00142	0.00099	0.00000	-0.00092	-0.00169	-0.00295	-0.00396	-0.00479	-0.00542	-0.00582	-0.00604	-0.00663		; offset and temperature correction info
c650	Blue	18.49287		-0.00570	-0.00516	-0.00456	-0.00403	-0.00346	-0.00232	-0.00132	-0.00122	-0.00073	-0.00066	-0.00035	-0.00016	0.00003	0.00000	0.00044	0.00078	0.00108	0.00057	0.00040	-0.00042	-0.00033	-0.00029	-0.00034		; offset and temperature correction info
c676	Green	18.50570		0.00299	0.00293	0.00287	0.00293	0.00278	0.00294	0.00317	0.00251	0.00243	0.00215	0.00139	0.00123	0.00068	0.00000	-0.00041	-0.00106	-0.00205	-0.00268	-0.00325	-0.00413	-0.00495	-0.00610	-0.00674		; offset and temperature correction info
c715	Brown	17.88888		0.00826	0.00812	0.00773	0.00790	0.00766	0.00758	0.00753	0.00650	0.00571	0.00461	0.00359	0.00222	0.00101	0.00000	-0.00146	-0.00284	-0.00385	-0.00448	-0.00463	-0.00513	-0.00623	-0.00715	-0.00838		; offset and temperature correction info
a510	Red	17.18050		0.00353	0.00364	0.00354	0.00361	0.00381	0.00381	0.00356	0.00332	0.00277	0.00229	0.00176	0.00116	0.00036	0.00000	-0.00014	-0.00069	-0.00088	-0.00147	-0.00150	-0.00129	-0.00120	-0.00134	-0.00091		; offset and temperature correction info
a532	Magenta	17.40228		0.00550	0.00548	0.00526	0.00479	0.00464	0.00422	0.00393	0.00328	0.00253	0.00212	0.00136	0.00085	0.00039	0.00000	-0.00059	-0.00146	-0.00188	-0.00262	-0.00330	-0.00393	-0.00491	-0.00540	-0.00605		; offset and temperature correction info
a555	Black	17.72308		0.00849	0.00832	0.00800	0.00760	0.00724	0.00655	0.00580	0.00495	0.00435	0.00347	0.00252	0.00153	0.00049	0.00000	-0.00050	-0.00155	-0.00214	-0.00306	-0.00350	-0.00411	-0.00470	-0.00539	-0.00570		; offset and temperature correction info
c412	LtBlue	16.72802		-0.05949	-0.05458	-0.04744	-0.04134	-0.03547	-0.03064	-0.02511	-0.02047	-0.01574	-0.01163	-0.00761	-0.00442	-0.00204	0.00000	0.00100	0.00051	-0.00043	-0.00239	-0.00475	-0.00629	-0.00827	-0.00955	-0.01337		; offset and temperature correction info
c440	LtGreen	17.42637		-0.02723	-0.02503	-0.02216	-0.01930	-0.01691	-0.01394	-0.01125	-0.00926	-0.00732	-0.00582	-0.00401	-0.00226	-0.00093	0.00000	0.00082	0.00123	0.00133	0.00097	0.00038	-0.00003	-0.00022	-0.00023	-0.00125		; offset and temperature correction info
c488	Yellow	18.03666		-0.00640	-0.00554	-0.00465	-0.00357	-0.00276	-0.00154	-0.00067	-0.00031	-0.00014	-0.00012	0.00046	0.00032	0.00020	0.00000	0.00001	-0.00024	-0.00060	-0.00084	-0.00126	-0.00180	-0.00276	-0.00304	-0.00427		; offset and temperature correction info
0.003500	0.004000	0.015000	0.020000	0.015000	0.020000	2500.000000	2000.000000	1000.000000	; maxANoise	maxCNoise	maxADifference	maxCDifference	minACounts	minCCounts	minRCounts	maxTempSdev	maxDepthSdev
0			; auxilliary capabilities
1			; acquisition binsize
0	1.11849	1.10115	1.02115	6.91251	6.72304	6.48660	4.49625	3.13246	2.07178	6.16957	6.13522	6.04084	1.79238	1.57155	1.40691	9.33361	8.13420	7.16578	33.52	6.1	0.00	-2.04	0.01727	0.01195	0.01512	0.01831	0.01893	0.01480	0.00542	0.01504	0.01997	0.01865	0.01294	0.01648	0.01698	0.01756	0.01372	0.00571	0.01610	0.02151
160	1.11841	1.10064	1.02029	6.91193	6.72341	6.48716	4.49304	3.13234	2.07345	6.16985	6.13584	6.04154	1.79272	1.57319	1.40693	9.32808	8.13364	7.16548
330	1.11975	1.10191	1.01924	6.90959	6.72035	6.48352	4.50083	3.13193	2.06932	6.16776	6.13247	6.03890	1.79407	1.57505	1.40747	9.33555	8.14072	7.17022
490	1.12150	1.10605	1.02318	6.91473	6.72476	6.48774	4.50154	3.13736	2.07734	6.17103	6.13517	6.04043	1.79524	1.57333	1.40366	9.33545	8.13637	7.16475
660	1.11744	1.10149	1.01947	6.91010	6.72103	6.48462	4.49133	3.13797	2.07496	6.16828	6.13279	6.03843	1.79212	1.57164	1.40461	9.33177	8.13398	7.16340
820	1.11920	1.09957	1.01785	6.90728	6.71779	6.48121	4.49841	3.12950	2.07092	6.16512	6.13056	6.03639	1.79456	1.57491	1.40961	9.33316	8.13743	7.16738
990	1.12146	1.10500	1.02075	6.91103	6.72216	6.48536	4.49990	3.13683	2.07466	6.16891	6.13239	6.03849	1.79380	1.57097	1.40578	9.32768	8.13433	7.16349
1150	1.11847	1.10031	1.02051	6.90747	6.71951	6.48350	4.49211	3.13212	2.07279	6.16628	6.13279	6.03721	1.79177	1.56919	1.40435	9.33201	8.13310	7.16230
1320	1.12036	1.10364	1.02053	6.90820	6.72004	6.48349	4.49107	3.13333	2.07473	6.16775	6.13211	6.03813	1.79154	1.57021	1.40220	9.32967	8.13158	7.16185
1480	1.11934	1.10032	1.01917	6.90458	6.71600	6.47971	4.48920	3.12930	2.06972	6.16283	6.12717	6.03342	1.79235	1.57048	1.40345	9.32530	8.12977	7.15953
1650	1.11865	1.09894	1.01792	6.90466	6.71730	6.47974	4.48199	3.12726	2.06998	6.16362	6.12845	6.03576	1.79047	1.57173	1.40474	9.33462	8.13537	7.16507	33.52	6.1	0.00	-2.04	0.01726	0.01195	0.01512	0.01831	0.01893	0.01480	0.00542	0.01504	0.01996	0.01865	0.01295	0.01648	0.01698	0.01756	0.01372	0.00571	0.01610	0.02151
1810	1.11990	1.10051	1.02064	6.91038	6.72162	6.48350	4.49131	3.13337	2.07331	6.16566	6.13146	6.03639	1.79069	1.57012	1.40514	9.32830	8.13303	7.16124
1980	1.11802	1.09954	1.01853	6.90706	6.71874	6.48069	4.49433	3.12873	2.06892	6.16311	6.12924	6.03382	1.78904	1.56607	1.40070	9.32492	8.12693	7.15880
2140	1.11448	1.10009	1.01988	6.90617	6.71877	6.47932	4.49537	3.12779	2.07095	6.16325	6.13154	6.03439	1.78873	1.56895	1.40132	9.32452	8.12855	7.15805
2300	1.11539	1.09879	1.01643	6.90534	6.71916	6.47933	4.48907	3.13206	2.06893	6.16275	6.12972	6.03437	1.78920	1.56957	1.40323	9.32556	8.12871	7.15885
2470	1.11730	1.10160	1.01835	6.90547	6.71962	6.48094	4.49503	3.13034	2.06898	6.16445	6.13132	6.03493	1.78725	1.56743	1.40146	9.32656	8.12729	7.15780
2630	1.11680	1.10023	1.02049	6.90702	6.72057	6.48044	4.49746	3.13039	2.07103	6.16452	6.13262	6.03614	1.79044	1.56788	1.40038	9.32820	8.12811	7.15899
2800	1.11548	1.09819	1.01525	6.90425	6.71762	6.47745	4.48725	3.12482	2.06738	6.16085	6.12791	6.03205	1.78907	1.56947	1.40396	9.32900	8.13164	7.16210
2960	1.11736	1.10131	1.01752	6.90835	6.72144	6.48011	4.49578	3.12921	2.07196	6.16367	6.13066	6.03535	1.78990	1.56718	1.40132	9.32407	8.12657	7.15925
3130	1.11539	1.09956	1.01891	6.90524	6.71749	6.47740	4.49321	3.12724	2.07019	6.16101	6.12836	6.03172	1.78947	1.56695	1.40211	9.32517	8.12443	7.15689
3290	1.11396	1.09644	1.01673	6.90427	6.71974	6.47959	4.48982	3.12757	2.06608	6.16355	6.12969	6.03475	1.78425	1.56496	1.39986	9.32655	8.12807	7.15992	33.52	6.1	0.00	-2.04	0.01726	0.01195	0.01512	0.01831	0.01893	0.01480	0.00542	0.01504	0.01996	0.01866	0.01295	0.01649	0.01697	0.01756	0.01371	0.00571	0.01610	0.02152
3460	1.11514	1.09799	1.01523	6.90565	6.71857	6.47998	4.48788	3.12572	2.06852	6.16304	6.13051	6.03463	1.78693	1.56397	1.40068	9.32700	8.12788	7.15783
3620	1.11587	1.09918	1.01679	6.90508	6.71851	6.47979	4.48855	3.12637	2.06800	6.16281	6.12872	6.03429	1.78410	1.56246	1.39862	9.32138	8.12550	7.15635
3790	1.11635	1.09944	1.01910	6.90423	6.71876	6.47936	4.49452	3.12829	2.06943	6.16303	6.12870	6.03344	1.78933	1.56711	1.40149	9.32322	8.12536	7.15687
3950	1.11507	1.09575	1.01356	6.90138	6.71399	6.47507	4.48662	3.12538	2.06672	6.15780	6.12378	6.03001	1.78641	1.56439	1.39814	9.31879	8.12274	7.15433
4120	1.11584	1.09522	1.01631	6.89968	6.71362	6.47609	4.49310	3.12676	2.06674	6.15919	6.12562	6.03011	1.78732	1.56623	1.39898	9.31944	8.12445	7.15525
4280	1.11458	1.09554	1.01558	6.90050	6.71373	6.47407	4.49422	3.12760	2.06840	6.15701	6.12219	6.02879	1.78915	1.56479	1.40165	9.31974	8.12388	7.15498
4450	1.11468	1.09863	1.01718	6.89993	6.71320	6.47408	4.49071	3.12782	2.06880	6.15732	6.12243	6.02712	1.78675	1.56768	1.40011	9.31790	8.12046	7.15085
4610	1.11388	1.09679	1.01853	6.89723	6.71308	6.47526	4.48930	3.13256	2.07196	6.15818	6.12318	6.02836	1.78879	1.56683	1.40044	9.32083	8.12388	7.15302
4780	1.11440	1.09612	1.01535	6.89847	6.71005	6.47134	4.48349	3.12737	2.06649	6.15479	6.11958	6.02438	1.78657	1.56698	1.40237	9.32108	8.12084	7.15187
4950	1.11330	1.09469	1.01496	6.89670	6.71016	6.47186	4.48270	3.12359	2.06223	6.15331	6.11849	6.02436	1.78385	1.56313	1.39654	9.31809	8.12213	7.15216	33.52	6.1	0.00	-2.04	0.01726	0.01195	0.01512	0.01831	0.01893	0.01480	0.00541	0.01503	0.01996	0.01866	0.01295	0.01649	0.01697	0.01755	0.01371	0.00571	0.01610	0.02152
5110	1.11360	1.09405	1.01604	6.89812	6.71203	6.47318	4.48866	3.12749	2.06849	6.15567	6.12121	6.02671	1.78430	1.56220	1.39766	9.32003	8.11944	7.15149
5270	1.11431	1.09765	1.01780	6.89744	6.71178	6.47453	4.48948	3.12698	2.06797	6.15632	6.11966	6.02559	1.78659	1.56516	1.40038	9.32192	8.12166	7.15179
5440	1.11409	1.09598	1.01424	6.89518	6.70863	6.47052	4.48534	3.12363	2.06298	6.15238	6.11664	6.02392	1.78662	1.56588	1.40081	9.32232	8.12349	7.15460
5600	1.11488	1.09682	1.01522	6.89703	6.71123	6.47197	4.48493	3.12886	2.06639	6.15371	6.11862	6.02403	1.78612	1.56603	1.39891	9.32137	8.12204	7.15253
5770	1.11591	1.09589	1.01526	6.89561	6.70975	6.47197	4.48325	3.12768	2.06622	6.15275	6.11794	6.02279	1.78498	1.56444	1.39828	9.32162	8.12268	7.15292
5940	1.11496	1.09354	1.01492	6.89726	6.71046	6.47144	4.48415	3.12665	2.06658	6.15385	6.11953	6.02344	1.78451	1.56367	1.39695	9.32083	8.12023	7.15094
6100	1.11134	1.09386	1.01445	6.89448	6.70696	6.46756	4.48143	3.12137	2.06118	6.14929	6.11604	6.01985	1.78474	1.56651	1.40083	9.32481	8.12325	7.15298
6270	1.11472	1.09578	1.01630	6.89760	6.71087	6.46975	4.48258	3.12503	2.06609	6.15167	6.11752	6.02191	1.78425	1.56174	1.39592	9.31745	8.12137	7.15207
6430	1.11474	1.09734	1.01553	6.89676	6.70946	6.47094	4.48702	3.12741	2.06694	6.15227	6.11796	6.02228	1.78665	1.56310	1.39572	9.31963	8.11998	7.15029
6600	1.11369	1.09773	1.01581	6.89791	6.71025	6.47205	4.48970	3.12555	2.06621	6.15300	6.11834	6.02294	1.78505	1.56226	1.39720	9.31959	8.12166	7.15136	33.57	6.2	0.00	-2.04	0.01726	0.01195	0.01512	0.01831	0.01893	0.01480	0.00541	0.01503	0.01996	0.01866	0.01295	0.01649	0.01697	0.01755	0.01371	0.00571	0.01610	0.02152
6760	1.11069	1.09446	1.01285	6.89547	6.70808	6.46783	4.48590	3.12097	2.06296	6.14868	6.11494	6.02013	1.78315	1.56303	1.39787	9.32109	8.12048	7.15173
6930	1.11368	1.09669	1.01527	6.89715	6.70987	6.47003	4.48597	3.12657	2.06468	6.15215	6.11826	6.02179	1.78360	1.56624	1.39714	9.31974	8.12033	7.15167
7090	1.11191	1.09481	1.01428	6.89729	6.70846	6.46808	4.47994	3.12414	2.06336	6.15038	6.11588	6.02082	1.78542	1.56624	1.39907	9.32188	8.12430	7.15232
7260	1.11505	1.09671	1.01447	6.89684	6.70988	6.46957	4.48903	3.12540	2.06394	6.15057	6.11674	6.02071	1.78359	1.56414	1.39758	9.31706	8.11931	7.14953
7420	1.11309	1.09538	1.01452	6.89448	6.70684	6.46717	4.47703	3.12418	2.06518	6.15012	6.11626	6.01997	1.78160	1.56167	1.39497	9.31820	8.11943	7.14819
7590	1.11298	1.09758	1.01544	6.89581	6.70880	6.46982	4.48638	3.12592	2.06720	6.15073	6.11699	6.02216	1.78509	1.56311	1.39545	9.32049	8.12287	7.15108
7750	1.11392	1.09530	1.01515	6.89434	6.70659	6.46715	4.47953	3.12088	2.06179	6.14806	6.11366	6.01837	1.78553	1.56268	1.39820	9.31880	8.12242	7.15146
7920	1.11587	1.09760	1.01500	6.89642	6.70847	6.46814	4.48072	3.12392	2.06416	6.14898	6.11572	6.01901	1.78425	1.56289	1.39530	9.31950	8.11982	7.14880
8080	1.11133	1.09390	1.01370	6.89474	6.70710	6.46656	4.48437	3.12621	2.06410	6.14943	6.11576	6.01967	1.78206	1.56473	1.39775	9.31850	8.11915	7.14805
8250	1.11103	1.09574	1.01416	6.89568	6.70835	6.46790	4.48493	3.12401	2.06460	6.15096	6.11563	6.02132	1.78253	1.56228	1.39511	9.32233	8.12121	7.14971	33.57	6.1	0.00	-2.04	0.01726	0.01195	0.01512	0.01832	0.01893	0.01480	0.00541	0.01503	0.01996	0.01866	0.01295	0.01649	0.01697	0.01755	0.01371	0.00571	0.01610	0.02152
8410	1.11302	1.09541	1.01348	6.89552	6.70787	6.46630	4.47562	3.12023	2.06303	6.15054	6.11512	6.02052	1.78404	1.56390	1.39840	9.32557	8.12165	7.15108
8580	1.11342	1.09645	1.01689	6.89595	6.70923	6.46905	4.48642	3.12600	2.06592	6.15156	6.11723	6.02192	1.78453	1.56418	1.39419	9.32064	8.11871	7.14900
8740	1.11440	1.09869	1.01804	6.89838	6.71260	6.47408	4.48829	3.12889	2.06834	6.15453	6.12044	6.02482	1.78815	1.56635	1.39910	9.32591	8.12499	7.15331
8910	1.11493	1.09604	1.01450	6.89706	6.70975	6.46922	4.48255	3.12365	2.06290	6.15192	6.11720	6.02256	1.78129	1.56333	1.39659	9.32124	8.11792	7.14857
9070	1.11409	1.09502	1.01522	6.89457	6.70721	6.46915	4.49004	3.12314	2.06411	6.15126	6.11637	6.02144	1.78314	1.56438	1.39764	9.31677	8.11774	7.14909
9240	1.11328	1.09382	1.01413	6.89588	6.70934	6.46977	4.48154	3.12316	2.06261	6.15217	6.11831	6.02288	1.78175	1.56241	1.39655	9.32049	8.11825	7.15005
9400	1.11144	1.09605	1.01359	6.89644	6.70910	6.46941	4.48057	3.12076	2.06374	6.15254	6.11740	6.02288	1.78174	1.56218	1.39642	9.31831	8.11720	7.14852
9570	1.11205	1.09543	1.01573	6.89607	6.70923	6.46909	4.47703	3.12364	2.06252	6.15278	6.11760	6.02245	1.78239	1.55932	1.39564	9.31841	8.11952	7.15081
9730	1.11078	1.09364	1.01477	6.89682	6.71043	6.46909	4.48311	3.12012	2.05959	6.15249	6.11892	6.02282	1.78275	1.56294	1.39361	9.31890	8.12076	7.15182
9900	1.11269	1.09773	1.01320	6.89965	6.71291	6.47197	4.48206	3.12382	2.06375	6.15407	6.11873	6.02468	1.78109	1.55834	1.39204	9.31891	8.11992	7.15094	33.57	6.0	0.00	-2.04	0.01726	0.01195	0.01512	0.01832	0.01894	0.01480	0.00541	0.01503	0.01995	0.01866	0.01295	0.01649	0.01697	0.01755	0.01371	0.00571	0.01610	0.02152
10060	1.10792	1.09166	1.01432	6.89764	6.71419	6.47347	4.48117	3.12066	2.06301	6.15630	6.12161	6.02621	1.78085	1.56104	1.39338	9.32313	8.12346	7.15367
10230	1.11018	1.09641	1.01367	6.89919	6.71431	6.47345	4.47625	3.12154	2.06266	6.15537	6.12153	6.02568	1.78261	1.56148	1.39579	9.32065	8.12225	7.15285
10390	1.11233	1.09350	1.01405	6.89936	6.71148	6.47153	4.48351	3.12087	2.06202	6.15332	6.11980	6.02482	1.78275	1.56345	1.39538	9.32239	8.12282	7.15403
10560	1.11251	1.09252	1.01565	6.90022	6.71405	6.47382	4.48430	3.12523	2.06448	6.15547	6.12171	6.02477	1.78166	1.55931	1.39409	9.32323	8.12056	7.15160
10720	1.11557	1.09828	1.01831	6.90183	6.71630	6.47557	4.49380	3.12978	2.07076	6.15833	6.12381	6.02835	1.78588	1.56573	1.39723	9.32617	8.12676	7.15571
10890	1.11198	1.09153	1.01398	6.90053	6.71401	6.47316	4.48515	3.12474	2.06414	6.15521	6.12012	6.02607	1.78329	1.56299	1.39526	9.32254	8.12138	7.15275
11050	1.11090	1.09267	1.01271	6.89834	6.71169	6.47307	4.47740	3.11984	2.06314	6.15662	6.12075	6.02526	1.78273	1.56353	1.39706	9.32547	8.12449	7.15466
11220	1.11135	1.09307	1.01296	6.89964	6.71301	6.47426	4.49019	3.12156	2.06320	6.15735	6.12073	6.02759	1.78291	1.56180	1.39502	9.32204	8.12373	7.15355
11380	1.11365	1.09332	1.01490	6.89887	6.71342	6.47495	4.48091	3.12509	2.06394	6.15776	6.12189	6.02763	1.78215	1.56307	1.39632	9.32597	8.12504	7.15482
11550	1.11331	1.09284	1.01315	6.89969	6.71401	6.47551	4.47513	3.12051	2.06366	6.15880	6.12228	6.02730	1.78209	1.56341	1.39614	9.32800	8.12677	7.15667	33.52	6.1	0.00	-2.04	0.01726	0.01194	0.01512	0.01832	0.01894	0.01481	0.00541	0.01503	0.01995	0.01866	0.01295	0.01649	0.01697	0.01755	0.01371	0.00571	0.01610	0.02152
11710	1.11297	1.09486	1.01541	6.90019	6.71389	6.47666	4.48281	3.12070	2.06272	6.15932	6.12218	6.02849	1.78132	1.56117	1.39423	9.32228	8.12509	7.15530
11880	1.11345	1.09450	1.01519	6.90211	6.71649	6.47814	4.48575	3.12698	2.06328	6.16092	6.12432	6.02937	1.78422	1.56414	1.39650	9.32710	8.12854	7.15791
12040	1.11279	1.09546	1.01215	6.90063	6.71425	6.47659	4.48702	3.12278	2.06317	6.15975	6.12182	6.02850	1.78108	1.55949	1.39600	9.32472	8.12636	7.15640
12210	1.11100	1.09448	1.01442	6.90053	6.71530	6.47711	4.48933	3.12237	2.06214	6.15938	6.12288	6.02897	1.78163	1.56024	1.39636	9.32486	8.12763	7.15633
12370	1.11237	1.09518	1.01365	6.90079	6.71498	6.47535	4.48221	3.12124	2.06086	6.15847	6.12276	6.02759	1.78186	1.56183	1.39603	9.32606	8.12741	7.15734
12540	1.11134	1.09299	1.01506	6.90187	6.71457	6.47642	4.48657	3.12263	2.06166	6.15994	6.12278	6.02910	1.78008	1.55791	1.39255	9.32332	8.12546	7.15603
12700	1.11177	1.09321	1.01592	6.90047	6.71735	6.47866	4.48437	3.12644	2.06385	6.16182	6.12594	6.03073	1.78283	1.56134	1.39447	9.32959	8.12851	7.15838
12870	1.11194	1.09317	1.01143	6.90135	6.71465	6.47719	4.48061	3.12451	2.06126	6.15969	6.12206	6.02793	1.78395	1.56258	1.39785	9.33088	8.13197	7.16167
13030	1.11420	1.09579	1.01268	6.90655	6.71970	6.48039	4.48247	3.12626	2.06459	6.16289	6.12591	6.03069	1.78324	1.56132	1.39357	9.32770	8.13001	7.15992
13200	1.11011	1.09183	1.01189	6.90335	6.71750	6.47856	4.48203	3.12182	2.06091	6.16149	6.12472	6.03075	1.77870	1.55912	1.39360	9.32732	8.12980	7.15840	33.52	6.1	0.00	-2.04	0.01726	0.01194	0.01512	0.01832	0.01894	0.01481	0.00541	0.01503	0.01995	0.01866	0.01295	0.01649	0.01697	0.01755	0.01371	0.00571	0.01610	0.02152
13360	1.11213	1.09339	1.01279	6.90347	6.71848	6.47982	4.48199	3.12135	2.06149	6.16146	6.12591	6.03149	1.78027	1.56020	1.39348	9.32886	8.12892	7.15906
13530	1.10957	1.09178	1.01064	6.90276	6.71729	6.47873	4.48184	3.11848	2.06003	6.16226	6.12555	6.03135	1.77994	1.56170	1.39329	9.32961	8.13230	7.16155
13690	1.11040	1.09176	1.01324	6.90519	6.71915	6.48096	4.48546	3.12062	2.06059	6.16437	6.12903	6.03212	1.77869	1.55914	1.39251	9.32513	8.12961	7.15926
13860	1.11114	1.09415	1.01460	6.90746	6.72205	6.48365	4.48657	3.12393	2.06417	6.16554	6.12935	6.03416	1.78285	1.56349	1.39732	9.32996	8.13279	7.16223
14020	1.11272	1.09338	1.01284	6.90433	6.71932	6.48075	4.48169	3.12135	2.06252	6.16328	6.12720	6.03186	1.77903	1.55921	1.39434	9.32344	8.12860	7.15966
14190	1.11004	1.09180	1.01262	6.90204	6.71731	6.47773	4.48766	3.11990	2.06106	6.16072	6.12551	6.03062	1.77955	1.56120	1.39225	9.33090	8.12975	7.16017
14350	1.10982	1.09527	1.01341	6.90471	6.71903	6.48018	4.48490	3.12083	2.06100	6.16321	6.12844	6.03305	1.77951	1.56003	1.39166	9.32493	8.12920	7.15831
14520	1.11117	1.09459	1.01258	6.90419	6.72056	6.48181	4.47912	3.12273	2.06278	6.16453	6.12808	6.03260	1.78191	1.56163	1.39499	9.32931	8.12857	7.15866
14680	1.10928	1.09053	1.01072	6.90377	6.71832	6.47889	4.48039	3.11706	2.05886	6.16221	6.12445	6.03158	1.78001	1.56101	1.39618	9.32817	8.13016	7.16107
14850	1.11041	1.09158	1.01172	6.90593	6.72024	6.48109	4.48584	3.11741	2.06249	6.16383	6.12768	6.03343	1.78225	1.56363	1.39878	9.33158	8.13540	7.16408	33.57	6.1	0.00	-2.04	0.01726	0.01194	0.01512	0.01832	0.01894	0.01481	0.00541	0.01503	0.01995	0.01866	0.01295	0.01649	0.01697	0.01755	0.01371	0.00571	0.01610	0.02152
15010	1.11446	1.09644	1.01455	6.90949	6.72254	6.48371	4.48189	3.12378	2.06474	6.16507	6.12924	6.03539	1.78122	1.56262	1.39405	9.33029	8.13296	7.16150
15180	1.11067	1.09135	1.01037	6.90687	6.71943	6.47917	4.48342	3.12083	2.06037	6.16227	6.12716	6.03239	1.78107	1.55953	1.39259	9.32974	8.12770	7.15854
15340	1.10833	1.09161	1.01346	6.90513	6.72056	6.48089	4.48163	3.12215	2.06445	6.16442	6.12844	6.03486	1.78193	1.56046	1.39355	9.32780	8.12953	7.16017
15510	1.10779	1.08936	1.00951	6.90554	6.71949	6.47828	4.47254	3.11895	2.05753	6.16108	6.12557	6.03143	1.78239	1.56010	1.39620	9.33019	8.13137	7.16150
15670	1.11313	1.09353	1.01365	6.90694	6.72268	6.48103	4.47407	3.11966	2.06157	6.16498	6.12843	6.03430	1.77859	1.56128	1.39372	9.32904	8.12782	7.15862
15840	1.10968	1.09326	1.01470	6.90789	6.72323	6.48285	4.48845	3.12416	2.06187	6.16571	6.13004	6.03482	1.78211	1.56270	1.39511	9.33019	8.13238	7.16149
16000	1.11113	1.09050	1.01102	6.90642	6.72056	6.47949	4.47634	3.12035	2.05941	6.16229	6.12728	6.03100	1.78252	1.56183	1.39718	9.33412	8.13438	7.16406
16160	1.11260	1.09279	1.01296	6.91039	6.72326	6.48343	4.48342	3.12328	2.06140	6.16510	6.12976	6.03419	1.78056	1.55937	1.39085	9.32845	8.13033	7.16058
16330	1.11043	1.09034	1.01059	6.90596	6.72085	6.48071	4.48510	3.11991	2.05960	6.16337	6.12823	6.03284	1.77942	1.55904	1.39238	9.32795	8.12878	7.15924
16500	1.11030	1.09150	1.01058	6.90616	6.72076	6.48042	4.47801	3.12063	2.06119	6.16198	6.12667	6.03076	1.77969	1.55909	1.39191	9.32542	8.12894	7.15920	33.52	6.1	0.00	-2.04	0.01726	0.01194	0.01511	0.01832	0.01894	0.01481	0.00541	0.01503	0.01995	0.01866	0.01295	0.01649	0.01697	0.01755	0.01371	0.00571	0.01610	0.02152
16660	1.10823	1.09155	1.01005	6.90516	6.72076	6.48096	4.47928	3.11769	2.05909	6.16265	6.12773	6.03137	1.78025	1.55935	1.39485	9.32960	8.12961	7.15956
16820	1.10929	1.09290	1.01180	6.90580	6.72017	6.48116	4.47559	3.11715	2.05990	6.16271	6.12751	6.03271	1.78056	1.55871	1.39217	9.32393	8.12710	7.15858
16990	1.11063	1.09411	1.01234	6.90750	6.72263	6.48279	4.48643	3.12238	2.06330	6.16511	6.13019	6.03476	1.78129	1.56149	1.39462	9.32830	8.13206	7.16120
17150	1.11178	1.09128	1.01018	6.90767	6.72061	6.48053	4.48200	3.12026	2.05865	6.16232	6.12695	6.03126	1.78061	1.55790	1.39113	9.32731	8.12948	7.15962
17320	1.11006	1.09105	1.01151	6.90579	6.71880	6.48048	4.47891	3.11748	2.06096	6.16314	6.12708	6.03220	1.78026	1.55978	1.39490	9.32596	8.12911	7.15986
17480	1.11013	1.09177	1.00995	6.90580	6.71834	6.47934	4.48300	3.11980	2.06070	6.16252	6.12681	6.03095	1.78090	1.56132	1.39613	9.32631	8.12957	7.16010
17650	1.10974	1.09184	1.01128	6.90590	6.71986	6.48040	4.47675	3.12223	2.06105	6.16213	6.12720	6.03210	1.77929	1.55790	1.39180	9.32333	8.12654	7.15736
17810	1.10802	1.09107	1.01213	6.90411	6.72015	6.48124	4.48442	3.12410	2.06378	6.16384	6.12820	6.03375	1.78171	1.56067	1.39249	9.32577	8.12904	7.16022
17980	1.11024	1.09336	1.01274	6.90581	6.71844	6.47858	4.47824	3.12142	2.05962	6.16143	6.12611	6.03141	1.78139	1.56181	1.39663	9.33049	8.13218	7.16344
18150	1.11333	1.09224	1.01289	6.90854	6.72134	6.48234	4.47962	3.12248	2.06109	6.16235	6.12771	6.03295	1.78025	1.55849	1.39635	9.33218	8.12958	7.16019	33.52	6.1	0.00	-2.04	0.01726	0.01194	0.01511	0.01832	0.01894	0.01481	0.00541	0.01503	0.01995	0.01866	0.01295	0.01649	0.01697	0.01755	0.01371	0.00571	0.01610	0.02152
18310	1.10863	1.08983	1.01076	6.90645	6.72033	6.48035	4.47947	3.11898	2.06161	6.16276	6.12791	6.03133	1.78003	1.55967	1.39237	9.32353	8.13050	7.16051
18470	1.11055	1.08931	1.01092	6.90758	6.72098	6.48048	4.48461	3.11824	2.05868	6.16366	6.12863	6.03263	1.78027	1.55998	1.39533	9.32950	8.13297	7.16232
18640	1.11174	1.09052	1.01007	6.90735	6.71910	6.48066	4.48267	3.11796	2.05895	6.16222	6.12655	6.03134	1.78083	1.55964	1.39595	9.33139	8.13456	7.16387
18800	1.11065	1.09181	1.01092	6.90896	6.72063	6.48162	4.47928	3.11990	2.06172	6.16350	6.12985	6.03327	1.77922	1.55958	1.39279	9.33064	8.13389	7.16200
18970	1.11064	1.09300	1.01291	6.91146	6.72409	6.48512	4.48409	3.12383	2.06325	6.16588	6.13201	6.03605	1.78195	1.56041	1.39498	9.33378	8.13554	7.16493
19130	1.10990	1.08988	1.00929	6.90955	6.72220	6.48351	4.48793	3.11978	2.05881	6.16389	6.12922	6.03368	1.78228	1.56226	1.39754	9.33517	8.13956	7.16761
19300	1.10989	1.09396	1.01088	6.91243	6.72424	6.48573	4.49296	3.12143	2.06232	6.16583	6.13285	6.03550	1.78090	1.55982	1.39207	9.33482	8.13550	7.16485
19460	1.11096	1.09517	1.01357	6.91200	6.72561	6.48763	4.48282	3.12376	2.06457	6.16702	6.13358	6.03671	1.78280	1.56134	1.39424	9.33472	8.13635	7.16618
19630	1.10952	1.09140	1.01027	6.91196	6.72304	6.48384	4.48204	3.11912	2.05909	6.16459	6.13093	6.03398	1.78047	1.56069	1.39616	9.33652	8.13721	7.16677
19790	1.11017	1.09117	1.01170	6.91157	6.72419	6.48484	4.47210	3.12143	2.05820	6.16494	6.13138	6.03476	1.77797	1.55651	1.39028	9.32858	8.13300	7.16189	33.52	6.2	0.00	-2.04	0.01726	0.01194	0.01511	0.01832	0.01894	0.01481	0.00541	0.01503	0.01995	0.01866	0.01295	0.01649	0.01697	0.01755	0.01371	0.00571	0.01610	0.02152
19950	1.10612	1.08742	1.00734	6.90569	6.71985	6.48001	4.47397	3.11453	2.05554	6.15998	6.12755	6.03081	1.77562	1.55749	1.39159	9.33316	8.13268	7.16268
20120	1.10869	1.08892	1.01041	6.90828	6.72233	6.48486	4.48156	3.11897	2.05912	6.16409	6.13158	6.03513	1.78174	1.56098	1.39575	9.33704	8.13826	7.16698
20280	1.11286	1.09358	1.01213	6.91356	6.72657	6.48729	4.48443	3.12515	2.06332	6.16733	6.13323	6.03665	1.78277	1.56139	1.39305	9.33684	8.13696	7.16675
20450	1.11055	1.08893	1.00867	6.91157	6.72371	6.48500	4.47627	3.11978	2.05961	6.16472	6.13050	6.03518	1.77912	1.55889	1.39198	9.32858	8.13237	7.16398
20610	1.10775	1.09216	1.00968	6.90944	6.72257	6.48218	4.47992	3.11838	2.05687	6.16294	6.13006	6.03456	1.78097	1.56281	1.39507	9.33316	8.13755	7.16694
20780	1.11079	1.09250	1.01202	6.91420	6.72674	6.48561	4.48693	3.12088	2.06302	6.16736	6.13314	6.03757	1.78029	1.55800	1.39120	9.33535	8.13550	7.16533
20940	1.10602	1.09218	1.01241	6.91063	6.72516	6.48565	4.48149	3.11994	2.06113	6.16684	6.13294	6.03751	1.78217	1.55988	1.39159	9.33809	8.13728	7.16534
21100	1.10898	1.08871	1.00783	6.91020	6.72300	6.48258	4.48462	3.11586	2.05658	6.16417	6.12983	6.03381	1.78078	1.55972	1.39620	9.33291	8.13681	7.16557
21270	1.10937	1.08916	1.00957	6.91079	6.72454	6.48550	4.47393	3.11643	2.05849	6.16560	6.13102	6.03569	1.77799	1.55564	1.38917	9.32993	8.13417	7.16314
21430	1.10919	1.09016	1.01085	6.91066	6.72482	6.48519	4.48625	3.11906	2.06153	6.16653	6.13155	6.03621	1.77984	1.55998	1.39252	9.33498	8.13674	7.16522	33.52	6.2	0.00	-2.04	0.01726	0.01194	0.01511	0.01832	0.01894	0.01481	0.00541	0.01503	0.01995	0.01866	0.01295	0.01649	0.01697	0.01755	0.01371	0.00571	0.01610	0.02152
21600	1.10723	1.08929	1.01034	6.91031	6.72262	6.48319	4.48159	3.11685	2.05601	6.16419	6.12963	6.03379	1.78003	1.55762	1.39339	9.33503	8.13782	7.16697
21760	1.10898	1.09367	1.01161	6.91255	6.72535	6.48633	4.47861	3.12094	2.06120	6.16711	6.13074	6.03665	1.77942	1.55711	1.39157	9.33229	8.13540	7.16509
21930	1.10839	1.09259	1.01162	6.91278	6.72720	6.48795	4.48815	3.11996	2.06261	6.16959	6.13433	6.03858	1.78328	1.55991	1.39545	9.33627	8.13908	7.16863
22090	1.10845	1.09024	1.00908	6.91205	6.72374	6.48535	4.47921	3.11807	2.05926	6.16549	6.12996	6.03524	1.78109	1.56124	1.39458	9.33632	8.14018	7.16862
22260	1.10957	1.09040	1.01105	6.91212	6.72438	6.48491	4.47441	3.11942	2.05897	6.16680	6.13050	6.03578	1.78106	1.55989	1.39244	9.33249	8.13513	7.16496
22420	1.10896	1.09025	1.00818	6.90945	6.72325	6.48400	4.48133	3.11882	2.05913	6.16563	6.12931	6.03522	1.77750	1.55893	1.39193	9.33035	8.13529	7.16404
22590	1.10920	1.09189	1.01196	6.90865	6.72190	6.48301	4.49028	3.11900	2.05984	6.16567	6.12972	6.03514	1.77881	1.55845	1.39125	9.33348	8.13572	7.16453
22750	1.10837	1.09005	1.01081	6.90897	6.72278	6.48351	4.47735	3.11926	2.05909	6.16600	6.12964	6.03536	1.77784	1.55806	1.38978	9.33080	8.13569	7.16475
22920	1.10889	1.09056	1.01011	6.90979	6.72220	6.48470	4.47746	3.11696	2.06010	6.16672	6.13086	6.03492	1.78111	1.56087	1.39410	9.33348	8.13759	7.16744
23080	1.11043	1.09140	1.00936	6.91116	6.72485	6.48682	4.47645	3.11865	2.06228	6.16687	6.13184	6.03688	1.77975	1.55740	1.39188	9.33535	8.13670	7.16698	33.57	6.2	0.00	-2.04	0.01726	0.01194	0.01511	0.01832	0.01894	0.01481	0.00541	0.01503	0.01995	0.01866	0.01295	0.01649	0.01697	0.01755	0.01371	0.00571	0.01610	0.02152
23250	1.10742	1.09067	1.01047	6.90893	6.72413	6.48700	4.47504	3.11906	2.06184	6.16762	6.13239	6.03731	1.78144	1.55771	1.39299	9.33699	8.13730	7.16635
23410	1.10871	1.09155	1.00848	6.90867	6.72114	6.48390	4.48010	3.11596	2.05501	6.16285	6.12749	6.03278	1.77835	1.55987	1.39293	9.33361	8.13637	7.16791
23580	1.10967	1.09010	1.01110	6.91093	6.72242	6.48465	4.48588	3.11778	2.05867	6.16436	6.12896	6.03402	1.77688	1.55681	1.38970	9.32967	8.13450	7.16442
23740	1.10522	1.08710	1.00889	6.90747	6.72078	6.48169	4.48670	3.11918	2.05854	6.16321	6.12991	6.03394	1.77848	1.55734	1.38983	9.33012	8.13481	7.16383
23900	1.10647	1.08720	1.00868	6.90581	6.71924	6.48042	4.47578	3.11721	2.05713	6.16115	6.12610	6.03159	1.77761	1.55740	1.39337	9.33112	8.13528	7.16499
24070	1.10748	1.08988	1.01082	6.90839	6.72158	6.48173	4.48357	3.11856	2.05983	6.16187	6.12712	6.03233	1.77662	1.55506	1.39028	9.32709	8.13145	7.16105
24230	1.10761	1.08949	1.01048	6.90868	6.72261	6.48315	4.48726	3.11812	2.05892	6.16344	6.12863	6.03269	1.77796	1.55761	1.39141	9.33246	8.13580	7.16339
24400	1.10865	1.08898	1.00764	6.90684	6.72024	6.47981	4.48267	3.11222	2.05495	6.16050	6.12561	6.03089	1.77970	1.55856	1.39322	9.33530	8.13832	7.16586
24560	1.10873	1.09111	1.01134	6.90983	6.72217	6.48133	4.48976	3.11681	2.05803	6.16207	6.12892	6.03281	1.77873	1.55661	1.39276	9.33550	8.13538	7.16289
24730	1.10874	1.09035	1.00944	6.90832	6.72121	6.48163	4.47762	3.11987	2.05871	6.16225	6.12763	6.03234	1.77666	1.55624	1.39089	9.33348	8.13410	7.16236	33.57	6.1	0.00	-2.04	0.01726	0.01194	0.01511	0.01832	0.01894	0.01481	0.00541	0.01503	0.01995	0.01866	0.01295	0.01649	0.01697	0.01755	0.01371	0.00571	0.01610	0.02152
24900	1.10512	1.08795	1.01020	6.90852	6.72055	6.48044	4.48362	3.11692	2.06021	6.16137	6.12700	6.03217	1.77863	1.55892	1.39371	9.33397	8.13299	7.16237
25060	1.10681	1.08748	1.00927	6.90636	6.71866	6.47827	4.46921	3.11531	2.05526	6.15946	6.12553	6.02944	1.77850	1.55858	1.39489	9.33039	8.13363	7.16315
25230	1.10823	1.08998	1.01197	6.90935	6.72090	6.48149	4.48403	3.11558	2.05936	6.16232	6.12675	6.03090	1.77804	1.55718	1.39142	9.33477	8.13277	7.16187
25390	1.10868	1.09167	1.01076	6.90743	6.72079	6.48136	4.47628	3.11780	2.05743	6.16125	6.12810	6.03261	1.77715	1.55774	1.39042	9.33159	8.13210	7.16081
25560	1.10534	1.09106	1.01226	6.90943	6.72196	6.48218	4.48519	3.12134	2.06164	6.16280	6.12803	6.03220	1.77993	1.55541	1.39062	9.33238	8.13413	7.16186
25720	1.10728	1.08937	1.01012	6.90853	6.72066	6.47922	4.47967	3.11732	2.05882	6.16016	6.12744	6.03120	1.77703	1.55563	1.39041	9.32940	8.13284	7.16123
25890	1.10659	1.08888	1.00815	6.90701	6.72111	6.48116	4.47818	3.11826	2.05858	6.16141	6.12711	6.03079	1.77784	1.55525	1.39145	9.33641	8.13379	7.16193
26050	1.10614	1.08936	1.01169	6.90650	6.72004	6.48054	4.47092	3.11604	2.05655	6.15919	6.12495	6.02985	1.77835	1.55969	1.39377	9.33592	8.13667	7.16460
26220	1.10976	1.09177	1.01024	6.90973	6.72299	6.48151	4.48355	3.12024	2.06044	6.16137	6.12667	6.03124	1.77816	1.55686	1.39236	9.33502	8.13546	7.16283
26380	1.10485	1.08597	1.00947	6.91058	6.72221	6.48107	4.47669	3.11448	2.05755	6.15970	6.12641	6.03022	1.77625	1.55573	1.38896	9.33121	8.13085	7.16128	33.57	6.0	0.00	-2.04	0.01726	0.01194	0.01511	0.01832	0.01894	0.01480	0.00541	0.01503	0.01995	0.01866	0.01295	0.01649	0.01696	0.01755	0.01371	0.00571	0.01610	0.02152
26550	1.10738	1.08943	1.01063	6.90934	6.72327	6.48128	4.47803	3.12021	2.05903	6.16146	6.12833	6.03087	1.77812	1.55602	1.38875	9.33236	8.13376	7.16370
26710	1.10597	1.08727	1.00799	6.90988	6.72197	6.47983	4.47773	3.11593	2.05480	6.16074	6.12857	6.03072	1.77662	1.55831	1.39248	9.33365	8.13566	7.16499
26880	1.10604	1.08698	1.00767	6.91042	6.72355	6.48156	4.48086	3.11830	2.05859	6.16040	6.12904	6.03202	1.77455	1.55664	1.38829	9.33266	8.13414	7.16142
27040	1.10640	1.08929	1.01093	6.91131	6.72540	6.48489	4.48511	3.12087	2.06066	6.16286	6.13134	6.03392	1.77940	1.55760	1.39210	9.34047	8.13850	7.16647
27210	1.10578	1.08736	1.00861	6.91139	6.72370	6.48135	4.47989	3.11686	2.05585	6.16128	6.12947	6.03155	1.77515	1.55481	1.38934	9.33281	8.13297	7.16232
27370	1.10421	1.08863	1.00640	6.91048	6.72326	6.48121	4.47535	3.11492	2.05878	6.16209	6.12896	6.03221	1.77504	1.55579	1.38785	9.33146	8.13161	7.16188
27540	1.10791	1.09314	1.01018	6.91376	6.72792	6.48594	4.48507	3.12084	2.05899	6.16628	6.13279	6.03591	1.77988	1.55680	1.39201	9.33639	8.13891	7.16857
27700	1.10572	1.08844	1.00627	6.91242	6.72553	6.48495	4.47807	3.11641	2.05816	6.16358	6.13055	6.03432	1.77872	1.55952	1.39195	9.33778	8.13825	7.16811
27860	1.10765	1.08963	1.00730	6.91362	6.72590	6.48512	4.47483	3.11387	2.05484	6.16451	6.13106	6.03466	1.77594	1.55373	1.38738	9.33380	8.13360	7.16354
28030	1.10456	1.08749	1.00877	6.91344	6.72631	6.48732	4.48373	3.11720	2.05847	6.16551	6.13128	6.03501	1.77904	1.55783	1.38899	9.33725	8.13678	7.16617	33.57	6.1	0.00	-2.04	0.01726	0.01194	0.01511	0.01832	0.01894	0.01481	0.00541	0.01503	0.01995	0.01866	0.01295	0.01649	0.01697	0.01755	0.01371	0.00571	0.01610	0.02152
28190	1.10454	1.08678	1.00594	6.91151	6.72344	6.48379	4.46850	3.11274	2.05404	6.16246	6.12867	6.03353	1.77328	1.55317	1.38851	9.33362	8.13251	7.16271
28350	1.10664	1.08869	1.00894	6.91361	6.72606	6.48770	4.47263	3.11722	2.05862	6.16577	6.13275	6.03542	1.77837	1.55620	1.39082	9.33825	8.13651	7.16617
28520	1.10592	1.08750	1.00685	6.91180	6.72351	6.48356	4.47326	3.11358	2.05545	6.16145	6.12728	6.03159	1.77253	1.55455	1.38699	9.33193	8.13147	7.16215
28680	1.10349	1.08477	1.00394	6.90935	6.72074	6.48174	4.47799	3.11409	2.05268	6.16068	6.12761	6.03158	1.77383	1.55227	1.38635	9.33014	8.13189	7.16215
28850	1.10183	1.08706	1.00731	6.90897	6.72330	6.48394	4.48925	3.11711	2.05798	6.16356	6.12968	6.03471	1.77548	1.55679	1.38978	9.33332	8.13736	7.16706
29010	1.10658	1.08784	1.00850	6.91291	6.72445	6.48356	4.47941	3.11310	2.05568	6.16335	6.12918	6.03152	1.77440	1.55686	1.38907	9.33641	8.13976	7.17023
29180	1.10714	1.08865	1.00875	6.91516	6.72549	6.48509	4.47959	3.11806	2.05626	6.16490	6.12872	6.03255	1.77396	1.55430	1.38940	9.33506	8.13607	7.16450
29340	1.10326	1.08699	1.00749	6.91064	6.72460	6.48520	4.48127	3.11700	2.05821	6.16420	6.12996	6.03320	1.77716	1.55530	1.39047	9.33611	8.13787	7.16616
29510	1.10423	1.08711	1.00765	6.91086	6.72274	6.48185	4.47620	3.11289	2.05509	6.15986	6.12504	6.03004	1.77493	1.55757	1.38952	9.33516	8.13910	7.16793
29670	1.10600	1.08685	1.00834	6.91282	6.72449	6.48387	4.47777	3.11607	2.05609	6.16221	6.12771	6.03204	1.77466	1.55577	1.38834	9.33413	8.13702	7.16449	33.57	6.0	0.00	-2.04	0.01726	0.01194	0.01511	0.01832	0.01894	0.01480	0.00541	0.01503	0.01995	0.01866	0.01295	0.01649	0.01697	0.01755	0.01371	0.00571	0.01610	0.02152
29840	1.10501	1.08770	1.00916	6.91341	6.72637	6.48521	4.48585	3.11908	2.05862	6.16396	6.12851	6.03247	1.77676	1.55743	1.39169	9.33836	8.13917	7.16733
30000	1.10514	1.08787	1.00645	6.91215	6.72401	6.48192	4.46913	3.11384	2.05541	6.16062	6.12581	6.03039	1.77706	1.55816	1.39362	9.33881	8.14172	7.17033
30160	1.10865	1.09138	1.00970	6.91507	6.72568	6.48418	4.48321	3.11757	2.05630	6.16364	6.12922	6.03351	1.77454	1.55729	1.38946	9.33647	8.13975	7.16802
30330	1.10374	1.08685	1.00815	6.91189	6.72453	6.48458	4.46723	3.11384	2.05656	6.16226	6.12837	6.03217	1.77617	1.55391	1.38863	9.33871	8.14029	7.16773
30490	1.10226	1.08468	1.00689	6.91169	6.72329	6.48164	4.47680	3.11310	2.05457	6.16061	6.12678	6.02964	1.77804	1.55898	1.39360	9.34240	8.14559	7.17188
30660	1.10763	1.08826	1.00874	6.91753	6.72809	6.48533	4.48466	3.11572	2.05745	6.16509	6.12973	6.03431	1.77729	1.55686	1.38991	9.34190	8.13982	7.16649
30820	1.10386	1.08589	1.00517	6.91226	6.72402	6.48272	4.47631	3.11315	2.05564	6.16246	6.12701	6.03075	1.77467	1.55649	1.38903	9.34130	8.13893	7.16516
30990	1.10372	1.08949	1.00816	6.91329	6.72605	6.48461	4.48123	3.11546	2.05787	6.16344	6.12976	6.03332	1.77680	1.55688	1.38967	9.34076	8.14048	7.16711
31150	1.10393	1.08618	1.00626	6.91313	6.72482	6.48335	4.47773	3.11406	2.05542	6.16282	6.12866	6.03178	1.77658	1.55643	1.39029	9.34464	8.14191	7.16840
31320	1.10430	1.08669	1.00602	6.91326	6.72588	6.48419	4.47811	3.11514	2.05520	6.16403	6.12837	6.03291	1.77741	1.55803	1.38958	9.34337	8.14283	7.16967	33.57	6.0	0.00	-2.04	0.01726	0.01194	0.01511	0.01832	0.01894	0.01480	0.00541	0.01503	0.01995	0.01866	0.01295	0.01649	0.01696	0.01755	0.01371	0.00571	0.01610	0.02152
31480	1.10741	1.08893	1.00990	6.91501	6.72676	6.48430	4.48784	3.11419	2.05854	6.16459	6.13118	6.03383	1.77857	1.55858	1.38913	9.33973	8.14327	7.16920
31650	1.10370	1.08708	1.00858	6.91403	6.72807	6.48599	4.48593	3.11817	2.05896	6.16699	6.13286	6.03685	1.77968	1.55739	1.39075	9.34068	8.14321	7.17047
31810	1.10412	1.08504	1.00548	6.91385	6.72691	6.48456	4.48079	3.11369	2.05417	6.16493	6.12970	6.03336	1.77684	1.55557	1.38797	9.34232	8.14120	7.16928
31970	1.10449	1.08349	1.00496	6.91435	6.72688	6.48587	4.47658	3.11160	2.05492	6.16579	6.13110	6.03422	1.77324	1.55172	1.38625	9.34063	8.14019	7.16839
32140	1.10174	1.08399	1.00371	6.91228	6.72407	6.48306	4.46947	3.10933	2.04939	6.16437	6.12909	6.03251	1.77500	1.55522	1.38836	9.34018	8.14210	7.16975
32300	1.10507	1.08757	1.00547	6.91551	6.72693	6.48663	4.48083	3.11200	2.05454	6.16547	6.13159	6.03567	1.77314	1.55374	1.38692	9.33714	8.14043	7.16764
32470	1.10413	1.08567	1.00564	6.91477	6.72681	6.48576	4.47897	3.11313	2.05444	6.16589	6.12991	6.03487	1.77415	1.55252	1.38733	9.33953	8.13930	7.16889
32630	1.10424	1.08395	1.00507	6.91517	6.72691	6.48668	4.47993	3.11109	2.05470	6.16693	6.13125	6.03523	1.77262	1.55405	1.38710	9.33938	8.14066	7.16916
32790	1.10473	1.08728	1.00743	6.91765	6.73011	6.49016	4.48661	3.11641	2.05813	6.16757	6.13443	6.03628	1.77643	1.55626	1.39042	9.34411	8.14430	7.17218
32960	1.10360	1.08277	1.00583	6.91524	6.72533	6.48475	4.46720	3.11112	2.05288	6.16539	6.13133	6.03510	1.77632	1.55384	1.38867	9.34335	8.14463	7.17283	33.57	6.1	0.00	-2.04	0.01726	0.01194	0.01511	0.01832	0.01894	0.01480	0.00541	0.01503	0.01995	0.01866	0.01295	0.01649	0.01696	0.01755	0.01371	0.00571	0.01610	0.02152
33120	1.10563	1.08638	1.00653	6.91712	6.72616	6.48654	4.47643	3.11182	2.05527	6.16638	6.13250	6.03490	1.77244	1.55235	1.38524	9.33926	8.14125	7.16863
33290	1.10220	1.08554	1.00764	6.91588	6.72739	6.48731	4.47781	3.11408	2.05465	6.16723	6.13372	6.03639	1.77463	1.55377	1.38809	9.34444	8.14427	7.17170
33450	1.10283	1.08462	1.00691	6.91518	6.72595	6.48586	4.47964	3.11169	2.05391	6.16603	6.13194	6.03538	1.77462	1.55350	1.38820	9.34424	8.14556	7.17331
33620	1.10503	1.08661	1.00558	6.91615	6.72681	6.48655	4.47729	3.11327	2.05408	6.16723	6.13211	6.03539	1.77375	1.55336	1.38556	9.34325	8.14407	7.17144
33780	1.10519	1.08741	1.00724	6.91597	6.72693	6.48964	4.47897	3.11512	2.05785	6.16893	6.13373	6.03647	1.77503	1.55554	1.38900	9.34604	8.14637	7.17353
33950	1.10310	1.08513	1.00672	6.91501	6.72535	6.48659	4.48087	3.11378	2.05478	6.16551	6.13099	6.03446	1.77467	1.55475	1.39098	9.34484	8.14590	7.17450
34110	1.10513	1.08803	1.00666	6.91571	6.72633	6.48702	4.47860	3.11480	2.05465	6.16653	6.13143	6.03474	1.77406	1.55471	1.38804	9.34544	8.14185	7.17049
34280	1.10757	1.08778	1.00965	6.91764	6.72921	6.49017	4.48568	3.11841	2.05955	6.17038	6.13506	6.03848	1.77863	1.55797	1.39108	9.34663	8.14808	7.17474
34440	1.10392	1.08727	1.00708	6.91667	6.72523	6.48661	4.47487	3.11350	2.05579	6.16705	6.13198	6.03548	1.77229	1.55426	1.38700	9.34260	8.14354	7.17036
34610	1.10310	1.08844	1.00730	6.91399	6.72466	6.48698	4.47968	3.11740	2.05546	6.16764	6.13110	6.03586	1.77798	1.55554	1.38930	9.34434	8.14533	7.17206	33.63	6.1	0.00	-2.04	0.01726	0.01194	0.01511	0.01832	0.01894	0.01480	0.00541	0.01503	0.01995	0.01866	0.01295	0.01649	0.01696	0.01755	0.01371	0.00571	0.01610	0.02152
34770	1.10393	1.08552	1.00848	6.91406	6.72328	6.48575	4.47209	3.11087	2.05382	6.16468	6.13034	6.03452	1.77501	1.55250	1.38963	9.34384	8.14501	7.17145
34940	1.10366	1.08461	1.00951	6.91451	6.72508	6.48535	4.47678	3.11331	2.05398	6.16710	6.13045	6.03554	1.77245	1.55248	1.38895	9.34389	8.14334	7.17041
35100	1.10435	1.08675	1.00724	6.91423	6.72496	6.48626	4.47693	3.11334	2.05630	6.16686	6.13113	6.03636	1.77431	1.55465	1.38924	9.34464	8.14527	7.17136
35270	1.10378	1.08450	1.00668	6.91348	6.72293	6.48451	4.47335	3.11234	2.05306	6.16345	6.12841	6.03360	1.77492	1.55467	1.39011	9.34584	8.14675	7.17373
35430	1.10622	1.08886	1.00506	6.91524	6.72573	6.48642	4.46970	3.11536	2.05483	6.16647	6.13105	6.03511	1.77499	1.55493	1.38814	9.34619	8.14296	7.17005
35600	1.10766	1.08925	1.00998	6.91729	6.72830	6.48944	4.48020	3.11707	2.05923	6.16913	6.13339	6.03807	1.77951	1.55698	1.38986	9.34653	8.14890	7.17450
35760	1.10474	1.08876	1.00659	6.91614	6.72553	6.48644	4.47216	3.11344	2.05271	6.16503	6.13036	6.03417	1.77507	1.55318	1.38721	9.34678	8.14358	7.17064
35920	1.10271	1.08556	1.00510	6.91406	6.72456	6.48484	4.47067	3.11089	2.05326	6.16439	6.12970	6.03361	1.77447	1.55509	1.38678	9.34818	8.14573	7.17075
36090	1.10199	1.08567	1.00625	6.91364	6.72510	6.48579	4.47387	3.11344	2.05517	6.16637	6.13085	6.03437	1.77497	1.55398	1.38832	9.34464	8.14368	7.16997
36260	1.10263	1.08581	1.00548	6.91371	6.72512	6.48373	4.47630	3.11232	2.05271	6.16531	6.13021	6.03276	1.77399	1.55260	1.38869	9.34191	8.14487	7.17051	33.57	6.1	0.00	-2.04	0.01725	0.01194	0.01511	0.01832	0.01894	0.01480	0.00541	0.01503	0.01995	0.01866	0.01295	0.01649	0.01696	0.01755	0.01371	0.00571	0.01610	0.02152
36420	1.10320	1.08481	1.00604	6.91327	6.72544	6.48446	4.47306	3.11455	2.05345	6.16500	6.12990	6.03346	1.77380	1.55337	1.38943	9.34310	8.14311	7.17130
36580	1.10232	1.08719	1.00542	6.91442	6.72595	6.48583	4.47026	3.11628	2.05683	6.16598	6.13225	6.03572	1.77462	1.55194	1.38537	9.34231	8.14326	7.16931
36750	1.10212	1.08672	1.00698	6.91764	6.72931	6.48866	4.47771	3.11705	2.05738	6.16906	6.13318	6.03639	1.77598	1.55444	1.38785	9.34545	8.14611	7.17193
36910	1.10272	1.08520	1.00545	6.91638	6.72664	6.48427	4.47853	3.11098	2.05384	6.16579	6.13002	6.03394	1.77282	1.55277	1.38699	9.34026	8.14323	7.17017
37080	1.10257	1.08369	1.00551	6.91549	6.72638	6.48573	4.47697	3.11449	2.05380	6.16661	6.13210	6.03526	1.77526	1.55433	1.38735	9.34171	8.14236	7.17062
37240	1.10366	1.08492	1.00610	6.91545	6.72616	6.48545	4.47131	3.11051	2.05241	6.16575	6.13199	6.03452	1.77551	1.55462	1.38945	9.34679	8.14500	7.17138
37410	1.10348	1.08645	1.00675	6.91793	6.72804	6.48565	4.47577	3.11310	2.05547	6.16623	6.13226	6.03553	1.77433	1.55082	1.38613	9.34385	8.14222	7.16949
37580	1.10026	1.08552	1.00787	6.91573	6.72895	6.48838	4.47872	3.11528	2.05755	6.16885	6.13496	6.03762	1.77641	1.55678	1.38941	9.34694	8.14550	7.17203
37740	1.10530	1.08528	1.00500	6.91650	6.72823	6.48582	4.47030	3.11239	2.05354	6.16592	6.13262	6.03567	1.77335	1.55178	1.38795	9.34041	8.14181	7.17041
37910	1.10193	1.08369	1.00398	6.91423	6.72642	6.48454	4.47231	3.10828	2.05242	6.16588	6.13090	6.03589	1.77375	1.55417	1.38840	9.34633	8.14689	7.17157	33.57	6.1	0.00	-2.04	0.01726	0.01194	0.01511	0.01832	0.01893	0.01480	0.00541	0.01503	0.01995	0.01866	0.01295	0.01649	0.01696	0.01755	0.01371	0.00571	0.01610	0.02152
38070	1.10264	1.08861	1.00505	6.91715	6.72798	6.48538	4.47064	3.11319	2.05255	6.16719	6.13134	6.03625	1.77317	1.55442	1.38555	9.34419	8.14142	7.16848
38240	1.10393	1.08586	1.00608	6.91727	6.73009	6.48796	4.47384	3.11400	2.05590	6.17002	6.13415	6.03755	1.77459	1.55448	1.38915	9.34628	8.14579	7.17261
38400	1.10167	1.08443	1.00446	6.91602	6.72783	6.48661	4.47887	3.11163	2.05025	6.16690	6.13194	6.03615	1.77543	1.55432	1.39066	9.34743	8.15005	7.17536
38560	1.10378	1.08594	1.00827	6.91937	6.73099	6.49000	4.48121	3.11539	2.05422	6.16992	6.13421	6.03805	1.77369	1.55250	1.38818	9.34518	8.14580	7.17367
38730	1.10347	1.08550	1.00590	6.91867	6.72979	6.48881	4.48330	3.11344	2.05400	6.16912	6.13476	6.03831	1.77233	1.55195	1.38387	9.34244	8.14351	7.17216
38890	1.10068	1.08430	1.00560	6.91658	6.72656	6.48693	4.47928	3.11168	2.05240	6.16824	6.13339	6.03733	1.77134	1.55276	1.38494	9.34379	8.14279	7.17108
39060	1.10089	1.08333	1.00437	6.91634	6.72850	6.48769	4.47946	3.11401	2.05329	6.16845	6.13421	6.03744	1.77261	1.55356	1.38628	9.33866	8.14531	7.17249
39220	1.10180	1.08416	1.00613	6.91704	6.72963	6.48819	4.47466	3.11076	2.05417	6.16863	6.13462	6.03872	1.77097	1.55091	1.38467	9.34080	8.14275	7.17073
39390	1.10279	1.08389	1.00630	6.91828	6.73132	6.49039	4.47402	3.11592	2.05220	6.16953	6.13593	6.03884	1.77251	1.55079	1.38482	9.34194	8.14447	7.17280
39550	1.10036	1.08234	1.00363	6.91783	6.72899	6.48778	4.47187	3.10912	2.05040	6.16761	6.13172	6.03676	1.77106	1.55295	1.38860	9.34408	8.14491	7.17190	33.57	6.1	0.00	-2.04	0.01726	0.01194	0.01511	0.01831	0.01893	0.01480	0.00541	0.01503	0.01995	0.01866	0.01295	0.01649	0.01696	0.01755	0.01371	0.00571	0.01610	0.02152
39720	1.10352	1.08508	1.00753	6.91795	6.73033	6.48980	4.47906	3.11157	2.05270	6.16946	6.13516	6.03875	1.77379	1.55445	1.38824	9.34917	8.14703	7.17487
39880	1.10676	1.08731	1.00749	6.92188	6.73279	6.49235	4.47921	3.11629	2.05531	6.17109	6.13671	6.03971	1.77378	1.55325	1.38610	9.34598	8.14580	7.17378
40050	1.10130	1.08384	1.00595	6.91909	6.73187	6.49051	4.47556	3.11466	2.05630	6.17044	6.13503	6.03968	1.77432	1.55338	1.38487	9.35071	8.14475	7.17451
40210	1.10395	1.08221	1.00250	6.91995	6.73027	6.48945	4.47410	3.10839	2.04960	6.16910	6.13289	6.03793	1.77187	1.54844	1.38524	9.34383	8.14397	7.17255
40370	1.10213	1.08088	1.00343	6.91737	6.72808	6.48694	4.47120	3.10978	2.04982	6.16699	6.13150	6.03642	1.76943	1.55102	1.38308	9.34558	8.14297	7.17108
40540	1.10015	1.07986	1.00256	6.91641	6.72720	6.48750	4.47057	3.10770	2.04783	6.16821	6.13132	6.03643	1.77226	1.55286	1.38549	9.34553	8.14800	7.17472
40700	1.10126	1.08194	1.00312	6.92096	6.73147	6.48941	4.47101	3.11034	2.05078	6.16915	6.13300	6.03801	1.77142	1.54980	1.38453	9.34294	8.14488	7.17142
40870	1.10029	1.08325	1.00480	6.91734	6.72905	6.48855	4.47466	3.11015	2.05245	6.17069	6.13203	6.03880	1.77073	1.55043	1.38400	9.34353	8.14564	7.17237
41030	1.10062	1.08232	1.00203	6.91765	6.72908	6.48889	4.47313	3.10813	2.05078	6.16961	6.13205	6.03780	1.77150	1.54903	1.38203	9.34383	8.14482	7.17237
41200	1.09923	1.08070	1.00248	6.91659	6.72933	6.48911	4.46360	3.10820	2.04882	6.16912	6.13402	6.03868	1.77166	1.55213	1.38694	9.34745	8.14763	7.17473	33.57	6.1	0.00	-2.04	0.01726	0.01194	0.01511	0.01831	0.01893	0.01480	0.00541	0.01503	0.01995	0.01866	0.01295	0.01649	0.01696	0.01755	0.01371	0.00571	0.01610	0.02152
41360	1.10064	1.08124	1.00409	6.91816	6.73074	6.48966	4.47447	3.10902	2.04830	6.16938	6.13353	6.03772	1.77083	1.55035	1.38339	9.34396	8.14630	7.17397
41530	1.10014	1.08220	1.00175	6.91809	6.72871	6.48889	4.46766	3.10624	2.05190	6.16930	6.13280	6.03725	1.76974	1.54910	1.38376	9.35094	8.14841	7.17547
41690	1.09840	1.08334	1.00373	6.92034	6.72976	6.48959	4.46598	3.11112	2.05012	6.17019	6.13393	6.03817	1.77008	1.54916	1.38377	9.34531	8.14608	7.17321
41860	1.10064	1.08101	1.00295	6.91953	6.73255	6.49085	4.47239	3.11107	2.05176	6.17143	6.13630	6.03976	1.77047	1.55060	1.38511	9.34650	8.14809	7.17480
42020	1.10067	1.08131	1.00223	6.91882	6.72872	6.48862	4.46684	3.10719	2.04602	6.16867	6.13288	6.03770	1.76943	1.55097	1.38405	9.34815	8.14878	7.17647
42190	1.10376	1.08333	1.00478	6.92007	6.73080	6.48991	4.46918	3.10901	2.05118	6.17027	6.13483	6.03927	1.76997	1.54996	1.38490	9.34750	8.14582	7.17437
42350	1.09846	1.08210	1.00407	6.91870	6.72989	6.48810	4.47808	3.10863	2.05222	6.16869	6.13439	6.03720	1.76956	1.54880	1.38406	9.34262	8.14494	7.17124
42520	1.10055	1.08213	1.00405	6.91824	6.73063	6.48905	4.47786	3.10814	2.05054	6.16997	6.13538	6.03862	1.76956	1.55036	1.38458	9.34760	8.14523	7.17357
42680	1.09921	1.08142	1.00302	6.91721	6.72924	6.48885	4.46859	3.10629	2.04864	6.16923	6.13220	6.03755	1.76981	1.55111	1.38208	9.34222	8.14520	7.17187
42850	1.10219	1.08194	1.00359	6.91619	6.72717	6.48791	4.47258	3.10884	2.04900	6.16911	6.13253	6.03701	1.76980	1.54893	1.38434	9.34186	8.14460	7.17160	33.57	6.1	0.00	-2.04	0.01726	0.01194	0.01511	0.01831	0.01893	0.01480	0.00541	0.01503	0.01995	0.01866	0.01295	0.01649	0.01697	0.01755	0.01371	0.00571	0.01610	0.02152
43010	1.09898	1.08443	1.00317	6.91580	6.72681	6.48656	4.46089	3.10616	2.04774	6.16926	6.13170	6.03550	1.76934	1.54935	1.38453	9.34824	8.14568	7.17333
43180	1.10134	1.08393	1.00315	6.91780	6.72823	6.48825	4.47057	3.10816	2.04769	6.17019	6.13217	6.03818	1.76983	1.54892	1.38138	9.34131	8.14253	7.17079
43340	1.09857	1.08210	1.00463	6.91488	6.72818	6.48906	4.46915	3.10754	2.05084	6.17103	6.13520	6.03958	1.77238	1.55013	1.38419	9.34704	8.14644	7.17329
43510	1.10118	1.08261	1.00335	6.91673	6.72733	6.48782	4.46283	3.10752	2.04763	6.16820	6.13263	6.03672	1.76890	1.54812	1.38399	9.34291	8.14587	7.17244
43670	1.10023	1.08287	1.00442	6.91559	6.72687	6.48780	4.46543	3.10447	2.04735	6.16757	6.13133	6.03487	1.77030	1.54912	1.38294	9.34585	8.14492	7.17204
43840	1.09895	1.08283	1.00310	6.91451	6.72557	6.48697	4.46729	3.10580	2.04839	6.16821	6.13039	6.03627	1.76880	1.54663	1.38288	9.34714	8.14495	7.17018
44000	1.10014	1.08393	1.00414	6.91490	6.72788	6.48935	4.46376	3.11052	2.04881	6.16882	6.13137	6.03669	1.76998	1.55069	1.38256	9.34425	8.14381	7.17124
44170	1.10160	1.08251	1.00287	6.91209	6.72258	6.48320	4.46685	3.10485	2.04631	6.16504	6.12682	6.03191	1.77150	1.55363	1.38610	9.34410	8.14613	7.17193
44330	1.10140	1.08352	1.00381	6.91433	6.72375	6.48588	4.46424	3.10769	2.05000	6.16623	6.12836	6.03424	1.76981	1.54953	1.38314	9.34370	8.14287	7.16854
44500	1.10289	1.08380	1.00565	6.91401	6.72606	6.48880	4.47910	3.11156	2.05442	6.16800	6.12982	6.03582	1.77254	1.55358	1.38677	9.34838	8.14654	7.17269	33.57	6.1	0.00	-2.04	0.01726	0.01194	0.01511	0.01831	0.01893	0.01480	0.00541	0.01503	0.01995	0.01866	0.01295	0.01649	0.01696	0.01755	0.01371	0.00571	0.01610	0.02152
44660	1.10137	1.08167	1.00448	6.91295	6.72310	6.48414	4.46213	3.10586	2.04820	6.16490	6.12781	6.03246	1.76919	1.55057	1.38179	9.33841	8.14250	7.16750
44820	1.09984	1.08022	1.00232	6.90920	6.72048	6.48262	4.46834	3.10427	2.04698	6.16412	6.12620	6.03196	1.76642	1.54624	1.38246	9.33841	8.13945	7.16467
44990	1.09912	1.08478	1.00476	6.91170	6.72358	6.48615	4.47586	3.11015	2.05121	6.16726	6.13005	6.03511	1.77012	1.54961	1.38483	9.34663	8.14678	7.17074
45150	1.10091	1.08252	1.00405	6.91146	6.72291	6.48425	4.46253	3.10500	2.04773	6.16473	6.12692	6.03213	1.76873	1.54917	1.38382	9.34833	8.14353	7.17070
45320	1.10077	1.08179	1.00206	6.91083	6.72164	6.48186	4.47001	3.10716	2.04755	6.16240	6.12479	6.02982	1.77038	1.54917	1.38296	9.34000	8.14246	7.16979
45480	1.10097	1.08465	1.00405	6.91192	6.72307	6.48333	4.46905	3.11011	2.04840	6.16435	6.12715	6.03238	1.76978	1.54896	1.38398	9.34035	8.14127	7.16692
45640	1.10090	1.08007	0.99961	6.90857	6.71991	6.48001	4.46625	3.10271	2.04588	6.16112	6.12275	6.02959	1.77011	1.54943	1.38458	9.33921	8.14225	7.16880
45810	1.10255	1.08420	1.00357	6.91219	6.72277	6.48431	4.46399	3.10990	2.04934	6.16454	6.12616	6.03169	1.77017	1.54749	1.38219	9.33851	8.14050	7.16624
45970	1.09884	1.08161	1.00237	6.90835	6.72095	6.48199	4.47050	3.10476	2.04550	6.16300	6.12415	6.03002	1.76700	1.54526	1.38038	9.33597	8.13706	7.16499
46140	1.09940	1.07925	1.00055	6.90902	6.72081	6.48084	4.46834	3.10417	2.04569	6.16073	6.12340	6.02899	1.76670	1.54567	1.38076	9.33448	8.13421	7.16152	33.57	6.0	0.00	-2.04	0.01726	0.01194	0.01511	0.01831	0.01893	0.01480	0.00541	0.01503	0.01995	0.01866	0.01295	0.01649	0.01697	0.01755	0.01371	0.00571	0.01610	0.02152
46300	1.09817	1.07966	1.00171	6.90585	6.72010	6.48164	4.46429	3.10436	2.04677	6.16237	6.12522	6.03031	1.76988	1.54978	1.38339	9.33552	8.13843	7.16459
46460	1.09805	1.08057	1.00141	6.90723	6.71983	6.47905	4.46845	3.10400	2.04541	6.16065	6.12350	6.02869	1.76778	1.54788	1.38233	9.33452	8.13971	7.16610
46630	1.09940	1.08214	1.00212	6.90966	6.72097	6.48110	4.47102	3.10507	2.04995	6.16172	6.12426	6.02972	1.77013	1.54765	1.38266	9.33866	8.13807	7.16490
46790	1.09940	1.08126	1.00363	6.90908	6.72097	6.48164	4.47281	3.10550	2.04698	6.16265	6.12449	6.03035	1.76841	1.54819	1.38139	9.33826	8.13856	7.16554
46960	1.09740	1.08159	1.00094	6.90844	6.72000	6.48036	4.46127	3.10424	2.04658	6.16107	6.12350	6.02952	1.76954	1.55060	1.38383	9.33831	8.14035	7.16736
47120	1.10085	1.08246	1.00255	6.91045	6.72202	6.48256	4.46038	3.10796	2.04903	6.16341	6.12320	6.03098	1.76812	1.54774	1.38211	9.33443	8.13694	7.16441
47290	1.09960	1.08439	1.00542	6.91292	6.72425	6.48458	4.46235	3.10926	2.05282	6.16619	6.12720	6.03316	1.77113	1.55131	1.38464	9.34459	8.14146	7.16901
47450	1.09965	1.08057	1.00266	6.91199	6.72219	6.48154	4.46473	3.10530	2.04688	6.16191	6.12364	6.02983	1.77019	1.55003	1.38636	9.34229	8.14228	7.16959
47620	1.09994	1.08171	1.00228	6.91277	6.72350	6.48376	4.46700	3.10956	2.04935	6.16356	6.12606	6.03113	1.76686	1.54850	1.38042	9.33871	8.13699	7.16463
47780	1.09940	1.08172	1.00464	6.91204	6.72449	6.48479	4.47475	3.10802	2.04967	6.16442	6.12766	6.03363	1.76982	1.54734	1.38189	9.34264	8.14089	7.16817	33.57	6.2	0.00	-2.04	0.01726	0.01194	0.01511	0.01831	0.01893	0.01480	0.00541	0.01503	0.01995	0.01866	0.01295	0.01649	0.01697	0.01755	0.01371	0.00571	0.01610	0.02152
47950	1.09838	1.07907	0.99988	6.91142	6.72308	6.48245	4.45499	3.10287	2.04525	6.16134	6.12503	6.03004	1.76664	1.54565	1.38334	9.34154	8.14106	7.16752
48110	1.09829	1.08111	1.00016	6.91289	6.72226	6.48205	4.46292	3.10321	2.04244	6.16020	6.12370	6.02978	1.76625	1.54606	1.37977	9.33930	8.13795	7.16597
48270	1.09750	1.07765	1.00035	6.90935	6.72027	6.47935	4.46169	3.09736	2.04067	6.15988	6.12335	6.02931	1.76525	1.55029	1.38292	9.34194	8.14430	7.16913
48440	1.10038	1.08253	1.00297	6.91333	6.72426	6.48370	4.45890	3.10469	2.04673	6.16235	6.12625	6.03014	1.76877	1.54849	1.38353	9.34493	8.14519	7.17151
48600	1.10004	1.08159	1.00587	6.91546	6.72669	6.48699	4.46757	3.10708	2.04841	6.16600	6.12838	6.03470	1.77003	1.54880	1.38392	9.34408	8.14554	7.17016
48770	1.09919	1.08182	1.00145	6.91383	6.72514	6.48546	4.46619	3.10571	2.04737	6.16546	6.12790	6.03243	1.76947	1.54859	1.38099	9.34214	8.14314	7.16942
48930	1.09858	1.07988	1.00061	6.91117	6.72282	6.48203	4.45771	3.09850	2.04285	6.16332	6.12641	6.03232	1.76563	1.54351	1.37913	9.34090	8.14027	7.16726
49090	1.09464	1.07993	1.00160	6.91177	6.72558	6.48825	4.47419	3.10705	2.04860	6.16836	6.13136	6.03583	1.76911	1.54814	1.38364	9.35037	8.14717	7.17245
49260	1.09817	1.07875	1.00074	6.91462	6.72449	6.48615	4.45767	3.10168	2.04449	6.16478	6.12718	6.03296	1.76802	1.54689	1.38283	9.34478	8.14651	7.17341
49420	1.09991	1.07882	1.00200	6.91612	6.72618	6.48749	4.46316	3.10398	2.04396	6.16714	6.12947	6.03525	1.76443	1.54273	1.38002	9.34601	8.14565	7.17063	33.57	6.3	0.00	-2.04	0.01726	0.01194	0.01511	0.01832	0.01893	0.01480	0.00541	0.01503	0.01995	0.01866	0.01295	0.01649	0.01697	0.01755	0.01371	0.00571	0.01610	0.02152
49590	1.09594	1.07732	0.99918	6.91243	6.72301	6.48395	4.45223	3.09856	2.04096	6.16508	6.12716	6.03321	1.76627	1.54763	1.38181	9.35014	8.15154	7.17665
49750	1.09783	1.08322	1.00120	6.91819	6.72890	6.48893	4.46517	3.10243	2.04668	6.16772	6.12996	6.03549	1.76659	1.54485	1.37879	9.34601	8.14729	7.17228
49910	1.09962	1.08214	1.00269	6.91689	6.72790	6.48915	4.46506	3.10339	2.04705	6.16992	6.13287	6.03734	1.77020	1.54808	1.38107	9.35458	8.14994	7.17534
50080	1.09658	1.07688	1.00033	6.91719	6.72646	6.48835	4.45840	3.09814	2.04443	6.16802	6.13116	6.03645	1.76813	1.54710	1.38111	9.35044	8.15287	7.17672
50240	1.09865	1.07992	1.00112	6.91936	6.72855	6.48789	4.45673	3.09914	2.04337	6.16833	6.13109	6.03522	1.76350	1.54307	1.37852	9.34805	8.14906	7.17410
50410	1.09646	1.07740	1.00200	6.91877	6.73007	6.48939	4.45617	3.10297	2.04445	6.16883	6.13223	6.03748	1.76613	1.54709	1.37896	9.35498	8.15228	7.17564
50570	1.09686	1.07893	1.00242	6.92014	6.73070	6.49017	4.46297	3.10044	2.04375	6.16895	6.13247	6.03769	1.76531	1.54567	1.38146	9.35798	8.15233	7.17590
50740	1.09639	1.07963	1.00099	6.91886	6.72955	6.48949	4.46070	3.10106	2.04270	6.16878	6.13234	6.03723	1.76486	1.54466	1.37811	9.35388	8.15245	7.17675
50900	1.09818	1.08051	1.00214	6.92124	6.73141	6.49230	4.45669	3.09813	2.04493	6.17091	6.13611	6.03999	1.76368	1.54747	1.37999	9.35593	8.15416	7.17739
51070	1.09614	1.08075	1.00089	6.91987	6.73041	6.49042	4.45521	3.09911	2.04338	6.16914	6.13285	6.03800	1.76397	1.54496	1.38040	9.35949	8.15606	7.17921	33.57	6.1	0.00	-2.04	0.01726	0.01194	0.01511	0.01832	0.01893	0.01480	0.00541	0.01503	0.01995	0.01866	0.01295	0.01649	0.01697	0.01755	0.01371	0.00571	0.01610	0.02152
51230	1.09653	1.08002	1.00108	6.92229	6.73238	6.49203	4.46168	3.10394	2.04351	6.17135	6.13518	6.03975	1.76461	1.54511	1.38005	9.35874	8.15281	7.17784
51400	1.09735	1.08036	1.00237	6.92399	6.73290	6.49477	4.46677	3.10428	2.04850	6.17341	6.13647	6.04140	1.76809	1.54763	1.38210	9.35914	8.15621	7.17910
51560	1.09692	1.08034	1.00082	6.92226	6.73030	6.49217	4.45495	3.10076	2.04371	6.17123	6.13538	6.03849	1.76575	1.54553	1.37746	9.35410	8.15378	7.17755
51730	1.09535	1.08002	1.00100	6.92057	6.72989	6.49083	4.46060	3.10177	2.04601	6.17072	6.13466	6.03953	1.76533	1.54765	1.37885	9.35480	8.15357	7.17841
51890	1.09647	1.07871	1.00119	6.92026	6.73043	6.49022	4.45617	3.10013	2.04266	6.16864	6.13271	6.03815	1.76491	1.54464	1.37850	9.35824	8.15174	7.17793
52060	1.09695	1.07954	0.99863	6.92128	6.73058	6.49012	4.45937	3.10245	2.04441	6.16767	6.13264	6.03623	1.76424	1.54402	1.37838	9.35455	8.14918	7.17355
52220	1.09674	1.07707	1.00120	6.91771	6.72797	6.48742	4.46164	3.10322	2.04398	6.16720	6.13181	6.03600	1.76497	1.54365	1.38074	9.35699	8.15010	7.17484
52390	1.09557	1.07746	0.99947	6.91752	6.72710	6.48719	4.45432	3.09787	2.04343	6.16653	6.13143	6.03550	1.76527	1.54737	1.38108	9.35734	8.15470	7.17835
52550	1.09776	1.08164	0.99946	6.92066	6.73023	6.48964	4.45904	3.09776	2.04268	6.16777	6.13187	6.03621	1.76413	1.54573	1.37960	9.35579	8.15158	7.17542
52720	1.09753	1.07939	1.00119	6.91801	6.72865	6.48840	4.46499	3.10128	2.04318	6.16738	6.13044	6.03486	1.76376	1.54517	1.37844	9.35441	8.15085	7.17420	33.57	6.0	0.00	-2.04	0.01726	0.01194	0.01511	0.01832	0.01893	0.01480	0.00541	0.01503	0.01995	0.01866	0.01295	0.01649	0.01697	0.01755	0.01371	0.00571	0.01610	0.02152
52880	1.09643	1.07897	1.00132	6.91966	6.73013	6.48922	4.47094	3.10077	2.04395	6.16804	6.13194	6.03683	1.76404	1.54370	1.37882	9.35186	8.15146	7.17337
53050	1.09484	1.07768	0.99840	6.91587	6.72538	6.48434	4.45651	3.09893	2.03839	6.16337	6.12786	6.03200	1.76421	1.54736	1.38216	9.35441	8.15214	7.17757
53210	1.09838	1.07981	0.99992	6.91863	6.72746	6.48673	4.45142	3.10337	2.04339	6.16491	6.12896	6.03426	1.76345	1.54413	1.37837	9.34892	8.14922	7.17280
53380	1.09404	1.07704	0.99846	6.91653	6.72751	6.48634	4.46357	3.09963	2.04105	6.16605	6.12877	6.03340	1.76191	1.54208	1.37608	9.34733	8.14773	7.17135
53540	1.09567	1.07711	1.00071	6.91750	6.72791	6.48661	4.46681	3.10480	2.04462	6.16598	6.13028	6.03501	1.76197	1.54453	1.37614	9.34852	8.14742	7.17204
53710	1.09502	1.07917	0.99855	6.91492	6.72465	6.48359	4.45841	3.09676	2.04064	6.16313	6.12654	6.03256	1.76418	1.54391	1.37623	9.34718	8.14925	7.17419
53870	1.09623	1.07834	0.99988	6.91523	6.72681	6.48621	4.45472	3.09989	2.04233	6.16511	6.12865	6.03356	1.76215	1.54204	1.37457	9.34399	8.14548	7.16944
54040	1.09545	1.07985	1.00126	6.91516	6.72726	6.48651	4.46744	3.10495	2.04498	6.16607	6.12904	6.03467	1.76431	1.54439	1.37921	9.35226	8.14773	7.17145
54200	1.09579	1.07761	0.99868	6.91360	6.72529	6.48611	4.45885	3.09798	2.04231	6.16475	6.12837	6.03389	1.76443	1.54411	1.37685	9.34762	8.14560	7.16957
54370	1.09609	1.07539	0.99685	6.91371	6.72394	6.48354	4.45166	3.09798	2.04225	6.16323	6.12511	6.03061	1.76440	1.54565	1.38259	9.34780	8.14753	7.17273	33.57	6.1	0.00	-2.04	0.01726	0.01194	0.01511	0.01832	0.01893	0.01480	0.00541	0.01503	0.01995	0.01866	0.01295	0.01649	0.01697	0.01755	0.01371	0.00571	0.01610	0.02152
54530	1.09841	1.08054	1.00133	6.91625	6.72726	6.48429	4.46501	3.10445	2.04344	6.16521	6.12918	6.03258	1.76283	1.54633	1.38087	9.34366	8.14482	7.16951
54690	1.09574	1.07776	0.99978	6.91316	6.72579	6.48495	4.45951	3.10249	2.04489	6.16554	6.12863	6.03332	1.76500	1.54597	1.38008	9.34571	8.14494	7.17014
54860	1.09554	1.07541	0.99852	6.91277	6.72356	6.48297	4.45776	3.09598	2.03799	6.16105	6.12626	6.02901	1.76223	1.54148	1.37888	9.34446	8.14348	7.16889
55020	1.09599	1.07863	0.99790	6.91350	6.72428	6.48228	4.46367	3.09815	2.03848	6.16257	6.12614	6.02994	1.76137	1.53924	1.37580	9.34147	8.14228	7.16672
55190	1.09284	1.07260	0.99791	6.91068	6.72174	6.47940	4.44970	3.09496	2.03874	6.16044	6.12326	6.02783	1.76287	1.54316	1.37858	9.34561	8.14484	7.17132
55350	1.09767	1.07660	1.00099	6.91434	6.72585	6.48443	4.45568	3.10013	2.04323	6.16413	6.12743	6.03172	1.76024	1.54330	1.37612	9.34217	8.14304	7.16781
55510	1.09553	1.07711	1.00155	6.91462	6.72630	6.48649	4.45412	3.10309	2.04375	6.16619	6.12933	6.03413	1.76386	1.54284	1.37763	9.34282	8.14310	7.16876
55680	1.09246	1.07527	0.99750	6.91216	6.72277	6.48237	4.45408	3.09793	2.03902	6.16218	6.12530	6.02948	1.76374	1.54421	1.37787	9.34695	8.14573	7.17109
55840	1.09629	1.07694	1.00046	6.91405	6.72489	6.48423	4.45538	3.09773	2.04162	6.16346	6.12651	6.03182	1.76026	1.54093	1.37591	9.34222	8.14019	7.16560
56010	1.09501	1.07650	1.00005	6.91324	6.72606	6.48535	4.46311	3.10105	2.04413	6.16570	6.12913	6.03331	1.76247	1.54218	1.37725	9.34245	8.14340	7.16999	33.52	6.2	0.00	-2.04	0.01726	0.01194	0.01511	0.01832	0.01893	0.01480	0.00541	0.01503	0.01995	0.01866	0.01295	0.01649	0.01696	0.01755	0.01371	0.00571	0.01610	0.02152
56170	1.09367	1.07648	0.99747	6.91257	6.72319	6.48308	4.44598	3.09761	2.03986	6.16306	6.12922	6.03806	1.76281	1.54274	1.37667	9.35331	8.15256	7.17868
56340	1.09611	1.07681	0.99866	6.91997	6.73038	6.49120	4.45742	3.09821	2.04107	6.17136	6.13389	6.03863	1.76221	1.53916	1.37446	9.35127	8.14821	7.17524
56500	1.09436	1.07601	0.99842	6.92193	6.73280	6.49420	4.46727	3.10251	2.04272	6.17308	6.13558	6.04045	1.76358	1.54210	1.37930	9.35446	8.14968	7.17732
56670	1.09319	1.07594	0.99628	6.91916	6.72901	6.48921	4.45619	3.09823	2.04001	6.16871	6.13105	6.03592	1.76220	1.54318	1.37801	9.35002	8.14930	7.17668
56830	1.09555	1.07697	0.99773	6.91894	6.72889	6.48914	4.46039	3.09906	2.04230	6.16923	6.13180	6.03664	1.75989	1.53939	1.37463	9.34693	8.14559	7.17254
57000	1.09387	1.07522	0.99967	6.91883	6.72962	6.48908	4.46140	3.09967	2.04357	6.16970	6.13262	6.03649	1.76364	1.54267	1.37610	9.34873	8.14886	7.17467
57160	1.09388	1.07448	0.99798	6.91615	6.72560	6.48635	4.45519	3.09634	2.03734	6.16614	6.12850	6.03349	1.75977	1.54159	1.37794	9.34633	8.14669	7.17244
57320	1.09493	1.07641	0.99625	6.91464	6.72392	6.48579	4.46147	3.09783	2.03941	6.16488	6.12719	6.03383	1.76185	1.54278	1.37696	9.34908	8.14794	7.17406
57490	1.09749	1.07766	1.00166	6.91708	6.72655	6.48734	4.45939	3.09947	2.04120	6.16685	6.12891	6.03383	1.76085	1.53977	1.37695	9.34534	8.14479	7.17006
57650	1.09187	1.07619	0.99808	6.91347	6.72605	6.48660	4.46583	3.10078	2.04280	6.16649	6.12858	6.03356	1.76188	1.54443	1.37885	9.34723	8.14665	7.17306	33.57	6.2	0.00	-2.04	0.01726	0.01194	0.01511	0.01832	0.01893	0.01480	0.00541	0.01503	0.01995	0.01866	0.01295	0.01649	0.01696	0.01755	0.01371	0.00571	0.01610	0.02152
57820	1.09378	1.07473	0.99789	6.91321	6.72263	6.48250	4.46638	3.09413	2.03682	6.16328	6.12499	6.03084	1.76184	1.54177	1.37822	9.35212	8.14827	7.17255
57980	1.09497	1.07416	0.99743	6.91521	6.72511	6.48472	4.46374	3.09839	2.04021	6.16434	6.12721	6.03286	1.75953	1.53958	1.37562	9.34917	8.14469	7.17021
58150	1.09513	1.07462	0.99963	6.91403	6.72458	6.48582	4.46214	3.09845	2.04032	6.16598	6.12770	6.03306	1.76164	1.54246	1.37384	9.34658	8.14641	7.17059
58310	1.09209	1.07348	0.99513	6.91250	6.72123	6.48266	4.45411	3.09136	2.03839	6.16239	6.12327	6.02857	1.75868	1.54223	1.37738	9.34718	8.14602	7.17022
58480	1.09302	1.07286	0.99696	6.91320	6.72209	6.48316	4.46028	3.09786	2.03846	6.16283	6.12497	6.02975	1.76036	1.54097	1.37582	9.34489	8.14406	7.16940
58640	1.09321	1.07414	0.99783	6.91090	6.72137	6.48180	4.46490	3.09773	2.04264	6.16196	6.12511	6.02919	1.76086	1.54109	1.37666	9.34344	8.14505	7.16858
58810	1.09152	1.07290	0.99567	6.90966	6.72041	6.48165	4.45835	3.09810	2.04089	6.16178	6.12405	6.02913	1.76119	1.54370	1.37808	9.34603	8.14682	7.17117
58970	1.09296	1.07595	0.99768	6.91058	6.72256	6.48311	4.46624	3.09818	2.04067	6.16267	6.12453	6.03022	1.76069	1.54206	1.37583	9.34504	8.14156	7.16712
59140	1.09406	1.07707	0.99862	6.91156	6.72320	6.48481	4.46523	3.09871	2.04178	6.16410	6.12606	6.03043	1.76142	1.54196	1.37733	9.34763	8.14429	7.16900
59300	1.09405	1.07526	0.99561	6.90993	6.72023	6.48113	4.46336	3.09804	2.03736	6.16011	6.12280	6.02880	1.76300	1.54346	1.38003	9.34842	8.14610	7.17063	33.57	6.1	0.00	-2.04	0.01726	0.01194	0.01511	0.01832	0.01893	0.01480	0.00541	0.01503	0.01995	0.01866	0.01295	0.01649	0.01696	0.01755	0.01371	0.00571	0.01610	0.02152
59470	1.09484	1.07778	0.99732	6.91180	6.72189	6.48282	4.45763	3.09890	2.04144	6.16109	6.12319	6.02842	1.76095	1.54062	1.37470	9.34055	8.14073	7.16570
59630	1.09251	1.07513	0.99997	6.90756	6.71860	6.48053	4.46168	3.09484	2.03733	6.16096	6.12140	6.02755	1.75877	1.53735	1.37452	9.34359	8.14019	7.16514
59790	1.09349	1.07676	0.99732	6.90736	6.71825	6.47996	4.46563	3.09862	2.04017	6.16015	6.12201	6.02816	1.75802	1.54029	1.37365	9.34105	8.14162	7.16456
59960	1.09205	1.07177	0.99542	6.90590	6.71746	6.47753	4.45488	3.09502	2.03785	6.15841	6.12085	6.02685	1.75890	1.54270	1.37727	9.34105	8.14184	7.16574
60130	1.09588	1.07451	0.99649	6.90759	6.71838	6.47932	4.45867	3.09813	2.04065	6.15898	6.11965	6.02695	1.75905	1.54299	1.37821	9.34463	8.14291	7.16824
60290	1.09757	1.07970	0.99880	6.91038	6.71957	6.47986	4.45744	3.10064	2.04193	6.16149	6.12137	6.02809	1.76046	1.54110	1.37365	9.34339	8.14026	7.16608
60460	1.09430	1.07613	0.99839	6.90624	6.71720	6.47886	4.45927	3.09796	2.03932	6.16000	6.12007	6.02714	1.75953	1.54251	1.37522	9.34179	8.14053	7.16450
60620	1.09287	1.07625	0.99781	6.90503	6.71732	6.47995	4.46008	3.09844	2.04084	6.16086	6.12185	6.02866	1.76139	1.54048	1.37447	9.34284	8.14148	7.16395
60790	1.09267	1.07410	0.99627	6.90328	6.71493	6.47713	4.45960	3.09880	2.03690	6.15796	6.11916	6.02478	1.75905	1.54084	1.37848	9.34080	8.14269	7.16659
60950	1.09297	1.07723	0.99635	6.90652	6.71777	6.47797	4.45927	3.09960	2.04038	6.15963	6.12059	6.02611	1.75926	1.53905	1.37703	9.33263	8.13692	7.16188	33.57	5.9	0.00	-2.04	0.01726	0.01194	0.01511	0.01831	0.01893	0.01480	0.00541	0.01503	0.01995	0.01866	0.01295	0.01649	0.01696	0.01755	0.01371	0.00571	0.01610	0.02152
61120	1.09634	1.07903	0.99984	6.90610	6.71972	6.48013	4.46478	3.10157	2.04351	6.16142	6.12232	6.02816	1.76260	1.54311	1.37718	9.33870	8.13993	7.16578
61280	1.09480	1.07781	0.99775	6.90420	6.71568	6.47617	4.46526	3.09940	2.04012	6.15803	6.11728	6.02488	1.75981	1.54080	1.37607	9.33746	8.13566	7.15995
61440	1.09056	1.07375	0.99439	6.89961	6.71152	6.47483	4.45467	3.09724	2.03804	6.15520	6.11586	6.02317	1.75868	1.54095	1.37407	9.33661	8.13537	7.15954
61610	1.09454	1.07591	0.99726	6.90073	6.71308	6.47476	4.45370	3.09895	2.03968	6.15626	6.11708	6.02453	1.76087	1.53995	1.37558	9.33636	8.13624	7.16083
61770	1.09522	1.07651	0.99738	6.90228	6.71444	6.47451	4.46061	3.09892	2.04260	6.15655	6.11678	6.02444	1.75894	1.54106	1.37662	9.33402	8.13407	7.16017
61940	1.09318	1.07678	0.99758	6.90090	6.71373	6.47423	4.44980	3.09585	2.03926	6.15669	6.11620	6.02378	1.76092	1.54413	1.37802	9.33537	8.13539	7.16009
62100	1.09285	1.07742	0.99835	6.90139	6.71277	6.47462	4.45872	3.10151	2.03963	6.15571	6.11524	6.02258	1.76050	1.54203	1.37364	9.33367	8.13222	7.15744
62270	1.09363	1.07896	1.00080	6.90117	6.71336	6.47537	4.46325	3.10187	2.04362	6.15680	6.11747	6.02528	1.76267	1.54229	1.37422	9.33542	8.13470	7.16070
62430	1.09209	1.07424	0.99718	6.90020	6.71146	6.47141	4.45437	3.09946	2.04211	6.15321	6.11351	6.02082	1.75838	1.54069	1.37536	9.32780	8.12872	7.15518
62600	1.09131	1.07454	0.99525	6.89660	6.70858	6.46893	4.45311	3.09819	2.03861	6.15106	6.11159	6.01811	1.76093	1.54110	1.37670	9.32670	8.12955	7.15585	33.57	6.0	0.00	-2.04	0.01726	0.01194	0.01511	0.01831	0.01893	0.01480	0.00541	0.01503	0.01995	0.01866	0.01295	0.01649	0.01696	0.01755	0.01371	0.00571	0.01610	0.02152
62760	1.09303	1.07559	0.99716	6.89797	6.70890	6.46976	4.45423	3.09621	2.03875	6.15257	6.11165	6.01947	1.76218	1.54351	1.37688	9.33118	8.13049	7.15687
62930	1.09508	1.07805	0.99671	6.89913	6.70882	6.46970	4.46203	3.09655	2.03924	6.15152	6.11210	6.01852	1.75843	1.54100	1.37317	9.33188	8.12824	7.15536
63090	1.09199	1.07566	0.99652	6.89707	6.70976	6.47173	4.45616	3.10106	2.04086	6.15368	6.11498	6.02113	1.76229	1.54003	1.37547	9.33571	8.13264	7.15798
63260	1.09207	1.07440	0.99421	6.89857	6.70838	6.46865	4.46226	3.09516	2.04015	6.15093	6.11050	6.01821	1.76114	1.54465	1.37654	9.33058	8.13275	7.15954
63420	1.09489	1.07903	0.99822	6.90132	6.71053	6.47135	4.46877	3.10155	2.04250	6.15180	6.11283	6.01958	1.76027	1.54055	1.37536	9.33073	8.13027	7.15704
63590	1.09143	1.07500	0.99496	6.89701	6.70625	6.46781	4.46453	3.09571	2.04041	6.14776	6.10999	6.01637	1.75917	1.54002	1.37403	9.32645	8.12858	7.15440
63750	1.09149	1.07561	0.99366	6.89596	6.70584	6.46652	4.44903	3.09505	2.03850	6.14595	6.10681	6.01390	1.76189	1.54511	1.37801	9.33312	8.13305	7.15877
63920	1.09560	1.07713	0.99667	6.89954	6.70878	6.46800	4.45661	3.10127	2.04241	6.14977	6.11121	6.01844	1.75916	1.53998	1.37523	9.33347	8.13046	7.15466
64080	1.09134	1.07660	0.99442	6.89645	6.70556	6.46740	4.45527	3.09719	2.03874	6.14758	6.10962	6.01585	1.75989	1.53908	1.37425	9.33048	8.13030	7.15532
64250	1.09254	1.07381	0.99480	6.89776	6.70766	6.46900	4.45502	3.09879	2.04019	6.14841	6.10972	6.01682	1.75833	1.53769	1.37646	9.33066	8.12901	7.15428	33.63	6.1	0.00	-2.04	0.01726	0.01194	0.01511	0.01831	0.01893	0.01480	0.00541	0.01503	0.01995	0.01866	0.01295	0.01649	0.01696	0.01755	0.01371	0.00571	0.01610	0.02152
64410	1.09178	1.07476	0.99483	6.89598	6.70699	6.46764	4.45547	3.09913	2.03837	6.14832	6.11072	6.01672	1.75952	1.54148	1.37643	9.33424	8.13221	7.15715
64580	1.09300	1.07652	0.99548	6.89732	6.70758	6.46975	4.45562	3.09921	2.03887	6.14906	6.11153	6.01722	1.75902	1.54003	1.37381	9.32966	8.12920	7.15456
64740	1.09345	1.07655	0.99743	6.89719	6.70672	6.46904	4.45071	3.09992	2.03987	6.14939	6.11210	6.01781	1.75999	1.54072	1.37479	9.33270	8.13057	7.15488
64910	1.09062	1.07621	0.99596	6.89500	6.70389	6.46572	4.45101	3.09598	2.03715	6.14688	6.10781	6.01368	1.75915	1.54213	1.37596	9.32951	8.13232	7.15729
65070	1.09359	1.07704	0.99586	6.89620	6.70666	6.46829	4.45811	3.09573	2.03793	6.14645	6.10968	6.01603	1.75917	1.53881	1.37447	9.32807	8.12985	7.15481
65240	1.09229	1.07445	0.99700	6.89546	6.70582	6.46790	4.45499	3.09850	2.03906	6.14638	6.10888	6.01457	1.76097	1.54070	1.37641	9.32747	8.13101	7.15616
65400	1.09441	1.07663	0.99594	6.89693	6.70624	6.46810	4.45703	3.09932	2.04273	6.14674	6.11062	6.01554	1.76099	1.54020	1.37397	9.32573	8.12927	7.15450
65570	1.09126	1.07398	0.99609	6.89428	6.70514	6.46770	4.45424	3.10017	2.04203	6.14690	6.11196	6.01649	1.76061	1.54072	1.37563	9.32767	8.13074	7.15623
65730	1.09266	1.07345	0.99636	6.89348	6.70348	6.46568	4.45863	3.09449	2.03730	6.14414	6.10752	6.01303	1.76130	1.53938	1.37743	9.33101	8.12893	7.15516
65900	1.09355	1.07588	0.99628	6.89436	6.70493	6.46787	4.44870	3.09688	2.03911	6.14539	6.10854	6.01455	1.75651	1.54084	1.37192	9.32638	8.12758	7.15260	33.57	6.0	0.00	-2.04	0.01726	0.01194	0.01511	0.01832	0.01894	0.01480	0.00541	0.01503	0.01995	0.01866	0.01295	0.01649	0.01696	0.01755	0.01371	0.00571	0.01610	0.02152
66060	1.08887	1.07452	0.99408	6.89176	6.70303	6.46695	4.45598	3.09534	2.04041	6.14622	6.10999	6.01468	1.75789	1.53913	1.37448	9.32474	8.12736	7.15196
66220	1.09095	1.07376	0.99595	6.89188	6.70156	6.46421	4.46216	3.09703	2.03726	6.14350	6.10790	6.01346	1.75737	1.53946	1.37118	9.32429	8.12562	7.15078
66390	1.09022	1.07200	0.99346	6.89152	6.70149	6.46492	4.45591	3.09631	2.03803	6.14431	6.10738	6.01318	1.75885	1.53788	1.37373	9.32499	8.12361	7.14975
66550	1.09110	1.07139	0.99501	6.89013	6.69948	6.46298	4.45401	3.09390	2.03532	6.14112	6.10466	6.01044	1.75936	1.54403	1.37811	9.32852	8.12932	7.15436
66720	1.09464	1.07763	0.99717	6.89557	6.70432	6.46711	4.45234	3.09789	2.04124	6.14437	6.11023	6.01436	1.76069	1.54089	1.37373	9.32539	8.12296	7.15050
66880	1.09303	1.07490	0.99491	6.89127	6.70101	6.46405	4.45810	3.09343	2.03675	6.14263	6.10729	6.01194	1.75584	1.53924	1.37129	9.32360	8.12239	7.14858
67050	1.09273	1.07421	0.99531	6.89134	6.70100	6.46405	4.45676	3.09591	2.03713	6.14284	6.10778	6.01277	1.75893	1.53961	1.37310	9.32081	8.12276	7.14883
67210	1.09163	1.07525	0.99480	6.88967	6.70123	6.46246	4.45424	3.09581	2.03560	6.14213	6.10589	6.01221	1.75746	1.54086	1.37344	9.32220	8.12299	7.14982
67380	1.09107	1.07379	0.99588	6.89160	6.70102	6.46492	4.45870	3.09738	2.03871	6.14285	6.10653	6.01311	1.75826	1.53908	1.37301	9.32206	8.12023	7.14754
67540	1.09175	1.07601	0.99574	6.89189	6.70174	6.46538	4.45803	3.09951	2.03897	6.14439	6.10929	6.01425	1.75708	1.54026	1.37328	9.32466	8.12333	7.15036	33.57	6.2	0.00	-2.04	0.01726	0.01194	0.01511	0.01832	0.01893	0.01480	0.00541	0.01503	0.01995	0.01866	0.01295	0.01649	0.01696	0.01755	0.01371	0.00571	0.01610	0.02152
67710	1.09142	1.07260	0.99379	6.89010	6.69933	6.46284	4.45294	3.09377	2.03824	6.14174	6.10552	6.01129	1.75916	1.54068	1.37667	9.32570	8.12387	7.15116
67870	1.09335	1.07437	0.99654	6.89086	6.70000	6.46309	4.45097	3.09399	2.03936	6.14327	6.10596	6.01184	1.75811	1.54030	1.37323	9.31675	8.11775	7.14591
68040	1.09235	1.07780	0.99800	6.89107	6.70114	6.46571	4.45874	3.10221	2.04063	6.14446	6.10873	6.01428	1.75995	1.54226	1.37556	9.32003	8.12174	7.14822
68200	1.09262	1.07319	0.99458	6.88893	6.69805	6.46196	4.45822	3.09362	2.03653	6.14060	6.10495	6.01003	1.75799	1.53917	1.37254	9.31784	8.11730	7.14486
68370	1.09116	1.07254	0.99307	6.88765	6.69670	6.46053	4.45707	3.09303	2.03566	6.13925	6.10167	6.00951	1.75940	1.54206	1.37599	9.32252	8.12311	7.15006
68530	1.09296	1.07704	0.99890	6.89129	6.70015	6.46366	4.46447	3.09631	2.03908	6.14167	6.10521	6.01111	1.75893	1.54115	1.37522	9.32008	8.11850	7.14554
68690	1.09124	1.07094	0.99589	6.88716	6.69849	6.46172	4.46160	3.09804	2.04029	6.14135	6.10491	6.01017	1.75950	1.54121	1.37287	9.31625	8.11476	7.14419
68860	1.09108	1.07219	0.99282	6.88626	6.69393	6.45772	4.45420	3.09193	2.03406	6.13661	6.09950	6.00548	1.75688	1.54015	1.37348	9.31288	8.11441	7.14211
69020	1.09356	1.07393	0.99506	6.88573	6.69457	6.45726	4.46052	3.09403	2.03441	6.13782	6.10147	6.00709	1.75592	1.54096	1.37168	9.31551	8.11415	7.14142
69190	1.08933	1.07269	0.99238	6.88443	6.69274	6.45512	4.45899	3.08996	2.03574	6.13594	6.10070	6.00596	1.75925	1.53858	1.37437	9.31786	8.11739	7.14680	33.57	6.1	0.00	-2.04	0.01726	0.01194	0.01511	0.01832	0.01894	0.01480	0.00541	0.01503	0.01995	0.01866	0.01295	0.01649	0.01696	0.01755	0.01371	0.00571	0.01610	0.02152
69350	1.09269	1.07461	0.99597	6.88846	6.69645	6.45931	4.45799	3.09595	2.03876	6.13923	6.10289	6.00951	1.75956	1.53827	1.37130	9.31413	8.11424	7.14221
69510	1.09154	1.07243	0.99630	6.88726	6.69730	6.46039	4.46163	3.09487	2.03896	6.14056	6.10395	6.00999	1.75964	1.53981	1.37331	9.31766	8.11446	7.14298
69680	1.08981	1.07231	0.99318	6.88375	6.69260	6.45505	4.45178	3.09156	2.03348	6.13554	6.09928	6.00503	1.75802	1.54088	1.37506	9.31234	8.11478	7.14300
69840	1.09142	1.07596	0.99542	6.88561	6.69554	6.45724	4.46026	3.09628	2.03701	6.13658	6.10257	6.00745	1.75793	1.53706	1.37349	9.31483	8.11338	7.14145
70010	1.09251	1.07539	0.99591	6.88698	6.69658	6.45866	4.46840	3.09675	2.03867	6.13813	6.10279	6.00850	1.75603	1.53804	1.37207	9.31319	8.11564	7.14237
70170	1.09102	1.07160	0.99361	6.88364	6.69352	6.45375	4.45226	3.09371	2.03491	6.13385	6.09903	6.00406	1.75749	1.54008	1.37383	9.31518	8.11554	7.14282
70340	1.09056	1.07239	0.99452	6.88545	6.69420	6.45516	4.46159	3.09553	2.03602	6.13550	6.10025	6.00505	1.75500	1.53517	1.37152	9.31200	8.11063	7.13949
70500	1.09129	1.07282	0.99640	6.88592	6.69576	6.45893	4.45847	3.09906	2.03971	6.13840	6.10350	6.00795	1.75913	1.53939	1.37290	9.31428	8.11559	7.14247
70670	1.09098	1.07159	0.99268	6.88434	6.69259	6.45662	4.45056	3.09191	2.03580	6.13506	6.10016	6.00535	1.75831	1.54139	1.37529	9.31637	8.11611	7.14415
70830	1.09354	1.07341	0.99376	6.88638	6.69602	6.45833	4.45636	3.09391	2.03775	6.13621	6.10148	6.00732	1.75632	1.53913	1.37399	9.31340	8.11438	7.14124	33.57	5.9	0.00	-2.04	0.01725	0.01194	0.01511	0.01832	0.01894	0.01480	0.00541	0.01503	0.01995	0.01866	0.01295	0.01649	0.01696	0.01755	0.01371	0.00571	0.01610	0.02152
71000	1.09009	1.07505	0.99833	6.88761	6.69877	6.46060	4.45651	3.09868	2.04008	6.13906	6.10445	6.00965	1.76128	1.54095	1.37437	9.32145	8.11663	7.14431
71160	1.09095	1.07513	0.99277	6.88650	6.69446	6.45763	4.45525	3.09280	2.03629	6.13593	6.10129	6.00736	1.75748	1.53907	1.37140	9.31822	8.11511	7.14130
71320	1.09031	1.07113	0.99457	6.88314	6.69275	6.45566	4.45253	3.09404	2.03524	6.13429	6.10008	6.00505	1.75781	1.53850	1.37502	9.31633	8.11650	7.14431
