WetView ver 7.1	07-19-2018	18:03:09
AC9 Absorption and Attenuation Meter
00000266		; Serial number
2	; structure version number
Reserved
0.000000	0.000000		; Depth calibration
19200			; Baud rate
0.100000			; Path length (meters)
31			; number of temperature calibration bins
				12.59339	13.44920	14.48425	15.49668	16.50852	17.49564	18.50545	19.52458	20.50176	21.48889	22.47318	23.48707	24.50962	25.49370	26.49784	27.51372	28.50746	29.47237	30.47938	31.50214	32.50470	33.49235	34.50337	35.50914	36.50618	37.52058	38.51018	39.51308	40.49994	41.49866	42.47204	; temperature bins
a650	Blue	20.34952		-0.00383	-0.00415	-0.00430	-0.00391	-0.00363	-0.00317	-0.00269	-0.00237	-0.00179	-0.00130	-0.00099	-0.00071	-0.00015	0.00000	0.00004	-0.00001	0.00015	0.00036	0.00058	0.00101	0.00161	0.00132	0.00160	0.00169	0.00242	0.00273	0.00336	0.00365	0.00427	0.00566	0.00670		; offset and temperature correction info
a676	Green	20.51193		-0.00398	-0.00384	-0.00360	-0.00306	-0.00302	-0.00255	-0.00235	-0.00212	-0.00163	-0.00136	-0.00118	-0.00089	-0.00029	0.00000	0.00068	0.00082	0.00099	0.00137	0.00145	0.00212	0.00260	0.00252	0.00321	0.00354	0.00457	0.00535	0.00617	0.00648	0.00742	0.00887	0.01002		; offset and temperature correction info
a715	Brown	20.23230		-0.00421	-0.00394	-0.00391	-0.00291	-0.00264	-0.00192	-0.00204	-0.00179	-0.00188	-0.00239	-0.00180	-0.00187	-0.00099	0.00000	0.00084	0.00162	0.00188	0.00224	0.00321	0.00381	0.00466	0.00528	0.00588	0.00696	0.00859	0.01041	0.01148	0.01282	0.01333	0.01456	0.01617		; offset and temperature correction info
c510	Red	20.40042		-0.00261	-0.00247	-0.00258	-0.00225	-0.00203	-0.00197	-0.00199	-0.00203	-0.00154	-0.00103	-0.00069	-0.00019	-0.00007	0.00000	0.00011	-0.00021	-0.00042	-0.00056	-0.00040	0.00011	0.00036	0.00050	0.00077	0.00079	0.00050	0.00042	0.00043	0.00092	0.00147	0.00200	0.00232		; offset and temperature correction info
c532	Magenta	20.40760		-0.00248	-0.00265	-0.00278	-0.00279	-0.00296	-0.00292	-0.00238	-0.00206	-0.00129	-0.00096	-0.00092	-0.00052	-0.00009	0.00000	0.00007	-0.00049	-0.00136	-0.00107	-0.00079	-0.00065	-0.00074	-0.00105	-0.00152	-0.00192	-0.00236	-0.00269	-0.00252	-0.00233	-0.00172	-0.00128	-0.00067		; offset and temperature correction info
c555	Black	20.50654		-0.00053	-0.00063	-0.00106	-0.00094	-0.00068	-0.00055	-0.00053	-0.00039	-0.00028	-0.00025	-0.00011	-0.00035	-0.00007	0.00000	-0.00037	-0.00055	-0.00036	-0.00014	0.00019	0.00044	0.00032	0.00040	0.00050	0.00028	0.00014	0.00013	0.00030	0.00073	0.00117	0.00176	0.00241		; offset and temperature correction info
a412	LtBlue	17.15231		-0.01972	-0.01823	-0.01612	-0.01381	-0.01272	-0.01080	-0.00959	-0.00866	-0.00710	-0.00532	-0.00354	-0.00148	-0.00028	0.00000	0.00176	0.00297	0.00394	0.00440	0.00453	0.00487	0.00804	0.00856	0.01065	0.01248	0.01388	0.01439	0.01659	0.01881	0.02256	0.02450	0.02719		; offset and temperature correction info
a440	LtGreen	18.00171		-0.00729	-0.00642	-0.00581	-0.00502	-0.00426	-0.00349	-0.00244	-0.00218	-0.00179	-0.00101	-0.00046	-0.00006	0.00036	0.00000	0.00040	0.00045	0.00030	-0.00015	-0.00024	-0.00035	0.00012	-0.00013	-0.00033	-0.00089	-0.00142	-0.00189	-0.00231	-0.00205	-0.00140	-0.00140	-0.00146		; offset and temperature correction info
a488	Yellow	18.86491		-0.00113	-0.00102	-0.00106	-0.00064	-0.00027	-0.00020	-0.00030	-0.00037	-0.00047	-0.00059	-0.00052	-0.00012	0.00008	0.00000	0.00025	0.00012	-0.00013	-0.00043	-0.00065	-0.00076	-0.00025	0.00010	0.00090	0.00111	0.00113	0.00104	0.00073	0.00068	0.00120	0.00186	0.00258		; offset and temperature correction info
c650	Blue	20.46075		-0.00145	-0.00097	-0.00092	-0.00139	-0.00185	-0.00196	-0.00237	-0.00266	-0.00238	-0.00163	-0.00083	-0.00041	-0.00010	0.00000	0.00005	-0.00001	0.00015	0.00034	0.00029	0.00065	0.00101	0.00164	0.00126	0.00156	0.00175	0.00270	0.00287	0.00371	0.00407	0.00473	0.00534		; offset and temperature correction info
c676	Green	20.10118		-0.00170	-0.00144	-0.00149	-0.00177	-0.00188	-0.00194	-0.00198	-0.00196	-0.00177	-0.00156	-0.00140	-0.00091	-0.00033	0.00000	0.00050	0.00092	0.00110	0.00141	0.00167	0.00199	0.00216	0.00265	0.00269	0.00289	0.00315	0.00374	0.00367	0.00408	0.00486	0.00561	0.00646		; offset and temperature correction info
c715	Brown	19.91219		-0.01201	-0.01097	-0.00859	-0.00680	-0.00651	-0.00592	-0.00535	-0.00440	-0.00387	-0.00303	-0.00222	-0.00153	-0.00028	0.00000	0.00093	0.00149	0.00247	0.00322	0.00330	0.00427	0.00373	0.00464	0.00536	0.00551	0.00643	0.00733	0.00779	0.00884	0.00899	0.01021	0.01120		; offset and temperature correction info
a510	Red	19.21192		0.00201	0.00193	0.00158	0.00098	0.00089	0.00049	0.00011	-0.00016	-0.00016	-0.00005	0.00028	0.00025	0.00006	0.00000	0.00035	-0.00022	-0.00023	-0.00080	-0.00144	-0.00154	-0.00153	-0.00204	-0.00220	-0.00219	-0.00190	-0.00128	-0.00069	-0.00018	0.00068	0.00152	0.00241		; offset and temperature correction info
a532	Magenta	19.41084		-0.00097	-0.00072	-0.00060	-0.00081	-0.00062	-0.00071	-0.00040	0.00020	0.00028	0.00043	0.00000	-0.00035	0.00007	0.00000	-0.00011	-0.00059	-0.00080	-0.00098	-0.00137	-0.00162	-0.00163	-0.00130	-0.00073	-0.00018	0.00090	0.00185	0.00175	0.00247	0.00291	0.00327	0.00349		; offset and temperature correction info
a555	Black	19.69776		0.00171	0.00183	0.00183	0.00186	0.00191	0.00170	0.00115	0.00131	0.00097	0.00073	0.00060	0.00013	0.00015	0.00000	0.00014	-0.00029	-0.00066	-0.00082	-0.00116	-0.00139	-0.00134	-0.00167	-0.00119	-0.00093	-0.00048	0.00053	0.00111	0.00095	0.00178	0.00206	0.00273		; offset and temperature correction info
c412	LtBlue	19.91180		-0.02051	-0.01853	-0.01589	-0.01311	-0.01059	-0.00877	-0.00705	-0.00581	-0.00413	-0.00231	-0.00098	-0.00066	-0.00011	0.00000	-0.00013	-0.00085	-0.00170	-0.00170	-0.00302	-0.00330	-0.00429	-0.00551	-0.00626	-0.00775	-0.00978	-0.01181	-0.01113	-0.01108	-0.01116	-0.01192	-0.01291		; offset and temperature correction info
c440	LtGreen	20.06241		-0.01064	-0.00992	-0.00892	-0.00766	-0.00639	-0.00531	-0.00478	-0.00384	-0.00287	-0.00187	-0.00102	-0.00063	-0.00023	0.00000	-0.00007	-0.00053	-0.00090	-0.00119	-0.00169	-0.00197	-0.00226	-0.00257	-0.00260	-0.00289	-0.00394	-0.00470	-0.00481	-0.00493	-0.00520	-0.00580	-0.00620		; offset and temperature correction info
c488	Yellow	20.35984		-0.01125	-0.01082	-0.00966	-0.00833	-0.00726	-0.00661	-0.00579	-0.00500	-0.00389	-0.00278	-0.00167	-0.00113	-0.00041	0.00000	0.00055	0.00121	0.00187	0.00226	0.00222	0.00251	0.00281	0.00359	0.00414	0.00427	0.00401	0.00404	0.00486	0.00563	0.00638	0.00684	0.00718		; offset and temperature correction info
0.003500	0.004000	0.015000	0.020000	0.015000	0.020000	2500.000000	2000.000000	1000.000000	; maxANoise	maxCNoise	maxADifference	maxCDifference	minACounts	minCCounts	minRCounts	maxTempSdev	maxDepthSdev
0			; auxilliary capabilities
1			; acquisition binsize
0	0.89066	1.10525	0.64524	4.19067	3.82972	3.46020	7.04041	4.58407	2.48020	2.68661	2.59831	2.34885	2.01073	1.65498	1.38221	8.98872	6.70341	4.70740	29.49	6.0	0.00	7.43	0.01269	0.01291	0.01636	0.00781	0.00581	0.00637	0.00468	0.01266	0.01682	0.00676	0.00695	0.00879	0.01489	0.01094	0.01196	0.00218	0.00618	0.00868
160	0.89223	1.10849	0.64425	4.19237	3.83165	3.46319	7.03763	4.59016	2.48430	2.69089	2.60521	2.35392	2.01222	1.65581	1.38553	8.99056	6.70680	4.71056
320	0.89124	1.11443	0.64487	4.19266	3.83353	3.46306	7.02888	4.58311	2.47981	2.69096	2.60701	2.35590	2.00958	1.65252	1.38534	8.99469	6.70452	4.70895
490	0.89067	1.11659	0.64850	4.19716	3.83921	3.46726	7.04556	4.58691	2.48326	2.69536	2.61049	2.36123	2.01087	1.65297	1.38356	8.99598	6.70815	4.71425
650	0.89067	1.10975	0.64625	4.19816	3.83958	3.46890	7.02957	4.58945	2.48209	2.69594	2.60846	2.36132	2.01127	1.65196	1.38178	8.98928	6.70561	4.71323
810	0.89184	1.10880	0.64605	4.20049	3.84079	3.47305	7.04546	4.58709	2.48398	2.70012	2.61026	2.36324	2.01460	1.65668	1.38632	8.99442	6.70909	4.71533
980	0.89032	1.10711	0.64494	4.19946	3.83872	3.46917	7.03670	4.58402	2.48207	2.69863	2.60710	2.36115	2.01048	1.65762	1.38705	8.99074	6.70495	4.71181
1140	0.89040	1.10713	0.64292	4.19601	3.83490	3.46815	7.03888	4.58660	2.47938	2.69930	2.60695	2.36011	2.01434	1.65916	1.39259	8.99929	6.71137	4.71714
1300	0.89679	1.11450	0.64779	4.19929	3.83676	3.47019	7.04152	4.58793	2.48444	2.70081	2.61047	2.36220	2.01509	1.65557	1.38495	8.99433	6.70822	4.71258
1470	0.89436	1.11879	0.65046	4.19545	3.83326	3.46709	7.03430	4.59202	2.48623	2.69993	2.60742	2.36259	2.01524	1.65790	1.38902	9.00168	6.70526	4.71057
1630	0.89342	1.11864	0.64987	4.19027	3.82865	3.46408	7.04942	4.58863	2.48566	2.69676	2.60387	2.35899	2.01361	1.65734	1.38417	8.99578	6.70277	4.70647	29.55	6.0	0.00	7.39	0.01269	0.01290	0.01636	0.00780	0.00581	0.00637	0.00468	0.01266	0.01682	0.00676	0.00695	0.00879	0.01489	0.01094	0.01196	0.00218	0.00618	0.00868
1790	0.89394	1.11336	0.65054	4.18928	3.82937	3.46359	7.06042	4.59754	2.49013	2.69685	2.60364	2.35960	2.01739	1.65860	1.38609	8.99614	6.70442	4.70506
1960	0.89414	1.11117	0.64757	4.18587	3.82783	3.46075	7.04432	4.59637	2.48685	2.69344	2.59944	2.35623	2.01956	1.66127	1.39102	8.99100	6.70419	4.70611
2120	0.89527	1.11133	0.64870	4.18793	3.83090	3.46288	7.04265	4.59361	2.49151	2.69523	2.60181	2.35735	2.01890	1.66343	1.39189	8.99219	6.70406	4.70326
2280	0.89501	1.11553	0.64694	4.18617	3.82844	3.45883	7.05221	4.59404	2.48460	2.68941	2.59816	2.35177	2.02039	1.66113	1.39496	8.99669	6.70680	4.70606
2450	0.89963	1.11648	0.65189	4.18922	3.83256	3.46156	7.04479	4.59478	2.48911	2.68822	2.60168	2.35318	2.01593	1.65840	1.38990	8.99357	6.70505	4.70434
2610	0.89617	1.11775	0.64880	4.18772	3.83022	3.45780	7.04163	4.59220	2.48682	2.68600	2.60074	2.35262	2.01643	1.65997	1.39055	8.99596	6.70951	4.70879
2770	0.89997	1.11681	0.64870	4.19316	3.83477	3.46412	7.04766	4.59219	2.49055	2.68865	2.60441	2.35515	2.01726	1.65861	1.39012	8.98613	6.70444	4.70766
2940	0.89575	1.10910	0.64742	4.19165	3.83166	3.46248	7.04901	4.59205	2.48896	2.68940	2.60227	2.35557	2.01904	1.66197	1.39123	8.98990	6.70860	4.71269
3100	0.89785	1.11248	0.64842	4.19730	3.83724	3.46810	7.05764	4.59549	2.49291	2.69502	2.60607	2.36035	2.02087	1.66266	1.38999	8.98173	6.70234	4.70987
3270	0.89647	1.11354	0.64742	4.19138	3.83290	3.46225	7.05932	4.59149	2.48619	2.69119	2.60226	2.35689	2.02010	1.66255	1.39577	8.98332	6.70513	4.71211	29.49	6.1	0.00	7.44	0.01269	0.01290	0.01636	0.00780	0.00581	0.00637	0.00468	0.01266	0.01682	0.00676	0.00695	0.00879	0.01489	0.01094	0.01196	0.00218	0.00618	0.00868
3430	0.90027	1.11833	0.64881	4.19446	3.83540	3.46376	7.04809	4.59404	2.49056	2.69380	2.60690	2.35932	2.01687	1.65859	1.38989	8.98084	6.69978	4.70776
3590	0.89594	1.11514	0.64882	4.18842	3.83104	3.45969	7.05180	4.58996	2.48814	2.68925	2.60243	2.35624	2.01829	1.66161	1.38872	8.98194	6.69956	4.70799
3750	0.89704	1.11718	0.64863	4.19018	3.83121	3.46322	7.05402	4.59514	2.49146	2.69143	2.60257	2.35794	2.01903	1.65986	1.38852	8.96837	6.69069	4.70209
3920	0.89567	1.10953	0.64773	4.18605	3.82548	3.45983	7.04006	4.59162	2.48781	2.68776	2.59492	2.35396	2.02301	1.66325	1.39578	8.97524	6.69447	4.70608
4080	0.90095	1.11056	0.64877	4.19036	3.82861	3.46301	7.05017	4.59749	2.49237	2.69113	2.59883	2.35705	2.01990	1.66155	1.39237	8.97176	6.69034	4.70055
4250	0.89951	1.11855	0.64898	4.18757	3.82537	3.46250	7.05802	4.59995	2.49416	2.69231	2.59872	2.35777	2.02006	1.66329	1.39133	8.97616	6.69411	4.70296
4410	0.90005	1.12157	0.64823	4.18484	3.82142	3.45884	7.04855	4.58923	2.49014	2.68988	2.59600	2.35379	2.01695	1.65609	1.38683	8.97231	6.68837	4.69921
4570	0.89896	1.11981	0.65285	4.18630	3.82236	3.46073	7.05709	4.59825	2.49335	2.69220	2.60068	2.35795	2.02175	1.66287	1.39101	8.97524	6.69004	4.70246
4740	0.89886	1.11940	0.65082	4.18271	3.81671	3.45740	7.06266	4.59351	2.49306	2.68991	2.59653	2.35586	2.01845	1.65988	1.38410	8.97011	6.68217	4.69764
4900	0.89565	1.11752	0.65089	4.18301	3.81931	3.45992	7.06080	4.59842	2.49728	2.69329	2.59941	2.35796	2.01927	1.66272	1.39263	8.97350	6.68650	4.70037	29.49	6.2	0.00	7.42	0.01269	0.01290	0.01636	0.00780	0.00581	0.00637	0.00468	0.01266	0.01682	0.00676	0.00695	0.00879	0.01489	0.01094	0.01196	0.00218	0.00618	0.00868
5060	0.89616	1.11226	0.64851	4.18162	3.81880	3.45883	7.06089	4.59306	2.49280	2.69320	2.59849	2.35717	2.02112	1.66066	1.39065	8.96810	6.68233	4.69570
5230	0.89619	1.11479	0.65007	4.18083	3.81837	3.46039	7.05249	4.59772	2.49512	2.69746	2.60041	2.36013	2.01942	1.66113	1.39177	8.97515	6.68427	4.69690
5390	0.89637	1.11449	0.64854	4.17898	3.81673	3.45726	7.06052	4.59422	2.49233	2.69608	2.59765	2.35647	2.01756	1.66243	1.39009	8.96104	6.67942	4.69100
5550	0.89364	1.11537	0.64574	4.17553	3.81607	3.45400	7.05193	4.59082	2.49002	2.69596	2.59521	2.35602	2.01532	1.65826	1.38980	8.97323	6.68058	4.69276
5710	0.89585	1.11700	0.65235	4.17702	3.81644	3.45648	7.05402	4.59655	2.49492	2.69747	2.59437	2.35614	2.01686	1.65816	1.38548	8.96526	6.67788	4.68836
5880	0.89067	1.10424	0.64593	4.17307	3.81478	3.45214	7.04957	4.59624	2.49223	2.69528	2.59158	2.35251	2.02147	1.66444	1.39028	8.96626	6.67896	4.69063
6040	0.89422	1.11100	0.64555	4.17391	3.81595	3.45321	7.04275	4.59519	2.49301	2.69525	2.59286	2.35213	2.02087	1.66171	1.39193	8.96975	6.68306	4.69073
6210	0.89541	1.11378	0.64812	4.17510	3.81491	3.45170	7.04920	4.59748	2.49304	2.69241	2.59302	2.34930	2.02032	1.66436	1.39232	8.97158	6.68291	4.69133
6370	0.89692	1.11567	0.64723	4.17456	3.81571	3.44924	7.04855	4.59296	2.49093	2.68973	2.59420	2.34875	2.02275	1.66278	1.39238	8.97286	6.68731	4.69374
6540	0.89674	1.11649	0.64869	4.17733	3.81644	3.45040	7.06062	4.59606	2.49581	2.68911	2.59412	2.34999	2.02123	1.66404	1.39336	8.97397	6.68451	4.69033	29.49	6.0	0.00	7.42	0.01269	0.01290	0.01636	0.00781	0.00581	0.00637	0.00468	0.01266	0.01682	0.00676	0.00695	0.00879	0.01489	0.01094	0.01196	0.00218	0.00618	0.00868
6700	0.89680	1.11353	0.64975	4.17360	3.81541	3.44953	7.05524	4.59967	2.49419	2.68733	2.59484	2.34876	2.02001	1.66164	1.39042	8.97259	6.68256	4.68822
6860	0.89355	1.11151	0.64646	4.17383	3.81605	3.44724	7.05607	4.59645	2.49435	2.68227	2.59454	2.34545	2.01806	1.66081	1.38743	8.96471	6.68001	4.68615
7020	0.89502	1.11299	0.64835	4.17288	3.81646	3.44805	7.06276	4.59689	2.49295	2.68182	2.59526	2.34685	2.01659	1.66012	1.39161	8.96838	6.68284	4.68888
7190	0.89501	1.11406	0.64604	4.17430	3.81582	3.44875	7.03929	4.59182	2.48940	2.68179	2.59570	2.34599	2.01730	1.66045	1.39084	8.95949	6.67991	4.68711
7350	0.89585	1.11418	0.64711	4.17311	3.81199	3.44586	7.06448	4.59002	2.48422	2.67853	2.59162	2.34415	2.01744	1.65877	1.39048	8.96608	6.68304	4.69156
7520	0.89836	1.11926	0.65048	4.17692	3.81650	3.44916	7.05932	4.59938	2.49181	2.68323	2.59709	2.34857	2.01951	1.65937	1.38807	8.96178	6.68064	4.68984
7680	0.89672	1.11297	0.64797	4.17823	3.81906	3.45208	7.05051	4.59900	2.49477	2.68340	2.59813	2.35030	2.01920	1.66047	1.38961	8.96425	6.68330	4.69218
7840	0.89518	1.11987	0.64773	4.17699	3.81904	3.45077	7.04721	4.59326	2.49005	2.68186	2.59590	2.34732	2.01824	1.65841	1.38955	8.96233	6.67978	4.69100
8010	0.89618	1.11459	0.64956	4.18128	3.82363	3.45603	7.06485	4.59733	2.49478	2.68681	2.60086	2.35258	2.02242	1.66372	1.39296	8.97681	6.69149	4.69794
8170	0.89742	1.11995	0.64875	4.18201	3.82305	3.45397	7.05486	4.59493	2.49239	2.68184	2.59562	2.34809	2.02062	1.65984	1.38775	8.97101	6.68923	4.69508	29.55	6.0	0.00	7.39	0.01269	0.01290	0.01636	0.00781	0.00581	0.00637	0.00468	0.01266	0.01682	0.00676	0.00695	0.00879	0.01489	0.01094	0.01196	0.00218	0.00618	0.00868
8330	0.89459	1.11499	0.64802	4.18376	3.82188	3.45436	7.05792	4.59529	2.49197	2.68307	2.59637	2.34803	2.02283	1.66604	1.39502	8.97358	6.69062	4.69579
8500	0.89759	1.11924	0.64769	4.17857	3.81652	3.45045	7.05059	4.59254	2.48780	2.68046	2.59232	2.34639	2.01762	1.65754	1.39020	8.97184	6.68764	4.69272
8660	0.89712	1.11667	0.64835	4.18082	3.81979	3.45334	7.06029	4.59796	2.49140	2.68323	2.59255	2.34944	2.01911	1.65938	1.39094	8.98348	6.69146	4.69510
8820	0.89760	1.11386	0.64929	4.17772	3.81480	3.44906	7.05495	4.59188	2.49120	2.67918	2.58654	2.34473	2.01582	1.65886	1.39087	8.96927	6.68286	4.69028
8990	0.89269	1.11288	0.64668	4.17358	3.81106	3.44593	7.04674	4.58797	2.48447	2.67660	2.58413	2.34242	2.01944	1.66506	1.39668	8.97000	6.68824	4.69459
9150	0.90052	1.11781	0.65061	4.17816	3.81482	3.44863	7.05639	4.59539	2.49103	2.68026	2.58676	2.34419	2.02003	1.66170	1.39341	8.97303	6.68235	4.68889
9310	0.90075	1.11509	0.65004	4.17738	3.81639	3.45013	7.05997	4.59334	2.49206	2.68001	2.58755	2.34396	2.02119	1.66347	1.39556	8.96872	6.68210	4.69062
9480	0.89913	1.12005	0.64920	4.17465	3.81154	3.44469	7.04373	4.59356	2.48943	2.67507	2.58511	2.34054	2.02213	1.66449	1.39114	8.97064	6.68630	4.69544
9640	0.89817	1.11431	0.65223	4.18119	3.82041	3.45456	7.06233	4.59449	2.49280	2.67961	2.59131	2.34347	2.02507	1.66988	1.39430	8.97138	6.68559	4.69276
9800	0.90013	1.12267	0.65102	4.18019	3.82065	3.45062	7.06434	4.59364	2.48910	2.67739	2.59277	2.34300	2.01794	1.66516	1.38963	8.97075	6.68408	4.69090	29.49	6.3	0.00	7.40	0.01269	0.01291	0.01636	0.00781	0.00581	0.00637	0.00468	0.01266	0.01682	0.00676	0.00695	0.00879	0.01489	0.01094	0.01196	0.00218	0.00618	0.00868
9960	0.89674	1.11733	0.65334	4.17925	3.82190	3.45242	7.04902	4.59550	2.49093	2.67934	2.59555	2.34397	2.02152	1.66342	1.39536	8.97533	6.68891	4.69630
10130	0.89787	1.11926	0.65048	4.18349	3.82465	3.45418	7.03692	4.58942	2.48828	2.67870	2.59421	2.34421	2.01644	1.66017	1.38843	8.96901	6.68767	4.69730
10290	0.89791	1.11727	0.64597	4.18344	3.82303	3.45467	7.03970	4.58942	2.48852	2.67833	2.59554	2.34340	2.01453	1.65676	1.38636	8.97130	6.68949	4.69793
10450	0.89746	1.11483	0.64899	4.18424	3.82774	3.46028	7.04285	4.59723	2.49222	2.68535	2.60223	2.35000	2.01951	1.66539	1.39436	8.97845	6.69742	4.70630
10620	0.89985	1.12011	0.65074	4.18945	3.82811	3.45912	7.03813	4.59123	2.48693	2.68471	2.60227	2.35093	2.01713	1.66023	1.39031	8.97487	6.69544	4.70492
10780	0.89681	1.12168	0.65178	4.19031	3.83183	3.46443	7.04573	4.59540	2.49324	2.69221	2.60734	2.35718	2.02314	1.66546	1.39403	8.98377	6.70284	4.71143
10940	0.90150	1.11804	0.65152	4.19321	3.83124	3.46309	7.04967	4.59266	2.49085	2.69185	2.60579	2.35715	2.02149	1.66096	1.39321	8.97680	6.70061	4.70824
11110	0.89949	1.11865	0.65272	4.19579	3.83441	3.46665	7.04360	4.59552	2.49116	2.69812	2.60931	2.36305	2.02455	1.66604	1.39895	8.98515	6.70578	4.71256
11270	0.89976	1.12109	0.65228	4.19405	3.83195	3.46357	7.04527	4.59389	2.49065	2.69694	2.60661	2.36168	2.01823	1.66349	1.39114	8.97827	6.69932	4.70818
11430	0.89688	1.11759	0.65359	4.19267	3.83294	3.46648	7.04417	4.59637	2.49229	2.69745	2.60742	2.36455	2.02008	1.66345	1.39434	8.98099	6.69901	4.70756	29.55	6.2	0.00	7.42	0.01269	0.01291	0.01636	0.00781	0.00581	0.00637	0.00468	0.01266	0.01682	0.00676	0.00695	0.00879	0.01489	0.01094	0.01196	0.00218	0.00619	0.00868
11590	0.89688	1.12190	0.65262	4.19083	3.83057	3.46340	7.03703	4.59049	2.48674	2.69788	2.60473	2.36231	2.01897	1.66335	1.39245	8.97411	6.69663	4.70530
11760	0.89700	1.11579	0.64960	4.18879	3.82699	3.46124	7.04653	4.59074	2.48608	2.69600	2.60341	2.36028	2.02275	1.66368	1.39759	8.98144	6.69602	4.70721
11920	0.90044	1.11972	0.65270	4.19124	3.83047	3.46437	7.05275	4.59309	2.48949	2.69854	2.60504	2.36140	2.02066	1.66394	1.39570	8.97750	6.68802	4.70209
12090	0.89788	1.11712	0.65177	4.18505	3.82445	3.45780	7.04199	4.59144	2.48724	2.69273	2.60088	2.35655	2.01990	1.66300	1.39624	8.97420	6.69171	4.70456
12250	0.90215	1.12668	0.65666	4.18665	3.82762	3.45969	7.05154	4.60085	2.49262	2.69448	2.60456	2.35864	2.02366	1.66216	1.39340	8.97044	6.68481	4.69823
12410	0.89772	1.11903	0.65265	4.18339	3.82780	3.45898	7.03333	4.59696	2.49383	2.69182	2.60446	2.35736	2.02325	1.66432	1.39856	8.97383	6.68658	4.69747
12580	0.90053	1.12103	0.65115	4.18057	3.82394	3.45462	7.04199	4.59831	2.49044	2.68571	2.60051	2.35301	2.01870	1.66334	1.39334	8.96788	6.67897	4.69239
12740	0.89882	1.12053	0.65437	4.18253	3.82879	3.45896	7.06259	4.60127	2.49407	2.68811	2.60195	2.35463	2.02322	1.66662	1.40021	8.96971	6.68446	4.69575
12900	0.90233	1.12036	0.65177	4.18095	3.82555	3.45505	7.04922	4.59781	2.48992	2.68371	2.59923	2.35132	2.02385	1.66790	1.39489	8.96422	6.68074	4.69240
13070	0.89800	1.11876	0.65095	4.17871	3.82522	3.45242	7.05026	4.59978	2.49239	2.68293	2.59684	2.35120	2.02415	1.66306	1.39203	8.96504	6.67901	4.69013	29.55	6.1	0.00	7.42	0.01269	0.01291	0.01636	0.00781	0.00581	0.00637	0.00468	0.01266	0.01682	0.00676	0.00695	0.00879	0.01489	0.01094	0.01196	0.00218	0.00619	0.00868
13230	0.89833	1.11940	0.65080	4.17848	3.82381	3.45201	7.04154	4.59888	2.49413	2.68476	2.59776	2.35173	2.02267	1.66309	1.39612	8.96303	6.67702	4.69017
13390	0.90111	1.12425	0.65450	4.18047	3.82622	3.45464	7.05253	4.60183	2.49649	2.68582	2.59973	2.35502	2.02640	1.66725	1.39879	8.96907	6.68159	4.69424
13560	0.90285	1.11994	0.65115	4.17922	3.82420	3.45420	7.03811	4.59796	2.49063	2.68367	2.59757	2.35268	2.02746	1.66643	1.40042	8.96586	6.68053	4.69522
13720	0.90255	1.12373	0.65339	4.18154	3.82461	3.45665	7.04376	4.60100	2.49711	2.68670	2.59985	2.35491	2.02561	1.66535	1.39540	8.96724	6.67889	4.69284
13880	0.90048	1.11886	0.65149	4.17857	3.82200	3.45294	7.04664	4.60236	2.49246	2.68587	2.59648	2.35375	2.02441	1.66732	1.39988	8.96339	6.67960	4.69311
14050	0.90148	1.11918	0.65099	4.18029	3.82246	3.45430	7.05466	4.60407	2.49437	2.68922	2.59663	2.35366	2.02282	1.66638	1.39705	8.96623	6.67947	4.69201
14210	0.89748	1.11981	0.64955	4.17971	3.82286	3.45495	7.05021	4.60279	2.49414	2.68819	2.59705	2.35348	2.02459	1.66339	1.39825	8.97164	6.68222	4.69365
14370	0.89952	1.12163	0.65410	4.18171	3.82645	3.45837	7.05197	4.60745	2.49645	2.69146	2.59875	2.35511	2.02755	1.66695	1.39735	8.97631	6.68875	4.69944
14540	0.90064	1.12104	0.65124	4.18325	3.82479	3.45605	7.05332	4.60693	2.49619	2.68834	2.59422	2.35171	2.02616	1.66334	1.39653	8.97218	6.68554	4.69827
14700	0.89968	1.12396	0.65394	4.18221	3.82515	3.45722	7.06296	4.60997	2.49804	2.69086	2.59827	2.35334	2.02699	1.66697	1.40055	8.97879	6.69052	4.70403	29.49	6.2	0.00	7.52	0.01269	0.01291	0.01636	0.00781	0.00581	0.00637	0.00468	0.01266	0.01683	0.00676	0.00695	0.00879	0.01489	0.01094	0.01196	0.00218	0.00619	0.00868
14860	0.89840	1.11913	0.65379	4.18479	3.82286	3.45540	7.05451	4.60732	2.49659	2.68821	2.59522	2.35077	2.02890	1.66571	1.39900	8.96990	6.68323	4.69928
15030	0.90262	1.11863	0.65247	4.18456	3.82458	3.45970	7.06974	4.60601	2.50059	2.69208	2.59824	2.35248	2.02992	1.66907	1.40388	8.97861	6.68665	4.70159
15190	0.90390	1.12830	0.65681	4.18135	3.81952	3.45285	7.07109	4.60535	2.49926	2.68645	2.59324	2.34776	2.02598	1.66288	1.39582	8.97045	6.68068	4.69573
15350	0.90074	1.11790	0.65478	4.17954	3.81987	3.45268	7.07816	4.61078	2.50410	2.68528	2.59373	2.34655	2.03062	1.66768	1.40281	8.97760	6.68323	4.69510
15510	0.90131	1.12160	0.65214	4.17438	3.81534	3.44835	7.05562	4.60639	2.49473	2.68019	2.58955	2.34316	2.02324	1.66690	1.39982	8.96999	6.67846	4.68944
15680	0.89846	1.11931	0.65026	4.16856	3.81171	3.44293	7.04973	4.60468	2.49436	2.67483	2.58537	2.33872	2.03069	1.66788	1.40581	8.97430	6.68190	4.69257
15840	0.90381	1.12416	0.65596	4.17288	3.81583	3.44580	7.06115	4.60540	2.49879	2.67654	2.58683	2.33963	2.02677	1.66543	1.40009	8.96972	6.67975	4.68821
16010	0.89839	1.12638	0.65348	4.17119	3.81245	3.44430	7.06194	4.60814	2.50024	2.67463	2.58507	2.33969	2.02819	1.66915	1.39863	8.97063	6.67828	4.68692
16170	0.89935	1.12115	0.65273	4.16821	3.80785	3.44024	7.05274	4.60704	2.49815	2.67078	2.58308	2.33619	2.02753	1.67188	1.39964	8.96569	6.67656	4.68438
16330	0.90221	1.11907	0.65470	4.16658	3.80840	3.44088	7.05011	4.61051	2.49866	2.67256	2.58378	2.33676	2.02814	1.67017	1.40093	8.96889	6.68022	4.68636	29.49	6.1	0.00	7.42	0.01269	0.01291	0.01636	0.00781	0.00581	0.00637	0.00468	0.01266	0.01683	0.00676	0.00695	0.00879	0.01489	0.01094	0.01196	0.00218	0.00619	0.00868
16500	0.90300	1.12572	0.65523	4.16430	3.80736	3.43917	7.05962	4.61271	2.50317	2.66995	2.58237	2.33694	2.03009	1.66433	1.39892	8.97255	6.67984	4.68332
16660	0.90465	1.12415	0.65522	4.16582	3.80853	3.43958	7.07807	4.61577	2.50454	2.67283	2.58580	2.33894	2.02935	1.67759	1.40654	8.96834	6.68318	4.68599
16820	0.90484	1.12172	0.65312	4.16474	3.80752	3.43754	7.05443	4.61051	2.49950	2.66957	2.58141	2.33701	2.03045	1.67110	1.40261	8.96587	6.67514	4.68258
16990	0.90341	1.12772	0.65671	4.16588	3.80875	3.43869	7.06956	4.61028	2.50372	2.67240	2.58524	2.33992	2.03257	1.67594	1.40471	8.96614	6.67840	4.68510
17150	0.90047	1.12053	0.65516	4.16378	3.80596	3.43708	7.05837	4.60775	2.49901	2.67094	2.58150	2.33801	2.02703	1.66970	1.40094	8.96276	6.67411	4.68020
17310	0.89904	1.11768	0.65162	4.16129	3.80335	3.43542	7.07017	4.60459	2.49503	2.66920	2.57984	2.33725	2.02844	1.67218	1.40214	8.96541	6.67610	4.68223
17470	0.90104	1.12068	0.65338	4.16442	3.80691	3.43935	7.04742	4.60458	2.49788	2.67115	2.58281	2.34007	2.02478	1.66769	1.40047	8.95800	6.67234	4.67968
17640	0.89986	1.12152	0.65269	4.16226	3.80411	3.43638	7.05582	4.59975	2.49278	2.67061	2.57926	2.33920	2.02667	1.66806	1.40192	8.95992	6.67194	4.68167
17800	0.90249	1.14286	0.65771	4.16785	3.80730	3.43968	7.06176	4.60818	2.50204	2.67476	2.58104	2.34118	2.02936	1.67040	1.40143	8.95571	6.66969	4.68291
17970	0.89904	1.12022	0.65262	4.16563	3.81162	3.44328	7.07192	4.60956	2.49719	2.67909	2.58423	2.34510	2.02551	1.66937	1.40226	8.96237	6.67574	4.68964	29.55	6.2	0.00	7.40	0.01269	0.01291	0.01636	0.00781	0.00581	0.00637	0.00468	0.01266	0.01683	0.00676	0.00695	0.00879	0.01489	0.01094	0.01196	0.00218	0.00619	0.00868
18130	0.90369	1.12842	0.65603	4.17016	3.81125	3.44283	7.06876	4.61285	2.50204	2.67744	2.58201	2.34350	2.03271	1.67333	1.40565	8.96301	6.67476	4.68916
18290	0.90211	1.11996	0.65323	4.17301	3.81439	3.44707	7.07216	4.60474	2.49898	2.68154	2.58461	2.34596	2.03521	1.67826	1.40957	8.96631	6.67398	4.68805
18460	0.89992	1.11996	0.65458	4.17064	3.81078	3.44395	7.06946	4.62149	2.50661	2.68040	2.58063	2.34309	2.03573	1.67887	1.40825	8.97427	6.68108	4.69340
18620	0.90475	1.12181	0.65439	4.17593	3.81742	3.44943	7.06096	4.60769	2.50186	2.68426	2.58421	2.34572	2.03056	1.67584	1.40503	8.97482	6.67827	4.68897
18780	0.90445	1.13404	0.65793	4.17115	3.81369	3.44609	7.07006	4.61296	2.50262	2.68091	2.58122	2.34311	2.03057	1.67212	1.40330	8.97171	6.67393	4.68612
18950	0.90222	1.12494	0.65513	4.16751	3.81035	3.44182	7.05284	4.60728	2.49922	2.67899	2.57874	2.33983	2.02554	1.66638	1.39840	8.96924	6.67125	4.68291
19110	0.89833	1.12139	0.65265	4.16459	3.80668	3.43755	7.05762	4.60508	2.49330	2.67512	2.57565	2.33678	2.03114	1.67350	1.40810	8.96722	6.67627	4.68778
19280	0.90191	1.12612	0.65236	4.16962	3.80965	3.44225	7.07039	4.60520	2.49924	2.67847	2.57798	2.34015	2.02986	1.67025	1.40713	8.95944	6.66986	4.68328
19440	0.90019	1.12517	0.65236	4.16600	3.80505	3.43850	7.05335	4.60384	2.49590	2.67655	2.57379	2.33719	2.03096	1.67044	1.40788	8.96457	6.67567	4.69013
19600	0.90628	1.13008	0.65628	4.17180	3.80966	3.44433	7.07346	4.60896	2.50130	2.68086	2.57730	2.34218	2.03153	1.67230	1.40374	8.96449	6.67514	4.68745	29.49	5.9	0.00	7.46	0.01269	0.01291	0.01636	0.00781	0.00581	0.00637	0.00468	0.01266	0.01683	0.00676	0.00695	0.00879	0.01489	0.01094	0.01196	0.00218	0.00619	0.00868
19770	0.90647	1.13037	0.66093	4.17299	3.81073	3.44713	7.07672	4.61368	2.50442	2.68271	2.57784	2.34422	2.03463	1.67328	1.40395	8.97319	6.68072	4.69155
19930	0.90259	1.12634	0.65521	4.17223	3.80853	3.44389	7.06129	4.61129	2.50390	2.68051	2.57271	2.34203	2.03233	1.66903	1.40099	8.97090	6.67873	4.68934
20090	0.90254	1.12567	0.65744	4.17387	3.81175	3.44720	7.06891	4.61728	2.50812	2.68354	2.57592	2.34469	2.03027	1.67279	1.40510	8.98245	6.68376	4.69275
20250	0.90100	1.12057	0.65301	4.17323	3.81005	3.44514	7.06069	4.60614	2.50451	2.68179	2.57124	2.34187	2.03410	1.67218	1.40363	8.97283	6.67979	4.68997
20420	0.90187	1.12165	0.65287	4.17145	3.80596	3.44185	7.05071	4.60751	2.50105	2.68095	2.56777	2.33898	2.03501	1.67211	1.41098	8.96788	6.68194	4.69313
20580	0.90773	1.12498	0.65328	4.17190	3.81075	3.44414	7.05609	4.60910	2.50182	2.68365	2.57127	2.34116	2.03476	1.67094	1.40667	8.96642	6.67610	4.68884
20750	0.90119	1.12771	0.65354	4.16827	3.80420	3.43901	7.06440	4.60342	2.50016	2.67969	2.56867	2.33716	2.03432	1.67564	1.40973	8.97063	6.67865	4.68980
20910	0.90676	1.13316	0.65735	4.16821	3.80683	3.44073	7.05851	4.61231	2.50246	2.68216	2.57245	2.33902	2.03439	1.67301	1.40707	8.96083	6.67337	4.68488
21070	0.90586	1.13024	0.65580	4.16354	3.80258	3.43516	7.06779	4.60914	2.49979	2.67808	2.56922	2.33563	2.03363	1.67203	1.40954	8.96367	6.67428	4.68715
21240	0.90515	1.13069	0.65972	4.16527	3.80246	3.43748	7.06727	4.61544	2.50545	2.68046	2.57150	2.33699	2.03700	1.67452	1.41043	8.95972	6.67184	4.68484	29.55	6.0	0.00	7.53	0.01269	0.01291	0.01636	0.00781	0.00581	0.00637	0.00468	0.01266	0.01683	0.00676	0.00695	0.00879	0.01489	0.01094	0.01196	0.00218	0.00619	0.00868
21400	0.90687	1.12236	0.65868	4.16502	3.80378	3.43748	7.06765	4.61597	2.50717	2.68016	2.57120	2.33825	2.03608	1.67718	1.40755	8.95771	6.66757	4.68125
21560	0.90506	1.12325	0.65611	4.16148	3.79975	3.43499	7.05845	4.61441	2.50520	2.67844	2.56975	2.33599	2.03335	1.67566	1.40579	8.95241	6.66353	4.67598
21730	0.90396	1.12641	0.65438	4.15627	3.79686	3.43085	7.06974	4.61239	2.50332	2.67522	2.56713	2.33308	2.03397	1.67438	1.40668	8.94519	6.65640	4.67144
21890	0.90281	1.12371	0.65344	4.15191	3.79494	3.42715	7.06407	4.60952	2.50085	2.67190	2.56402	2.33057	2.03562	1.67466	1.40908	8.94455	6.65847	4.67273
22050	0.90672	1.12876	0.65800	4.15430	3.79796	3.42970	7.06662	4.61395	2.50872	2.67196	2.56822	2.33070	2.03741	1.67747	1.41072	8.94190	6.65539	4.66721
22220	0.90586	1.12392	0.65387	4.14963	3.79311	3.42466	7.04583	4.61265	2.50043	2.66769	2.56358	2.32567	2.03398	1.67525	1.41150	8.94491	6.65650	4.66884
22380	0.90890	1.12928	0.66030	4.15101	3.79554	3.42503	7.05827	4.61309	2.50588	2.66745	2.56476	2.32606	2.03720	1.67490	1.40810	8.94848	6.65504	4.66396
22540	0.90294	1.12805	0.65786	4.14614	3.79050	3.41937	7.06412	4.61157	2.50187	2.66141	2.56163	2.32035	2.03472	1.67584	1.40936	8.94784	6.65829	4.66522
22710	0.90817	1.12920	0.65828	4.14823	3.79291	3.42046	7.07090	4.61374	2.50429	2.65991	2.56315	2.32023	2.03239	1.67281	1.40595	8.94427	6.65302	4.66063
22870	0.90353	1.12226	0.65586	4.14523	3.78790	3.41804	7.05415	4.60930	2.50346	2.65615	2.56129	2.31845	2.03328	1.67812	1.40842	8.94756	6.65591	4.66568	29.55	6.1	0.00	7.37	0.01269	0.01291	0.01636	0.00781	0.00581	0.00637	0.00468	0.01266	0.01683	0.00676	0.00695	0.00879	0.01489	0.01094	0.01196	0.00218	0.00619	0.00868
23030	0.90697	1.12499	0.65607	4.14880	3.79372	3.42331	7.07184	4.61437	2.50539	2.66130	2.56417	2.32120	2.03361	1.67379	1.40829	8.94564	6.65389	4.66329
23200	0.90787	1.12366	0.65424	4.14674	3.79134	3.41994	7.07082	4.61635	2.50299	2.65915	2.56249	2.32071	2.03838	1.67987	1.41430	8.94747	6.65656	4.66604
23360	0.90862	1.12694	0.65675	4.15103	3.79680	3.42592	7.06994	4.61581	2.50583	2.66101	2.56711	2.32348	2.03678	1.67640	1.40849	8.94674	6.65324	4.66392
23530	0.91163	1.13074	0.66196	4.15184	3.79931	3.42685	7.05058	4.62205	2.50717	2.66144	2.56817	2.32505	2.03719	1.67861	1.40835	8.94838	6.65462	4.66428
23690	0.90638	1.12691	0.65849	4.14885	3.79611	3.42117	7.06459	4.61380	2.50324	2.65619	2.56460	2.32137	2.03300	1.67489	1.40704	8.94235	6.64747	4.66006
23850	0.90880	1.12832	0.66013	4.14937	3.79732	3.42487	7.07509	4.61922	2.50728	2.65843	2.56814	2.32359	2.03491	1.67682	1.40509	8.94601	6.65059	4.66396
24020	0.90817	1.12790	0.65736	4.14805	3.79356	3.42036	7.06417	4.61074	2.50272	2.65393	2.56291	2.32069	2.03137	1.67023	1.40035	8.93879	6.64631	4.66048
24180	0.90604	1.12679	0.66097	4.15107	3.79822	3.42626	7.06274	4.61866	2.50980	2.65988	2.56950	2.32603	2.03815	1.67536	1.40879	8.95076	6.65795	4.67004
24340	0.90923	1.12539	0.66003	4.15172	3.79658	3.42434	7.06204	4.61496	2.50694	2.65662	2.56568	2.32416	2.03272	1.67419	1.40549	8.94601	6.65311	4.66731
24510	0.90959	1.12168	0.65680	4.15149	3.79599	3.42364	7.06556	4.61382	2.50402	2.65653	2.56484	2.32355	2.03502	1.67118	1.40488	8.93918	6.64640	4.66330	29.49	6.2	0.00	7.40	0.01269	0.01291	0.01636	0.00781	0.00581	0.00637	0.00468	0.01266	0.01683	0.00676	0.00695	0.00879	0.01489	0.01094	0.01196	0.00218	0.00619	0.00868
24670	0.90499	1.12181	0.65811	4.14770	3.79109	3.42178	7.06115	4.61241	2.50438	2.65703	2.56545	2.32481	2.02972	1.66797	1.40111	8.93927	6.64808	4.66350
24830	0.90776	1.12856	0.66216	4.15379	3.79831	3.42871	7.06496	4.61813	2.50958	2.66368	2.56895	2.33007	2.03718	1.67767	1.41039	8.94000	6.65083	4.66606
25000	0.91166	1.13091	0.66014	4.14923	3.79374	3.42386	7.07709	4.60956	2.50475	2.65922	2.56442	2.32613	2.03028	1.67011	1.40584	8.94137	6.64687	4.66213
25160	0.90980	1.12982	0.66152	4.14860	3.79083	3.42364	7.07583	4.62031	2.50976	2.65941	2.56399	2.32721	2.03198	1.67387	1.40576	8.93653	6.64484	4.65900
25320	0.90653	1.12795	0.66012	4.14489	3.78840	3.42195	7.06770	4.61729	2.51122	2.65914	2.56101	2.32705	2.03629	1.67423	1.40863	8.93242	6.64113	4.65567
25490	0.90970	1.12456	0.65900	4.14036	3.78408	3.41477	7.06254	4.61236	2.50165	2.65408	2.55400	2.32252	2.03195	1.66965	1.40499	8.92959	6.63502	4.65004
25650	0.91148	1.13392	0.66494	4.13834	3.78392	3.41820	7.07462	4.62099	2.50646	2.65809	2.55530	2.32614	2.03227	1.67180	1.40768	8.93315	6.63973	4.65367
25820	0.91085	1.12654	0.66081	4.14001	3.78237	3.41585	7.05804	4.61993	2.50597	2.65714	2.55197	2.32425	2.03492	1.67293	1.40831	8.93187	6.63912	4.65670
25980	0.91180	1.12906	0.66099	4.14449	3.78484	3.41998	7.06477	4.61815	2.50631	2.65968	2.55207	2.32419	2.03573	1.67444	1.40411	8.93132	6.63761	4.65486
26150	0.91058	1.12830	0.66332	4.14546	3.78608	3.42122	7.06370	4.61882	2.51042	2.66007	2.55324	2.32588	2.03579	1.67328	1.40471	8.93322	6.63987	4.65594	29.55	6.1	0.00	7.37	0.01269	0.01291	0.01636	0.00781	0.00581	0.00637	0.00468	0.01266	0.01683	0.00676	0.00695	0.00879	0.01489	0.01094	0.01196	0.00218	0.00619	0.00868
26310	0.91048	1.12839	0.66173	4.14373	3.78377	3.41921	7.07466	4.62126	2.50485	2.66019	2.55127	2.32410	2.03366	1.67293	1.40511	8.93332	6.63806	4.65601
26470	0.90953	1.12442	0.66295	4.14416	3.78550	3.42092	7.07090	4.61358	2.50772	2.66135	2.55427	2.32312	2.04034	1.67853	1.41162	8.93432	6.64498	4.66020
26640	0.91339	1.12740	0.66148	4.14482	3.78573	3.42126	7.06360	4.61077	2.49962	2.66065	2.55326	2.32277	2.03651	1.67963	1.41010	8.94053	6.64755	4.66270
26800	0.91459	1.13255	0.66227	4.14714	3.78690	3.42311	7.06467	4.61207	2.50431	2.66347	2.55624	2.32451	2.03259	1.67727	1.40969	8.93441	6.64380	4.65917
26960	0.91636	1.13341	0.66485	4.13976	3.77892	3.41335	7.05641	4.61163	2.50253	2.65460	2.54672	2.31761	2.03230	1.67234	1.40577	8.93414	6.64090	4.65755
27130	0.91422	1.13116	0.66585	4.14116	3.78005	3.41315	7.07345	4.61388	2.50756	2.65672	2.55017	2.32013	2.03450	1.66953	1.40205	8.93596	6.64352	4.65754
27290	0.91201	1.12652	0.66404	4.13940	3.77890	3.41081	7.05409	4.61755	2.50746	2.65326	2.54745	2.31594	2.03969	1.67781	1.40697	8.93633	6.64740	4.66283
27460	0.91331	1.12818	0.66390	4.14479	3.78530	3.41731	7.06983	4.61540	2.50950	2.65919	2.55367	2.32226	2.04028	1.67565	1.41087	8.94089	6.64558	4.66148
27620	0.91173	1.12617	0.66095	4.14526	3.78618	3.41906	7.06342	4.61853	2.50920	2.65983	2.55514	2.32339	2.03783	1.67501	1.40865	8.94336	6.64780	4.66241
27790	0.91158	1.12605	0.65931	4.14475	3.78406	3.41636	7.06126	4.60702	2.50437	2.65548	2.55269	2.32054	2.03656	1.67969	1.41419	8.94064	6.64990	4.66383	29.49	6.1	0.00	7.38	0.01269	0.01291	0.01636	0.00781	0.00581	0.00637	0.00468	0.01266	0.01683	0.00676	0.00696	0.00879	0.01489	0.01094	0.01196	0.00218	0.00619	0.00868
27950	0.91723	1.13180	0.66390	4.14532	3.78274	3.41631	7.05327	4.61167	2.50451	2.65590	2.55206	2.31986	2.03259	1.67052	1.40733	8.93507	6.64506	4.65866
28110	0.91456	1.13227	0.66318	4.13976	3.77579	3.41037	7.07203	4.61091	2.50164	2.65260	2.54752	2.31632	2.03201	1.67120	1.40721	8.93689	6.64426	4.65973
28280	0.91558	1.12911	0.66261	4.13927	3.77846	3.41115	7.06311	4.61405	2.50826	2.65255	2.54792	2.31637	2.03861	1.67797	1.40895	8.93936	6.64864	4.66152
28440	0.91684	1.13042	0.66725	4.14185	3.78169	3.41406	7.07148	4.62399	2.51149	2.65494	2.54968	2.31666	2.03667	1.67695	1.41098	8.93479	6.64247	4.65713
28600	0.91652	1.12601	0.66288	4.13793	3.77669	3.41007	7.06595	4.61758	2.51171	2.64949	2.54577	2.31202	2.03907	1.67976	1.41058	8.93160	6.63628	4.65052
28770	0.91380	1.12655	0.66449	4.13079	3.77140	3.40541	7.05954	4.61383	2.50606	2.64693	2.54355	2.30957	2.03246	1.67236	1.40121	8.92913	6.63409	4.64552
28930	0.91244	1.12803	0.66390	4.12704	3.76658	3.40008	7.06846	4.61613	2.50539	2.64279	2.54088	2.30628	2.03578	1.67948	1.41049	8.93288	6.64078	4.65103
29090	0.91708	1.13645	0.66762	4.13284	3.77206	3.40379	7.07766	4.61592	2.50516	2.64541	2.54448	2.30829	2.03289	1.67601	1.40584	8.93014	6.63703	4.64853
29260	0.91626	1.12831	0.66610	4.12854	3.76979	3.39883	7.06339	4.61767	2.50770	2.63911	2.54146	2.30486	2.03674	1.67417	1.40762	8.93552	6.63791	4.64965
29420	0.91660	1.13630	0.66891	4.13020	3.77259	3.40373	7.08168	4.61225	2.50953	2.64396	2.54625	2.31001	2.03373	1.67359	1.40714	8.93105	6.63602	4.64656	29.49	6.3	0.00	7.39	0.01269	0.01291	0.01636	0.00781	0.00581	0.00637	0.00468	0.01266	0.01683	0.00676	0.00696	0.00879	0.01489	0.01094	0.01196	0.00218	0.00619	0.00868
29580	0.91526	1.13202	0.66578	4.12762	3.77051	3.40003	7.06091	4.61007	2.50450	2.64104	2.54425	2.30830	2.03702	1.67650	1.40736	8.93361	6.63730	4.64987
29750	0.91793	1.13052	0.66491	4.13170	3.77434	3.40317	7.08075	4.61647	2.50878	2.64340	2.54551	2.31058	2.03674	1.67742	1.40473	8.93041	6.63197	4.64445
29910	0.91321	1.12403	0.66278	4.12526	3.77115	3.39788	7.07127	4.61519	2.50703	2.63935	2.54284	2.30639	2.03747	1.67835	1.40988	8.93260	6.63277	4.64436
30070	0.91896	1.12986	0.66838	4.12715	3.77158	3.39829	7.06713	4.61361	2.50794	2.63873	2.54328	2.30691	2.03291	1.67638	1.40591	8.92777	6.63003	4.64068
30240	0.91678	1.12639	0.66584	4.12277	3.76868	3.39545	7.07136	4.61093	2.50643	2.63581	2.54023	2.30377	2.03893	1.67505	1.40670	8.92749	6.63111	4.64306
30400	0.91965	1.12849	0.66766	4.12528	3.77146	3.39942	7.06611	4.62001	2.51231	2.64008	2.54428	2.30758	2.03970	1.67768	1.40635	8.92904	6.62975	4.64154
30570	0.91953	1.13124	0.66859	4.12985	3.77506	3.40272	7.07959	4.61792	2.51130	2.64407	2.54906	2.31244	2.03855	1.67748	1.40901	8.93425	6.63363	4.64288
30730	0.92316	1.14072	0.67008	4.12729	3.77226	3.40065	7.07201	4.61534	2.50875	2.64429	2.54810	2.31320	2.03498	1.67674	1.40746	8.93507	6.63765	4.64746
30900	0.92032	1.13081	0.66820	4.12978	3.77557	3.40285	7.07954	4.61667	2.50853	2.64564	2.54897	2.31412	2.03566	1.67448	1.40457	8.93598	6.63561	4.64680
31060	0.91931	1.13331	0.66991	4.12825	3.77129	3.40086	7.07735	4.61263	2.50812	2.64340	2.54482	2.31211	2.03702	1.67889	1.40914	8.93580	6.64093	4.65159	29.49	6.1	0.00	7.47	0.01269	0.01291	0.01636	0.00781	0.00581	0.00637	0.00468	0.01266	0.01683	0.00676	0.00695	0.00879	0.01489	0.01094	0.01196	0.00218	0.00619	0.00868
31220	0.91854	1.12778	0.66900	4.13312	3.77446	3.40462	7.07786	4.61599	2.51161	2.64554	2.54563	2.31383	2.03576	1.67578	1.40984	8.93233	6.63514	4.64769
31390	0.92259	1.13246	0.67004	4.13500	3.77703	3.40693	7.07847	4.61781	2.51239	2.65057	2.54839	2.31741	2.03722	1.67734	1.40877	8.93763	6.64052	4.65023
31550	0.92216	1.13309	0.66762	4.13333	3.77494	3.40382	7.07424	4.61132	2.51083	2.64668	2.54523	2.31540	2.03956	1.67665	1.41011	8.93470	6.63484	4.64561
31710	0.92133	1.13186	0.67237	4.13285	3.77461	3.40412	7.07987	4.61872	2.51441	2.64524	2.54532	2.31390	2.03836	1.68206	1.41452	8.93206	6.63474	4.64472
31880	0.92336	1.13282	0.66894	4.12690	3.77001	3.39876	7.07140	4.60880	2.50716	2.64010	2.54193	2.31037	2.03659	1.68029	1.40926	8.93206	6.63426	4.64497
32040	0.92416	1.13147	0.67209	4.12841	3.77014	3.40066	7.06569	4.61585	2.51235	2.63909	2.54354	2.31085	2.03719	1.67644	1.40827	8.92649	6.62732	4.63936
32200	0.92571	1.14759	0.67291	4.12155	3.76398	3.39526	7.06778	4.61259	2.51130	2.63593	2.54027	2.30778	2.03369	1.67147	1.40465	8.92275	6.62526	4.63765
32370	0.92099	1.13208	0.67547	4.12111	3.76664	3.39807	7.08247	4.61933	2.51628	2.64063	2.54344	2.31128	2.04093	1.67719	1.40737	8.93160	6.63127	4.64317
32530	0.92242	1.12861	0.67061	4.12537	3.76849	3.39783	7.07033	4.61448	2.51024	2.64205	2.54179	2.31064	2.03750	1.67809	1.40824	8.92959	6.62943	4.64174
32690	0.92188	1.13197	0.67111	4.12331	3.77043	3.40204	7.08485	4.61939	2.51394	2.64824	2.54564	2.31548	2.04207	1.68256	1.41311	8.93361	6.63675	4.64928	29.49	6.2	0.00	7.33	0.01269	0.01291	0.01636	0.00781	0.00581	0.00637	0.00468	0.01266	0.01682	0.00676	0.00695	0.00879	0.01489	0.01094	0.01196	0.00218	0.00619	0.00868
32860	0.92773	1.13795	0.67183	4.12847	3.77139	3.40250	7.07313	4.61420	2.51118	2.64803	2.54395	2.31416	2.03696	1.68114	1.41162	8.93744	6.63779	4.64820
33020	0.92734	1.13997	0.67277	4.12799	3.77053	3.40004	7.07666	4.61573	2.51073	2.64808	2.54293	2.31420	2.03466	1.67790	1.40670	8.92923	6.63431	4.64471
33180	0.92204	1.13593	0.67256	4.12431	3.76831	3.39697	7.06625	4.61384	2.50831	2.64780	2.54083	2.31231	2.03619	1.67393	1.40642	8.93443	6.63255	4.64371
33350	0.92459	1.13261	0.67179	4.13013	3.77461	3.40468	7.06681	4.62115	2.51752	2.65350	2.54471	2.31922	2.04078	1.67936	1.41184	8.93626	6.63942	4.65091
33510	0.92697	1.13369	0.67114	4.12896	3.77273	3.40072	7.06616	4.61394	2.51427	2.64873	2.54164	2.31396	2.03869	1.67893	1.41035	8.92932	6.63137	4.64215
33670	0.92884	1.13464	0.67413	4.12620	3.76888	3.39944	7.09543	4.61792	2.51478	2.64609	2.53957	2.31405	2.04183	1.68345	1.40954	8.92649	6.62886	4.64048
33830	0.92639	1.12987	0.67324	4.12275	3.76614	3.39791	7.06699	4.61420	2.51219	2.64426	2.53681	2.31198	2.03864	1.67981	1.41466	8.92320	6.62601	4.63846
34000	0.92765	1.13564	0.67465	4.11782	3.76144	3.39267	7.06281	4.61123	2.50742	2.64072	2.53172	2.30830	2.03476	1.67833	1.40770	8.92412	6.62911	4.64185
34160	0.93072	1.14118	0.67862	4.12259	3.76464	3.39494	7.07229	4.61479	2.51538	2.64174	2.53536	2.31084	2.03762	1.67918	1.40867	8.92293	6.62536	4.63827
34330	0.93036	1.13648	0.67716	4.12086	3.76349	3.39580	7.07596	4.61897	2.51685	2.64260	2.53622	2.31090	2.04009	1.67854	1.41080	8.92685	6.62725	4.63944	29.49	6.1	0.00	7.36	0.01269	0.01291	0.01636	0.00781	0.00581	0.00637	0.00468	0.01266	0.01682	0.00676	0.00695	0.00879	0.01489	0.01094	0.01196	0.00218	0.00619	0.00868
34490	0.92849	1.13474	0.67796	4.12280	3.76533	3.39732	7.08145	4.61945	2.51779	2.64398	2.53578	2.31114	2.04221	1.67675	1.40937	8.92740	6.62557	4.63757
34650	0.92931	1.13383	0.67834	4.12633	3.76864	3.39988	7.08420	4.61882	2.51777	2.64680	2.53785	2.31346	2.04170	1.68272	1.41428	8.93306	6.62956	4.64168
34820	0.93175	1.13437	0.67753	4.12381	3.76419	3.39771	7.07982	4.61545	2.51274	2.64386	2.53407	2.31083	2.03984	1.68356	1.41685	8.92822	6.62672	4.64022
34980	0.93387	1.14319	0.67985	4.12214	3.76094	3.39641	7.08713	4.61610	2.51178	2.64252	2.53495	2.30968	2.03819	1.67838	1.41114	8.92567	6.62531	4.63855
35150	0.93219	1.14360	0.68211	4.11846	3.75607	3.39119	7.07545	4.61543	2.51065	2.63960	2.52900	2.30544	2.04135	1.68176	1.41152	8.93041	6.62645	4.63978
35310	0.93175	1.14034	0.68200	4.11906	3.75696	3.39146	7.08745	4.61799	2.51534	2.63973	2.52862	2.30621	2.03943	1.68006	1.40813	8.92330	6.62263	4.63646
35470	0.92956	1.13424	0.68012	4.11338	3.75120	3.38568	7.07191	4.61783	2.51271	2.63472	2.52462	2.30082	2.04412	1.68467	1.41184	8.92448	6.62087	4.63343
35640	0.92964	1.13334	0.67738	4.11393	3.75039	3.38592	7.07852	4.61741	2.51389	2.63555	2.52381	2.30080	2.04328	1.68600	1.41840	8.92111	6.61933	4.63218
35800	0.93359	1.13664	0.67986	4.11248	3.74996	3.38551	7.07954	4.61527	2.51244	2.63601	2.52445	2.29862	2.04487	1.68681	1.41784	8.92302	6.61989	4.63221
35970	0.93472	1.14095	0.68238	4.11160	3.75064	3.38436	7.07638	4.61831	2.51447	2.63665	2.52441	2.29884	2.04183	1.68173	1.41086	8.91765	6.61655	4.62853	29.49	6.0	0.00	7.78	0.01269	0.01291	0.01636	0.00781	0.00581	0.00637	0.00468	0.01266	0.01682	0.00676	0.00695	0.00879	0.01489	0.01094	0.01196	0.00218	0.00619	0.00868
36130	0.93472	1.14318	0.68412	4.10778	3.75010	3.38321	7.06736	4.61981	2.51415	2.63668	2.52385	2.29878	2.04151	1.68111	1.41159	8.92403	6.61678	4.62990
36300	0.93618	1.14105	0.68170	4.10811	3.74672	3.37977	7.05965	4.61797	2.51445	2.63400	2.52198	2.29653	2.03681	1.68315	1.41052	8.92257	6.61708	4.62990
36460	0.93491	1.14006	0.68638	4.10889	3.74858	3.38137	7.07205	4.62281	2.51443	2.63425	2.52173	2.29653	2.03965	1.67909	1.41110	8.92047	6.61316	4.62652
36630	0.93221	1.14023	0.68568	4.10721	3.74639	3.38166	7.08782	4.61881	2.51697	2.63221	2.52297	2.29546	2.04034	1.68246	1.41018	8.91819	6.61381	4.62592
36790	0.93481	1.13922	0.68096	4.10441	3.74410	3.37798	7.05640	4.62066	2.51719	2.63004	2.52096	2.29334	2.04217	1.68086	1.40787	8.91546	6.60874	4.62314
36950	0.93186	1.13828	0.68256	4.10441	3.74674	3.37899	7.06898	4.62166	2.51827	2.63068	2.52473	2.29415	2.04379	1.68532	1.41520	8.91664	6.60867	4.62425
37120	0.93480	1.13890	0.68319	4.10161	3.74315	3.37454	7.07628	4.62045	2.51683	2.62782	2.52173	2.29067	2.04289	1.68356	1.41392	8.91510	6.60581	4.62161
37280	0.93398	1.13537	0.68074	4.09982	3.74358	3.37461	7.07903	4.62147	2.51554	2.62841	2.52389	2.29246	2.04573	1.68221	1.41403	8.90945	6.60270	4.61874
37450	0.93814	1.14015	0.68186	4.09627	3.74013	3.37186	7.07387	4.61935	2.51770	2.62548	2.52154	2.28994	2.04431	1.68601	1.41605	8.91100	6.60731	4.62228
37610	0.93455	1.13730	0.68271	4.09963	3.74379	3.37460	7.07583	4.61825	2.51652	2.62788	2.52407	2.29312	2.04284	1.68445	1.41320	8.91373	6.60274	4.61678	29.49	6.0	0.00	7.47	0.01269	0.01291	0.01636	0.00781	0.00581	0.00637	0.00468	0.01266	0.01682	0.00676	0.00695	0.00879	0.01489	0.01094	0.01196	0.00218	0.00619	0.00868
37770	0.93714	1.14132	0.68510	4.09896	3.74290	3.37412	7.06900	4.62292	2.52162	2.62917	2.52624	2.29462	2.04094	1.68122	1.41475	8.91291	6.60442	4.61658
37940	0.93675	1.14482	0.68495	4.09710	3.74191	3.37079	7.07011	4.62329	2.51805	2.62491	2.52352	2.29217	2.03827	1.67845	1.40739	8.91419	6.60129	4.61336
38100	0.93493	1.13793	0.68358	4.10050	3.74600	3.37652	7.08849	4.63251	2.52484	2.62820	2.52818	2.29609	2.04599	1.68444	1.41312	8.91592	6.60631	4.61887
38260	0.93720	1.13449	0.68282	4.09976	3.74495	3.37389	7.08723	4.62181	2.52226	2.62461	2.52543	2.29505	2.04806	1.68782	1.41289	8.91528	6.60247	4.61625
38430	0.93494	1.13370	0.68143	4.09887	3.74321	3.37235	7.07002	4.62075	2.52016	2.62306	2.52241	2.29184	2.04448	1.68349	1.41437	8.90854	6.59913	4.61225
38590	0.93533	1.13529	0.68074	4.09514	3.74080	3.37190	7.07430	4.61492	2.51502	2.62224	2.52311	2.29159	2.03852	1.68203	1.41194	8.90554	6.60004	4.61203
38750	0.93888	1.14563	0.68580	4.09996	3.74524	3.37800	7.08546	4.62538	2.52269	2.62636	2.52920	2.29674	2.04345	1.68428	1.41359	8.91164	6.60545	4.61520
38920	0.93852	1.13956	0.68479	4.09677	3.74073	3.37232	7.07816	4.61915	2.51458	2.62076	2.52247	2.29080	2.04351	1.68547	1.41239	8.91419	6.60410	4.61497
39080	0.93590	1.14203	0.68717	4.10026	3.74346	3.37819	7.08272	4.62852	2.52360	2.62548	2.52773	2.29656	2.04449	1.68637	1.41346	8.91564	6.60615	4.61817
39240	0.93612	1.13342	0.68146	4.09909	3.74243	3.37484	7.09256	4.62055	2.51995	2.62005	2.52017	2.29106	2.04423	1.68470	1.41532	8.89926	6.59777	4.60999	29.49	6.0	0.00	7.46	0.01269	0.01291	0.01636	0.00781	0.00581	0.00637	0.00468	0.01266	0.01682	0.00676	0.00695	0.00879	0.01489	0.01094	0.01196	0.00218	0.00619	0.00868
39410	0.93580	1.13271	0.67945	4.09590	3.74042	3.37340	7.06920	4.61552	2.52294	2.62020	2.52145	2.29225	2.04880	1.68637	1.41404	8.90444	6.59569	4.61025
39570	0.93616	1.13779	0.68007	4.09538	3.74098	3.37507	7.08687	4.61548	2.51494	2.62019	2.52043	2.29129	2.03754	1.68367	1.40947	8.89871	6.59356	4.60738
39730	0.93631	1.13657	0.68179	4.09139	3.73788	3.36981	7.08627	4.61578	2.51338	2.61874	2.51559	2.28807	2.04217	1.68224	1.41308	8.89762	6.59544	4.61144
39890	0.93700	1.14094	0.68389	4.09744	3.74230	3.37681	7.07319	4.62227	2.52183	2.62422	2.52096	2.29279	2.04468	1.68527	1.41250	8.90353	6.59686	4.61188
40060	0.93283	1.13659	0.68336	4.09684	3.74106	3.37666	7.08394	4.62093	2.51725	2.62442	2.51875	2.29087	2.04421	1.68371	1.41094	8.89607	6.59566	4.61031
40220	0.93847	1.14413	0.68288	4.09553	3.74005	3.37554	7.06241	4.61733	2.51401	2.62219	2.51859	2.29098	2.03983	1.68025	1.41183	8.89598	6.59631	4.61097
40390	0.93779	1.14161	0.68657	4.10060	3.74195	3.37894	7.08203	4.61813	2.51986	2.62694	2.52127	2.29375	2.04656	1.68552	1.41412	8.90954	6.59950	4.61580
40550	0.93611	1.13947	0.68158	4.09984	3.74013	3.37600	7.07612	4.61848	2.51977	2.62416	2.51829	2.29019	2.04414	1.68322	1.41295	8.90335	6.59729	4.61285
40710	0.93435	1.14011	0.68228	4.10029	3.74144	3.37843	7.09572	4.62001	2.52097	2.62596	2.52080	2.29248	2.04802	1.68625	1.41568	8.90617	6.60175	4.61637
40880	0.93674	1.13674	0.67963	4.09693	3.73936	3.37651	7.08646	4.61403	2.51585	2.62286	2.51850	2.28936	2.04110	1.68599	1.41595	8.90307	6.59582	4.61076	29.55	6.0	0.00	7.41	0.01269	0.01291	0.01636	0.00781	0.00581	0.00637	0.00468	0.01266	0.01682	0.00676	0.00695	0.00879	0.01489	0.01094	0.01196	0.00218	0.00619	0.00868
41040	0.93936	1.14881	0.68812	4.09796	3.74055	3.37773	7.08771	4.61918	2.52070	2.62588	2.52126	2.29359	2.04517	1.68703	1.41369	8.90479	6.60030	4.61476
41200	0.93970	1.14399	0.68190	4.09692	3.73690	3.37378	7.08092	4.61913	2.51663	2.62118	2.51955	2.28966	2.04058	1.68124	1.40944	8.89843	6.59334	4.61031
41370	0.93700	1.14307	0.68536	4.09650	3.73987	3.37616	7.09270	4.62056	2.52343	2.62200	2.52005	2.29244	2.04496	1.68828	1.41231	8.89861	6.59707	4.61352
41530	0.93590	1.13443	0.67922	4.09701	3.73841	3.37316	7.07092	4.61782	2.52248	2.61984	2.51655	2.28955	2.04720	1.69094	1.41718	8.89534	6.59193	4.60984
41690	0.93683	1.13733	0.67529	4.09309	3.73570	3.37071	7.06386	4.61435	2.51712	2.61754	2.51513	2.28601	2.04643	1.68980	1.41931	8.90097	6.59697	4.61447
41860	0.94190	1.14530	0.68405	4.09702	3.73902	3.37486	7.07887	4.61871	2.51922	2.62179	2.51887	2.29026	2.04931	1.69118	1.41685	8.89906	6.59557	4.61123
42020	0.94044	1.14931	0.68554	4.09384	3.73776	3.37279	7.07399	4.62181	2.51994	2.62070	2.51704	2.28906	2.04472	1.68932	1.41590	8.89952	6.59449	4.61096
42180	0.93938	1.14785	0.68663	4.09127	3.73531	3.36990	7.09372	4.62363	2.52052	2.61831	2.51469	2.28694	2.04459	1.68494	1.41202	8.90097	6.59469	4.61012
42350	0.93988	1.14372	0.68550	4.09400	3.73750	3.37277	7.09512	4.62397	2.52425	2.61933	2.51649	2.28769	2.04396	1.68557	1.41043	8.90116	6.59572	4.61100
42510	0.93584	1.13683	0.68224	4.09104	3.73646	3.36895	7.08006	4.62256	2.52363	2.61518	2.51332	2.28492	2.04962	1.68960	1.41499	8.89143	6.59395	4.60927	29.55	6.0	0.00	7.43	0.01269	0.01291	0.01636	0.00781	0.00581	0.00637	0.00468	0.01266	0.01682	0.00676	0.00695	0.00879	0.01489	0.01094	0.01196	0.00218	0.00619	0.00868
42670	0.93751	1.14067	0.68211	4.09515	3.73989	3.37259	7.08322	4.62430	2.52386	2.61863	2.51559	2.28778	2.04993	1.69203	1.41604	8.90080	6.59771	4.61178
42840	0.93865	1.14011	0.68142	4.09418	3.73859	3.37239	7.09137	4.62065	2.52137	2.61879	2.51481	2.28698	2.05043	1.69524	1.42461	8.90835	6.59906	4.61449
43000	0.94387	1.14596	0.68552	4.09684	3.74089	3.37507	7.09021	4.62274	2.52092	2.62142	2.51630	2.28876	2.04592	1.69109	1.41806	8.90653	6.59736	4.61188
43160	0.94085	1.14676	0.68553	4.09213	3.73768	3.37051	7.07271	4.61866	2.51609	2.61703	2.51197	2.28473	2.05000	1.69714	1.42311	8.90607	6.59784	4.61279
43330	0.94512	1.15672	0.69094	4.09549	3.73876	3.37132	7.09277	4.62030	2.52074	2.61728	2.51376	2.28536	2.04484	1.68722	1.41414	8.90152	6.59871	4.61244
43490	0.93714	1.14089	0.68182	4.09335	3.73698	3.37003	7.07652	4.61997	2.51955	2.61540	2.51141	2.28316	2.04477	1.68831	1.41100	8.90443	6.59646	4.61082
43650	0.93527	1.14434	0.68734	4.09409	3.74060	3.37537	7.09007	4.62921	2.52621	2.62138	2.51587	2.28662	2.04811	1.69195	1.41611	8.90680	6.60222	4.61626
43820	0.93925	1.14135	0.68170	4.09818	3.74202	3.37514	7.06960	4.62234	2.52157	2.61796	2.51340	2.28555	2.04463	1.69150	1.41976	8.90425	6.59974	4.61374
43980	0.93630	1.14242	0.68372	4.09824	3.74213	3.37878	7.07438	4.62208	2.52394	2.62253	2.51795	2.28879	2.05188	1.69163	1.42078	8.90780	6.60433	4.61846
44140	0.94258	1.14598	0.68580	4.10069	3.74125	3.37429	7.07686	4.62177	2.51956	2.61852	2.51605	2.28644	2.04511	1.68734	1.41628	8.90381	6.60063	4.61575	29.49	6.0	0.00	7.41	0.01269	0.01290	0.01636	0.00781	0.00581	0.00637	0.00468	0.01266	0.01682	0.00676	0.00695	0.00879	0.01489	0.01094	0.01196	0.00218	0.00618	0.00868
44310	0.94200	1.15101	0.68718	4.10199	3.74218	3.37852	7.08495	4.62210	2.52275	2.62153	2.51934	2.28950	2.04466	1.68891	1.41611	8.90700	6.60321	4.61953
44470	0.93983	1.14510	0.68297	4.09853	3.73778	3.37430	7.07063	4.62233	2.51998	2.61734	2.51611	2.28582	2.04216	1.68494	1.41232	8.90709	6.59865	4.61502
44630	0.93905	1.14702	0.68550	4.09915	3.74040	3.37726	7.08332	4.62307	2.52106	2.61809	2.51812	2.28726	2.04354	1.68734	1.41164	8.90818	6.60196	4.61734
44790	0.93865	1.14807	0.68501	4.09877	3.73877	3.37606	7.07146	4.62023	2.51725	2.61784	2.51717	2.28667	2.04136	1.68764	1.41357	8.90900	6.60218	4.61650
44960	0.93824	1.13701	0.68030	4.09563	3.73532	3.37228	7.06616	4.61273	2.51526	2.61239	2.51282	2.28283	2.04364	1.69149	1.42127	8.90318	6.60446	4.61890
45120	0.94097	1.14658	0.68338	4.09892	3.73999	3.37734	7.09296	4.62591	2.51916	2.61757	2.51869	2.28850	2.04583	1.68816	1.41345	8.90700	6.60113	4.61552
45290	0.94012	1.14315	0.68438	4.09696	3.73683	3.37537	7.08667	4.62036	2.51899	2.61652	2.51677	2.28814	2.04521	1.68834	1.41788	8.90809	6.60083	4.61213
45450	0.94135	1.14473	0.68323	4.09249	3.73340	3.37149	7.07555	4.62149	2.51783	2.61510	2.51580	2.28664	2.04321	1.68715	1.41253	8.90081	6.59614	4.60943
45610	0.93932	1.14337	0.68556	4.09518	3.73722	3.37360	7.08025	4.62046	2.52146	2.61868	2.51717	2.29149	2.04182	1.68910	1.41524	8.90309	6.59827	4.61058
45780	0.94035	1.14766	0.68441	4.09169	3.73281	3.36845	7.07339	4.61850	2.51621	2.61499	2.51405	2.28736	2.04392	1.68566	1.41372	8.90271	6.59711	4.60820	29.55	6.1	0.00	6.51	0.01269	0.01290	0.01636	0.00781	0.00581	0.00637	0.00468	0.01266	0.01682	0.00676	0.00695	0.00879	0.01489	0.01094	0.01196	0.00218	0.00618	0.00868
45940	0.93661	1.14063	0.68406	4.08951	3.73107	3.36704	7.07190	4.61781	2.51640	2.61312	2.51200	2.28533	2.04036	1.68378	1.41111	8.89607	6.59370	4.60466
46110	0.93969	1.14968	0.68628	4.08664	3.73001	3.36623	7.08069	4.62581	2.52474	2.61456	2.51269	2.28525	2.04350	1.68492	1.42216	8.90507	6.59543	4.60569
46270	0.94369	1.14020	0.68373	4.08575	3.73014	3.36355	7.06604	4.62352	2.51690	2.61110	2.50816	2.28361	2.04207	1.68639	1.41648	8.89580	6.59275	4.60152
46430	0.94360	1.15172	0.68538	4.08467	3.72778	3.36144	7.07706	4.61867	2.52026	2.61090	2.50692	2.28169	2.04197	1.68321	1.41339	8.89525	6.59215	4.60326
46600	0.94080	1.14178	0.68174	4.08533	3.73070	3.36368	7.08041	4.62278	2.51875	2.61213	2.50787	2.28132	2.05463	1.69357	1.41457	8.89980	6.59408	4.60549
46760	0.94626	1.17104	0.69289	4.09033	3.73525	3.36638	7.08102	4.61899	2.51998	2.61487	2.51154	2.28672	2.04846	1.69510	1.41821	8.90380	6.59520	4.60577
46930	0.94374	1.15252	0.68824	4.09051	3.73291	3.36384	7.08013	4.61814	2.51509	2.60972	2.50832	2.28265	2.04478	1.69507	1.41754	8.89189	6.58864	4.59897
47090	0.93967	1.15568	0.68790	4.08381	3.72974	3.36107	7.07962	4.62244	2.51644	2.60925	2.50834	2.28212	2.03974	1.68427	1.41263	8.89461	6.58912	4.59925
47250	0.93646	1.14405	0.68665	4.08570	3.73229	3.36530	7.08065	4.62781	2.52098	2.61173	2.50941	2.28381	2.04461	1.68805	1.41376	8.89461	6.59072	4.60178
47420	0.94142	1.14150	0.68186	4.08690	3.73151	3.36401	7.08457	4.62258	2.51724	2.60975	2.50791	2.28049	2.04423	1.69042	1.42538	8.88934	6.58852	4.60055	29.55	6.0	0.00	7.38	0.01269	0.01290	0.01636	0.00781	0.00581	0.00637	0.00468	0.01266	0.01682	0.00676	0.00695	0.00879	0.01489	0.01094	0.01196	0.00218	0.00618	0.00868
47580	0.94195	1.15267	0.68779	4.08786	3.73355	3.36759	7.08326	4.62376	2.52144	2.61417	2.51178	2.28496	2.04533	1.69253	1.41629	8.90198	6.59622	4.60656
47740	0.94147	1.13814	0.68112	4.09040	3.73301	3.36612	7.07043	4.61860	2.51943	2.61104	2.50934	2.28137	2.04791	1.68926	1.41706	8.89334	6.58973	4.60163
47910	0.94240	1.14860	0.68466	4.09300	3.73696	3.36971	7.08005	4.62449	2.52565	2.61522	2.51150	2.28597	2.04909	1.69313	1.41774	8.89925	6.59589	4.60668
48070	0.94279	1.14674	0.68394	4.09240	3.73208	3.36796	7.07903	4.62120	2.51903	2.61141	2.50670	2.28241	2.04577	1.68963	1.41503	8.90043	6.59333	4.60432
48230	0.93759	1.14676	0.68357	4.08696	3.72718	3.36142	7.07359	4.62016	2.51550	2.60820	2.50397	2.27867	2.04487	1.69032	1.41943	8.90543	6.59900	4.60915
48390	0.94289	1.15432	0.68826	4.09364	3.73469	3.36701	7.08597	4.62162	2.52234	2.61191	2.50887	2.28126	2.04269	1.68527	1.41344	8.90116	6.59554	4.60578
48560	0.93782	1.14086	0.67930	4.08959	3.73134	3.36452	7.06550	4.61811	2.51756	2.60959	2.50785	2.27950	2.05025	1.69270	1.42189	8.90198	6.60048	4.61191
48720	0.94271	1.15367	0.68843	4.09575	3.73754	3.36841	7.08867	4.62836	2.52246	2.61445	2.51226	2.28294	2.04474	1.68712	1.41233	8.89816	6.59815	4.60817
48890	0.93822	1.14362	0.68249	4.09508	3.73859	3.37042	7.07270	4.62370	2.52124	2.61558	2.51322	2.28219	2.05237	1.69086	1.41782	8.90379	6.59897	4.60998
49050	0.93639	1.14623	0.68003	4.09235	3.73765	3.36938	7.09343	4.62138	2.51609	2.61341	2.51173	2.28138	2.04286	1.68566	1.41544	8.90089	6.59726	4.60766	29.49	6.3	0.00	7.48	0.01269	0.01290	0.01636	0.00780	0.00581	0.00637	0.00468	0.01266	0.01682	0.00676	0.00695	0.00879	0.01489	0.01094	0.01195	0.00218	0.00618	0.00867
49210	0.93547	1.14373	0.67944	4.09102	3.73592	3.36557	7.06825	4.61790	2.51161	2.61032	2.51137	2.27906	2.04046	1.69253	1.41782	8.90899	6.60434	4.61558
49380	0.94059	1.14969	0.68422	4.10006	3.74199	3.37312	7.08198	4.62560	2.51824	2.61635	2.51530	2.28485	2.04414	1.68362	1.41240	8.90872	6.60075	4.61334
49540	0.93727	1.14603	0.68179	4.09979	3.74341	3.37500	7.07937	4.62833	2.52010	2.61649	2.51781	2.28545	2.04419	1.68717	1.41649	8.91528	6.60524	4.61645
49700	0.93574	1.14277	0.68099	4.10067	3.74335	3.37528	7.07393	4.62404	2.51731	2.61621	2.51809	2.28594	2.04207	1.68597	1.41357	8.90981	6.60516	4.61642
49870	0.93601	1.14169	0.68161	4.10510	3.74699	3.38121	7.08025	4.62581	2.52082	2.62205	2.52210	2.29094	2.04553	1.68923	1.41411	8.91920	6.60865	4.62141
50030	0.93603	1.14377	0.68214	4.10425	3.74280	3.37876	7.07835	4.61878	2.51816	2.62046	2.51863	2.28907	2.04278	1.68818	1.41195	8.91555	6.60587	4.61883
50190	0.93653	1.13973	0.68076	4.10401	3.74470	3.38055	7.09856	4.62638	2.51779	2.62268	2.52127	2.29011	2.04622	1.68618	1.41397	8.91264	6.60752	4.61903
50360	0.93631	1.13901	0.67994	4.10045	3.74151	3.37593	7.07593	4.62105	2.51572	2.61904	2.51869	2.28776	2.04114	1.68497	1.41381	8.91500	6.60629	4.61810
50520	0.93723	1.14232	0.68093	4.09941	3.74251	3.37523	7.07984	4.62517	2.51977	2.61934	2.51857	2.28628	2.04107	1.68335	1.41145	8.90826	6.60408	4.61652
50680	0.93289	1.13691	0.67860	4.09565	3.73917	3.37237	7.07171	4.61920	2.51685	2.61729	2.51693	2.28458	2.04466	1.68294	1.41041	8.90743	6.60160	4.61185	29.55	6.3	0.00	7.40	0.01268	0.01290	0.01636	0.00780	0.00581	0.00637	0.00468	0.01266	0.01682	0.00676	0.00695	0.00879	0.01489	0.01094	0.01195	0.00218	0.00618	0.00867
50850	0.92928	1.13822	0.67981	4.09391	3.74107	3.37355	7.08023	4.62730	2.52351	2.61972	2.51916	2.28499	2.04438	1.68668	1.40920	8.91134	6.60323	4.61442
51010	0.93557	1.13935	0.68050	4.09644	3.74072	3.37185	7.07529	4.61823	2.51642	2.61825	2.51836	2.28303	2.03889	1.68147	1.40853	8.91043	6.60045	4.61065
51170	0.93281	1.14066	0.68070	4.09497	3.74258	3.37359	7.08255	4.62446	2.52106	2.61972	2.52152	2.28681	2.04202	1.68599	1.41575	8.91007	6.60431	4.61385
51340	0.93378	1.13626	0.67798	4.09871	3.74220	3.37185	7.07604	4.61541	2.51678	2.61791	2.51846	2.28388	2.04229	1.68512	1.41145	8.91125	6.60085	4.61084
51500	0.93180	1.14269	0.68296	4.09648	3.74576	3.37451	7.08390	4.62789	2.52091	2.62129	2.52294	2.28710	2.04675	1.68788	1.41422	8.91453	6.60743	4.61573
51660	0.93536	1.13958	0.67873	4.10022	3.74448	3.37330	7.09070	4.62217	2.51844	2.61812	2.52030	2.28545	2.04494	1.68736	1.41409	8.91526	6.60574	4.61577
51830	0.93638	1.14603	0.68036	4.09989	3.74282	3.37294	7.08907	4.62578	2.52007	2.61596	2.51806	2.28356	2.04194	1.68634	1.41251	8.90624	6.60426	4.61347
51990	0.93665	1.13923	0.67798	4.09844	3.74157	3.37141	7.08572	4.61920	2.51706	2.61372	2.51573	2.28217	2.04599	1.68896	1.41752	8.90824	6.60414	4.61503
52160	0.93660	1.14164	0.68101	4.09771	3.74059	3.37080	7.08823	4.62631	2.52321	2.61494	2.51511	2.28229	2.04643	1.69055	1.41828	8.89814	6.59498	4.60817
52320	0.93601	1.14111	0.68226	4.09459	3.73707	3.36895	7.08492	4.62518	2.52248	2.61226	2.51480	2.28080	2.04634	1.68970	1.41613	8.89688	6.59461	4.60659	29.49	6.1	0.00	7.48	0.01268	0.01290	0.01636	0.00780	0.00580	0.00637	0.00468	0.01266	0.01682	0.00676	0.00695	0.00879	0.01489	0.01094	0.01195	0.00218	0.00618	0.00867
52480	0.93599	1.14448	0.68097	4.09202	3.73478	3.36580	7.08027	4.62438	2.52381	2.60945	2.51180	2.27914	2.04854	1.68890	1.41610	8.89961	6.59246	4.60424
52650	0.94137	1.14784	0.68313	4.09312	3.73711	3.36742	7.07938	4.62865	2.52643	2.61035	2.51352	2.27999	2.05301	1.69322	1.41873	8.89734	6.59526	4.60703
52810	0.93841	1.14725	0.68211	4.09088	3.73455	3.36388	7.07208	4.62199	2.52313	2.60603	2.51098	2.27582	2.04927	1.69246	1.41834	8.89843	6.59231	4.60566
52970	0.93957	1.14680	0.68117	4.08934	3.73211	3.36288	7.08404	4.62749	2.52542	2.60577	2.51004	2.27504	2.05075	1.69301	1.41759	8.89152	6.58917	4.60288
53140	0.94075	1.14724	0.68089	4.08768	3.73097	3.36094	7.08204	4.62391	2.52300	2.60475	2.50889	2.27247	2.05366	1.69525	1.42271	8.89443	6.59195	4.60586
53300	0.94051	1.14808	0.68116	4.09083	3.73506	3.36423	7.08008	4.62867	2.52999	2.60717	2.51226	2.27501	2.05337	1.69094	1.41946	8.88788	6.58832	4.60349
53470	0.94148	1.14749	0.68308	4.09115	3.73411	3.36642	7.07120	4.63475	2.52787	2.60884	2.51338	2.27618	2.05692	1.69629	1.42291	8.88952	6.59080	4.60532
53630	0.94324	1.15210	0.68605	4.08965	3.73269	3.36442	7.08218	4.62794	2.52969	2.60659	2.51266	2.27465	2.05321	1.69067	1.41847	8.88997	6.58812	4.60275
53790	0.94166	1.14766	0.68759	4.09166	3.73438	3.36730	7.08101	4.63355	2.53484	2.60942	2.51452	2.27661	2.05636	1.69946	1.42526	8.89306	6.59120	4.60790
53960	0.94422	1.14908	0.68435	4.09187	3.73226	3.36503	7.09830	4.62728	2.53068	2.60607	2.51278	2.27480	2.05504	1.69930	1.42345	8.88960	6.58599	4.60410	29.55	6.1	0.00	7.51	0.01268	0.01290	0.01636	0.00780	0.00580	0.00637	0.00468	0.01266	0.01682	0.00676	0.00695	0.00879	0.01489	0.01094	0.01195	0.00218	0.00618	0.00867
54120	0.94182	1.14774	0.68416	4.08863	3.72910	3.36252	7.07855	4.62791	2.52939	2.60811	2.51253	2.27640	2.05487	1.69692	1.42263	8.88623	6.58462	4.60248
54280	0.93833	1.14631	0.68485	4.08698	3.72871	3.36453	7.09634	4.63538	2.53375	2.60826	2.51341	2.27736	2.05721	1.70192	1.42468	8.89350	6.58837	4.60319
54450	0.94442	1.15232	0.68508	4.08596	3.72718	3.36325	7.08865	4.63219	2.53028	2.60573	2.51064	2.27508	2.05633	1.69703	1.42102	8.89260	6.58639	4.60109
54610	0.94349	1.15012	0.68674	4.08492	3.72811	3.36436	7.09163	4.63545	2.53383	2.60833	2.51464	2.27832	2.05706	1.69967	1.42566	8.89805	6.59050	4.60329
54780	0.94576	1.15108	0.68626	4.08892	3.73135	3.36487	7.09327	4.63873	2.53517	2.60670	2.51482	2.27740	2.05800	1.69647	1.42101	8.89296	6.58862	4.60225
54940	0.94468	1.14997	0.68692	4.08759	3.73365	3.37070	7.09797	4.63858	2.53919	2.61158	2.51878	2.28326	2.06218	1.70405	1.42980	8.89669	6.59434	4.60851
55100	0.94814	1.15278	0.68603	4.09135	3.73371	3.36704	7.09299	4.63699	2.53585	2.60941	2.51423	2.28050	2.06319	1.70179	1.42665	8.89805	6.59369	4.60831
55270	0.94808	1.15452	0.68723	4.09145	3.73377	3.36674	7.09723	4.63585	2.53610	2.61022	2.51434	2.28112	2.06146	1.70066	1.42685	8.89123	6.59106	4.60655
55430	0.94439	1.15133	0.68428	4.08972	3.73290	3.36687	7.08777	4.63378	2.53568	2.60960	2.51254	2.27981	2.06587	1.70573	1.43027	8.89305	6.59118	4.60823
55600	0.94667	1.15135	0.68672	4.09273	3.73603	3.36994	7.09070	4.63924	2.54129	2.61450	2.51555	2.28383	2.06647	1.70433	1.43096	8.89350	6.59087	4.60755	29.55	6.1	0.00	7.36	0.01268	0.01290	0.01636	0.00780	0.00580	0.00637	0.00468	0.01266	0.01682	0.00676	0.00695	0.00879	0.01489	0.01094	0.01195	0.00218	0.00618	0.00867
55760	0.94734	1.15659	0.69008	4.09416	3.73820	3.37058	7.09634	4.64252	2.53955	2.61565	2.51638	2.28404	2.06375	1.70394	1.43277	8.89614	6.59122	4.60755
55920	0.95139	1.15830	0.68871	4.09330	3.73708	3.37106	7.10003	4.64191	2.53953	2.61517	2.51313	2.28480	2.06496	1.70332	1.43186	8.89559	6.59300	4.60864
56090	0.95267	1.16302	0.69368	4.09686	3.73921	3.37305	7.10772	4.65044	2.54613	2.61693	2.51191	2.28485	2.06989	1.70997	1.43452	8.90160	6.59646	4.61176
56250	0.95211	1.15776	0.69028	4.09297	3.73407	3.36726	7.11347	4.64596	2.54519	2.61253	2.50739	2.27918	2.06685	1.70495	1.43019	8.90114	6.59483	4.60897
56410	0.94986	1.15724	0.69180	4.08945	3.73173	3.36556	7.10348	4.64372	2.54386	2.61033	2.50937	2.27703	2.07029	1.70723	1.43491	8.89796	6.59067	4.60452
56580	0.95080	1.15705	0.68905	4.08588	3.72910	3.36146	7.09671	4.64693	2.54418	2.60583	2.50783	2.27528	2.06974	1.70927	1.43348	8.89305	6.58979	4.60383
56740	0.95185	1.16036	0.69217	4.08757	3.73183	3.36379	7.10931	4.64622	2.54505	2.60657	2.51204	2.27611	2.06880	1.70973	1.43406	8.89150	6.58699	4.60106
56910	0.95423	1.16338	0.69081	4.08720	3.73314	3.36348	7.10875	4.64451	2.54136	2.60450	2.51013	2.27462	2.07174	1.70986	1.43549	8.89796	6.59213	4.60723
57070	0.95526	1.16435	0.69376	4.09497	3.73962	3.36959	7.11192	4.65314	2.54910	2.60950	2.51566	2.28025	2.07071	1.70912	1.43610	8.89314	6.59127	4.60747
57240	0.95516	1.15990	0.69367	4.10058	3.74476	3.37345	7.12373	4.65625	2.55156	2.61328	2.51977	2.28323	2.07236	1.71310	1.43953	8.89742	6.60211	4.61514	29.55	6.2	0.00	7.38	0.01268	0.01290	0.01636	0.00780	0.00580	0.00637	0.00468	0.01266	0.01682	0.00676	0.00695	0.00879	0.01489	0.01094	0.01195	0.00218	0.00618	0.00867
57400	0.95491	1.16019	0.69276	4.10157	3.74335	3.37257	7.10953	4.64952	2.54811	2.61221	2.51970	2.28236	2.07262	1.70881	1.43389	8.89924	6.60130	4.61512
57560	0.95138	1.15857	0.69363	4.10215	3.74325	3.37488	7.11331	4.65494	2.54832	2.61482	2.52013	2.28473	2.06763	1.70528	1.43182	8.90133	6.60278	4.61626
57730	0.94977	1.15819	0.69455	4.10279	3.74727	3.38030	7.11130	4.65959	2.55119	2.61913	2.52430	2.28808	2.07330	1.71016	1.43537	8.90533	6.60805	4.62169
57890	0.95503	1.16377	0.69173	4.10649	3.74791	3.37906	7.11042	4.64986	2.54655	2.61840	2.52357	2.28673	2.07405	1.71038	1.43629	8.90460	6.60888	4.62324
58050	0.95489	1.15991	0.69180	4.10874	3.74957	3.38081	7.10822	4.64947	2.54716	2.61971	2.52547	2.28815	2.06893	1.70788	1.43655	8.91134	6.61004	4.62351
58220	0.95646	1.16431	0.69191	4.10884	3.75103	3.38127	7.09302	4.64485	2.54350	2.62102	2.52600	2.28842	2.07130	1.71094	1.43934	8.91663	6.61544	4.62760
58380	0.95660	1.16523	0.69222	4.11320	3.75548	3.38700	7.10617	4.64862	2.54941	2.62397	2.53007	2.29328	2.07190	1.70923	1.43472	8.91544	6.61569	4.62897
58550	0.95480	1.16143	0.69368	4.11413	3.75656	3.38880	7.10748	4.64927	2.55053	2.62883	2.52786	2.29527	2.07347	1.71058	1.43780	8.91927	6.61669	4.63059
58710	0.95296	1.16440	0.69421	4.11517	3.75220	3.38693	7.10654	4.65301	2.54973	2.62931	2.52578	2.29378	2.07024	1.70809	1.43313	8.91936	6.61798	4.63037
58870	0.95538	1.16384	0.69647	4.11477	3.75302	3.38822	7.10577	4.65205	2.55234	2.62973	2.52665	2.29311	2.07402	1.71338	1.44094	8.91874	6.61871	4.63180	29.49	6.2	0.00	7.42	0.01268	0.01290	0.01636	0.00780	0.00580	0.00637	0.00468	0.01266	0.01682	0.00676	0.00695	0.00879	0.01489	0.01094	0.01195	0.00218	0.00618	0.00867
59040	0.95648	1.16493	0.69367	4.11014	3.74956	3.38106	7.10595	4.64884	2.54572	2.62502	2.52625	2.29115	2.07314	1.71273	1.43737	8.91710	6.61474	4.62746
59200	0.95525	1.16525	0.69423	4.10875	3.75022	3.38207	7.09681	4.65751	2.55497	2.62423	2.52583	2.29160	2.07744	1.71136	1.43870	8.91582	6.60801	4.62398
59370	0.95502	1.16291	0.69387	4.10600	3.74741	3.37977	7.09872	4.65181	2.54911	2.62185	2.52546	2.28986	2.07759	1.71745	1.44005	8.90981	6.61105	4.62750
59530	0.95888	1.16247	0.69487	4.11032	3.74995	3.38418	7.10782	4.65598	2.55638	2.62472	2.52654	2.29078	2.07887	1.71446	1.44400	8.91090	6.60548	4.62386
59690	0.96067	1.17501	0.69907	4.10803	3.75007	3.38415	7.11436	4.65498	2.55393	2.62545	2.52912	2.29229	2.07587	1.71417	1.43735	8.90908	6.60967	4.62559
59860	0.95893	1.16588	0.69634	4.11015	3.75080	3.38494	7.10493	4.65749	2.55346	2.62325	2.52972	2.29219	2.07397	1.71330	1.43977	8.90954	6.61102	4.62614
60020	0.95993	1.16900	0.69926	4.11664	3.75843	3.39167	7.12590	4.66060	2.56097	2.62921	2.53933	2.29860	2.08223	1.71590	1.44391	8.92011	6.61929	4.63195
60180	0.95921	1.16416	0.69832	4.11598	3.75888	3.38979	7.10735	4.65474	2.55513	2.62699	2.53814	2.29874	2.07666	1.71428	1.44117	8.92001	6.62140	4.63254
60350	0.95736	1.16657	0.69517	4.11735	3.75816	3.39304	7.10796	4.65273	2.55171	2.62920	2.53853	2.30081	2.07327	1.71323	1.43880	8.91600	6.61919	4.63066
60510	0.95689	1.16658	0.69433	4.11862	3.76028	3.39492	7.11391	4.65699	2.55338	2.63265	2.54037	2.30315	2.07339	1.71069	1.43891	8.91316	6.61736	4.63304	29.55	6.0	0.00	7.34	0.01269	0.01290	0.01636	0.00780	0.00581	0.00637	0.00468	0.01266	0.01682	0.00676	0.00695	0.00879	0.01489	0.01094	0.01195	0.00218	0.00618	0.00867
60670	0.95744	1.16606	0.69729	4.12438	3.76586	3.40192	7.13162	4.66104	2.55679	2.64171	2.54502	2.30943	2.07489	1.71461	1.44194	8.92100	6.62729	4.63990
60840	0.95974	1.17249	0.69900	4.12373	3.76234	3.39962	7.11111	4.65874	2.55644	2.64090	2.54020	2.30783	2.07968	1.71709	1.44818	8.92136	6.62764	4.64083
61000	0.95842	1.16074	0.69397	4.12562	3.76466	3.40023	7.11279	4.66262	2.55394	2.64318	2.54024	2.30808	2.07787	1.71579	1.44680	8.92374	6.62701	4.64047
61160	0.95718	1.17060	0.69631	4.12225	3.75984	3.39646	7.11475	4.64966	2.55136	2.64024	2.53531	2.30375	2.07259	1.70825	1.43894	8.91908	6.62321	4.63585
61320	0.95311	1.16694	0.69570	4.11980	3.76013	3.39940	7.11980	4.65212	2.55478	2.64118	2.53740	2.30574	2.07442	1.71205	1.43899	8.92656	6.62837	4.64088
61490	0.95608	1.16652	0.69391	4.12090	3.75782	3.39551	7.10397	4.65042	2.55170	2.63858	2.53359	2.30335	2.07317	1.71124	1.43659	8.92063	6.62432	4.63675
61650	0.95109	1.15832	0.68977	4.11739	3.75267	3.39133	7.09181	4.64911	2.54758	2.63599	2.52964	2.30109	2.07551	1.71220	1.44300	8.92328	6.62895	4.64150
61810	0.95733	1.16480	0.69312	4.12057	3.75815	3.39559	7.11340	4.65414	2.55407	2.64112	2.53376	2.30465	2.07784	1.71305	1.44315	8.91854	6.62259	4.63549
61980	0.95343	1.16641	0.69301	4.11541	3.75184	3.38964	7.11895	4.65249	2.54661	2.63723	2.52946	2.30085	2.07116	1.71141	1.44054	8.91817	6.62324	4.63670
62140	0.95862	1.16801	0.69479	4.11816	3.75719	3.39448	7.10483	4.65726	2.55511	2.63721	2.53155	2.30284	2.07276	1.71061	1.44029	8.92346	6.62183	4.63484	29.55	6.3	0.00	7.41	0.01268	0.01290	0.01636	0.00780	0.00580	0.00637	0.00468	0.01266	0.01682	0.00676	0.00695	0.00879	0.01489	0.01094	0.01195	0.00218	0.00618	0.00867
62300	0.95180	1.16419	0.69302	4.11480	3.75129	3.38950	7.10773	4.65425	2.54924	2.63357	2.53076	2.29975	2.07383	1.71244	1.44060	8.92100	6.62183	4.63596
62470	0.95749	1.16983	0.69551	4.11639	3.75678	3.39206	7.10717	4.64763	2.55208	2.63420	2.53063	2.30141	2.07275	1.71185	1.43958	8.92127	6.61920	4.63266
62630	0.95442	1.16587	0.69280	4.11390	3.75185	3.38911	7.10609	4.64790	2.54918	2.63120	2.52825	2.29848	2.07347	1.71012	1.43865	8.91918	6.61543	4.62920
62790	0.95687	1.17191	0.69891	4.11583	3.75414	3.39369	7.11524	4.66030	2.55775	2.63611	2.53244	2.30271	2.07984	1.71438	1.44110	8.92866	6.62332	4.63507
62960	0.95610	1.17060	0.69482	4.11316	3.75139	3.38916	7.10460	4.65985	2.55565	2.63234	2.52806	2.29831	2.07445	1.70995	1.43967	8.92346	6.61857	4.62980
63120	0.95744	1.16945	0.69881	4.11415	3.75453	3.39007	7.11104	4.66169	2.55762	2.63452	2.53175	2.29996	2.07793	1.71616	1.44217	8.93186	6.62435	4.63439
63280	0.95704	1.16843	0.69514	4.11547	3.75542	3.38743	7.11491	4.65550	2.55402	2.63035	2.53020	2.29679	2.07353	1.71083	1.43642	8.92812	6.62400	4.63353
63440	0.95626	1.17025	0.69636	4.11997	3.76018	3.39391	7.11706	4.65718	2.55839	2.63356	2.53649	2.30042	2.07972	1.71401	1.44095	8.93323	6.63011	4.64122
63610	0.95563	1.17148	0.69568	4.12108	3.76290	3.39413	7.11683	4.65629	2.55275	2.63430	2.53913	2.30192	2.07557	1.71490	1.44156	8.93569	6.63449	4.64456
63770	0.95454	1.16706	0.69400	4.12496	3.76411	3.39838	7.10100	4.65670	2.55262	2.63509	2.53924	2.30286	2.08008	1.71635	1.44648	8.93818	6.63835	4.64915	29.49	6.1	0.00	7.43	0.01268	0.01290	0.01636	0.00780	0.00581	0.00637	0.00468	0.01266	0.01682	0.00676	0.00695	0.00879	0.01489	0.01094	0.01195	0.00218	0.00618	0.00867
63940	0.95555	1.17196	0.69383	4.12820	3.76950	3.40240	7.11075	4.65771	2.55284	2.64169	2.54514	2.30937	2.07851	1.71338	1.43882	8.93434	6.63643	4.64704
64100	0.95568	1.16921	0.69234	4.12703	3.76892	3.40071	7.09079	4.65338	2.55193	2.64129	2.54348	2.30838	2.07932	1.71420	1.44331	8.94073	6.63930	4.65292
64260	0.95641	1.17514	0.69691	4.13402	3.77502	3.40621	7.10174	4.65641	2.55464	2.64775	2.54997	2.31391	2.07656	1.71143	1.44327	8.93681	6.63729	4.65196
64430	0.95653	1.17067	0.69644	4.13486	3.77683	3.40945	7.11075	4.65781	2.55744	2.65053	2.55111	2.31726	2.07724	1.71477	1.44075	8.94028	6.64286	4.65376
64590	0.95509	1.16728	0.69362	4.13234	3.77135	3.40440	7.10174	4.65866	2.55452	2.64643	2.54616	2.31262	2.07680	1.71432	1.44155	8.94046	6.63855	4.65056
64750	0.95360	1.16587	0.69045	4.12853	3.77113	3.40274	7.10179	4.65450	2.55543	2.64686	2.54317	2.31207	2.07598	1.70886	1.43845	8.93562	6.63283	4.64605
64920	0.95179	1.16603	0.69065	4.12323	3.76427	3.39870	7.10916	4.64915	2.54998	2.64371	2.53863	2.30838	2.07424	1.71203	1.43927	8.92822	6.63132	4.64522
65080	0.95367	1.16897	0.69357	4.12374	3.76380	3.39792	7.11430	4.65030	2.55162	2.64279	2.54057	2.30693	2.07538	1.71237	1.43830	8.92622	6.62833	4.64190
65250	0.95458	1.17043	0.69378	4.12241	3.76433	3.39763	7.10776	4.65353	2.55075	2.64188	2.54117	2.30703	2.07537	1.70855	1.43858	8.92850	6.62652	4.63918
65410	0.95423	1.16848	0.69124	4.12190	3.76494	3.39706	7.10113	4.65753	2.55128	2.64012	2.54136	2.30596	2.07184	1.70967	1.43605	8.92457	6.62771	4.63928	29.49	6.1	0.00	7.42	0.01268	0.01290	0.01636	0.00780	0.00581	0.00637	0.00468	0.01266	0.01682	0.00676	0.00695	0.00879	0.01489	0.01094	0.01195	0.00218	0.00618	0.00867
65580	0.95151	1.16726	0.69453	4.12258	3.76459	3.39616	7.11223	4.65102	2.54977	2.63948	2.54262	2.30768	2.07270	1.70897	1.43773	8.92977	6.62741	4.63749
65740	0.95259	1.16979	0.69617	4.12018	3.76882	3.39983	7.11433	4.65796	2.55658	2.64371	2.54798	2.31157	2.07461	1.71558	1.43999	8.93334	6.63051	4.64151
65900	0.95512	1.16945	0.69181	4.12465	3.77125	3.40017	7.11672	4.65413	2.55158	2.64117	2.54690	2.31003	2.07507	1.71543	1.44050	8.92950	6.63091	4.64344
66070	0.95447	1.16998	0.69358	4.12900	3.77548	3.40207	7.10780	4.65421	2.55210	2.64436	2.54791	2.31305	2.07344	1.71307	1.43574	8.92804	6.63073	4.64254
66230	0.95085	1.16497	0.68747	4.12717	3.77131	3.39973	7.11709	4.65123	2.55061	2.64203	2.54395	2.31105	2.07490	1.71516	1.44121	8.92959	6.63451	4.64875
66390	0.95218	1.16609	0.69344	4.13385	3.77618	3.40455	7.11121	4.65610	2.55270	2.64640	2.54888	2.31284	2.07283	1.71102	1.43679	8.93151	6.63129	4.64538
66560	0.95162	1.16760	0.69152	4.12981	3.77213	3.40168	7.10458	4.65033	2.54954	2.64435	2.54625	2.31211	2.07512	1.71201	1.44293	8.92731	6.63587	4.65029
66720	0.95726	1.17180	0.69411	4.13325	3.77225	3.40609	7.10388	4.65262	2.55290	2.64873	2.54894	2.31533	2.07648	1.71280	1.44048	8.92722	6.62731	4.64369
66890	0.95583	1.17118	0.69566	4.12855	3.76888	3.40356	7.10635	4.65711	2.55502	2.64869	2.54727	2.31621	2.07752	1.70963	1.43642	8.92357	6.62419	4.64051
67050	0.95221	1.16951	0.69393	4.12281	3.76403	3.40041	7.11069	4.65387	2.55543	2.64604	2.54206	2.31411	2.07780	1.71082	1.44009	8.92184	6.61712	4.63495	29.49	6.0	0.00	7.40	0.01269	0.01290	0.01636	0.00780	0.00581	0.00637	0.00468	0.01266	0.01682	0.00676	0.00695	0.00879	0.01489	0.01094	0.01195	0.00218	0.00618	0.00867
67210	0.95463	1.17052	0.69604	4.12382	3.76794	3.40044	7.11372	4.65849	2.55733	2.64891	2.54332	2.31466	2.07960	1.71901	1.44283	8.92211	6.62240	4.63820
67380	0.95311	1.17105	0.69462	4.12143	3.76473	3.39640	7.10215	4.65434	2.55511	2.64346	2.54104	2.31044	2.07683	1.71762	1.43932	8.92019	6.61856	4.63425
67540	0.95612	1.16901	0.69687	4.12461	3.76856	3.40026	7.10658	4.66303	2.56018	2.64595	2.54584	2.31456	2.07763	1.71572	1.44371	8.92476	6.62529	4.63907
67700	0.95484	1.16429	0.69121	4.12481	3.76848	3.39980	7.11293	4.65751	2.55656	2.64418	2.54295	2.31254	2.07692	1.71320	1.43729	8.92102	6.62371	4.63740
67870	0.95500	1.16809	0.69161	4.12428	3.76670	3.39907	7.10462	4.65362	2.55050	2.64326	2.54246	2.31040	2.07930	1.71705	1.44766	8.92549	6.62698	4.64231
68030	0.95695	1.17044	0.69594	4.12680	3.76994	3.40253	7.10845	4.65751	2.55540	2.64586	2.54733	2.31511	2.07635	1.71290	1.43715	8.92457	6.62303	4.64007
68190	0.95392	1.16702	0.69436	4.12622	3.77010	3.40393	7.12007	4.65158	2.55001	2.64739	2.54628	2.31607	2.07650	1.71389	1.44262	8.92539	6.62904	4.64602
68360	0.95590	1.16942	0.69705	4.13093	3.77300	3.40699	7.10761	4.65719	2.55431	2.65241	2.54719	2.31887	2.07804	1.71354	1.43974	8.92786	6.63108	4.64705
68520	0.95620	1.16863	0.69437	4.13246	3.77220	3.40698	7.11274	4.65474	2.55206	2.65466	2.54545	2.31917	2.07562	1.71481	1.43836	8.93187	6.62924	4.64695
68680	0.95343	1.16751	0.69582	4.12662	3.76511	3.40282	7.09664	4.65518	2.55200	2.65113	2.54299	2.31572	2.07433	1.71042	1.43825	8.93124	6.62782	4.64229	29.49	6.0	0.00	7.34	0.01269	0.01290	0.01636	0.00780	0.00580	0.00637	0.00468	0.01266	0.01682	0.00676	0.00695	0.00879	0.01489	0.01094	0.01195	0.00218	0.00618	0.00867
68850	0.95624	1.17270	0.69578	4.12266	3.76126	3.39746	7.10531	4.65500	2.55451	2.64575	2.54070	2.31222	2.07614	1.71249	1.43980	8.92047	6.62105	4.63735
69010	0.95181	1.16750	0.69376	4.11951	3.76078	3.39486	7.11474	4.64914	2.54842	2.64134	2.53979	2.30947	2.07644	1.71550	1.43931	8.92558	6.62324	4.64080
69180	0.95451	1.16969	0.69595	4.12386	3.76643	3.40333	7.10149	4.65622	2.55602	2.64997	2.54679	2.31638	2.07472	1.71477	1.43485	8.92220	6.62658	4.64467
69340	0.95426	1.16894	0.69732	4.12749	3.77015	3.40751	7.12511	4.65619	2.55444	2.65615	2.54931	2.32129	2.07885	1.71864	1.43967	8.93397	6.63585	4.65207
69500	0.95643	1.16449	0.69322	4.13434	3.77318	3.41222	7.11829	4.65575	2.55560	2.65991	2.55083	2.32325	2.07476	1.71742	1.43414	8.93927	6.64338	4.65687
69670	0.95537	1.16783	0.69839	4.13642	3.77744	3.41322	7.12100	4.65368	2.55267	2.65949	2.55118	2.32158	2.07399	1.71360	1.43601	8.94037	6.64093	4.65116
69830	0.95385	1.16564	0.69424	4.13250	3.77511	3.40765	7.11016	4.65207	2.55190	2.65423	2.54782	2.31784	2.07327	1.71047	1.43710	8.93836	6.63756	4.64844
69990	0.95283	1.16187	0.69244	4.13246	3.77589	3.40672	7.11021	4.64904	2.55237	2.65138	2.54486	2.31482	2.07402	1.71004	1.43980	8.93060	6.63061	4.63822
70160	0.95397	1.16646	0.69251	4.11760	3.75955	3.39263	7.08928	4.64345	2.54661	2.63718	2.53251	2.30314	2.06989	1.70290	1.43416	8.92220	6.61869	4.62921
70320	0.95073	1.16576	0.68888	4.11119	3.75338	3.38673	7.09979	4.64282	2.54359	2.63652	2.53280	2.30377	2.07507	1.71270	1.44262	8.92748	6.62927	4.64226	29.55	6.1	0.00	7.36	0.01268	0.01290	0.01636	0.00780	0.00580	0.00637	0.00468	0.01266	0.01682	0.00676	0.00695	0.00879	0.01489	0.01094	0.01195	0.00218	0.00618	0.00867
70490	0.95612	1.16677	0.69759	4.12366	3.76288	3.40031	7.10426	4.65348	2.55041	2.64806	2.53930	2.30953	2.07271	1.71333	1.44019	8.92720	6.62613	4.63800
70650	0.95573	1.17442	0.69862	4.12023	3.76058	3.39716	7.11663	4.65965	2.55539	2.64265	2.53740	2.30568	2.07020	1.71097	1.43327	8.91817	6.61414	4.62524
70810	0.95038	1.16417	0.69530	4.10944	3.75223	3.38362	7.10627	4.65198	2.55310	2.62977	2.53108	2.29859	2.07752	1.71208	1.43873	8.91772	6.61275	4.62780
70980	0.95502	1.16589	0.69582	4.11444	3.75837	3.39603	7.11906	4.65251	2.55010	2.64409	2.54013	2.30905	2.06750	1.71219	1.43171	8.92428	6.62552	4.63747
71140	0.95633	1.17276	0.70179	4.12219	3.76397	3.39980	7.12140	4.65813	2.55735	2.64320	2.54202	2.30843	2.07379	1.71597	1.43868	8.92638	6.62351	4.63426
71300	0.95539	1.16962	0.69533	4.11599	3.75782	3.39280	7.10982	4.64808	2.55144	2.63625	2.53993	2.30540	2.06957	1.70842	1.43375	8.91471	6.61449	4.62651
71470	0.95258	1.16492	0.69264	4.11182	3.75924	3.38977	7.09573	4.64577	2.54727	2.63311	2.53922	2.30281	2.07046	1.71277	1.43941	8.92273	6.62017	4.63523
71630	0.95525	1.16598	0.69362	4.12276	3.76838	3.39912	7.10781	4.64637	2.55279	2.64183	2.54445	2.30832	2.07400	1.71219	1.43718	8.91881	6.61939	4.63321
71790	0.94984	1.16453	0.69343	4.11707	3.76301	3.39467	7.09867	4.64426	2.54798	2.63818	2.54213	2.30591	2.07192	1.70690	1.43515	8.92319	6.62577	4.63863
71960	0.95387	1.16373	0.69532	4.12374	3.76711	3.39855	7.09902	4.64741	2.54956	2.64042	2.54491	2.30688	2.07308	1.71047	1.43907	8.91773	6.61969	4.63389	29.49	6.1	0.00	7.36	0.01269	0.01290	0.01636	0.00780	0.00580	0.00637	0.00468	0.01266	0.01682	0.00676	0.00695	0.00879	0.01489	0.01094	0.01195	0.00218	0.00618	0.00867
72120	0.95414	1.16933	0.69427	4.12180	3.76524	3.39885	7.09925	4.64368	2.54986	2.64272	2.54422	2.30940	2.07424	1.70985	1.43547	8.92311	6.62512	4.63655
72280	0.95612	1.16905	0.69785	4.12107	3.76312	3.40063	7.10667	4.64772	2.54722	2.64394	2.54316	2.31004	2.07341	1.71135	1.44236	8.92074	6.62268	4.63628
