WetView ver 7.1	07-08-2018	18:44:40
AC9 Absorption and Attenuation Meter
00000266		; Serial number
2	; structure version number
Reserved
0.000000	0.000000		; Depth calibration
19200			; Baud rate
0.100000			; Path length (meters)
31			; number of temperature calibration bins
				12.59339	13.44920	14.48425	15.49668	16.50852	17.49564	18.50545	19.52458	20.50176	21.48889	22.47318	23.48707	24.50962	25.49370	26.49784	27.51372	28.50746	29.47237	30.47938	31.50214	32.50470	33.49235	34.50337	35.50914	36.50618	37.52058	38.51018	39.51308	40.49994	41.49866	42.47204	; temperature bins
a650	Blue	20.34952		-0.00383	-0.00415	-0.00430	-0.00391	-0.00363	-0.00317	-0.00269	-0.00237	-0.00179	-0.00130	-0.00099	-0.00071	-0.00015	0.00000	0.00004	-0.00001	0.00015	0.00036	0.00058	0.00101	0.00161	0.00132	0.00160	0.00169	0.00242	0.00273	0.00336	0.00365	0.00427	0.00566	0.00670		; offset and temperature correction info
a676	Green	20.51193		-0.00398	-0.00384	-0.00360	-0.00306	-0.00302	-0.00255	-0.00235	-0.00212	-0.00163	-0.00136	-0.00118	-0.00089	-0.00029	0.00000	0.00068	0.00082	0.00099	0.00137	0.00145	0.00212	0.00260	0.00252	0.00321	0.00354	0.00457	0.00535	0.00617	0.00648	0.00742	0.00887	0.01002		; offset and temperature correction info
a715	Brown	20.23230		-0.00421	-0.00394	-0.00391	-0.00291	-0.00264	-0.00192	-0.00204	-0.00179	-0.00188	-0.00239	-0.00180	-0.00187	-0.00099	0.00000	0.00084	0.00162	0.00188	0.00224	0.00321	0.00381	0.00466	0.00528	0.00588	0.00696	0.00859	0.01041	0.01148	0.01282	0.01333	0.01456	0.01617		; offset and temperature correction info
c510	Red	20.40042		-0.00261	-0.00247	-0.00258	-0.00225	-0.00203	-0.00197	-0.00199	-0.00203	-0.00154	-0.00103	-0.00069	-0.00019	-0.00007	0.00000	0.00011	-0.00021	-0.00042	-0.00056	-0.00040	0.00011	0.00036	0.00050	0.00077	0.00079	0.00050	0.00042	0.00043	0.00092	0.00147	0.00200	0.00232		; offset and temperature correction info
c532	Magenta	20.40760		-0.00248	-0.00265	-0.00278	-0.00279	-0.00296	-0.00292	-0.00238	-0.00206	-0.00129	-0.00096	-0.00092	-0.00052	-0.00009	0.00000	0.00007	-0.00049	-0.00136	-0.00107	-0.00079	-0.00065	-0.00074	-0.00105	-0.00152	-0.00192	-0.00236	-0.00269	-0.00252	-0.00233	-0.00172	-0.00128	-0.00067		; offset and temperature correction info
c555	Black	20.50654		-0.00053	-0.00063	-0.00106	-0.00094	-0.00068	-0.00055	-0.00053	-0.00039	-0.00028	-0.00025	-0.00011	-0.00035	-0.00007	0.00000	-0.00037	-0.00055	-0.00036	-0.00014	0.00019	0.00044	0.00032	0.00040	0.00050	0.00028	0.00014	0.00013	0.00030	0.00073	0.00117	0.00176	0.00241		; offset and temperature correction info
a412	LtBlue	17.15231		-0.01972	-0.01823	-0.01612	-0.01381	-0.01272	-0.01080	-0.00959	-0.00866	-0.00710	-0.00532	-0.00354	-0.00148	-0.00028	0.00000	0.00176	0.00297	0.00394	0.00440	0.00453	0.00487	0.00804	0.00856	0.01065	0.01248	0.01388	0.01439	0.01659	0.01881	0.02256	0.02450	0.02719		; offset and temperature correction info
a440	LtGreen	18.00171		-0.00729	-0.00642	-0.00581	-0.00502	-0.00426	-0.00349	-0.00244	-0.00218	-0.00179	-0.00101	-0.00046	-0.00006	0.00036	0.00000	0.00040	0.00045	0.00030	-0.00015	-0.00024	-0.00035	0.00012	-0.00013	-0.00033	-0.00089	-0.00142	-0.00189	-0.00231	-0.00205	-0.00140	-0.00140	-0.00146		; offset and temperature correction info
a488	Yellow	18.86491		-0.00113	-0.00102	-0.00106	-0.00064	-0.00027	-0.00020	-0.00030	-0.00037	-0.00047	-0.00059	-0.00052	-0.00012	0.00008	0.00000	0.00025	0.00012	-0.00013	-0.00043	-0.00065	-0.00076	-0.00025	0.00010	0.00090	0.00111	0.00113	0.00104	0.00073	0.00068	0.00120	0.00186	0.00258		; offset and temperature correction info
c650	Blue	20.46075		-0.00145	-0.00097	-0.00092	-0.00139	-0.00185	-0.00196	-0.00237	-0.00266	-0.00238	-0.00163	-0.00083	-0.00041	-0.00010	0.00000	0.00005	-0.00001	0.00015	0.00034	0.00029	0.00065	0.00101	0.00164	0.00126	0.00156	0.00175	0.00270	0.00287	0.00371	0.00407	0.00473	0.00534		; offset and temperature correction info
c676	Green	20.10118		-0.00170	-0.00144	-0.00149	-0.00177	-0.00188	-0.00194	-0.00198	-0.00196	-0.00177	-0.00156	-0.00140	-0.00091	-0.00033	0.00000	0.00050	0.00092	0.00110	0.00141	0.00167	0.00199	0.00216	0.00265	0.00269	0.00289	0.00315	0.00374	0.00367	0.00408	0.00486	0.00561	0.00646		; offset and temperature correction info
c715	Brown	19.91219		-0.01201	-0.01097	-0.00859	-0.00680	-0.00651	-0.00592	-0.00535	-0.00440	-0.00387	-0.00303	-0.00222	-0.00153	-0.00028	0.00000	0.00093	0.00149	0.00247	0.00322	0.00330	0.00427	0.00373	0.00464	0.00536	0.00551	0.00643	0.00733	0.00779	0.00884	0.00899	0.01021	0.01120		; offset and temperature correction info
a510	Red	19.21192		0.00201	0.00193	0.00158	0.00098	0.00089	0.00049	0.00011	-0.00016	-0.00016	-0.00005	0.00028	0.00025	0.00006	0.00000	0.00035	-0.00022	-0.00023	-0.00080	-0.00144	-0.00154	-0.00153	-0.00204	-0.00220	-0.00219	-0.00190	-0.00128	-0.00069	-0.00018	0.00068	0.00152	0.00241		; offset and temperature correction info
a532	Magenta	19.41084		-0.00097	-0.00072	-0.00060	-0.00081	-0.00062	-0.00071	-0.00040	0.00020	0.00028	0.00043	0.00000	-0.00035	0.00007	0.00000	-0.00011	-0.00059	-0.00080	-0.00098	-0.00137	-0.00162	-0.00163	-0.00130	-0.00073	-0.00018	0.00090	0.00185	0.00175	0.00247	0.00291	0.00327	0.00349		; offset and temperature correction info
a555	Black	19.69776		0.00171	0.00183	0.00183	0.00186	0.00191	0.00170	0.00115	0.00131	0.00097	0.00073	0.00060	0.00013	0.00015	0.00000	0.00014	-0.00029	-0.00066	-0.00082	-0.00116	-0.00139	-0.00134	-0.00167	-0.00119	-0.00093	-0.00048	0.00053	0.00111	0.00095	0.00178	0.00206	0.00273		; offset and temperature correction info
c412	LtBlue	19.91180		-0.02051	-0.01853	-0.01589	-0.01311	-0.01059	-0.00877	-0.00705	-0.00581	-0.00413	-0.00231	-0.00098	-0.00066	-0.00011	0.00000	-0.00013	-0.00085	-0.00170	-0.00170	-0.00302	-0.00330	-0.00429	-0.00551	-0.00626	-0.00775	-0.00978	-0.01181	-0.01113	-0.01108	-0.01116	-0.01192	-0.01291		; offset and temperature correction info
c440	LtGreen	20.06241		-0.01064	-0.00992	-0.00892	-0.00766	-0.00639	-0.00531	-0.00478	-0.00384	-0.00287	-0.00187	-0.00102	-0.00063	-0.00023	0.00000	-0.00007	-0.00053	-0.00090	-0.00119	-0.00169	-0.00197	-0.00226	-0.00257	-0.00260	-0.00289	-0.00394	-0.00470	-0.00481	-0.00493	-0.00520	-0.00580	-0.00620		; offset and temperature correction info
c488	Yellow	20.35984		-0.01125	-0.01082	-0.00966	-0.00833	-0.00726	-0.00661	-0.00579	-0.00500	-0.00389	-0.00278	-0.00167	-0.00113	-0.00041	0.00000	0.00055	0.00121	0.00187	0.00226	0.00222	0.00251	0.00281	0.00359	0.00414	0.00427	0.00401	0.00404	0.00486	0.00563	0.00638	0.00684	0.00718		; offset and temperature correction info
0.003500	0.004000	0.015000	0.020000	0.015000	0.020000	2500.000000	2000.000000	1000.000000	; maxANoise	maxCNoise	maxADifference	maxCDifference	minACounts	minCCounts	minRCounts	maxTempSdev	maxDepthSdev
0			; auxilliary capabilities
1			; acquisition binsize
0	0.06202	0.07372	0.04345	1.18668	1.24169	1.15996	0.61309	0.35647	0.19443	0.89712	0.87292	0.29266	0.15181	0.14886	0.11016	1.02915	1.10782	1.21404	27.88	6.1	0.00	6.56	0.01274	0.01294	0.01653	0.00809	0.00603	0.00660	0.00470	0.01272	0.01691	0.00702	0.00724	0.00921	0.01495	0.01099	0.01201	0.00227	0.00643	0.00901
160	0.06114	0.07316	0.04147	1.18516	1.24172	1.15887	0.61353	0.35724	0.19334	0.89703	0.87255	0.29211	0.15025	0.14394	0.11135	1.02776	1.10735	1.21335
320	0.06016	0.07169	0.03889	1.18377	1.24080	1.15761	0.61319	0.35655	0.19428	0.89680	0.87074	0.29238	0.14923	0.14469	0.11109	1.03022	1.10821	1.21351
490	0.06067	0.07396	0.04172	1.18611	1.24183	1.16086	0.61768	0.35664	0.19601	0.89810	0.87257	0.29303	0.15113	0.14452	0.11076	1.02986	1.10839	1.21349
650	0.06127	0.07228	0.04190	1.18422	1.23878	1.15707	0.61173	0.35306	0.19215	0.89575	0.87021	0.29020	0.15067	0.14807	0.11375	1.03208	1.11041	1.21679
820	0.06443	0.07632	0.04226	1.18722	1.24307	1.16025	0.62025	0.35728	0.19667	0.89841	0.87392	0.29279	0.15414	0.14813	0.11370	1.03308	1.11218	1.21721
980	0.06464	0.07702	0.04549	1.18883	1.24505	1.16227	0.62197	0.36138	0.19795	0.90123	0.87560	0.29483	0.15102	0.14849	0.11022	1.03451	1.11028	1.21651
1140	0.06443	0.07259	0.04260	1.18718	1.24304	1.16135	0.62399	0.36136	0.19909	0.89995	0.87377	0.29341	0.15262	0.14756	0.11183	1.03157	1.10764	1.21449
1310	0.05987	0.07324	0.04145	1.18490	1.24121	1.15915	0.61168	0.35757	0.19405	0.89723	0.87275	0.29220	0.14867	0.14345	0.10595	1.02637	1.10476	1.21224
1470	0.06025	0.07333	0.04145	1.18383	1.24103	1.15978	0.61654	0.35730	0.19710	0.89876	0.87381	0.29430	0.14880	0.14805	0.10721	1.02875	1.10793	1.21399
1640	0.06161	0.07171	0.04108	1.18505	1.24049	1.15930	0.61674	0.35584	0.19521	0.89636	0.87139	0.29259	0.15057	0.14525	0.10592	1.02703	1.10433	1.21254	27.88	6.0	0.00	7.39	0.01274	0.01294	0.01653	0.00809	0.00603	0.00660	0.00470	0.01272	0.01691	0.00702	0.00724	0.00921	0.01495	0.01099	0.01201	0.00227	0.00643	0.00901
1800	0.06021	0.07400	0.04295	1.18312	1.24119	1.16076	0.61929	0.36048	0.19680	0.89899	0.87475	0.29499	0.15312	0.14839	0.11257	1.03104	1.10937	1.21494
1960	0.06394	0.07401	0.04100	1.18539	1.24052	1.15889	0.61429	0.35633	0.19286	0.89654	0.87103	0.29230	0.14953	0.14356	0.10900	1.02461	1.10488	1.21244
2130	0.06407	0.07747	0.04533	1.18857	1.24429	1.16415	0.61664	0.36388	0.19973	0.90149	0.87525	0.29719	0.15432	0.15023	0.11548	1.03223	1.11238	1.21732
2290	0.06321	0.07395	0.04302	1.18719	1.24211	1.16009	0.61614	0.35945	0.19688	0.89750	0.87149	0.29338	0.15167	0.14882	0.10948	1.03084	1.10814	1.21452
2450	0.06112	0.07208	0.04108	1.18510	1.24039	1.15907	0.62024	0.35706	0.19370	0.89747	0.87131	0.29180	0.14748	0.14258	0.10734	1.02556	1.10559	1.21260
2620	0.05867	0.07281	0.03860	1.18350	1.23883	1.15797	0.61199	0.35609	0.19246	0.89573	0.87060	0.29172	0.14553	0.14196	0.10662	1.02723	1.10437	1.21106
2780	0.06280	0.07496	0.04307	1.18753	1.24394	1.16251	0.61934	0.35991	0.19851	0.90099	0.87596	0.29527	0.15245	0.14592	0.11339	1.02957	1.11006	1.21574
2940	0.06319	0.07190	0.04020	1.18636	1.24192	1.16017	0.61880	0.35428	0.19408	0.89686	0.87280	0.29380	0.15042	0.14564	0.11167	1.02862	1.10892	1.21492
3110	0.06216	0.07296	0.03981	1.18499	1.23921	1.15894	0.61002	0.35312	0.19349	0.89642	0.87222	0.29251	0.14694	0.14248	0.10920	1.02822	1.10637	1.21333
3270	0.05945	0.07184	0.04122	1.18377	1.23847	1.15802	0.61085	0.35603	0.19335	0.89668	0.87160	0.29150	0.14789	0.14419	0.10564	1.02162	1.10417	1.21062	27.88	5.9	0.00	7.38	0.01274	0.01294	0.01653	0.00809	0.00603	0.00660	0.00470	0.01272	0.01691	0.00702	0.00724	0.00921	0.01495	0.01099	0.01201	0.00227	0.00643	0.00900
3430	0.06272	0.07497	0.04411	1.18737	1.24486	1.16311	0.62300	0.36105	0.19906	0.89992	0.87657	0.29525	0.15436	0.14800	0.11361	1.02805	1.11109	1.21686
3600	0.06104	0.07436	0.04169	1.18576	1.24010	1.15992	0.61749	0.35502	0.19492	0.89828	0.87106	0.29305	0.14870	0.14633	0.11343	1.02444	1.10836	1.21409
3760	0.06196	0.07258	0.03952	1.18465	1.23978	1.15972	0.61635	0.35491	0.19358	0.89638	0.87106	0.29183	0.14816	0.14353	0.11039	1.02126	1.10605	1.21189
3930	0.05844	0.07062	0.03990	1.18349	1.23753	1.15767	0.61269	0.35609	0.19185	0.89610	0.86986	0.29098	0.15019	0.14641	0.11074	1.02388	1.10834	1.21512
4090	0.06062	0.07080	0.04160	1.18551	1.23975	1.15875	0.61902	0.35552	0.19385	0.89776	0.87100	0.29215	0.14716	0.14600	0.11055	1.02456	1.10707	1.21331
4250	0.05791	0.06954	0.04010	1.18346	1.23906	1.15709	0.62230	0.35285	0.19127	0.89496	0.87099	0.29002	0.14985	0.14648	0.11477	1.02535	1.11034	1.21668
4420	0.06377	0.07336	0.04280	1.18707	1.24131	1.15985	0.61854	0.35601	0.19425	0.89798	0.87171	0.29254	0.15293	0.14931	0.11595	1.02928	1.11158	1.21726
4580	0.06385	0.07612	0.04460	1.18920	1.24365	1.16376	0.62266	0.36205	0.19820	0.90085	0.87528	0.29556	0.15381	0.15069	0.11481	1.02988	1.11101	1.21666
4740	0.06319	0.07448	0.04248	1.18724	1.24191	1.16090	0.61264	0.36045	0.19727	0.89744	0.87279	0.29345	0.14948	0.14794	0.10974	1.02642	1.10735	1.21309
4910	0.06015	0.07164	0.03955	1.18524	1.23919	1.15930	0.61744	0.35669	0.19497	0.89654	0.87194	0.29199	0.15126	0.14182	0.10921	1.02112	1.10506	1.21210	27.88	6.3	0.00	7.82	0.01274	0.01294	0.01653	0.00809	0.00603	0.00660	0.00470	0.01272	0.01691	0.00702	0.00724	0.00921	0.01495	0.01099	0.01201	0.00227	0.00643	0.00900
5070	0.05866	0.06820	0.04033	1.18374	1.23719	1.15711	0.61312	0.35416	0.19290	0.89469	0.86961	0.29034	0.15218	0.14911	0.11279	1.02474	1.11014	1.21626
5230	0.06268	0.07342	0.04098	1.18855	1.24149	1.16243	0.62305	0.35755	0.19785	0.89890	0.87255	0.29376	0.15155	0.14533	0.10941	1.02355	1.10714	1.21350
5400	0.05971	0.07049	0.03818	1.18451	1.23747	1.15890	0.61358	0.35205	0.19322	0.89612	0.87040	0.29071	0.15066	0.14845	0.11074	1.02561	1.11062	1.21669
5560	0.06499	0.07555	0.04085	1.18868	1.24268	1.16231	0.61768	0.35991	0.19796	0.89940	0.87295	0.29459	0.15004	0.14796	0.11104	1.02331	1.10808	1.21407
5720	0.06106	0.07215	0.04004	1.18568	1.23798	1.15875	0.62200	0.35322	0.19286	0.89602	0.87146	0.29152	0.15229	0.14833	0.11466	1.02664	1.11056	1.21627
5890	0.06196	0.07476	0.04277	1.18794	1.24117	1.16145	0.61817	0.35894	0.19692	0.89858	0.87415	0.29377	0.14918	0.14711	0.10789	1.02156	1.10700	1.21221
6050	0.05942	0.06975	0.04123	1.18361	1.23786	1.15644	0.61402	0.35473	0.19213	0.89517	0.86984	0.29054	0.15009	0.14734	0.11575	1.02414	1.10864	1.21490
6210	0.06100	0.07280	0.04194	1.18638	1.23962	1.15980	0.62033	0.35727	0.19579	0.89766	0.87275	0.29237	0.14932	0.14505	0.10728	1.02327	1.10637	1.21257
6380	0.06017	0.06951	0.03927	1.18344	1.23769	1.15677	0.60827	0.35363	0.19321	0.89478	0.87015	0.29068	0.14899	0.14731	0.11343	1.02549	1.10973	1.21653
6540	0.06298	0.07528	0.04167	1.18626	1.24101	1.16036	0.62022	0.35508	0.19425	0.89709	0.87181	0.29223	0.14991	0.14524	0.10869	1.02175	1.10495	1.21073	27.88	6.0	0.00	7.41	0.01274	0.01294	0.01653	0.00809	0.00603	0.00660	0.00470	0.01272	0.01691	0.00702	0.00724	0.00921	0.01495	0.01099	0.01201	0.00227	0.00643	0.00900
6710	0.06323	0.07316	0.04196	1.18589	1.24156	1.16083	0.61216	0.35955	0.19674	0.89697	0.87222	0.29366	0.14922	0.14542	0.11064	1.02282	1.10682	1.21332
6870	0.06017	0.07173	0.04196	1.18497	1.24047	1.16016	0.62170	0.35697	0.19624	0.89727	0.87065	0.29240	0.14803	0.14477	0.11016	1.02203	1.10554	1.21210
7030	0.06325	0.07503	0.04420	1.18773	1.24316	1.16285	0.61898	0.36087	0.19849	0.89949	0.87278	0.29371	0.15262	0.14846	0.11156	1.02671	1.11001	1.21500
7200	0.06204	0.07320	0.04182	1.18497	1.23938	1.15891	0.61709	0.35781	0.19450	0.89580	0.87076	0.29186	0.14918	0.14626	0.11025	1.02429	1.10701	1.21246
7360	0.06152	0.07352	0.04018	1.18381	1.23828	1.15848	0.61277	0.35644	0.19477	0.89646	0.87150	0.29180	0.14795	0.14656	0.10989	1.02183	1.10616	1.21162
7530	0.06039	0.07244	0.04157	1.18369	1.23812	1.15758	0.61367	0.35675	0.19234	0.89594	0.86976	0.29127	0.15078	0.14623	0.11428	1.02421	1.10746	1.21317
7690	0.06171	0.07414	0.04166	1.18536	1.24084	1.15997	0.61626	0.35724	0.19463	0.89753	0.87264	0.29274	0.15174	0.14600	0.11177	1.02326	1.10662	1.21239
7850	0.05996	0.07223	0.04137	1.18330	1.23791	1.15696	0.61461	0.35471	0.19302	0.89530	0.86969	0.29048	0.14876	0.14734	0.11394	1.02505	1.10984	1.21574
8020	0.06231	0.07433	0.04149	1.18619	1.24012	1.16057	0.61527	0.35821	0.19466	0.89780	0.87189	0.29283	0.15324	0.14930	0.11287	1.02540	1.10949	1.21550
8180	0.06363	0.07432	0.04257	1.18776	1.24290	1.16180	0.62205	0.36052	0.19849	0.89856	0.87254	0.29432	0.15320	0.14740	0.11356	1.02785	1.10923	1.21416	27.93	6.2	0.00	7.34	0.01274	0.01294	0.01653	0.00809	0.00603	0.00660	0.00470	0.01272	0.01691	0.00702	0.00724	0.00921	0.01495	0.01099	0.01201	0.00227	0.00643	0.00900
8340	0.06283	0.07342	0.04307	1.18568	1.24102	1.16020	0.62006	0.35917	0.19743	0.89741	0.87165	0.29298	0.14938	0.14517	0.11148	1.02395	1.10654	1.21276
8510	0.05961	0.07262	0.04031	1.18484	1.23862	1.15829	0.61443	0.35768	0.19488	0.89632	0.86938	0.29147	0.14875	0.14424	0.11036	1.02519	1.10532	1.21150
8670	0.05947	0.07179	0.04262	1.18331	1.23987	1.15952	0.62158	0.35888	0.19662	0.89744	0.87116	0.29272	0.15138	0.14564	0.11265	1.02479	1.10724	1.21213
8840	0.06123	0.07446	0.04127	1.18395	1.23833	1.15864	0.62481	0.35412	0.19354	0.89740	0.87121	0.29247	0.14770	0.14292	0.11126	1.02352	1.10447	1.21114
9000	0.05846	0.07403	0.04399	1.18320	1.23979	1.16043	0.62195	0.36007	0.19690	0.89942	0.87380	0.29373	0.15331	0.14856	0.11274	1.02681	1.10834	1.21336
9160	0.06216	0.07048	0.04183	1.18497	1.23868	1.15790	0.60931	0.35627	0.19489	0.89607	0.87058	0.29098	0.15022	0.14819	0.11307	1.02677	1.10878	1.21455
9330	0.06177	0.07438	0.04248	1.18557	1.23973	1.15948	0.61503	0.35800	0.19536	0.89700	0.87221	0.29287	0.14902	0.14464	0.11211	1.02661	1.10657	1.21240
9490	0.06000	0.07239	0.03962	1.18312	1.23817	1.15733	0.61265	0.35305	0.19223	0.89564	0.87022	0.29017	0.15309	0.14706	0.11448	1.02916	1.11101	1.21678
9660	0.06322	0.07751	0.04306	1.18727	1.24273	1.16033	0.62809	0.35929	0.19776	0.89801	0.87257	0.29342	0.15189	0.14628	0.11092	1.02467	1.10753	1.21347
9820	0.06263	0.07647	0.04343	1.18748	1.24351	1.16312	0.62024	0.36075	0.19751	0.89923	0.87243	0.29374	0.15298	0.14787	0.11256	1.03001	1.11132	1.21547	27.93	6.2	0.00	7.44	0.01274	0.01294	0.01653	0.00809	0.00603	0.00660	0.00470	0.01272	0.01691	0.00702	0.00724	0.00921	0.01495	0.01099	0.01201	0.00227	0.00643	0.00900
9980	0.06197	0.07227	0.04296	1.18597	1.24067	1.15952	0.62288	0.35691	0.19520	0.89691	0.87054	0.29177	0.15127	0.14860	0.11251	1.02826	1.10986	1.21466
10150	0.06122	0.07283	0.04201	1.18584	1.24044	1.15945	0.61257	0.35614	0.19433	0.89627	0.86884	0.29100	0.15051	0.14329	0.11088	1.02588	1.10731	1.21289
10310	0.05917	0.07063	0.03996	1.18365	1.23688	1.15697	0.61429	0.35001	0.19088	0.89519	0.86815	0.28952	0.15171	0.14812	0.11428	1.02671	1.11053	1.21617
10480	0.06209	0.07474	0.04129	1.18590	1.24047	1.16009	0.62055	0.35713	0.19387	0.89715	0.87120	0.29119	0.14948	0.14544	0.11137	1.02417	1.10721	1.21299
10640	0.06141	0.07493	0.04151	1.18532	1.24134	1.16018	0.61662	0.35993	0.19485	0.89808	0.87208	0.29298	0.15119	0.14711	0.11242	1.02643	1.10757	1.21273
10800	0.06185	0.07286	0.04213	1.18487	1.24067	1.16035	0.61582	0.35661	0.19660	0.89658	0.87190	0.29165	0.14883	0.14638	0.11069	1.02671	1.10759	1.21286
10970	0.06277	0.07517	0.04551	1.18763	1.24432	1.16279	0.62512	0.36059	0.20248	0.90067	0.87339	0.29453	0.15391	0.14877	0.11485	1.02937	1.11186	1.21614
11130	0.06271	0.07328	0.04266	1.18711	1.24018	1.16013	0.61041	0.35542	0.19445	0.89680	0.87053	0.29190	0.14882	0.14907	0.11230	1.02755	1.10980	1.21487
11290	0.06033	0.07311	0.04137	1.18468	1.23958	1.15885	0.61893	0.35579	0.19386	0.89686	0.86984	0.29129	0.14709	0.14545	0.11007	1.02322	1.10684	1.21121
11460	0.05967	0.06974	0.03966	1.18142	1.23519	1.15630	0.61079	0.35176	0.19116	0.89366	0.86837	0.28902	0.14842	0.14528	0.11176	1.02362	1.10654	1.21253	27.93	6.1	0.00	7.49	0.01274	0.01294	0.01653	0.00809	0.00603	0.00660	0.00470	0.01272	0.01691	0.00702	0.00724	0.00921	0.01495	0.01099	0.01201	0.00227	0.00643	0.00900
11620	0.06140	0.07408	0.04036	1.18493	1.23950	1.15986	0.61611	0.35723	0.19434	0.89723	0.87035	0.29115	0.14833	0.14457	0.11050	1.02302	1.10595	1.21092
11790	0.06009	0.07305	0.04326	1.18424	1.24126	1.16242	0.61664	0.36114	0.19985	0.90115	0.87492	0.29509	0.15584	0.14946	0.11448	1.03033	1.11268	1.21671
11950	0.06306	0.07477	0.04367	1.18733	1.24105	1.16072	0.62419	0.35801	0.19594	0.89886	0.87165	0.29243	0.15174	0.14754	0.11196	1.02692	1.11082	1.21448
12110	0.06417	0.07422	0.04203	1.18736	1.24107	1.16091	0.61897	0.35750	0.19696	0.89765	0.87110	0.29306	0.15026	0.14547	0.11057	1.02414	1.10787	1.21208
12280	0.06175	0.07230	0.03939	1.18387	1.23868	1.15778	0.61912	0.35508	0.19429	0.89570	0.86898	0.29048	0.15181	0.14862	0.11213	1.02715	1.11162	1.21527
12440	0.06306	0.07288	0.04264	1.18859	1.24132	1.16209	0.62674	0.35826	0.19634	0.89747	0.87208	0.29304	0.15125	0.14774	0.11253	1.02692	1.10801	1.21306
12600	0.06038	0.07164	0.03968	1.18419	1.23714	1.15760	0.61373	0.35601	0.19400	0.89477	0.86952	0.28960	0.15171	0.14859	0.11309	1.02620	1.11056	1.21541
12770	0.06316	0.07539	0.04378	1.18702	1.24076	1.16016	0.61642	0.35700	0.19580	0.89696	0.87033	0.29260	0.15159	0.14743	0.11263	1.02461	1.10705	1.21199
12930	0.06241	0.07076	0.03984	1.18220	1.23567	1.15722	0.60939	0.35268	0.19212	0.89390	0.86752	0.28922	0.15032	0.14989	0.11405	1.02846	1.11124	1.21599
13100	0.06205	0.07524	0.04124	1.18819	1.24126	1.16030	0.62308	0.35859	0.19661	0.89784	0.87028	0.29249	0.15157	0.14548	0.11326	1.02410	1.10764	1.21289	27.99	6.0	0.00	7.47	0.01274	0.01294	0.01653	0.00809	0.00603	0.00660	0.00470	0.01272	0.01691	0.00702	0.00724	0.00921	0.01495	0.01099	0.01201	0.00227	0.00643	0.00900
13260	0.06304	0.07333	0.04273	1.18678	1.24310	1.16144	0.62340	0.36116	0.19607	0.89878	0.87105	0.29317	0.15132	0.14897	0.11293	1.02549	1.10910	1.21433
13420	0.06023	0.07208	0.04040	1.18585	1.24020	1.15974	0.61369	0.35706	0.19451	0.89635	0.86994	0.29177	0.14880	0.14397	0.10969	1.02168	1.10477	1.21071
13590	0.06077	0.07373	0.04273	1.18681	1.24224	1.16180	0.62770	0.36170	0.19899	0.89907	0.87336	0.29400	0.15162	0.14699	0.11411	1.02640	1.11006	1.21466
13750	0.06143	0.07183	0.04088	1.18548	1.23974	1.15853	0.62597	0.35670	0.19467	0.89662	0.87022	0.29142	0.14875	0.14494	0.11139	1.02116	1.10510	1.21015
13910	0.06031	0.07466	0.04356	1.18743	1.24307	1.16350	0.62376	0.36099	0.19973	0.90012	0.87251	0.29542	0.15461	0.15028	0.11290	1.02735	1.11087	1.21573
14080	0.06188	0.07311	0.04330	1.18651	1.24068	1.16069	0.61173	0.35624	0.19541	0.89687	0.87007	0.29228	0.14905	0.14537	0.11057	1.02374	1.10648	1.21235
14240	0.06103	0.07441	0.04326	1.18708	1.24285	1.16339	0.62024	0.36033	0.19787	0.89909	0.87250	0.29498	0.15219	0.14919	0.11448	1.02751	1.11123	1.21476
14400	0.06149	0.07165	0.04022	1.18550	1.23936	1.15978	0.62136	0.35835	0.19481	0.89579	0.86874	0.29138	0.14863	0.14389	0.11105	1.02211	1.10563	1.21073
14560	0.05944	0.06972	0.03807	1.18233	1.23601	1.15598	0.61262	0.35256	0.19006	0.89483	0.86739	0.28952	0.14883	0.14523	0.10922	1.02418	1.10900	1.21370
14730	0.06153	0.07332	0.04212	1.18438	1.23877	1.15852	0.62476	0.35643	0.19627	0.89653	0.86890	0.29099	0.14989	0.14342	0.11043	1.01977	1.10559	1.21091	27.99	6.2	0.00	7.48	0.01274	0.01294	0.01653	0.00809	0.00603	0.00660	0.00470	0.01272	0.01691	0.00702	0.00724	0.00921	0.01495	0.01099	0.01201	0.00227	0.00643	0.00900
14890	0.06013	0.07166	0.04002	1.18241	1.23740	1.15772	0.61350	0.35699	0.19410	0.89547	0.86905	0.29087	0.15051	0.14674	0.11169	1.02152	1.10809	1.21252
15060	0.06175	0.07130	0.04155	1.18416	1.23836	1.15727	0.61520	0.35642	0.19367	0.89689	0.86976	0.29133	0.14945	0.14250	0.10948	1.01691	1.10441	1.20944
15220	0.05988	0.07056	0.03968	1.18147	1.23663	1.15710	0.61639	0.35306	0.19362	0.89557	0.86937	0.29005	0.15109	0.14648	0.11087	1.01957	1.10706	1.21284
15380	0.06360	0.07409	0.04222	1.18430	1.23891	1.15950	0.61733	0.35815	0.19644	0.89690	0.87064	0.29208	0.15266	0.14698	0.11311	1.02426	1.11080	1.21469
15550	0.06537	0.07610	0.04416	1.18705	1.24130	1.16080	0.61864	0.35913	0.19627	0.89913	0.87246	0.29339	0.15200	0.14507	0.11311	1.02275	1.10772	1.21261
15710	0.06242	0.07353	0.04128	1.18449	1.23995	1.16011	0.61876	0.35776	0.19679	0.89816	0.87132	0.29242	0.14962	0.14553	0.11264	1.02080	1.10740	1.21296
15880	0.06146	0.07354	0.04065	1.18463	1.23795	1.15809	0.61296	0.35663	0.19410	0.89693	0.86974	0.29133	0.15101	0.14695	0.11320	1.02108	1.10802	1.21256
16040	0.06235	0.07259	0.04046	1.18555	1.23871	1.16007	0.61515	0.36126	0.19581	0.89697	0.87038	0.29235	0.15153	0.14573	0.11052	1.02064	1.10700	1.21168
16210	0.06130	0.07218	0.04052	1.18289	1.23582	1.15716	0.61840	0.35418	0.19119	0.89438	0.86853	0.28985	0.15178	0.14825	0.11221	1.02342	1.11086	1.21513
16370	0.06421	0.07484	0.04464	1.18619	1.24100	1.15976	0.62428	0.35795	0.19481	0.89789	0.87150	0.29283	0.14932	0.14531	0.11158	1.02162	1.10668	1.21161	27.93	5.9	0.00	7.44	0.01274	0.01294	0.01653	0.00809	0.00602	0.00660	0.00470	0.01272	0.01690	0.00702	0.00724	0.00921	0.01495	0.01099	0.01201	0.00227	0.00643	0.00900
16530	0.06416	0.07750	0.04536	1.18674	1.24137	1.16185	0.62822	0.36138	0.19983	0.90029	0.87322	0.29502	0.15099	0.14663	0.11107	1.02225	1.11002	1.21449
16700	0.06425	0.07371	0.04307	1.18527	1.23892	1.15975	0.61535	0.35509	0.19500	0.89739	0.87136	0.29190	0.14890	0.14798	0.11003	1.02217	1.10827	1.21318
16860	0.06194	0.07320	0.04205	1.18388	1.23857	1.15856	0.61974	0.35689	0.19464	0.89592	0.87056	0.29118	0.14967	0.14534	0.10921	1.02015	1.10557	1.21084
17020	0.05974	0.07171	0.03992	1.18116	1.23527	1.15568	0.61487	0.35416	0.19121	0.89306	0.86910	0.28967	0.15212	0.14624	0.11080	1.02086	1.10835	1.21325
17190	0.06323	0.07331	0.04180	1.18398	1.23871	1.15824	0.61389	0.35679	0.19446	0.89634	0.86976	0.29199	0.14925	0.14534	0.11226	1.02170	1.10587	1.21152
17350	0.06066	0.07086	0.04140	1.18215	1.23705	1.15727	0.61800	0.35570	0.19240	0.89482	0.86853	0.28984	0.15225	0.14902	0.11499	1.02090	1.10936	1.21504
17520	0.06303	0.07499	0.04397	1.18492	1.23898	1.15918	0.62239	0.36151	0.19427	0.89675	0.87098	0.29185	0.14909	0.14336	0.10991	1.01808	1.10564	1.21022
17680	0.06512	0.07607	0.04244	1.18404	1.24096	1.16168	0.62096	0.35944	0.19839	0.89767	0.87198	0.29403	0.15118	0.14799	0.11297	1.02309	1.10752	1.21317
17840	0.06186	0.07489	0.04167	1.18272	1.23799	1.15906	0.62037	0.35611	0.19421	0.89544	0.86971	0.29219	0.15048	0.14508	0.11138	1.02023	1.10681	1.21162
18010	0.06030	0.07237	0.04137	1.18408	1.23980	1.15848	0.62372	0.35595	0.19499	0.89642	0.87099	0.29231	0.14874	0.14696	0.11115	1.02188	1.10707	1.21230	27.99	6.2	0.00	7.54	0.01274	0.01294	0.01653	0.00809	0.00602	0.00660	0.00470	0.01272	0.01690	0.00702	0.00724	0.00921	0.01495	0.01099	0.01201	0.00227	0.00643	0.00900
18170	0.05984	0.07349	0.04126	1.18282	1.23708	1.15653	0.61317	0.35411	0.19301	0.89493	0.86935	0.29046	0.15080	0.14631	0.11381	1.02335	1.10861	1.21398
18340	0.06110	0.07508	0.04211	1.18524	1.23928	1.15884	0.61875	0.35632	0.19313	0.89610	0.87085	0.29221	0.15065	0.14565	0.11569	1.02586	1.10876	1.21402
18500	0.06192	0.07458	0.04396	1.18604	1.24095	1.16085	0.62620	0.35887	0.19698	0.89718	0.87205	0.29341	0.15169	0.14631	0.11274	1.02256	1.10655	1.21275
18660	0.06284	0.07506	0.04108	1.18341	1.23860	1.15803	0.61938	0.35701	0.19329	0.89516	0.86947	0.29111	0.15046	0.14879	0.11546	1.02570	1.11086	1.21631
18830	0.06498	0.07535	0.04569	1.18795	1.24279	1.16100	0.62698	0.35937	0.19773	0.89813	0.87271	0.29484	0.15259	0.14572	0.11218	1.02780	1.10822	1.21346
18990	0.06199	0.07459	0.04278	1.18466	1.24005	1.15978	0.62380	0.35692	0.19637	0.89711	0.87070	0.29316	0.14716	0.14454	0.11021	1.02216	1.10688	1.21184
19150	0.06253	0.07170	0.04128	1.18280	1.23785	1.15859	0.61576	0.35731	0.19464	0.89562	0.86855	0.29182	0.14923	0.14325	0.10931	1.01799	1.10397	1.21047
19320	0.06107	0.07094	0.04315	1.18261	1.23836	1.15914	0.61598	0.35814	0.19825	0.89704	0.87071	0.29322	0.15042	0.14485	0.11131	1.02391	1.10664	1.21275
19480	0.06073	0.07299	0.04353	1.18411	1.23943	1.15840	0.62632	0.35649	0.19454	0.89643	0.87065	0.29252	0.14563	0.14316	0.10788	1.02026	1.10539	1.21154
19650	0.06389	0.07445	0.04506	1.18683	1.24221	1.16090	0.61885	0.35987	0.19795	0.89954	0.87354	0.29426	0.15096	0.14779	0.11301	1.02435	1.11007	1.21415	27.99	6.1	0.00	7.42	0.01274	0.01294	0.01653	0.00809	0.00603	0.00660	0.00470	0.01272	0.01690	0.00702	0.00724	0.00921	0.01495	0.01099	0.01201	0.00227	0.00643	0.00900
19810	0.06164	0.07433	0.04350	1.18431	1.23873	1.15830	0.61902	0.35363	0.19354	0.89592	0.87096	0.29165	0.14832	0.14520	0.11091	1.02272	1.10545	1.21029
19970	0.06210	0.07379	0.04318	1.18569	1.24220	1.16292	0.62749	0.35871	0.19928	0.89954	0.87368	0.29465	0.15225	0.14930	0.11265	1.02633	1.11053	1.21557
20140	0.06224	0.07273	0.04258	1.18498	1.23958	1.15910	0.61759	0.35576	0.19495	0.89604	0.87024	0.29183	0.14855	0.14364	0.11017	1.02117	1.10606	1.21142
20300	0.06354	0.07299	0.04394	1.18598	1.24339	1.16211	0.62902	0.36057	0.19943	0.89912	0.87364	0.29524	0.15314	0.14938	0.11371	1.02653	1.11051	1.21509
20460	0.06313	0.07359	0.04186	1.18494	1.24046	1.15931	0.61860	0.35829	0.19331	0.89620	0.87040	0.29160	0.14680	0.14497	0.11097	1.02069	1.10545	1.21084
20620	0.06096	0.07244	0.04309	1.18468	1.24055	1.16001	0.61327	0.35829	0.19495	0.89754	0.87107	0.29315	0.14836	0.14577	0.11146	1.02304	1.10726	1.21257
20790	0.05757	0.07213	0.04111	1.18190	1.23821	1.15714	0.61179	0.35283	0.19393	0.89526	0.86850	0.29205	0.14891	0.14595	0.11150	1.02113	1.10606	1.21091
20950	0.05909	0.07051	0.03758	1.18220	1.23696	1.15663	0.61128	0.35262	0.18954	0.89423	0.86759	0.28922	0.15074	0.14700	0.11362	1.02212	1.10859	1.21482
21120	0.06169	0.07222	0.04264	1.18419	1.24000	1.15971	0.62249	0.35574	0.19409	0.89612	0.87048	0.29167	0.14791	0.14506	0.11187	1.02169	1.10589	1.21247
21280	0.06018	0.07114	0.03984	1.18277	1.23610	1.15493	0.61582	0.35290	0.19085	0.89326	0.86843	0.28984	0.15101	0.14609	0.11246	1.02076	1.10866	1.21458	27.93	6.1	0.00	7.49	0.01274	0.01294	0.01653	0.00809	0.00602	0.00660	0.00470	0.01272	0.01690	0.00702	0.00724	0.00921	0.01495	0.01099	0.01201	0.00227	0.00643	0.00900
21440	0.06314	0.07470	0.04258	1.18523	1.24021	1.15870	0.62109	0.35573	0.19486	0.89642	0.87136	0.29227	0.14998	0.14417	0.11234	1.02135	1.10693	1.21196
21610	0.06102	0.07637	0.04256	1.18611	1.24144	1.16013	0.63051	0.35696	0.19823	0.89829	0.87372	0.29471	0.15283	0.14738	0.11423	1.02429	1.10948	1.21426
21770	0.06012	0.07297	0.04298	1.18460	1.23843	1.15821	0.61992	0.35582	0.19574	0.89564	0.87016	0.29255	0.15196	0.14614	0.11168	1.02163	1.10766	1.21234
21940	0.05932	0.07396	0.04195	1.18336	1.23852	1.15786	0.60971	0.35504	0.19334	0.89602	0.87076	0.29168	0.14758	0.14425	0.10948	1.01949	1.10578	1.21013
22100	0.05919	0.07196	0.03976	1.18052	1.23549	1.15401	0.60881	0.35074	0.18948	0.89229	0.86789	0.28839	0.14915	0.14396	0.11104	1.01873	1.10674	1.21239
22260	0.06227	0.07317	0.04231	1.18303	1.23785	1.15712	0.61740	0.35678	0.19442	0.89508	0.86930	0.29067	0.15374	0.14763	0.11652	1.02251	1.11037	1.21568
22430	0.06372	0.07706	0.04381	1.18666	1.24056	1.15994	0.62412	0.35852	0.19648	0.89798	0.87262	0.29289	0.14979	0.14640	0.11316	1.02290	1.10820	1.21340
22590	0.06119	0.07488	0.04123	1.18424	1.24009	1.15914	0.61963	0.35968	0.19764	0.89723	0.87239	0.29346	0.15116	0.14636	0.11284	1.02457	1.10901	1.21390
22760	0.06268	0.07458	0.04135	1.18349	1.23775	1.15683	0.61893	0.35542	0.19327	0.89502	0.86922	0.29065	0.15125	0.14650	0.11214	1.02322	1.10789	1.21276
22920	0.06158	0.07426	0.04324	1.18502	1.23981	1.15896	0.62300	0.35687	0.19433	0.89670	0.87067	0.29121	0.15181	0.14781	0.11163	1.02562	1.10666	1.21217	27.99	6.3	0.00	7.38	0.01274	0.01294	0.01653	0.00809	0.00602	0.00660	0.00470	0.01272	0.01690	0.00702	0.00724	0.00921	0.01495	0.01099	0.01201	0.00227	0.00643	0.00900
23090	0.06175	0.07507	0.04073	1.18200	1.23667	1.15549	0.61890	0.35494	0.19204	0.89453	0.86899	0.28964	0.15410	0.15064	0.11554	1.02474	1.11159	1.21727
23250	0.06555	0.07597	0.04488	1.18717	1.24261	1.16084	0.61870	0.35846	0.19769	0.89842	0.87227	0.29301	0.15145	0.14737	0.11268	1.02375	1.10929	1.21335
23410	0.06150	0.07587	0.04421	1.18655	1.24185	1.16174	0.61164	0.36137	0.19746	0.89964	0.87157	0.29339	0.15326	0.14758	0.11346	1.02554	1.10892	1.21424
23580	0.06037	0.07546	0.04110	1.18453	1.23919	1.15767	0.61468	0.35489	0.19343	0.89530	0.87062	0.29126	0.14836	0.14544	0.10930	1.02133	1.10431	1.21054
23740	0.05970	0.07697	0.04343	1.18608	1.24141	1.16072	0.61332	0.35984	0.19707	0.89890	0.87184	0.29435	0.15119	0.14684	0.11273	1.02327	1.10931	1.21397
23900	0.06249	0.07312	0.04300	1.18393	1.23933	1.15791	0.61839	0.35452	0.19592	0.89516	0.86888	0.29127	0.14980	0.14456	0.11029	1.01906	1.10418	1.21016
24070	0.06390	0.07629	0.04376	1.18492	1.24042	1.15975	0.62392	0.35698	0.19766	0.89808	0.87141	0.29363	0.15273	0.14712	0.11596	1.02431	1.10837	1.21318
24230	0.06072	0.07424	0.04063	1.18373	1.23922	1.15730	0.61807	0.35478	0.19444	0.89567	0.86922	0.29081	0.14718	0.14309	0.10892	1.01942	1.10502	1.21006
24390	0.06360	0.07405	0.04242	1.18326	1.24026	1.15913	0.61574	0.35814	0.19795	0.89672	0.86972	0.29268	0.14985	0.14569	0.11228	1.02089	1.10718	1.21203
24560	0.05958	0.07332	0.04035	1.18367	1.23821	1.15899	0.61442	0.35682	0.19412	0.89653	0.87069	0.29042	0.15042	0.14511	0.10992	1.01904	1.10476	1.21045	27.99	6.0	0.00	7.41	0.01274	0.01294	0.01653	0.00809	0.00602	0.00660	0.00470	0.01272	0.01690	0.00702	0.00724	0.00921	0.01495	0.01099	0.01201	0.00227	0.00643	0.00900
24720	0.06089	0.07468	0.04182	1.18480	1.24064	1.15945	0.61328	0.35870	0.19650	0.89741	0.87175	0.29379	0.15140	0.14836	0.11192	1.02214	1.10728	1.21210
24880	0.05831	0.07377	0.04249	1.18413	1.23961	1.15851	0.61495	0.35317	0.19435	0.89618	0.87011	0.29204	0.14921	0.14534	0.10858	1.02194	1.10566	1.21076
25050	0.06169	0.07456	0.04279	1.18484	1.24139	1.15996	0.61770	0.35797	0.19718	0.89794	0.87148	0.29390	0.15101	0.14793	0.11306	1.02277	1.10806	1.21321
25210	0.06007	0.07419	0.04138	1.18408	1.23909	1.15871	0.62122	0.35523	0.19459	0.89720	0.87062	0.29157	0.15057	0.14437	0.11033	1.02126	1.10510	1.21132
25370	0.06003	0.07352	0.04128	1.18513	1.24168	1.16018	0.61624	0.35850	0.19697	0.89804	0.87236	0.29352	0.15309	0.14868	0.11104	1.02337	1.10849	1.21362
25540	0.06220	0.07051	0.04065	1.18353	1.23890	1.15740	0.61609	0.35425	0.19454	0.89520	0.86864	0.29099	0.15146	0.14764	0.11309	1.02567	1.10932	1.21464
25700	0.06377	0.07373	0.04323	1.18668	1.24124	1.16098	0.62022	0.35986	0.19816	0.89857	0.87230	0.29345	0.15176	0.14847	0.11290	1.02444	1.10860	1.21417
25860	0.06127	0.07188	0.04094	1.18369	1.23797	1.15748	0.61631	0.35563	0.19261	0.89497	0.86768	0.29065	0.14957	0.14903	0.11419	1.02257	1.10985	1.21530
26030	0.06277	0.07326	0.04359	1.18568	1.24110	1.16000	0.61935	0.35979	0.19768	0.89698	0.87124	0.29218	0.15055	0.14725	0.11218	1.02333	1.10665	1.21188
26190	0.05963	0.07284	0.04092	1.18232	1.23796	1.15612	0.61231	0.35575	0.19208	0.89500	0.86814	0.29017	0.15198	0.14727	0.11233	1.02285	1.10702	1.21429	27.99	6.1	0.00	7.39	0.01274	0.01294	0.01653	0.00809	0.00602	0.00660	0.00470	0.01272	0.01690	0.00702	0.00724	0.00921	0.01495	0.01099	0.01201	0.00227	0.00643	0.00900
26350	0.06094	0.07126	0.04118	1.18494	1.23989	1.15842	0.61689	0.35577	0.19347	0.89774	0.87132	0.29222	0.14878	0.14672	0.11181	1.02202	1.10618	1.21196
26520	0.05851	0.07250	0.03847	1.18272	1.23841	1.15678	0.62107	0.35734	0.19401	0.89515	0.86927	0.29094	0.15290	0.14734	0.11306	1.02357	1.10890	1.21506
26680	0.06236	0.07238	0.04331	1.18582	1.24106	1.16066	0.62039	0.35872	0.19668	0.89773	0.87168	0.29241	0.15305	0.14644	0.11428	1.02329	1.10703	1.21179
26850	0.06021	0.07195	0.03988	1.18176	1.23665	1.15695	0.61692	0.35508	0.19315	0.89567	0.86890	0.28986	0.15211	0.14816	0.11598	1.02690	1.11163	1.21725
27010	0.06402	0.07620	0.04420	1.18719	1.24130	1.16037	0.62012	0.36075	0.19860	0.89849	0.87251	0.29368	0.15061	0.14593	0.11052	1.02508	1.10680	1.21328
27170	0.06351	0.07317	0.04336	1.18542	1.23996	1.15951	0.62746	0.36139	0.19589	0.89828	0.87060	0.29262	0.15241	0.14666	0.11184	1.02408	1.10702	1.21289
27340	0.06185	0.07145	0.04199	1.18292	1.23897	1.15752	0.61544	0.35685	0.19512	0.89666	0.86889	0.29084	0.15121	0.14565	0.10885	1.01860	1.10319	1.21037
27500	0.06132	0.07283	0.04480	1.18527	1.24122	1.16092	0.61578	0.36017	0.19811	0.89867	0.87184	0.29358	0.15323	0.14614	0.11133	1.02643	1.10918	1.21444
27660	0.06059	0.07112	0.03970	1.18431	1.23855	1.15754	0.61243	0.35559	0.19157	0.89638	0.86965	0.29080	0.14944	0.14591	0.10968	1.02122	1.10396	1.20991
27830	0.06212	0.07505	0.04452	1.18629	1.24231	1.16149	0.61853	0.36241	0.20056	0.89974	0.87268	0.29531	0.15345	0.14966	0.11349	1.02558	1.10992	1.21440	27.99	6.2	0.00	6.73	0.01274	0.01294	0.01653	0.00809	0.00602	0.00660	0.00470	0.01272	0.01690	0.00702	0.00724	0.00921	0.01495	0.01099	0.01201	0.00227	0.00643	0.00900
27990	0.06202	0.07285	0.04055	1.18461	1.23974	1.15826	0.62113	0.35682	0.19423	0.89640	0.87014	0.29183	0.14916	0.14862	0.10909	1.02149	1.10515	1.21119
28150	0.05923	0.07374	0.04358	1.18544	1.24169	1.16031	0.62567	0.36100	0.19867	0.89878	0.87153	0.29431	0.15143	0.14776	0.11228	1.02348	1.10891	1.21373
28320	0.06131	0.07352	0.04153	1.18416	1.23940	1.15701	0.62657	0.35405	0.19535	0.89618	0.86824	0.29091	0.14631	0.14399	0.10924	1.01962	1.10398	1.20921
28480	0.05870	0.07016	0.03777	1.18054	1.23574	1.15414	0.61829	0.35439	0.19290	0.89389	0.86805	0.28873	0.15111	0.14712	0.11378	1.02149	1.10824	1.21386
28640	0.06146	0.07105	0.04309	1.18507	1.23923	1.15775	0.61985	0.35641	0.19352	0.89610	0.86993	0.29110	0.14795	0.14327	0.10994	1.02145	1.10541	1.21099
28810	0.05788	0.07084	0.03899	1.18219	1.23648	1.15422	0.61193	0.35200	0.19100	0.89441	0.86684	0.28865	0.15287	0.14675	0.11426	1.02360	1.10970	1.21522
28970	0.06243	0.07402	0.03938	1.18583	1.24049	1.15822	0.61436	0.35762	0.19481	0.89776	0.86983	0.29170	0.15063	0.14588	0.10866	1.02074	1.10566	1.21108
29130	0.06105	0.07649	0.04217	1.18539	1.24192	1.16015	0.61900	0.35772	0.19839	0.89921	0.87190	0.29331	0.15202	0.14798	0.11322	1.02320	1.10767	1.21293
29300	0.06087	0.07238	0.03962	1.18342	1.23793	1.15688	0.61620	0.35751	0.19389	0.89583	0.87076	0.29085	0.15035	0.14588	0.11371	1.02117	1.10598	1.21254
29460	0.06154	0.07277	0.04102	1.18440	1.23930	1.15784	0.61429	0.35711	0.19445	0.89727	0.87052	0.29177	0.14898	0.14469	0.11066	1.01945	1.10505	1.21117	28.05	6.2	0.00	7.42	0.01274	0.01294	0.01653	0.00809	0.00602	0.00660	0.00470	0.01272	0.01690	0.00702	0.00724	0.00921	0.01495	0.01099	0.01201	0.00227	0.00643	0.00900
29630	0.05912	0.07497	0.04333	1.18330	1.24085	1.15912	0.62206	0.36104	0.19811	0.89895	0.87288	0.29380	0.15262	0.14858	0.11303	1.02493	1.10993	1.21482
29790	0.06096	0.07430	0.04321	1.18498	1.23961	1.15748	0.61587	0.35554	0.19525	0.89602	0.87084	0.29115	0.14759	0.14460	0.11164	1.01762	1.10543	1.21092
29950	0.05984	0.07216	0.04356	1.18320	1.24128	1.15967	0.62663	0.36227	0.19924	0.89971	0.87331	0.29488	0.15443	0.14921	0.11403	1.02290	1.10993	1.21540
30120	0.06358	0.07320	0.04214	1.18557	1.24045	1.15778	0.61466	0.35617	0.19569	0.89722	0.87002	0.29175	0.14877	0.14668	0.10978	1.01961	1.10516	1.21183
30280	0.05881	0.07093	0.04081	1.18269	1.24044	1.15874	0.62068	0.36102	0.19852	0.89920	0.87227	0.29452	0.15319	0.14826	0.11330	1.02151	1.11019	1.21447
30440	0.06055	0.07378	0.04159	1.18528	1.23875	1.15595	0.61767	0.35797	0.19375	0.89624	0.87042	0.29106	0.14744	0.14481	0.11350	1.01790	1.10429	1.21021
30600	0.06268	0.07143	0.04146	1.18483	1.24042	1.15864	0.62055	0.36053	0.19806	0.89781	0.87052	0.29208	0.14856	0.14730	0.11208	1.02187	1.10625	1.21191
30770	0.06043	0.07268	0.04141	1.18362	1.23817	1.15603	0.62417	0.35536	0.19455	0.89612	0.87041	0.29021	0.14904	0.14407	0.10814	1.01945	1.10398	1.21035
30930	0.05968	0.06838	0.04002	1.18106	1.23506	1.15231	0.61640	0.35200	0.19002	0.89334	0.86764	0.28866	0.15132	0.14766	0.11366	1.02163	1.10753	1.21429
31100	0.06361	0.07287	0.04242	1.18509	1.24071	1.15689	0.61848	0.35893	0.19443	0.89565	0.86971	0.29170	0.14842	0.14500	0.10863	1.01857	1.10529	1.21009	28.05	6.2	0.00	7.38	0.01274	0.01294	0.01653	0.00809	0.00602	0.00660	0.00470	0.01272	0.01690	0.00702	0.00724	0.00921	0.01495	0.01099	0.01200	0.00227	0.00643	0.00900
31260	0.06010	0.06995	0.03924	1.18107	1.23623	1.15326	0.61557	0.35356	0.19143	0.89300	0.86810	0.28847	0.15123	0.14782	0.11429	1.02329	1.10918	1.21523
31420	0.06259	0.07578	0.04411	1.18554	1.24081	1.15873	0.61935	0.35891	0.19595	0.89648	0.87137	0.29194	0.15137	0.14526	0.10879	1.01956	1.10598	1.21104
31590	0.06295	0.07429	0.04382	1.18526	1.24101	1.15962	0.62254	0.35955	0.19688	0.89863	0.87243	0.29324	0.15156	0.14745	0.11040	1.02099	1.10914	1.21356
31750	0.06190	0.07328	0.04092	1.18417	1.23855	1.15561	0.61144	0.35897	0.19432	0.89508	0.86839	0.29075	0.15072	0.14476	0.10959	1.02170	1.10758	1.21174
31910	0.06309	0.07344	0.04204	1.18358	1.23934	1.15633	0.62220	0.35706	0.19484	0.89614	0.86858	0.29000	0.15180	0.14583	0.10908	1.01833	1.10677	1.21138
32080	0.06035	0.07266	0.04194	1.18167	1.23671	1.15420	0.61139	0.35421	0.19252	0.89369	0.86698	0.28827	0.14945	0.14411	0.11330	1.02258	1.10916	1.21321
32240	0.06420	0.07469	0.04133	1.18422	1.23966	1.15765	0.62176	0.35820	0.19661	0.89669	0.87064	0.29095	0.14970	0.14376	0.11206	1.01972	1.10545	1.21005
32410	0.06214	0.07591	0.04389	1.18529	1.24143	1.15775	0.62156	0.36207	0.19592	0.89769	0.87310	0.29272	0.15178	0.14485	0.10993	1.02039	1.10797	1.21212
32570	0.06148	0.07250	0.04172	1.18345	1.23978	1.15636	0.62183	0.35514	0.19487	0.89585	0.86933	0.29125	0.15194	0.14365	0.10787	1.01908	1.10394	1.20960
32740	0.06346	0.07612	0.04387	1.18676	1.24230	1.16160	0.62623	0.35975	0.19826	0.89938	0.87354	0.29495	0.15599	0.14920	0.11242	1.02480	1.11042	1.21357	27.99	6.2	0.00	7.41	0.01274	0.01294	0.01653	0.00809	0.00602	0.00660	0.00470	0.01272	0.01690	0.00702	0.00724	0.00921	0.01495	0.01099	0.01200	0.00227	0.00643	0.00900
32900	0.06328	0.07326	0.04259	1.18507	1.23927	1.15839	0.61732	0.35816	0.19552	0.89663	0.87045	0.29179	0.14945	0.14491	0.10604	1.02107	1.10550	1.21033
33060	0.06149	0.07317	0.04073	1.18254	1.23876	1.15665	0.61305	0.35617	0.19384	0.89457	0.86926	0.29108	0.14897	0.14289	0.11078	1.01825	1.10477	1.20965
33220	0.05910	0.07166	0.04276	1.18250	1.24013	1.15804	0.61916	0.35925	0.19560	0.89707	0.87177	0.29317	0.14935	0.14592	0.10903	1.02309	1.10751	1.21213
33390	0.06090	0.07226	0.04200	1.18318	1.23963	1.15668	0.61902	0.35708	0.19495	0.89514	0.87072	0.29181	0.14980	0.14500	0.10850	1.01805	1.10507	1.21014
33550	0.06120	0.07250	0.04195	1.18213	1.23973	1.15912	0.62261	0.35968	0.19839	0.89771	0.87098	0.29267	0.15100	0.14732	0.11044	1.02293	1.10786	1.21280
33720	0.06075	0.07299	0.04077	1.18422	1.23902	1.15719	0.61931	0.35473	0.19320	0.89640	0.86891	0.29091	0.14790	0.14238	0.10772	1.01972	1.10386	1.20987
33880	0.06060	0.07391	0.04354	1.18226	1.24037	1.15998	0.62084	0.35901	0.19870	0.89882	0.87389	0.29426	0.15410	0.14792	0.11305	1.02269	1.10978	1.21379
34040	0.05902	0.07172	0.04160	1.18485	1.23813	1.15731	0.61220	0.35712	0.19552	0.89652	0.87082	0.29160	0.15062	0.14878	0.10995	1.02130	1.10940	1.21342
34210	0.06124	0.07535	0.04145	1.18450	1.23972	1.15677	0.61950	0.35587	0.19413	0.89653	0.87082	0.29117	0.15156	0.14434	0.10889	1.02146	1.10575	1.21086
34370	0.06077	0.07058	0.03973	1.18202	1.23628	1.15472	0.61113	0.35224	0.19125	0.89327	0.86895	0.29021	0.15135	0.14713	0.11146	1.02077	1.10770	1.21345	27.99	6.1	0.00	7.40	0.01274	0.01294	0.01653	0.00809	0.00602	0.00660	0.00470	0.01272	0.01690	0.00702	0.00724	0.00921	0.01495	0.01099	0.01200	0.00227	0.00643	0.00900
34540	0.06174	0.07376	0.04186	1.18446	1.24009	1.15800	0.61897	0.35692	0.19573	0.89700	0.87115	0.29180	0.14850	0.14571	0.11082	1.01986	1.10544	1.21050
34700	0.06053	0.07309	0.04263	1.18313	1.23993	1.15862	0.61855	0.35838	0.19497	0.89721	0.87203	0.29309	0.15052	0.14566	0.10970	1.02089	1.10597	1.21137
34860	0.06192	0.07396	0.04085	1.18296	1.23896	1.15741	0.61528	0.35600	0.19584	0.89621	0.87051	0.29241	0.14973	0.14443	0.10970	1.02014	1.10580	1.21144
35030	0.06273	0.07409	0.04296	1.18537	1.24107	1.16004	0.62312	0.35912	0.19931	0.89888	0.87180	0.29403	0.15292	0.14922	0.11183	1.02280	1.10894	1.21388
35190	0.06284	0.07238	0.04072	1.18327	1.23736	1.15730	0.62244	0.35698	0.19414	0.89598	0.86892	0.29084	0.14884	0.14857	0.10958	1.02105	1.10647	1.21265
35350	0.06123	0.07293	0.04254	1.18350	1.23878	1.15703	0.61739	0.35676	0.19491	0.89637	0.87123	0.29134	0.15037	0.14546	0.11059	1.02006	1.10517	1.21108
35520	0.06081	0.07237	0.04051	1.18127	1.23688	1.15481	0.60979	0.35369	0.19193	0.89422	0.86825	0.28954	0.15112	0.14737	0.11240	1.02105	1.10814	1.21369
35680	0.06339	0.07325	0.04185	1.18440	1.23915	1.15802	0.62387	0.35830	0.19441	0.89652	0.87128	0.29220	0.15188	0.14647	0.11192	1.01982	1.10541	1.21063
35850	0.06303	0.07521	0.04374	1.18515	1.24172	1.15960	0.62302	0.35928	0.19913	0.89852	0.87267	0.29444	0.15236	0.14948	0.11448	1.02312	1.10811	1.21293
36010	0.06307	0.07382	0.04149	1.18293	1.23801	1.15692	0.61573	0.35756	0.19446	0.89551	0.86967	0.29176	0.14991	0.14473	0.11034	1.01968	1.10357	1.20916	27.99	5.9	0.00	7.39	0.01274	0.01294	0.01653	0.00809	0.00602	0.00660	0.00470	0.01272	0.01690	0.00702	0.00724	0.00921	0.01495	0.01099	0.01200	0.00227	0.00643	0.00900
36170	0.06149	0.07720	0.04444	1.18469	1.24084	1.16014	0.61938	0.36047	0.19978	0.89921	0.87311	0.29472	0.15311	0.14942	0.11347	1.02731	1.10911	1.21425
36340	0.06382	0.07317	0.04324	1.18346	1.23921	1.15806	0.62032	0.35876	0.19620	0.89552	0.87007	0.29136	0.15090	0.14457	0.10849	1.02202	1.10542	1.20964
36500	0.05997	0.07082	0.04064	1.18064	1.23606	1.15541	0.61874	0.35499	0.19468	0.89371	0.86782	0.29025	0.14772	0.14161	0.10808	1.01924	1.10269	1.20889
36660	0.06095	0.07351	0.03952	1.17931	1.23560	1.15466	0.61377	0.35442	0.19216	0.89296	0.86760	0.28912	0.15104	0.14963	0.11151	1.02373	1.10877	1.21438
36830	0.06575	0.07718	0.04368	1.18513	1.24089	1.15926	0.61780	0.35889	0.19740	0.89687	0.87108	0.29179	0.15319	0.14639	0.11121	1.02274	1.10730	1.21213
36990	0.06384	0.07398	0.04232	1.18234	1.23761	1.15603	0.61166	0.35694	0.19476	0.89563	0.86893	0.29015	0.15002	0.14753	0.11340	1.02651	1.10936	1.21492
37150	0.06584	0.07461	0.04335	1.18574	1.24048	1.15881	0.61471	0.36109	0.19757	0.89652	0.87173	0.29332	0.14907	0.14818	0.10892	1.02377	1.10588	1.21175
37320	0.06283	0.07311	0.04088	1.18207	1.23760	1.15563	0.61561	0.35569	0.19357	0.89428	0.86875	0.29101	0.15236	0.14807	0.11285	1.02464	1.10847	1.21341
37480	0.06447	0.07512	0.04354	1.18467	1.23961	1.15854	0.62676	0.35787	0.19624	0.89706	0.87151	0.29323	0.14812	0.14938	0.11002	1.02186	1.10636	1.21104
37640	0.06159	0.07106	0.03937	1.18188	1.23655	1.15534	0.61435	0.35171	0.19312	0.89328	0.86841	0.28965	0.15093	0.14521	0.11227	1.02139	1.10683	1.21194	28.05	6.1	0.00	7.44	0.01274	0.01294	0.01653	0.00809	0.00602	0.00660	0.00470	0.01272	0.01690	0.00702	0.00724	0.00921	0.01495	0.01099	0.01200	0.00227	0.00643	0.00900
37810	0.05971	0.07167	0.04109	1.18252	1.23749	1.15635	0.61683	0.35538	0.19661	0.89532	0.86925	0.29064	0.14909	0.14342	0.10927	1.02119	1.10421	1.20948
37970	0.06040	0.07180	0.03946	1.18205	1.23645	1.15517	0.60904	0.35450	0.19322	0.89392	0.86900	0.29057	0.14828	0.14473	0.10896	1.01968	1.10243	1.20829
38130	0.06291	0.07590	0.04500	1.18603	1.24190	1.16058	0.62642	0.36083	0.19835	0.89882	0.87250	0.29407	0.15403	0.14649	0.11192	1.02528	1.11024	1.21396
38300	0.06157	0.07294	0.04216	1.18476	1.23886	1.15759	0.62528	0.35472	0.19557	0.89536	0.87039	0.29182	0.15067	0.14534	0.11126	1.02063	1.10734	1.21212
38460	0.06065	0.07267	0.04175	1.18208	1.23771	1.15667	0.61503	0.35598	0.19424	0.89485	0.86928	0.29102	0.15037	0.14336	0.10951	1.02024	1.10481	1.20985
38620	0.06044	0.07087	0.03962	1.18089	1.23594	1.15468	0.61445	0.35471	0.19262	0.89450	0.86964	0.28974	0.14947	0.14436	0.11204	1.02063	1.10681	1.21221
38790	0.06188	0.07340	0.04175	1.18367	1.23908	1.15714	0.62220	0.35756	0.19474	0.89552	0.87177	0.29170	0.14955	0.14387	0.10880	1.02103	1.10521	1.21043
38950	0.06038	0.07109	0.04137	1.18141	1.23601	1.15508	0.61042	0.35449	0.19111	0.89368	0.86739	0.28929	0.15088	0.14734	0.11148	1.02306	1.10907	1.21419
39120	0.06327	0.07465	0.04215	1.18523	1.23891	1.15758	0.61382	0.35687	0.19534	0.89607	0.87071	0.29212	0.15003	0.14410	0.11115	1.02278	1.10602	1.21007
39280	0.06208	0.07357	0.04480	1.18440	1.24106	1.15961	0.61721	0.35798	0.19865	0.89638	0.87180	0.29308	0.15169	0.14361	0.11219	1.02530	1.10874	1.21226	28.11	6.1	0.00	7.45	0.01274	0.01294	0.01653	0.00809	0.00602	0.00660	0.00470	0.01271	0.01690	0.00702	0.00724	0.00921	0.01495	0.01099	0.01200	0.00227	0.00643	0.00900
39440	0.06240	0.07278	0.04114	1.18257	1.23835	1.15751	0.61546	0.35890	0.19531	0.89449	0.86997	0.29169	0.14954	0.14606	0.10911	1.02336	1.10527	1.21036
39610	0.06226	0.07679	0.04412	1.18564	1.24269	1.16175	0.61881	0.36126	0.19996	0.89850	0.87233	0.29487	0.15364	0.14889	0.11277	1.02848	1.11028	1.21409
39770	0.06047	0.07301	0.04086	1.18409	1.23899	1.15855	0.61337	0.36045	0.19577	0.89580	0.86943	0.29133	0.15060	0.14567	0.10979	1.02602	1.10598	1.21182
39930	0.05978	0.07000	0.04083	1.18174	1.23822	1.15674	0.61723	0.35405	0.19342	0.89419	0.86825	0.29052	0.14740	0.14379	0.10910	1.02244	1.10384	1.20963
40100	0.05930	0.07098	0.03997	1.18021	1.23611	1.15492	0.61088	0.35524	0.19111	0.89414	0.86660	0.28933	0.15146	0.14790	0.11412	1.02872	1.11040	1.21528
40260	0.06305	0.07532	0.04387	1.18785	1.24279	1.16136	0.61835	0.36219	0.19884	0.89897	0.87270	0.29394	0.15385	0.14891	0.11150	1.02828	1.10975	1.21473
40420	0.06333	0.07515	0.04278	1.18453	1.24013	1.15890	0.61942	0.35632	0.19654	0.89674	0.87072	0.29270	0.15070	0.14625	0.11107	1.02324	1.10757	1.21147
40590	0.05984	0.07193	0.03913	1.18161	1.23754	1.15680	0.61337	0.35639	0.19432	0.89471	0.86932	0.29134	0.14903	0.14554	0.10760	1.02141	1.10470	1.20991
40750	0.06019	0.07096	0.04029	1.18109	1.23607	1.15450	0.61624	0.35612	0.19330	0.89276	0.86729	0.29007	0.15271	0.14682	0.11236	1.02625	1.10906	1.21336
40910	0.06068	0.07215	0.04094	1.18385	1.23977	1.15893	0.62423	0.35699	0.19622	0.89640	0.86932	0.29174	0.14887	0.14591	0.11154	1.02339	1.10575	1.21096	28.05	6.3	0.00	7.43	0.01274	0.01293	0.01653	0.00809	0.00602	0.00660	0.00470	0.01271	0.01690	0.00702	0.00724	0.00921	0.01495	0.01099	0.01200	0.00227	0.00643	0.00900
41080	0.05889	0.07073	0.03906	1.18180	1.23683	1.15533	0.60971	0.35314	0.19124	0.89373	0.86694	0.28959	0.15057	0.14735	0.11035	1.02716	1.10940	1.21380
41240	0.06309	0.07551	0.04226	1.18512	1.24005	1.15890	0.61653	0.35945	0.19821	0.89681	0.87080	0.29224	0.14881	0.14409	0.10967	1.02525	1.10608	1.21154
41400	0.06018	0.07107	0.04036	1.18178	1.23731	1.15512	0.61398	0.35387	0.19429	0.89381	0.86610	0.29032	0.15022	0.14807	0.11443	1.02962	1.10989	1.21441
41570	0.06149	0.07328	0.04467	1.18426	1.23976	1.15870	0.62637	0.35563	0.19553	0.89635	0.86987	0.29181	0.15056	0.14384	0.10970	1.02581	1.10593	1.21084
41730	0.05992	0.07146	0.03800	1.18058	1.23490	1.15378	0.61646	0.35422	0.19387	0.89449	0.86724	0.28897	0.15011	0.14812	0.11469	1.02752	1.10915	1.21485
41900	0.06287	0.07263	0.04223	1.18573	1.24012	1.15826	0.62345	0.35751	0.19700	0.89720	0.87141	0.29228	0.15156	0.14511	0.11294	1.02549	1.10652	1.21120
42060	0.06219	0.07482	0.04377	1.18485	1.23990	1.15966	0.61454	0.36051	0.19817	0.89762	0.87135	0.29336	0.15113	0.14766	0.11078	1.02768	1.10728	1.21228
42220	0.06119	0.07274	0.04048	1.18277	1.23766	1.15636	0.61769	0.35775	0.19604	0.89479	0.86798	0.29075	0.14679	0.14483	0.10848	1.02192	1.10295	1.20855
42390	0.06213	0.07320	0.04164	1.18233	1.23834	1.15913	0.62173	0.35923	0.19778	0.89754	0.87084	0.29316	0.15075	0.14577	0.10999	1.02521	1.10735	1.21144
42550	0.05998	0.07254	0.03848	1.18183	1.23738	1.15646	0.61453	0.35315	0.19431	0.89460	0.86953	0.29041	0.14606	0.14356	0.10885	1.02305	1.10265	1.20934	28.05	6.3	0.00	7.48	0.01274	0.01293	0.01653	0.00809	0.00602	0.00660	0.00470	0.01271	0.01690	0.00702	0.00724	0.00921	0.01495	0.01099	0.01200	0.00227	0.00643	0.00900
42710	0.05420	0.06966	0.03851	1.17849	1.23370	1.15257	0.61458	0.35151	0.19225	0.89189	0.86572	0.28801	0.15217	0.14775	0.11422	1.02718	1.10865	1.21536
42880	0.06275	0.07401	0.04322	1.18510	1.24012	1.15940	0.62398	0.35699	0.19605	0.89656	0.87102	0.29208	0.15055	0.14708	0.11002	1.02769	1.10609	1.21180
43040	0.06029	0.07581	0.04214	1.18477	1.24103	1.16049	0.62480	0.36066	0.19747	0.89769	0.87098	0.29337	0.15293	0.14702	0.10912	1.03179	1.10837	1.21312
43200	0.05968	0.07057	0.04089	1.18331	1.23840	1.15680	0.61560	0.35649	0.19333	0.89569	0.86783	0.29056	0.14723	0.14362	0.10884	1.02480	1.10390	1.20881
43370	0.06045	0.07407	0.04429	1.18427	1.24111	1.16053	0.61936	0.35952	0.19830	0.89850	0.87243	0.29386	0.15358	0.14935	0.11378	1.03036	1.10744	1.21291
43530	0.06038	0.07175	0.04079	1.18365	1.23876	1.15748	0.61339	0.35595	0.19561	0.89564	0.86842	0.29096	0.14875	0.14327	0.11114	1.02511	1.10266	1.20881
43690	0.06138	0.07521	0.04337	1.18417	1.24068	1.16031	0.61647	0.36034	0.19614	0.89818	0.87285	0.29305	0.15117	0.14542	0.10997	1.02853	1.10747	1.21300
43860	0.06002	0.07149	0.03980	1.18268	1.23725	1.15586	0.61914	0.35665	0.19261	0.89588	0.86877	0.29033	0.15100	0.14529	0.11225	1.02746	1.10679	1.21126
44020	0.06074	0.07383	0.04037	1.18558	1.24230	1.16051	0.61941	0.35820	0.19781	0.89264	0.86674	0.28991	0.15141	0.14601	0.11138	1.02539	1.10769	1.21196
44180	0.05965	0.06954	0.03919	1.18225	1.23818	1.15707	0.61333	0.35619	0.19334	0.89352	0.86721	0.28979	0.14772	0.14494	0.10836	1.02462	1.10300	1.20768	28.11	6.2	0.00	7.42	0.01274	0.01293	0.01653	0.00809	0.00602	0.00660	0.00470	0.01271	0.01690	0.00702	0.00724	0.00921	0.01495	0.01099	0.01200	0.00227	0.00643	0.00900
44340	0.08335	0.09584	0.00733	1.18143	1.23872	1.15923	-0.10622	0.04620	-0.02455	0.89726	0.87105	0.29283	-0.01946	-0.07107	-0.09461	1.02605	1.10676	1.21111
44510	-0.19240	-0.34324	-0.38515	1.18189	1.23668	1.15537	-1.44619	-0.43356	-0.36946	0.89515	0.86798	0.28920	-0.45454	-0.50601	-0.48305	1.02268	1.10347	1.20882
44670	-0.46026	-0.30198	-0.19584	1.18184	1.23768	1.15797	-0.59854	-0.04510	-0.08124	0.89694	0.86976	0.29173	-0.10408	-0.19161	-0.19188	1.02581	1.10644	1.21128
44840	-0.23716	-0.23460	-0.22912	1.18298	1.23867	1.15617	-0.58983	-0.10017	-0.08041	0.89551	0.86968	0.29065	-0.13477	-0.21994	-0.23796	1.02371	1.10437	1.20987
45000	-0.21839	-0.15540	-0.11010	1.18244	1.24011	1.15930	-0.09759	0.01307	-0.08686	0.89879	0.87338	0.29331	-0.06439	-0.14524	-0.17816	1.02824	1.10854	1.21408
45160	-0.19589	-0.19924	-0.18886	1.18438	1.23810	1.15677	-0.33228	0.00253	-0.03923	0.89581	0.86947	0.29067	-0.04240	-0.11490	-0.10577	1.02661	1.10648	1.21225
45330	-0.20086	-0.10587	-0.05564	1.18337	1.23762	1.15755	0.22550	0.18812	0.07185	0.89454	0.86868	0.29006	0.02251	-0.01546	-0.04714	1.02621	1.10567	1.21044
45490	-0.09309	-0.09353	-0.10187	1.18222	1.23646	1.15562	-0.05986	0.14008	0.05554	0.89443	0.86805	0.28937	0.01406	-0.03384	-0.06389	1.02788	1.10715	1.21314
45650	-0.09036	-0.04704	-0.03069	1.18364	1.23850	1.15639	0.31746	0.26781	0.13489	0.89574	0.86933	0.29113	0.09456	0.05885	0.04843	1.02550	1.10562	1.21129
45820	0.02704	0.07199	-0.04097	1.18104	1.23718	1.15526	0.07838	0.20484	0.12807	0.89314	0.86716	0.28890	0.09456	0.06693	0.01848	1.03022	1.11029	1.21657	28.11	6.1	0.00	7.51	0.01274	0.01293	0.01653	0.00809	0.00602	0.00660	0.00470	0.01271	0.01690	0.00702	0.00724	0.00921	0.01495	0.01099	0.01200	0.00227	0.00643	0.00900
45980	-0.04978	-0.00923	-0.00871	1.18713	1.24122	1.15888	0.44934	0.25347	0.11677	0.89634	0.86993	0.29169	0.04378	0.02225	0.03604	1.02819	1.10699	1.21269
46150	0.03720	0.00654	-0.03066	1.18687	1.24179	1.16018	0.32726	0.28818	0.14337	0.89858	0.87182	0.29287	0.13555	0.10288	0.05883	1.03208	1.10859	1.21503
46310	-0.02410	0.03237	0.03915	1.18452	1.23901	1.15693	0.72553	0.33930	0.17847	0.89556	0.86935	0.28965	0.14582	0.16680	0.15593	1.02577	1.10387	1.21040
46470	0.01816	0.02836	0.01000	1.18652	1.24163	1.16050	0.52194	0.32167	0.17955	0.89882	0.87169	0.29360	0.14849	0.13709	0.07001	1.03002	1.10871	1.21364
46640	0.04071	0.07390	0.05367	1.18442	1.23767	1.15652	0.64290	0.36893	0.19837	0.89496	0.86946	0.29023	0.15073	0.12914	0.08573	1.02398	1.10301	1.20938
46800	0.01624	0.03232	-0.00018	1.18349	1.23918	1.15821	0.39392	0.26727	0.13873	0.89610	0.87016	0.29133	0.06935	0.05544	0.03837	1.02585	1.10490	1.21240
46960	0.00962	-0.00335	-0.02558	1.18213	1.23773	1.15509	0.55175	0.35594	0.17049	0.89340	0.86859	0.28963	0.10958	0.09870	0.09289	1.02446	1.10314	1.20969
47130	0.04741	0.06543	0.01845	1.17987	1.23540	1.15344	0.47539	0.29280	0.16554	0.89219	0.86680	0.28771	0.13296	0.14864	0.09506	1.02672	1.10761	1.21358
47290	0.01232	0.00935	-0.00121	1.18464	1.23927	1.15599	0.47147	0.29833	0.13561	0.89447	0.86905	0.29032	0.08829	0.05819	0.01751	1.02549	1.10446	1.21110
47450	-0.04068	-0.02658	-0.03334	1.18105	1.23606	1.15388	0.23026	0.23555	0.11094	0.89280	0.86615	0.28734	0.07943	0.05424	0.05134	1.02537	1.10569	1.21205	28.11	6.1	0.00	7.39	0.01274	0.01293	0.01653	0.00809	0.00602	0.00660	0.00470	0.01271	0.01690	0.00702	0.00724	0.00921	0.01495	0.01099	0.01200	0.00227	0.00643	0.00900
47620	0.01044	0.04644	0.01714	1.18409	1.23846	1.15655	0.48118	0.29928	0.16327	0.89601	0.87016	0.28989	0.11710	0.12366	0.11344	1.03037	1.11141	1.21680
47780	0.08598	0.10613	0.06699	1.18829	1.24348	1.16158	0.76791	0.40687	0.24592	0.89938	0.87325	0.29341	0.19941	0.23431	0.19338	1.03141	1.11023	1.21523
47950	0.15791	0.16648	0.13016	1.18650	1.24143	1.16023	1.08392	0.52428	0.29949	0.89840	0.87124	0.29301	0.24837	0.27292	0.23785	1.02708	1.10842	1.21376
48110	0.15826	0.17644	0.11801	1.18453	1.23954	1.15655	1.07614	0.49520	0.29635	0.89449	0.86954	0.29036	0.24437	0.28501	0.20920	1.02223	1.10366	1.20867
48270	0.03424	-0.14273	0.15677	1.18028	1.23571	1.15428	1.14400	0.51907	0.27469	0.89242	0.86650	0.28707	0.22096	0.23597	0.19745	1.02867	1.10871	1.21475
48430	0.11908	0.14369	0.10037	1.18720	1.24194	1.15968	1.01267	0.47323	0.26683	0.89704	0.87120	0.29229	0.20087	0.22221	0.18158	1.02723	1.10733	1.21265
48600	0.11462	0.11962	0.08196	1.18307	1.23814	1.15630	0.87094	0.44249	0.25412	0.89393	0.86829	0.28916	0.23510	0.25820	0.18820	1.02696	1.10774	1.21365
48760	0.11753	0.14297	0.10228	1.18567	1.24120	1.15815	0.83666	0.42498	0.23568	0.89548	0.86940	0.29131	0.19133	0.20614	0.17414	1.02453	1.10622	1.21141
48920	0.09864	0.10761	0.06163	1.18215	1.23680	1.15498	0.73332	0.38764	0.22580	0.89265	0.86602	0.28782	0.17762	0.19063	0.14358	1.02473	1.10650	1.21254
49090	0.09269	0.09622	0.06835	1.18288	1.23791	1.15709	0.74149	0.40566	0.21774	0.89488	0.86708	0.29016	0.17291	0.16311	0.13345	1.02095	1.10604	1.21040	28.11	6.2	0.00	7.45	0.01274	0.01293	0.01653	0.00809	0.00602	0.00660	0.00470	0.01271	0.01690	0.00702	0.00724	0.00921	0.01495	0.01099	0.01200	0.00227	0.00643	0.00900
49250	0.06249	0.08470	0.04475	1.18166	1.23684	1.15575	0.65882	0.36076	0.20057	0.89371	0.86714	0.28862	0.15143	0.15575	0.12048	1.02309	1.10719	1.21245
49410	0.06349	0.07648	0.04193	1.18265	1.23857	1.15735	0.67046	0.37947	0.22127	0.89574	0.86878	0.28947	0.17425	0.18964	0.14165	1.02345	1.10597	1.21125
49580	0.08372	0.08329	0.05329	1.18237	1.23755	1.15705	0.65643	0.37745	0.20292	0.89300	0.86822	0.28872	0.16405	0.14918	0.11881	1.02838	1.11023	1.21495
49740	0.06268	0.07881	0.04523	1.18598	1.24046	1.15962	0.61919	0.35709	0.19125	0.89640	0.86966	0.29210	0.14162	0.13435	0.11209	1.02309	1.10694	1.21182
49910	0.05366	0.07227	0.03454	1.18614	1.24077	1.16032	0.60402	0.34581	0.19790	0.89740	0.87148	0.29316	0.13682	0.13828	0.09794	1.02627	1.10838	1.21361
50070	0.06744	0.07319	0.04913	1.18377	1.23864	1.15722	0.60385	0.35844	0.18592	0.89486	0.86819	0.28971	0.13214	0.10775	0.08742	1.02154	1.10411	1.20912
50230	0.04225	0.06399	0.03055	1.18478	1.24145	1.16000	0.57795	0.33617	0.18609	0.89691	0.87086	0.29271	0.13468	0.13872	0.11075	1.02750	1.10821	1.21278
50400	0.06237	0.07327	0.04389	1.18393	1.23793	1.15781	0.64272	0.36884	0.21171	0.89414	0.86812	0.28962	0.17699	0.18138	0.12930	1.02333	1.10393	1.20931
50560	0.07652	0.08760	0.05453	1.18489	1.24001	1.15913	0.65507	0.36635	0.19454	0.89761	0.87040	0.29207	0.15915	0.16243	0.14525	1.02679	1.10808	1.21167
50720	0.08230	0.10162	0.06178	1.18243	1.23809	1.15647	0.76566	0.40099	0.23513	0.89469	0.86960	0.28960	0.18474	0.19891	0.14143	1.02111	1.10353	1.20858	28.11	6.0	0.00	7.45	0.01274	0.01293	0.01653	0.00809	0.00602	0.00660	0.00470	0.01271	0.01690	0.00702	0.00724	0.00921	0.01495	0.01099	0.01200	0.00227	0.00643	0.00900
50890	0.08802	0.09071	0.06254	1.18375	1.24029	1.15979	0.68447	0.39330	0.20888	0.89728	0.87198	0.29237	0.15418	0.12913	0.09647	1.02600	1.10685	1.21190
51050	0.02723	0.04424	0.01342	1.18277	1.23831	1.15653	0.49639	0.29465	0.14584	0.89540	0.86886	0.29008	0.07523	0.04702	0.01858	1.02087	1.10304	1.20798
51210	-0.02058	-0.01509	-0.02860	1.18284	1.23908	1.15866	0.27971	0.25464	0.13356	0.89744	0.87113	0.29166	0.08076	0.05095	0.01708	1.02497	1.10556	1.21120
51380	-0.01473	-0.00194	-0.00767	1.18216	1.23807	1.15675	0.35911	0.27356	0.13064	0.89643	0.86936	0.28918	0.08850	0.05480	0.04415	1.02258	1.10772	1.21167
51540	-0.00488	0.01855	-0.00872	1.18362	1.23886	1.15789	0.42337	0.27866	0.15856	0.89660	0.87034	0.29149	0.11079	0.10661	0.07037	1.02358	1.10525	1.21049
