WetView ver 7.1	07-17-2019	11:22:21
AC9 Absorption and Attenuation Meter
00000311		; Serial number
2	; structure version number
Reserved
0.000000	0.000000		; Depth calibration
19200			; Baud rate
0.100000			; Path length (meters)
23			; number of temperature calibration bins
				12.61517	13.44096	14.46844	15.49904	16.50682	17.50108	18.49752	19.51783	20.49177	21.49009	22.48286	23.50673	24.54012	25.54812	26.49986	27.49321	28.50960	29.48671	30.47471	31.49432	32.50437	33.48679	34.49133	; temperature bins
a650	Blue	18.61587		0.01156	0.01096	0.01010	0.00930	0.00851	0.00774	0.00661	0.00573	0.00499	0.00402	0.00285	0.00203	0.00096	0.00000	-0.00110	-0.00152	-0.00210	-0.00247	-0.00259	-0.00317	-0.00346	-0.00380	-0.00403		; offset and temperature correction info
a676	Green	18.78942		0.00964	0.00899	0.00863	0.00813	0.00730	0.00639	0.00545	0.00448	0.00385	0.00301	0.00233	0.00165	0.00046	0.00000	-0.00106	-0.00167	-0.00251	-0.00280	-0.00316	-0.00329	-0.00377	-0.00392	-0.00441		; offset and temperature correction info
a715	Brown	18.59217		0.01171	0.01109	0.01043	0.00975	0.00878	0.00789	0.00685	0.00572	0.00469	0.00356	0.00255	0.00160	0.00061	0.00000	-0.00063	-0.00113	-0.00152	-0.00183	-0.00226	-0.00293	-0.00364	-0.00404	-0.00473		; offset and temperature correction info
c510	Red	18.18396		-0.00549	-0.00480	-0.00383	-0.00272	-0.00202	-0.00118	-0.00044	-0.00038	-0.00015	-0.00021	0.00013	0.00007	-0.00007	0.00000	-0.00007	-0.00065	-0.00045	-0.00018	0.00007	0.00039	-0.00001	-0.00002	-0.00045		; offset and temperature correction info
c532	Magenta	18.26528		-0.00721	-0.00645	-0.00581	-0.00518	-0.00465	-0.00345	-0.00281	-0.00270	-0.00182	-0.00141	-0.00108	-0.00072	-0.00022	0.00000	0.00044	0.00030	0.00031	-0.00006	-0.00052	-0.00089	-0.00142	-0.00149	-0.00154		; offset and temperature correction info
c555	Black	18.37125		-0.00430	-0.00419	-0.00381	-0.00319	-0.00286	-0.00254	-0.00205	-0.00196	-0.00138	-0.00137	-0.00067	-0.00051	-0.00030	0.00000	0.00067	0.00087	0.00057	0.00027	-0.00015	-0.00089	-0.00127	-0.00137	-0.00150		; offset and temperature correction info
a412	LtBlue	15.33566		-0.06011	-0.05567	-0.05012	-0.04441	-0.03922	-0.03412	-0.02941	-0.02503	-0.02049	-0.01588	-0.01121	-0.00784	-0.00311	0.00000	0.00273	0.00611	0.00757	0.00871	0.01066	0.01299	0.01539	0.01781	0.02175		; offset and temperature correction info
a440	LtGreen	16.05925		-0.01380	-0.01214	-0.01039	-0.00858	-0.00690	-0.00532	-0.00426	-0.00322	-0.00230	-0.00158	-0.00055	0.00006	0.00001	0.00000	0.00017	0.00016	-0.00094	-0.00222	-0.00363	-0.00486	-0.00567	-0.00651	-0.00782		; offset and temperature correction info
a488	Yellow	16.82827		0.00255	0.00293	0.00331	0.00354	0.00373	0.00378	0.00363	0.00350	0.00291	0.00225	0.00215	0.00142	0.00099	0.00000	-0.00092	-0.00169	-0.00295	-0.00396	-0.00479	-0.00542	-0.00582	-0.00604	-0.00663		; offset and temperature correction info
c650	Blue	18.49287		-0.00570	-0.00516	-0.00456	-0.00403	-0.00346	-0.00232	-0.00132	-0.00122	-0.00073	-0.00066	-0.00035	-0.00016	0.00003	0.00000	0.00044	0.00078	0.00108	0.00057	0.00040	-0.00042	-0.00033	-0.00029	-0.00034		; offset and temperature correction info
c676	Green	18.50570		0.00299	0.00293	0.00287	0.00293	0.00278	0.00294	0.00317	0.00251	0.00243	0.00215	0.00139	0.00123	0.00068	0.00000	-0.00041	-0.00106	-0.00205	-0.00268	-0.00325	-0.00413	-0.00495	-0.00610	-0.00674		; offset and temperature correction info
c715	Brown	17.88888		0.00826	0.00812	0.00773	0.00790	0.00766	0.00758	0.00753	0.00650	0.00571	0.00461	0.00359	0.00222	0.00101	0.00000	-0.00146	-0.00284	-0.00385	-0.00448	-0.00463	-0.00513	-0.00623	-0.00715	-0.00838		; offset and temperature correction info
a510	Red	17.18050		0.00353	0.00364	0.00354	0.00361	0.00381	0.00381	0.00356	0.00332	0.00277	0.00229	0.00176	0.00116	0.00036	0.00000	-0.00014	-0.00069	-0.00088	-0.00147	-0.00150	-0.00129	-0.00120	-0.00134	-0.00091		; offset and temperature correction info
a532	Magenta	17.40228		0.00550	0.00548	0.00526	0.00479	0.00464	0.00422	0.00393	0.00328	0.00253	0.00212	0.00136	0.00085	0.00039	0.00000	-0.00059	-0.00146	-0.00188	-0.00262	-0.00330	-0.00393	-0.00491	-0.00540	-0.00605		; offset and temperature correction info
a555	Black	17.72308		0.00849	0.00832	0.00800	0.00760	0.00724	0.00655	0.00580	0.00495	0.00435	0.00347	0.00252	0.00153	0.00049	0.00000	-0.00050	-0.00155	-0.00214	-0.00306	-0.00350	-0.00411	-0.00470	-0.00539	-0.00570		; offset and temperature correction info
c412	LtBlue	16.72802		-0.05949	-0.05458	-0.04744	-0.04134	-0.03547	-0.03064	-0.02511	-0.02047	-0.01574	-0.01163	-0.00761	-0.00442	-0.00204	0.00000	0.00100	0.00051	-0.00043	-0.00239	-0.00475	-0.00629	-0.00827	-0.00955	-0.01337		; offset and temperature correction info
c440	LtGreen	17.42637		-0.02723	-0.02503	-0.02216	-0.01930	-0.01691	-0.01394	-0.01125	-0.00926	-0.00732	-0.00582	-0.00401	-0.00226	-0.00093	0.00000	0.00082	0.00123	0.00133	0.00097	0.00038	-0.00003	-0.00022	-0.00023	-0.00125		; offset and temperature correction info
c488	Yellow	18.03666		-0.00640	-0.00554	-0.00465	-0.00357	-0.00276	-0.00154	-0.00067	-0.00031	-0.00014	-0.00012	0.00046	0.00032	0.00020	0.00000	0.00001	-0.00024	-0.00060	-0.00084	-0.00126	-0.00180	-0.00276	-0.00304	-0.00427		; offset and temperature correction info
0.003500	0.004000	0.015000	0.020000	0.015000	0.020000	2500.000000	2000.000000	1000.000000	; maxANoise	maxCNoise	maxADifference	maxCDifference	minACounts	minCCounts	minRCounts	maxTempSdev	maxDepthSdev
0			; auxilliary capabilities
1			; acquisition binsize
0	1.73589	1.72846	1.64140	6.90206	6.77955	6.65204	4.10766	3.15240	2.37935	6.48026	6.50450	6.41168	2.18331	2.03926	1.92776	8.41804	7.67101	7.05368	35.37	6.0	0.00	-2.04	0.01726	0.01195	0.01513	0.01834	0.01894	0.01481	0.00544	0.01509	0.01998	0.01863	0.01294	0.01648	0.01700	0.01757	0.01373	0.00575	0.01618	0.02154
170	1.73443	1.72908	1.64298	6.90300	6.78051	6.65485	4.10784	3.15488	2.38116	6.48319	6.50799	6.41355	2.18862	2.04328	1.92888	8.42421	7.67270	7.05578
330	1.73764	1.72664	1.63855	6.90145	6.77795	6.64945	4.11084	3.15435	2.38086	6.47815	6.50432	6.41002	2.19073	2.04376	1.92885	8.42070	7.67537	7.05933
490	1.73596	1.72058	1.63319	6.90808	6.78567	6.65828	4.09103	3.13294	2.35734	6.48313	6.51353	6.41879	2.15947	2.00820	1.89536	8.43373	7.68659	7.07134
650	1.69855	1.68864	1.60107	6.92632	6.80159	6.67147	4.03645	3.07669	2.31069	6.49248	6.52605	6.43054	2.12040	1.97312	1.86309	8.45158	7.70120	7.08716
810	1.67924	1.67462	1.58633	6.94407	6.81850	6.68591	4.00756	3.06012	2.29188	6.50479	6.53949	6.44185	2.10436	1.95724	1.84286	8.47132	7.72382	7.10798
980	1.66168	1.65921	1.57223	6.96314	6.83514	6.70006	3.97642	3.04614	2.28320	6.51334	6.54756	6.44913	2.09690	1.95764	1.85335	8.48442	7.73332	7.11447
1160	1.67156	1.66728	1.58490	6.96487	6.83770	6.70063	4.00162	3.05880	2.29623	6.51808	6.54862	6.44873	2.12033	1.98633	1.88661	8.47009	7.70989	7.08823
1330	1.71884	1.71654	1.63412	6.93604	6.80998	6.67779	4.10298	3.15508	2.38857	6.50148	6.52141	6.42741	2.21752	2.07110	1.95695	8.44837	7.68728	7.06731
1490	1.75877	1.74922	1.66018	6.91102	6.78854	6.66113	4.13685	3.17926	2.40109	6.48928	6.51340	6.41943	2.21669	2.05784	1.94393	8.43414	7.68481	7.07065
1640	1.75198	1.73287	1.64348	6.91566	6.79222	6.66796	4.09926	3.13494	2.35508	6.49364	6.52413	6.43317	2.16330	2.00281	1.89021	8.45503	7.70959	7.09376	35.37	6.8	0.00	-2.04	0.01727	0.01197	0.01514	0.01833	0.01893	0.01480	0.00545	0.01511	0.02001	0.01863	0.01293	0.01647	0.01702	0.01759	0.01375	0.00575	0.01617	0.02153
1790	1.69325	1.68039	1.59314	6.95226	6.82623	6.69314	4.02408	3.06828	2.29591	6.51026	6.54525	6.44940	2.10616	1.95927	1.85254	8.47715	7.73276	7.11196
1960	1.66717	1.66288	1.57723	6.96655	6.83648	6.70099	3.99329	3.04959	2.28653	6.51453	6.54634	6.44944	2.10716	1.97240	1.86455	8.47125	7.72194	7.09897
2120	1.68220	1.68267	1.59981	6.93912	6.81057	6.68016	4.03901	3.10237	2.34448	6.50033	6.52348	6.42533	2.17395	2.03619	1.93345	8.43423	7.68078	7.06268
2280	1.74292	1.73718	1.65324	6.90474	6.78243	6.65993	4.14228	3.18030	2.40387	6.48282	6.50666	6.41268	2.22317	2.06852	1.95706	8.41631	7.67006	7.05426
2430	1.75703	1.74706	1.65336	6.90187	6.78104	6.65564	4.12859	3.16646	2.38537	6.48397	6.51193	6.41893	2.19376	2.03447	1.92126	8.42805	7.68391	7.06953
2580	1.71716	1.70442	1.61289	6.92478	6.80147	6.67651	4.03487	3.08345	2.31027	6.50089	6.53160	6.43986	2.12491	1.97130	1.86300	8.46563	7.71559	7.09960
2740	1.67416	1.66829	1.57927	6.95100	6.82294	6.69289	3.99233	3.05152	2.28093	6.50972	6.54338	6.44780	2.09911	1.95345	1.84860	8.47452	7.72069	7.10477
2900	1.66607	1.66266	1.57884	6.95709	6.82860	6.69609	3.99614	3.05317	2.29046	6.51278	6.54524	6.44908	2.10750	1.96295	1.85234	8.47243	7.72231	7.10600
3060	1.67281	1.66991	1.58406	6.96102	6.83349	6.70257	4.01439	3.06101	2.29403	6.51950	6.55214	6.45518	2.11127	1.96640	1.85853	8.48023	7.73069	7.11055
3230	1.68838	1.67906	1.59440	6.95341	6.82500	6.69488	4.02148	3.07499	2.31045	6.51344	6.54308	6.44898	2.12490	1.97995	1.87317	8.46716	7.72050	7.10194	35.31	6.1	0.00	-2.04	0.01730	0.01198	0.01516	0.01831	0.01891	0.01479	0.00546	0.01514	0.02004	0.01862	0.01293	0.01646	0.01705	0.01762	0.01377	0.00574	0.01615	0.02151
3390	1.68715	1.68169	1.59711	6.95321	6.82530	6.69391	4.02441	3.07912	2.31332	6.51390	6.54526	6.44989	2.12775	1.98526	1.87293	8.46807	7.71995	7.10062
3550	1.68921	1.68441	1.59977	6.95550	6.82825	6.69734	4.03582	3.08323	2.31720	6.51777	6.54785	6.45344	2.13208	1.98729	1.87703	8.47084	7.72441	7.10683
3720	1.68701	1.68322	1.59647	6.95572	6.82759	6.69606	4.02900	3.07695	2.31361	6.51632	6.54620	6.45061	2.12438	1.98183	1.87466	8.46807	7.72171	7.10356
3880	1.69021	1.68613	1.59943	6.95855	6.83137	6.69911	4.03077	3.08636	2.31811	6.51980	6.55078	6.45513	2.13066	1.98578	1.87486	8.47715	7.72756	7.10946
4050	1.68726	1.68431	1.59566	6.95844	6.83019	6.69716	4.02893	3.08099	2.31447	6.51707	6.54848	6.45098	2.12991	1.98428	1.87625	8.47184	7.72563	7.10668
4210	1.68931	1.68324	1.59677	6.95544	6.82831	6.69532	4.02586	3.08137	2.31690	6.51581	6.54674	6.44940	2.12851	1.98583	1.87316	8.46902	7.72093	7.10407
4370	1.68847	1.68120	1.59614	6.95321	6.82563	6.69366	4.02978	3.07985	2.31412	6.51335	6.54269	6.44883	2.12682	1.98581	1.87588	8.46975	7.72180	7.10404
4540	1.68815	1.68562	1.59996	6.95530	6.82855	6.69537	4.03267	3.08362	2.31699	6.51658	6.54603	6.45119	2.12977	1.98829	1.87922	8.47379	7.72609	7.10889
4700	1.69036	1.68638	1.59995	6.95951	6.83149	6.69983	4.03857	3.08422	2.31842	6.52001	6.55000	6.45392	2.13414	1.98856	1.87741	8.47465	7.72706	7.10780
4870	1.69733	1.69165	1.60595	6.95015	6.82369	6.69220	4.05124	3.09624	2.32858	6.51421	6.54197	6.44887	2.14115	1.99772	1.88721	8.46677	7.71862	7.09999	35.31	6.2	0.00	-2.04	0.01732	0.01199	0.01518	0.01830	0.01890	0.01478	0.00547	0.01517	0.02007	0.01861	0.01292	0.01646	0.01707	0.01764	0.01378	0.00574	0.01614	0.02150
5030	1.69897	1.69261	1.60555	6.94942	6.82247	6.69287	4.04708	3.09695	2.33047	6.51530	6.54322	6.44868	2.14184	1.99976	1.89043	8.47049	7.72377	7.10481
5200	1.70263	1.69508	1.61018	6.95285	6.82618	6.69535	4.04888	3.09981	2.33239	6.51859	6.54710	6.45289	2.14349	2.00063	1.88881	8.46722	7.72048	7.10187
5360	1.70004	1.69403	1.61001	6.95045	6.82478	6.69506	4.05555	3.09880	2.33250	6.51802	6.54637	6.45243	2.14333	1.99888	1.88867	8.46695	7.71995	7.10237
5520	1.69824	1.69175	1.60696	6.94880	6.82246	6.69337	4.04715	3.09462	2.32813	6.51401	6.54355	6.44894	2.14041	1.99717	1.88755	8.46354	7.71723	7.10045
5690	1.69913	1.69138	1.60587	6.94865	6.82295	6.69349	4.03966	3.09417	2.32884	6.51521	6.54428	6.44860	2.13941	1.99795	1.88775	8.46268	7.71593	7.09849
5850	1.69860	1.69167	1.60558	6.94466	6.81882	6.68948	4.04361	3.09411	2.32803	6.51219	6.54150	6.44594	2.14210	2.00241	1.89158	8.46708	7.71955	7.10198
6020	1.70050	1.69478	1.60846	6.94883	6.82226	6.69282	4.04729	3.10076	2.33104	6.51712	6.54452	6.44985	2.14279	2.00007	1.88952	8.46595	7.71881	7.10122
6180	1.69916	1.69461	1.60586	6.94678	6.82200	6.69397	4.05432	3.09984	2.33221	6.51622	6.54402	6.45010	2.14122	1.99915	1.88841	8.46432	7.71826	7.10196
6350	1.69995	1.69334	1.60950	6.95027	6.82318	6.69495	4.05022	3.10011	2.33366	6.51753	6.54547	6.45182	2.14084	1.99769	1.88734	8.46536	7.71988	7.10267
6510	1.70474	1.69923	1.61260	6.94397	6.81793	6.68980	4.05238	3.10860	2.33825	6.51330	6.54067	6.44828	2.14917	2.00729	1.89461	8.46135	7.71663	7.10155	35.31	6.1	0.00	-2.04	0.01733	0.01200	0.01518	0.01829	0.01890	0.01478	0.00548	0.01518	0.02009	0.01860	0.01292	0.01645	0.01708	0.01766	0.01379	0.00573	0.01613	0.02149
6680	1.70428	1.69789	1.61076	6.94820	6.82184	6.69348	4.06068	3.10592	2.33853	6.51658	6.54538	6.45046	2.14936	2.00548	1.89430	8.46221	7.71788	7.10114
6840	1.70526	1.70084	1.61203	6.94814	6.82250	6.69508	4.05987	3.10786	2.33984	6.51694	6.54647	6.45247	2.14896	2.00528	1.89588	8.46230	7.71721	7.10060
7010	1.70624	1.70031	1.61406	6.94920	6.82530	6.69516	4.06291	3.10914	2.34188	6.51841	6.54662	6.45353	2.15045	2.00849	1.89647	8.46471	7.71691	7.10116
7170	1.70496	1.70006	1.61073	6.94622	6.82001	6.69147	4.05658	3.10629	2.34079	6.51575	6.54319	6.45065	2.14965	2.00432	1.89530	8.46067	7.71522	7.10031
7340	1.70429	1.69962	1.61167	6.94695	6.82249	6.69575	4.06096	3.10901	2.34130	6.51684	6.54595	6.45369	2.14931	2.00713	1.89520	8.46244	7.71719	7.10232
7510	1.70719	1.69988	1.61239	6.94961	6.82445	6.69705	4.04815	3.10914	2.34022	6.51777	6.54763	6.45381	2.15063	2.00992	1.89862	8.46512	7.72128	7.10727
7670	1.70711	1.70184	1.61539	6.95330	6.82818	6.70035	4.05916	3.11046	2.34297	6.52141	6.55071	6.45683	2.15188	2.00801	1.89433	8.46321	7.71812	7.10379
7840	1.70477	1.69903	1.61141	6.95100	6.82415	6.69611	4.05944	3.10576	2.33762	6.51870	6.54774	6.45501	2.14725	2.00309	1.89491	8.46289	7.71543	7.10159
8000	1.70216	1.69925	1.61309	6.94981	6.82462	6.69899	4.05973	3.10961	2.33991	6.51989	6.55076	6.45736	2.14726	2.00556	1.89548	8.46444	7.71695	7.10384
8170	1.70942	1.70161	1.61577	6.94671	6.82104	6.69299	4.06476	3.11122	2.34368	6.51578	6.54696	6.45267	2.15492	2.01373	1.90247	8.46073	7.71670	7.10373	35.31	6.1	0.00	-2.04	0.01733	0.01201	0.01519	0.01829	0.01889	0.01477	0.00548	0.01519	0.02010	0.01860	0.01291	0.01645	0.01709	0.01767	0.01380	0.00573	0.01612	0.02148
8330	1.71384	1.70353	1.61859	6.95045	6.82559	6.69688	4.06300	3.11300	2.34542	6.51848	6.55069	6.45507	2.15224	2.00931	1.89927	8.45719	7.71383	7.10073
8500	1.70929	1.70200	1.61786	6.95001	6.82521	6.69581	4.07236	3.11463	2.34496	6.51792	6.55076	6.45594	2.15365	2.01115	1.89904	8.45320	7.71240	7.09943
8660	1.70902	1.70371	1.61539	6.95012	6.82437	6.69697	4.06847	3.11233	2.34482	6.51895	6.55108	6.45656	2.15396	2.00899	1.89974	8.45615	7.71407	7.09972
8830	1.70872	1.70126	1.61535	6.94928	6.82276	6.69389	4.06300	3.11038	2.34264	6.51751	6.54932	6.45569	2.15459	2.01033	1.89945	8.45828	7.71416	7.10200
8990	1.71111	1.70368	1.61714	6.95020	6.82459	6.69481	4.05608	3.11129	2.34410	6.51995	6.55225	6.45776	2.15281	2.00963	1.89661	8.45469	7.71102	7.09784
9160	1.70945	1.70472	1.61897	6.95200	6.82702	6.69904	4.06946	3.11504	2.34482	6.52107	6.55458	6.45909	2.15618	2.01277	1.90229	8.45501	7.71249	7.10123
9320	1.71080	1.70344	1.61569	6.94985	6.82317	6.69477	4.06579	3.11108	2.34468	6.51759	6.55130	6.45671	2.15553	2.01221	1.90144	8.45796	7.71618	7.10273
9480	1.71061	1.70564	1.61844	6.95315	6.82555	6.69736	4.06381	3.11547	2.34591	6.51946	6.55277	6.45852	2.15241	2.00990	1.90051	8.45615	7.71195	7.09974
9650	1.70957	1.70191	1.61661	6.95040	6.82452	6.69564	4.06671	3.11351	2.34337	6.51875	6.55203	6.45839	2.15213	2.00997	1.89818	8.45451	7.71050	7.09751
9810	1.71096	1.70588	1.61790	6.94532	6.81959	6.69063	4.05993	3.11423	2.34534	6.51422	6.54837	6.45531	2.15696	2.01482	1.90346	8.45230	7.70941	7.09785	35.37	6.1	0.00	-2.04	0.01734	0.01201	0.01520	0.01828	0.01889	0.01477	0.00548	0.01520	0.02011	0.01859	0.01291	0.01645	0.01710	0.01767	0.01381	0.00573	0.01612	0.02148
9980	1.71339	1.70686	1.61976	6.94792	6.82241	6.69534	4.07130	3.11909	2.34994	6.51920	6.55196	6.45859	2.15920	2.01699	1.90370	8.45339	7.71421	7.10131
10140	1.71343	1.70882	1.62136	6.95258	6.82589	6.69833	4.07762	3.12115	2.35171	6.52149	6.55611	6.46143	2.16217	2.01511	1.90452	8.45602	7.71238	7.09951
10310	1.71336	1.70693	1.61983	6.95074	6.82309	6.69425	4.06992	3.11866	2.34794	6.51893	6.55257	6.45857	2.15798	2.01364	1.90294	8.45062	7.70811	7.09690
10470	1.71237	1.70397	1.61593	6.94789	6.82155	6.69324	4.06187	3.11484	2.34758	6.51772	6.55292	6.45893	2.15786	2.01373	1.90196	8.45638	7.71046	7.09888
10640	1.71425	1.70648	1.61942	6.95048	6.82405	6.69452	4.06169	3.11654	2.34852	6.51961	6.55643	6.46091	2.15600	2.01160	1.90108	8.44921	7.70923	7.09690
10800	1.71141	1.70660	1.62124	6.94724	6.82360	6.69539	4.06872	3.12133	2.35099	6.52051	6.55725	6.46156	2.15740	2.01283	1.90230	8.45184	7.71189	7.09759
10970	1.71186	1.70597	1.61836	6.94843	6.82123	6.69274	4.06477	3.11490	2.34614	6.51747	6.55234	6.46000	2.15840	2.01547	1.90610	8.45579	7.71389	7.10086
11130	1.71235	1.70916	1.62124	6.95124	6.82502	6.69628	4.07003	3.12016	2.34799	6.52017	6.55464	6.46129	2.15808	2.01270	1.90295	8.45357	7.70889	7.09769
11300	1.71302	1.70786	1.62254	6.95185	6.82630	6.69808	4.07310	3.12273	2.35039	6.52237	6.55890	6.46311	2.15899	2.01458	1.90316	8.45866	7.71325	7.09999
11460	1.71265	1.70389	1.61799	6.95052	6.82376	6.69493	4.06822	3.11138	2.34350	6.51992	6.55476	6.46157	2.15569	2.01250	1.90203	8.45622	7.71683	7.10473	35.37	6.1	0.00	-2.04	0.01734	0.01201	0.01519	0.01828	0.01889	0.01477	0.00548	0.01520	0.02011	0.01859	0.01291	0.01645	0.01710	0.01767	0.01380	0.00573	0.01612	0.02148
11620	1.71315	1.70663	1.61964	6.95323	6.82617	6.69815	4.06281	3.11560	2.34660	6.52232	6.55885	6.46419	2.15413	2.01175	1.89704	8.45386	7.71189	7.10062
11790	1.71064	1.70389	1.61528	6.94965	6.82334	6.69541	4.07079	3.11429	2.34375	6.52025	6.55733	6.46321	2.15266	2.00825	1.89624	8.45277	7.71062	7.09909
11950	1.70787	1.70265	1.61490	6.94797	6.82331	6.69277	4.06356	3.10965	2.34071	6.51941	6.55645	6.46252	2.15472	2.00970	1.90240	8.45794	7.71515	7.10227
12120	1.71080	1.70443	1.61844	6.95236	6.82710	6.69795	4.06783	3.11585	2.34639	6.52320	6.56074	6.46562	2.15506	2.01120	1.89809	8.45458	7.71174	7.09856
12280	1.71221	1.70592	1.61867	6.95142	6.82532	6.69655	4.06207	3.11777	2.34733	6.52212	6.56013	6.46527	2.15385	2.01067	1.89918	8.45172	7.71046	7.09787
12450	1.71085	1.70511	1.62186	6.95240	6.82638	6.69725	4.06430	3.11633	2.34747	6.52331	6.56104	6.46648	2.15252	2.01092	1.90204	8.45472	7.71181	7.09769
12620	1.71448	1.71250	1.62342	6.94507	6.81694	6.68701	4.07472	3.13007	2.36582	6.51637	6.54848	6.45705	2.18353	2.04854	1.94114	8.44501	7.69736	7.08330
12790	1.75626	1.75288	1.66613	6.92654	6.80187	6.67642	4.14454	3.19235	2.42231	6.51123	6.53761	6.44826	2.22919	2.08608	1.97119	8.41919	7.67201	7.06273
12960	1.77664	1.77155	1.67990	6.90542	6.78530	6.66147	4.16741	3.21943	2.44299	6.50103	6.52475	6.43748	2.24943	2.10004	1.98775	8.40274	7.65777	7.04846
13120	1.78232	1.77260	1.68162	6.89723	6.77875	6.65651	4.17633	3.21563	2.43640	6.49620	6.52134	6.43532	2.24220	2.09302	1.97749	8.40162	7.65563	7.04681	35.37	6.2	0.00	-2.04	0.01733	0.01200	0.01519	0.01829	0.01889	0.01477	0.00548	0.01519	0.02010	0.01860	0.01292	0.01645	0.01709	0.01766	0.01380	0.00573	0.01613	0.02148
13280	1.77822	1.76834	1.67841	6.89449	6.77629	6.65376	4.17172	3.21412	2.43467	6.49350	6.52155	6.43346	2.24472	2.09245	1.97920	8.39972	7.65382	7.04624
13440	1.77390	1.76038	1.67167	6.89455	6.77618	6.65417	4.14402	3.19292	2.41071	6.49208	6.52431	6.43795	2.21863	2.06203	1.94686	8.40726	7.66531	7.05916
13600	1.74553	1.73247	1.64301	6.91218	6.79117	6.66778	4.09678	3.14493	2.36455	6.50254	6.53836	6.44722	2.17310	2.02187	1.90784	8.43332	7.68755	7.07947
13760	1.71097	1.70167	1.61548	6.93732	6.81413	6.68692	4.05107	3.09777	2.32799	6.51869	6.55755	6.46693	2.14100	2.00120	1.89275	8.45499	7.71281	7.10068
13930	1.70394	1.70167	1.61571	6.96034	6.83403	6.70239	4.05323	3.11326	2.34317	6.52843	6.56715	6.47275	2.15518	2.01484	1.90539	8.46675	7.72477	7.11170
14100	1.71267	1.70634	1.61948	6.96697	6.83985	6.70481	4.05757	3.11123	2.34371	6.53332	6.57046	6.47816	2.15160	2.01112	1.89819	8.46807	7.72405	7.11062
14260	1.70965	1.70221	1.61805	6.96601	6.83911	6.70579	4.05580	3.11121	2.34567	6.53286	6.57138	6.47734	2.15345	2.01156	1.89668	8.46280	7.72174	7.10950
14430	1.70876	1.70514	1.62010	6.96637	6.83946	6.70645	4.06219	3.11109	2.34267	6.53390	6.57254	6.47947	2.15272	2.01077	1.90028	8.46412	7.72221	7.10963
14600	1.70952	1.70286	1.61800	6.96594	6.83946	6.70519	4.06297	3.11100	2.34196	6.53254	6.57235	6.47857	2.15256	2.00852	1.89774	8.46766	7.72286	7.11013
14760	1.71182	1.70175	1.61872	6.96241	6.83620	6.70161	4.05897	3.11166	2.34337	6.52966	6.56853	6.47533	2.15593	2.01350	1.90092	8.46568	7.72361	7.11100	35.31	6.1	0.00	-2.04	0.01734	0.01201	0.01519	0.01828	0.01889	0.01477	0.00548	0.01520	0.02011	0.01859	0.01291	0.01645	0.01710	0.01767	0.01381	0.00573	0.01612	0.02148
14930	1.71123	1.70511	1.61840	6.96764	6.83883	6.70532	4.07171	3.11672	2.34390	6.53287	6.57246	6.47879	2.15445	2.01003	1.90169	8.46763	7.72244	7.10957
15090	1.70983	1.70307	1.61727	6.96531	6.83865	6.70471	4.05770	3.11307	2.34273	6.53354	6.57245	6.47934	2.15555	2.00840	1.89901	8.46740	7.72260	7.10973
15260	1.71178	1.70419	1.61969	6.96954	6.84366	6.70993	4.06133	3.11530	2.34705	6.53695	6.57611	6.48192	2.15721	2.01224	1.90210	8.47186	7.72705	7.11362
15420	1.71045	1.70157	1.61725	6.96878	6.84186	6.70713	4.06514	3.11103	2.34237	6.53452	6.57436	6.48111	2.15281	2.01006	1.89591	8.46749	7.72457	7.11065
15590	1.70681	1.69935	1.61626	6.96701	6.84054	6.70655	4.06355	3.11012	2.34108	6.53417	6.57365	6.48101	2.15208	2.00668	1.89761	8.46799	7.72594	7.11072
15750	1.70712	1.70023	1.61706	6.96853	6.84021	6.70679	4.06465	3.10876	2.34220	6.53396	6.57390	6.47972	2.15283	2.00703	1.89412	8.46504	7.72305	7.10903
15910	1.70434	1.70057	1.61649	6.96657	6.84189	6.70855	4.05988	3.11261	2.34532	6.53663	6.57688	6.48200	2.15534	2.01081	1.90044	8.47068	7.72818	7.11415
16080	1.70674	1.70003	1.61357	6.96865	6.84145	6.70575	4.05368	3.10731	2.33978	6.53309	6.57218	6.47902	2.15239	2.01082	1.90205	8.47227	7.72922	7.11632
16240	1.71049	1.70315	1.61700	6.97237	6.84414	6.70880	4.06500	3.11121	2.34173	6.53630	6.57580	6.48236	2.15196	2.00852	1.89709	8.46727	7.72777	7.11369
16410	1.71176	1.70278	1.61870	6.96920	6.84255	6.70838	4.07204	3.11756	2.34586	6.53576	6.57523	6.48026	2.15626	2.01117	1.89802	8.46990	7.72495	7.11357	35.31	6.1	0.00	-2.04	0.01735	0.01201	0.01520	0.01828	0.01889	0.01477	0.00549	0.01521	0.02012	0.01859	0.01291	0.01644	0.01711	0.01768	0.01381	0.00573	0.01612	0.02147
16570	1.70816	1.70070	1.61519	6.96816	6.84102	6.70547	4.06180	3.11464	2.34180	6.53171	6.57247	6.47818	2.15226	2.00699	1.89848	8.46239	7.72187	7.10873
16730	1.70992	1.70373	1.61909	6.96916	6.84311	6.70893	4.07221	3.11740	2.34524	6.53647	6.57444	6.48104	2.15596	2.01026	1.89841	8.47076	7.72582	7.11199
16900	1.70856	1.70012	1.61585	6.96753	6.84117	6.70739	4.06382	3.11383	2.34164	6.53360	6.57147	6.47918	2.15273	2.00897	1.89925	8.46794	7.72168	7.10888
17060	1.70994	1.70471	1.62089	6.97118	6.84503	6.71108	4.06671	3.11964	2.34848	6.53814	6.57713	6.48442	2.15795	2.01307	1.89932	8.47231	7.72773	7.11519
17220	1.70979	1.70296	1.61656	6.97121	6.84288	6.70972	4.06999	3.11312	2.34157	6.53742	6.57430	6.48175	2.15507	2.01062	1.90112	8.47253	7.72943	7.11643
17390	1.71122	1.70225	1.61760	6.97161	6.84450	6.71026	4.06717	3.11270	2.34186	6.53858	6.57569	6.48203	2.15267	2.00605	1.89659	8.47062	7.72777	7.11430
17550	1.70833	1.70157	1.61498	6.96926	6.84226	6.70796	4.06276	3.11307	2.33914	6.53642	6.57457	6.48109	2.15573	2.01281	1.90175	8.47449	7.73251	7.12105
17720	1.71176	1.70612	1.61998	6.97454	6.84808	6.71439	4.07260	3.11676	2.34441	6.54184	6.57945	6.48691	2.15537	2.01219	1.89792	8.47972	7.73192	7.11942
17880	1.70898	1.70030	1.61704	6.97356	6.84703	6.71410	4.06332	3.11286	2.34417	6.54202	6.58021	6.48672	2.15425	2.00814	1.89912	8.47567	7.73130	7.11996
18050	1.70156	1.69397	1.60809	6.98086	6.85600	6.72189	4.05428	3.10109	2.33035	6.54700	6.58461	6.49127	2.13989	1.99584	1.88519	8.48220	7.73886	7.12604	35.31	6.1	0.00	-2.04	0.01733	0.01200	0.01518	0.01829	0.01890	0.01477	0.00548	0.01518	0.02009	0.01860	0.01292	0.01645	0.01708	0.01765	0.01379	0.00573	0.01613	0.02149
18210	1.69853	1.69299	1.60865	6.97942	6.85282	6.72000	4.04282	3.10025	2.32974	6.54672	6.58459	6.49149	2.14006	1.99626	1.88524	8.48612	7.74001	7.12771
18380	1.69867	1.69293	1.60667	6.98109	6.85449	6.72151	4.04532	3.09944	2.33144	6.54736	6.58395	6.48988	2.14500	2.00598	1.89766	8.48894	7.74171	7.12611
18550	1.71255	1.70821	1.62398	6.97451	6.84710	6.71436	4.07789	3.13058	2.36586	6.54237	6.57013	6.48023	2.17917	2.03914	1.92862	8.46493	7.71880	7.10326
18720	1.74039	1.73584	1.65270	6.94764	6.82685	6.69977	4.12951	3.17546	2.39915	6.53248	6.55983	6.47085	2.21012	2.06586	1.95466	8.45281	7.70612	7.09261
18880	1.75968	1.75174	1.66403	6.93517	6.81386	6.68790	4.14863	3.19279	2.41541	6.52188	6.54876	6.46028	2.22613	2.07726	1.96515	8.43790	7.69145	7.07968
19040	1.76951	1.76183	1.67397	6.92352	6.80546	6.68114	4.16175	3.20496	2.42512	6.51922	6.54572	6.45842	2.23451	2.08285	1.97128	8.43065	7.68805	7.07680
19210	1.77171	1.76171	1.67128	6.92055	6.80148	6.67685	4.15679	3.20125	2.42120	6.51568	6.54081	6.45523	2.23016	2.08050	1.96412	8.43006	7.68289	7.07269
19370	1.76636	1.75896	1.66990	6.91686	6.79912	6.67481	4.15672	3.19936	2.42018	6.51326	6.54005	6.45385	2.22906	2.08052	1.96612	8.42658	7.67997	7.07081
19530	1.77060	1.76239	1.67312	6.92086	6.80414	6.67942	4.16682	3.20513	2.42714	6.51751	6.54526	6.45797	2.23242	2.08427	1.96815	8.43237	7.68917	7.07934
19690	1.76808	1.75674	1.66763	6.92496	6.80793	6.68370	4.14507	3.18845	2.40774	6.51677	6.54896	6.46170	2.21372	2.06241	1.94592	8.43441	7.69409	7.08528	35.37	6.3	0.00	-2.04	0.01733	0.01200	0.01519	0.01829	0.01889	0.01477	0.00548	0.01519	0.02009	0.01860	0.01292	0.01645	0.01709	0.01766	0.01380	0.00573	0.01613	0.02148
19850	1.74378	1.73397	1.64425	6.93534	6.81630	6.69040	4.10863	3.15448	2.37584	6.52447	6.55881	6.47031	2.18533	2.03682	1.92052	8.45368	7.71141	7.10248
20010	1.72776	1.71508	1.62952	6.95721	6.83585	6.70628	4.08004	3.12916	2.35320	6.53514	6.57605	6.48456	2.16100	2.01345	1.90053	8.47444	7.73166	7.12183
20180	1.70675	1.69676	1.61259	6.97838	6.85383	6.72096	4.04870	3.09780	2.32778	6.54851	6.58797	6.49681	2.13572	1.99692	1.88831	8.49528	7.75046	7.14025
20350	1.69977	1.69490	1.61172	6.99805	6.87165	6.73545	4.05947	3.10644	2.33864	6.55938	6.59656	6.50529	2.14658	2.00616	1.89601	8.50089	7.75358	7.14272
20520	1.70323	1.69865	1.61226	6.99953	6.87219	6.73646	4.04891	3.10201	2.33155	6.55947	6.59792	6.50560	2.14471	2.00547	1.89543	8.50262	7.75876	7.14578
20680	1.70305	1.69611	1.61258	7.00101	6.87368	6.73869	4.04588	3.10438	2.33450	6.56023	6.59795	6.50696	2.14521	2.00440	1.89541	8.50094	7.75989	7.14839
20850	1.70278	1.69523	1.61133	7.00510	6.87704	6.74024	4.04927	3.10484	2.33451	6.56202	6.60093	6.50913	2.14566	2.00358	1.89086	8.50527	7.76048	7.14900
21010	1.70111	1.69381	1.60974	7.00667	6.87753	6.74120	4.05325	3.09999	2.33290	6.56364	6.60112	6.50903	2.14154	1.99812	1.88739	8.50413	7.75982	7.14740
21180	1.69774	1.69078	1.60739	7.00561	6.87750	6.74086	4.04775	3.10034	2.33132	6.56264	6.60248	6.50817	2.14122	1.99987	1.88531	8.50540	7.75916	7.14816
21350	1.70309	1.69614	1.61124	7.00290	6.87431	6.73910	4.05090	3.10606	2.33515	6.55845	6.59742	6.50569	2.14926	2.00555	1.89682	8.50303	7.75887	7.14713	35.37	6.0	0.00	-2.04	0.01734	0.01201	0.01519	0.01828	0.01889	0.01477	0.00548	0.01520	0.02011	0.01859	0.01291	0.01645	0.01710	0.01767	0.01380	0.00573	0.01612	0.02148
21510	1.70425	1.69633	1.61237	7.00371	6.87627	6.74047	4.05760	3.10631	2.33664	6.56093	6.60075	6.50904	2.14543	2.00258	1.89398	8.50248	7.75666	7.14527
21680	1.70419	1.69716	1.61391	7.00031	6.87651	6.74255	4.05799	3.11099	2.34006	6.56409	6.60354	6.51070	2.14919	2.00606	1.89446	8.50358	7.76095	7.14813
21840	1.70680	1.69826	1.61236	7.00365	6.87643	6.74087	4.04734	3.10468	2.33716	6.56342	6.60112	6.50859	2.14699	2.00317	1.89193	8.50193	7.75642	7.14595
22010	1.70210	1.69630	1.61248	7.00016	6.87261	6.73919	4.05108	3.10265	2.33399	6.55910	6.59792	6.50525	2.14650	2.00309	1.89347	8.50120	7.75833	7.14818
22170	1.70577	1.69902	1.61315	7.00204	6.87576	6.74020	4.05358	3.10665	2.33646	6.56279	6.60023	6.50791	2.14418	2.00348	1.89172	8.49747	7.75567	7.14520
22340	1.70229	1.70057	1.61545	7.00265	6.87641	6.74385	4.05157	3.11012	2.33748	6.56521	6.60209	6.51043	2.14896	2.00359	1.89241	8.50399	7.75972	7.14787
22500	1.70378	1.69603	1.61314	7.00086	6.87438	6.74055	4.05126	3.10441	2.33409	6.56308	6.59896	6.50742	2.14929	2.00506	1.89766	8.50759	7.76241	7.15150
22660	1.70505	1.69799	1.61335	7.00562	6.87766	6.74318	4.05514	3.11208	2.33735	6.56623	6.60161	6.51097	2.14810	2.00369	1.89195	8.50435	7.75933	7.14820
22830	1.70253	1.69671	1.61291	7.00237	6.87547	6.74150	4.05902	3.10452	2.33625	6.56473	6.60134	6.50920	2.14676	2.00200	1.89159	8.50349	7.75729	7.14633
22990	1.70395	1.69739	1.61186	6.99843	6.87130	6.73766	4.05678	3.10381	2.33827	6.56103	6.59688	6.50539	2.15192	2.00828	1.89993	8.50641	7.75943	7.14893	35.31	6.1	0.00	-2.04	0.01734	0.01201	0.01520	0.01828	0.01888	0.01477	0.00549	0.01520	0.02011	0.01859	0.01291	0.01644	0.01711	0.01768	0.01381	0.00573	0.01612	0.02147
23160	1.70803	1.70005	1.61527	7.00179	6.87483	6.74228	4.05808	3.11173	2.34024	6.56370	6.59970	6.50792	2.14973	2.00606	1.89513	8.49993	7.75559	7.14439
23320	1.70774	1.70296	1.61886	7.00278	6.87786	6.74535	4.06200	3.11485	2.34516	6.56633	6.60273	6.51088	2.15435	2.00865	1.89844	8.50833	7.76027	7.14943
23490	1.70742	1.69884	1.61420	7.00286	6.87544	6.74289	4.05960	3.11200	2.34068	6.56398	6.59817	6.50830	2.15378	2.00609	1.89998	8.50664	7.76222	7.15073
23650	1.70636	1.69937	1.61566	7.00383	6.87753	6.74395	4.06443	3.11035	2.34202	6.56449	6.60022	6.50923	2.15220	2.00704	1.89727	8.50326	7.75775	7.14647
23810	1.70750	1.70182	1.61697	7.00396	6.87811	6.74602	4.06020	3.11352	2.34024	6.56664	6.60190	6.51065	2.15337	2.00629	1.89656	8.50422	7.75936	7.14841
23980	1.70856	1.70091	1.61535	7.00085	6.87508	6.74222	4.06472	3.10988	2.33887	6.56297	6.59861	6.50747	2.14873	2.00478	1.89591	8.50098	7.75841	7.14699
24140	1.70506	1.69917	1.61601	7.00129	6.87637	6.74280	4.05378	3.11101	2.34046	6.56311	6.59928	6.50799	2.14850	2.00254	1.89416	8.50080	7.75635	7.14576
24310	1.70510	1.70206	1.61857	7.00142	6.87767	6.74644	4.06133	3.11552	2.34610	6.56694	6.60276	6.51090	2.15285	2.00766	1.89528	8.50951	7.76283	7.15138
24470	1.70609	1.70047	1.61555	7.00305	6.87670	6.74522	4.06426	3.11244	2.34208	6.56490	6.60000	6.51048	2.15555	2.01209	1.89813	8.51394	7.76615	7.15416
24640	1.71220	1.70396	1.62003	7.00806	6.88050	6.74799	4.06880	3.11995	2.34767	6.56677	6.60333	6.51165	2.15735	2.01327	1.90226	8.50415	7.76125	7.15055	35.31	6.0	0.00	-2.04	0.01735	0.01201	0.01520	0.01828	0.01888	0.01477	0.00549	0.01521	0.02012	0.01859	0.01291	0.01644	0.01711	0.01768	0.01381	0.00573	0.01612	0.02147
24800	1.70853	1.70177	1.61874	7.00413	6.88001	6.74801	4.06718	3.11715	2.34695	6.56911	6.60462	6.51292	2.15577	2.01178	1.89964	8.50972	7.76317	7.15192
24960	1.70994	1.70209	1.61677	7.00409	6.87793	6.74529	4.07018	3.11411	2.34248	6.56615	6.60202	6.51019	2.15618	2.01056	1.90000	8.50735	7.76282	7.15154
25130	1.70873	1.70323	1.61715	7.00341	6.87837	6.74597	4.07413	3.11503	2.34505	6.56642	6.60105	6.51027	2.15474	2.00745	1.89799	8.50817	7.76140	7.15014
25290	1.70815	1.69989	1.61458	7.00300	6.87720	6.74414	4.06140	3.11131	2.34395	6.56652	6.60160	6.51073	2.15716	2.01149	1.90291	8.51123	7.76617	7.15573
25460	1.70987	1.70333	1.61849	7.00663	6.88121	6.75072	4.07219	3.11659	2.34533	6.56967	6.60525	6.51341	2.15532	2.00825	1.89888	8.50698	7.76203	7.15073
25620	1.70920	1.70317	1.61815	7.00568	6.88250	6.75224	4.06782	3.11807	2.34710	6.57218	6.60778	6.51554	2.15494	2.01112	1.90144	8.50922	7.76633	7.15372
25790	1.70942	1.70124	1.61573	7.00598	6.87999	6.74891	4.07293	3.11365	2.34201	6.56970	6.60636	6.51431	2.15646	2.01287	1.90187	8.50940	7.76709	7.15600
25950	1.71122	1.70193	1.61924	7.00820	6.88304	6.75077	4.06418	3.11530	2.34535	6.57123	6.60661	6.51518	2.15402	2.01006	1.89772	8.50922	7.76481	7.15329
26110	1.70859	1.70273	1.62019	7.00892	6.88469	6.75245	4.06799	3.11793	2.34617	6.57413	6.60873	6.51795	2.15799	2.01177	1.90029	8.51109	7.76693	7.15539
26280	1.71014	1.70274	1.61596	7.00672	6.88050	6.75024	4.06314	3.11476	2.34584	6.57067	6.60459	6.51304	2.15869	2.01461	1.90318	8.50892	7.76681	7.15724	35.31	6.1	0.00	-2.04	0.01735	0.01202	0.01520	0.01827	0.01888	0.01476	0.00549	0.01521	0.02013	0.01859	0.01291	0.01644	0.01712	0.01769	0.01382	0.00573	0.01611	0.02147
26440	1.71119	1.70306	1.61866	7.00998	6.88339	6.75114	4.07464	3.12024	2.34617	6.57232	6.60911	6.51608	2.15665	2.01200	1.89907	8.50691	7.76532	7.15355
26610	1.71111	1.70500	1.61970	7.01113	6.88615	6.75610	4.07245	3.12273	2.34920	6.57536	6.61186	6.51843	2.15980	2.01314	1.90235	8.51281	7.76871	7.15838
26770	1.70893	1.70367	1.61856	7.01002	6.88487	6.75163	4.06832	3.11661	2.34441	6.57235	6.60808	6.51680	2.15992	2.01316	1.90154	8.50961	7.76736	7.15834
26940	1.71223	1.70399	1.61990	7.01036	6.88541	6.75565	4.07234	3.11814	2.34749	6.57500	6.61065	6.51866	2.15882	2.01523	1.90574	8.51166	7.77092	7.16019
27100	1.71190	1.70678	1.62195	7.01364	6.88783	6.75839	4.07076	3.12088	2.34865	6.57791	6.61283	6.52092	2.16006	2.01312	1.90349	8.51194	7.77012	7.15995
27270	1.71261	1.70372	1.62026	7.01303	6.88792	6.75805	4.07266	3.12051	2.34893	6.57807	6.61286	6.52061	2.15835	2.01211	1.90182	8.51313	7.76995	7.15907
27430	1.70999	1.70386	1.61748	7.01110	6.88616	6.75658	4.05775	3.11686	2.34571	6.57478	6.61152	6.51901	2.15565	2.01332	1.90104	8.51491	7.76989	7.15930
27590	1.71172	1.70480	1.61896	7.01162	6.88705	6.75686	4.06726	3.11671	2.34746	6.57611	6.61041	6.51932	2.15696	2.01188	1.90150	8.51390	7.76867	7.15841
27760	1.71085	1.70344	1.61779	7.01182	6.88595	6.75601	4.06423	3.11809	2.34556	6.57516	6.61058	6.51865	2.15899	2.01498	1.90582	8.51541	7.77338	7.16359
27920	1.71605	1.70751	1.62268	7.01502	6.89038	6.76006	4.08081	3.12320	2.35116	6.57921	6.61469	6.52204	2.16153	2.01586	1.90665	8.51694	7.77072	7.16159	35.37	5.9	0.00	-2.04	0.01735	0.01202	0.01521	0.01827	0.01888	0.01476	0.00549	0.01522	0.02013	0.01859	0.01291	0.01644	0.01712	0.01769	0.01382	0.00573	0.01611	0.02146
28090	1.71396	1.70892	1.62359	7.01532	6.89042	6.76216	4.07587	3.12590	2.35313	6.58100	6.61712	6.52409	2.16316	2.01655	1.90508	8.51909	7.77284	7.16259
28250	1.71386	1.70540	1.62278	7.01419	6.88800	6.75987	4.07615	3.12102	2.34988	6.57827	6.61400	6.52237	2.15967	2.01440	1.90470	8.51785	7.77101	7.16172
28410	1.71165	1.70326	1.61895	7.01372	6.88723	6.75865	4.06892	3.11909	2.34851	6.57738	6.61197	6.52099	2.15945	2.01316	1.90123	8.51328	7.76977	7.16053
28580	1.70988	1.70362	1.61683	7.01256	6.88661	6.75653	4.07047	3.11795	2.34542	6.57654	6.61216	6.51956	2.15947	2.01578	1.90634	8.51186	7.77476	7.16371
28740	1.71173	1.70494	1.61929	7.01644	6.89116	6.76192	4.07615	3.11917	2.34760	6.58027	6.61815	6.52515	2.15744	2.01342	1.90414	8.51904	7.77374	7.16235
28910	1.71229	1.70565	1.61950	7.01799	6.89355	6.76399	4.07478	3.12545	2.35082	6.58293	6.61891	6.52622	2.15918	2.01534	1.90539	8.51611	7.77403	7.16438
29070	1.71213	1.70659	1.61792	7.01586	6.89010	6.76026	4.07456	3.12042	2.34820	6.57882	6.61509	6.52270	2.15929	2.01615	1.90434	8.52046	7.77577	7.16687
29240	1.71270	1.70502	1.62328	7.01834	6.89179	6.76299	4.07478	3.12384	2.35141	6.58082	6.61934	6.52593	2.15907	2.01400	1.90429	8.52018	7.77253	7.16227
29400	1.71318	1.70803	1.62311	7.02086	6.89564	6.76680	4.08494	3.12552	2.35301	6.58441	6.61978	6.52815	2.16350	2.01826	1.90643	8.52252	7.77618	7.16544
29570	1.71490	1.70538	1.62102	7.01832	6.89207	6.76299	4.07338	3.12504	2.35282	6.58185	6.61741	6.52479	2.15919	2.01573	1.90389	8.51512	7.77351	7.16526	35.31	6.1	0.00	-2.04	0.01735	0.01202	0.01521	0.01827	0.01888	0.01476	0.00549	0.01522	0.02013	0.01858	0.01291	0.01644	0.01712	0.01769	0.01382	0.00573	0.01611	0.02146
29730	1.71231	1.70767	1.62127	7.01754	6.89249	6.76199	4.07299	3.12590	2.35199	6.58243	6.61798	6.52618	2.16092	2.01617	1.90498	8.51430	7.77495	7.16487
29900	1.71441	1.70619	1.62194	7.01930	6.89325	6.76452	4.07832	3.12768	2.35327	6.58305	6.62014	6.52803	2.16167	2.01630	1.90615	8.51851	7.77645	7.16617
30060	1.71583	1.70799	1.62075	7.01962	6.89424	6.76455	4.08393	3.12449	2.35367	6.58316	6.61808	6.52765	2.16160	2.01648	1.90465	8.51718	7.77469	7.16523
30230	1.71317	1.70823	1.62243	7.01743	6.89368	6.76477	4.08676	3.12693	2.35489	6.58469	6.62179	6.52868	2.16226	2.01679	1.90805	8.51832	7.77723	7.16659
30390	1.71402	1.70657	1.62208	7.01823	6.89243	6.76229	4.07204	3.12272	2.35253	6.58126	6.61713	6.52510	2.16293	2.01690	1.90754	8.51997	7.77906	7.16812
30560	1.71489	1.70781	1.62059	7.02115	6.89356	6.76516	4.06823	3.12336	2.35442	6.58248	6.61947	6.52761	2.16191	2.01471	1.90314	8.51997	7.77448	7.16508
30720	1.71371	1.70485	1.62208	7.01784	6.89387	6.76506	4.07645	3.12614	2.35433	6.58371	6.61976	6.52727	2.16232	2.01808	1.90681	8.51668	7.77754	7.16633
30880	1.71408	1.70408	1.62192	7.01851	6.89171	6.76200	4.07564	3.12206	2.34918	6.58003	6.61692	6.52389	2.16054	2.01638	1.90814	8.52088	7.77779	7.16697
31050	1.71567	1.70962	1.62206	7.01997	6.89332	6.76339	4.07878	3.12019	2.34713	6.58199	6.61833	6.52651	2.15929	2.01243	1.90168	8.51398	7.77404	7.16360
31210	1.71379	1.70550	1.62099	7.02009	6.89510	6.76369	4.07369	3.12457	2.35331	6.58250	6.62004	6.52646	2.16126	2.01410	1.90574	8.52115	7.77571	7.16600	35.31	6.2	0.00	-2.04	0.01736	0.01202	0.01521	0.01827	0.01888	0.01476	0.00549	0.01522	0.02013	0.01858	0.01291	0.01644	0.01712	0.01769	0.01382	0.00573	0.01611	0.02146
31380	1.71165	1.70526	1.62014	7.01993	6.89245	6.76139	4.07161	3.12248	2.35026	6.58045	6.61691	6.52392	2.16224	2.01918	1.90477	8.51794	7.77874	7.16833
31540	1.71611	1.70506	1.62185	7.02266	6.89475	6.76307	4.07545	3.12304	2.35174	6.58317	6.61958	6.52617	2.15817	2.01470	1.90456	8.51991	7.77580	7.16508
31710	1.71617	1.70739	1.62275	7.02455	6.89861	6.76722	4.07824	3.12736	2.35235	6.58627	6.62378	6.52980	2.16242	2.01532	1.90846	8.52366	7.78015	7.16859
31870	1.71481	1.70493	1.62162	7.02372	6.89642	6.76519	4.07115	3.12205	2.34989	6.58279	6.62091	6.52804	2.16136	2.01601	1.90527	8.52430	7.78155	7.16974
32040	1.71624	1.70634	1.62139	7.02468	6.89790	6.76526	4.08308	3.11941	2.35094	6.58356	6.62067	6.52884	2.15879	2.01377	1.90259	8.52060	7.77715	7.16655
32200	1.71457	1.70716	1.62476	7.02565	6.89947	6.76848	4.08626	3.12555	2.35218	6.58556	6.62506	6.52951	2.16251	2.01768	1.90522	8.51996	7.78106	7.16937
32370	1.71428	1.70524	1.62176	7.02383	6.89685	6.76507	4.06801	3.12203	2.34752	6.58254	6.62111	6.52737	2.16065	2.01775	1.90890	8.52664	7.78159	7.17077
32530	1.71430	1.70725	1.62271	7.02658	6.89902	6.76720	4.07577	3.12144	2.35290	6.58500	6.62399	6.52863	2.15943	2.01302	1.90411	8.52435	7.78014	7.16870
32700	1.71346	1.70848	1.62329	7.02643	6.90005	6.76859	4.07983	3.12492	2.35142	6.58512	6.62446	6.53094	2.16088	2.01723	1.90682	8.52577	7.78139	7.17074
32860	1.71572	1.70678	1.62079	7.02487	6.89792	6.76626	4.06757	3.11913	2.34883	6.58390	6.62243	6.52818	2.16126	2.01539	1.90563	8.52111	7.78078	7.16965	35.37	6.1	0.00	-2.04	0.01736	0.01202	0.01521	0.01827	0.01888	0.01476	0.00549	0.01522	0.02013	0.01858	0.01291	0.01644	0.01712	0.01769	0.01382	0.00573	0.01611	0.02146
33030	1.71344	1.70458	1.62100	7.02653	6.89921	6.76681	4.07480	3.12378	2.34796	6.58457	6.62428	6.53024	2.16160	2.01917	1.90798	8.52637	7.78446	7.17408
33190	1.71465	1.70814	1.62654	7.03023	6.90339	6.76981	4.08058	3.12521	2.35444	6.58713	6.62632	6.53178	2.15996	2.01639	1.90327	8.52340	7.78157	7.17146
33350	1.71266	1.70844	1.62523	7.02752	6.90207	6.76982	4.07917	3.12405	2.35401	6.58815	6.62840	6.53300	2.16336	2.01708	1.90755	8.53027	7.78464	7.17339
33520	1.71644	1.70510	1.62239	7.02821	6.90136	6.76803	4.07621	3.12412	2.34949	6.58629	6.62549	6.53079	2.16060	2.01570	1.90424	8.52308	7.78250	7.17140
33680	1.71282	1.70504	1.62155	7.02632	6.90088	6.76809	4.07504	3.12133	2.34950	6.58568	6.62446	6.53053	2.15739	2.01595	1.90161	8.52628	7.78213	7.17127
33850	1.71390	1.70352	1.62312	7.02828	6.90180	6.76868	4.07638	3.12264	2.35248	6.58632	6.62819	6.53226	2.15883	2.01700	1.90464	8.52651	7.78554	7.17447
34010	1.71472	1.70461	1.62351	7.02863	6.90236	6.76976	4.07981	3.12433	2.35221	6.58663	6.62751	6.53164	2.16048	2.01554	1.90498	8.52949	7.78458	7.17260
34180	1.71291	1.70518	1.62141	7.02840	6.90177	6.76868	4.08023	3.12395	2.35011	6.58659	6.62673	6.53256	2.16194	2.01813	1.90638	8.53072	7.78607	7.17480
34340	1.71335	1.70507	1.62147	7.02926	6.90290	6.76995	4.07698	3.12604	2.35312	6.58739	6.62722	6.53236	2.15867	2.01604	1.90382	8.52871	7.78454	7.17305
34510	1.71502	1.70657	1.62584	7.03198	6.90739	6.77413	4.08045	3.13124	2.35673	6.59214	6.63205	6.53630	2.16372	2.01840	1.90950	8.53520	7.78775	7.17691	35.31	6.1	0.00	-2.04	0.01736	0.01202	0.01521	0.01827	0.01888	0.01476	0.00549	0.01522	0.02013	0.01858	0.01290	0.01644	0.01712	0.01769	0.01382	0.00573	0.01611	0.02146
34670	1.71640	1.70454	1.62221	7.03137	6.90401	6.77057	4.08087	3.12243	2.34841	6.58790	6.62843	6.53334	2.15965	2.01498	1.90563	8.52778	7.78367	7.17353
34840	1.71175	1.70259	1.62037	7.02786	6.90147	6.76932	4.07494	3.12184	2.34970	6.58737	6.62780	6.53258	2.16055	2.01602	1.90423	8.53067	7.78390	7.17334
35000	1.71311	1.70416	1.62037	7.02975	6.90322	6.76997	4.07671	3.12270	2.34962	6.58827	6.62932	6.53296	2.15770	2.01526	1.90140	8.52485	7.78280	7.17288
35170	1.71431	1.70628	1.62401	7.03069	6.90467	6.77272	4.08278	3.12480	2.35315	6.59099	6.63188	6.53625	2.15993	2.01603	1.90477	8.52884	7.78717	7.17534
35330	1.71381	1.70529	1.62131	7.02998	6.90276	6.77082	4.07470	3.11984	2.34879	6.58782	6.62991	6.53406	2.15848	2.01297	1.90401	8.52701	7.78735	7.17533
35500	1.71466	1.70570	1.62058	7.02996	6.90450	6.77192	4.07632	3.12607	2.34984	6.58876	6.63042	6.53487	2.16309	2.01916	1.90710	8.53401	7.79018	7.17864
35660	1.71494	1.70627	1.62280	7.03486	6.90627	6.77472	4.07466	3.12620	2.35340	6.59086	6.63280	6.53666	2.16106	2.01729	1.90488	8.53254	7.78755	7.17668
35830	1.71545	1.70405	1.62297	7.03138	6.90323	6.77095	4.07671	3.12207	2.34811	6.58840	6.63112	6.53401	2.15944	2.01227	1.90137	8.52723	7.78541	7.17385
35990	1.71067	1.70185	1.62115	7.02914	6.90207	6.77028	4.07621	3.11947	2.34870	6.58750	6.62797	6.53378	2.15733	2.01407	1.90602	8.53071	7.78984	7.17861
36160	1.71384	1.70587	1.62299	7.03530	6.90607	6.77384	4.08279	3.12311	2.35399	6.59156	6.63327	6.53546	2.16077	2.01563	1.90470	8.53166	7.78691	7.17563	35.37	6.0	0.00	-2.04	0.01736	0.01202	0.01521	0.01827	0.01888	0.01476	0.00549	0.01522	0.02013	0.01858	0.01290	0.01644	0.01712	0.01769	0.01382	0.00573	0.01611	0.02146
36320	1.71062	1.70278	1.62180	7.03101	6.90690	6.77365	4.08089	3.12433	2.35262	6.59137	6.63348	6.53759	2.16226	2.01564	1.90597	8.53193	7.78862	7.17712
36480	1.71250	1.70359	1.62052	7.03183	6.90445	6.77212	4.07433	3.12137	2.34735	6.59012	6.63046	6.53590	2.16156	2.01607	1.90738	8.53042	7.79006	7.17791
36650	1.71470	1.70438	1.62144	7.03249	6.90591	6.77358	4.07891	3.12121	2.35099	6.59119	6.63229	6.53572	2.15980	2.01394	1.90186	8.52845	7.78684	7.17588
36810	1.71099	1.70450	1.62110	7.03197	6.90627	6.77334	4.07581	3.12115	2.35018	6.59123	6.63230	6.53718	2.15814	2.01432	1.90398	8.52942	7.78779	7.17753
36980	1.71375	1.70389	1.62049	7.03143	6.90519	6.77203	4.07641	3.12020	2.34783	6.58893	6.63271	6.53607	2.16053	2.01691	1.90350	8.53235	7.78934	7.17741
37140	1.71299	1.70466	1.62250	7.03255	6.90461	6.77302	4.08227	3.12125	2.34709	6.59091	6.63282	6.53629	2.15850	2.01570	1.90542	8.52553	7.78687	7.17486
37310	1.71463	1.70619	1.62121	7.03281	6.90545	6.77360	4.07588	3.12529	2.35254	6.59200	6.63372	6.53745	2.15891	2.01437	1.90479	8.52992	7.78894	7.17708
37470	1.71325	1.70531	1.62075	7.03069	6.90458	6.77079	4.07468	3.11893	2.34965	6.58978	6.63139	6.53610	2.16026	2.01690	1.90604	8.52813	7.79082	7.18060
37640	1.71461	1.70635	1.62244	7.03393	6.90703	6.77542	4.07923	3.12276	2.35071	6.59223	6.63517	6.53773	2.16084	2.01604	1.90456	8.53074	7.78797	7.17803
37800	1.71357	1.70429	1.62073	7.03288	6.90565	6.77333	4.06982	3.11997	2.34947	6.59180	6.63369	6.53767	2.15816	2.01555	1.90190	8.53068	7.78689	7.17683	35.37	6.0	0.00	-2.04	0.01736	0.01202	0.01521	0.01827	0.01887	0.01476	0.00549	0.01522	0.02013	0.01858	0.01290	0.01644	0.01712	0.01769	0.01382	0.00573	0.01611	0.02146
37970	1.71372	1.70666	1.62252	7.03389	6.90807	6.77583	4.07832	3.12488	2.35230	6.59401	6.63471	6.53947	2.16124	2.01556	1.90347	8.53594	7.79010	7.17935
38130	1.71176	1.70439	1.61955	7.03288	6.90609	6.77305	4.07204	3.11676	2.34890	6.59107	6.63254	6.53707	2.15709	2.01516	1.90398	8.53077	7.78926	7.17689
38300	1.71317	1.70492	1.62143	7.03214	6.90597	6.77451	4.06929	3.12072	2.34823	6.59297	6.63548	6.53904	2.15888	2.01722	1.90680	8.53301	7.79030	7.17985
38470	1.71473	1.70867	1.62291	7.03465	6.90669	6.77483	4.07490	3.12076	2.35025	6.59277	6.63599	6.53897	2.16217	2.01800	1.90587	8.53649	7.79366	7.18241
38630	1.71770	1.70639	1.62407	7.03801	6.91002	6.77692	4.07740	3.12396	2.35182	6.59493	6.63619	6.53964	2.16037	2.01625	1.90229	8.53489	7.79099	7.17940
38800	1.71234	1.70488	1.62102	7.03301	6.90555	6.77277	4.07282	3.12142	2.35087	6.59214	6.63375	6.53645	2.15749	2.01367	1.90235	8.52793	7.78833	7.17705
38960	1.71199	1.70496	1.62243	7.03216	6.90578	6.77385	4.07744	3.12503	2.35064	6.59259	6.63458	6.53818	2.16082	2.01469	1.90521	8.52990	7.79208	7.18052
39130	1.71195	1.70528	1.62032	7.03307	6.90575	6.77247	4.07462	3.12019	2.34917	6.59209	6.63341	6.53811	2.16055	2.01688	1.90749	8.53498	7.79376	7.18364
39290	1.71383	1.70608	1.62256	7.03731	6.90860	6.77654	4.07659	3.12172	2.35137	6.59444	6.63727	6.54059	2.15702	2.01423	1.90263	8.53443	7.79190	7.18048
39460	1.71539	1.70692	1.62407	7.03762	6.91135	6.77864	4.07050	3.12547	2.35271	6.59717	6.63829	6.54147	2.16151	2.01600	1.90586	8.53953	7.79465	7.18360	35.37	6.3	0.00	-2.04	0.01736	0.01202	0.01521	0.01827	0.01887	0.01476	0.00549	0.01522	0.02013	0.01858	0.01290	0.01644	0.01712	0.01769	0.01382	0.00573	0.01611	0.02146
39620	1.71313	1.70371	1.62127	7.03568	6.90737	6.77556	4.06613	3.11915	2.34827	6.59360	6.63479	6.54008	2.16083	2.01592	1.90630	8.53664	7.79518	7.18453
39780	1.71442	1.70560	1.62131	7.03816	6.90998	6.77795	4.06712	3.12402	2.35119	6.59540	6.63734	6.53990	2.16037	2.01410	1.90228	8.53371	7.79404	7.18160
39950	1.71399	1.70589	1.62234	7.03905	6.91166	6.77945	4.07551	3.12450	2.35126	6.59795	6.63796	6.54101	2.16017	2.01344	1.90312	8.53591	7.79565	7.18266
40110	1.71359	1.70439	1.61952	7.03557	6.90747	6.77536	4.06951	3.11671	2.34566	6.59390	6.63408	6.53839	2.15686	2.01102	1.90256	8.52918	7.78879	7.17782
40270	1.71140	1.70509	1.62130	7.03715	6.91046	6.77755	4.07953	3.12322	2.35118	6.59696	6.63827	6.54309	2.16191	2.01710	1.90331	8.53651	7.79603	7.18373
40440	1.71185	1.70189	1.61998	7.03659	6.90821	6.77633	4.07255	3.11760	2.34687	6.59416	6.63584	6.53997	2.15636	2.01084	1.90116	8.53532	7.79421	7.18165
40600	1.71052	1.70401	1.61906	7.03583	6.90773	6.77586	4.06761	3.11849	2.34767	6.59464	6.63555	6.53981	2.15629	2.01330	1.89999	8.53545	7.79315	7.18186
40770	1.71036	1.70017	1.61791	7.03435	6.90827	6.77413	4.06507	3.11522	2.34659	6.59286	6.63491	6.53862	2.15936	2.01546	1.90439	8.53907	7.79537	7.18323
40930	1.71266	1.70575	1.62301	7.03856	6.91168	6.77828	4.07759	3.12252	2.34987	6.59591	6.63854	6.54251	2.15849	2.01308	1.90087	8.53875	7.79356	7.18146
41100	1.71180	1.70601	1.62211	7.03766	6.91087	6.77788	4.07790	3.12139	2.35118	6.59643	6.63760	6.54225	2.15828	2.01511	1.90533	8.53719	7.79438	7.18259	35.37	6.2	0.00	-2.04	0.01736	0.01202	0.01521	0.01827	0.01887	0.01476	0.00549	0.01522	0.02013	0.01858	0.01290	0.01644	0.01712	0.01769	0.01382	0.00573	0.01611	0.02146
41260	1.71238	1.70350	1.61954	7.03685	6.90883	6.77507	4.06665	3.12072	2.34710	6.59395	6.63470	6.53969	2.15881	2.01628	1.90567	8.53674	7.79515	7.18393
41430	1.71260	1.70619	1.62256	7.03944	6.91289	6.77742	4.06535	3.12251	2.34733	6.59694	6.63799	6.54161	2.16218	2.01862	1.90744	8.54214	7.79926	7.18683
41590	1.71606	1.71018	1.62264	7.04195	6.91492	6.78053	4.07240	3.12207	2.35114	6.59800	6.64057	6.54348	2.16125	2.01670	1.90421	8.54159	7.79798	7.18644
41750	1.71408	1.70355	1.62434	7.04075	6.91495	6.78313	4.07667	3.12217	2.35166	6.60003	6.64276	6.54556	2.16282	2.01687	1.90527	8.54168	7.79956	7.18741
41920	1.71378	1.70431	1.62041	7.04187	6.91370	6.77973	4.07423	3.11863	2.34867	6.59681	6.63954	6.54469	2.15941	2.01572	1.90631	8.54444	7.80051	7.18755
42080	1.71283	1.70575	1.62238	7.04343	6.91743	6.78113	4.07388	3.12359	2.35003	6.59893	6.64256	6.54430	2.15907	2.01313	1.90406	8.54347	7.79860	7.18613
42250	1.71322	1.70447	1.61991	7.04183	6.91497	6.78038	4.06799	3.12165	2.34801	6.59841	6.64136	6.54495	2.15769	2.01360	1.90150	8.53871	7.79624	7.18528
42410	1.71044	1.70415	1.61971	7.04121	6.91437	6.78114	4.06884	3.11922	2.34758	6.59756	6.63957	6.54274	2.15601	2.01396	1.90269	8.53467	7.79477	7.18298
42570	1.71273	1.70503	1.62298	7.04180	6.91521	6.78166	4.07437	3.12214	2.35153	6.59946	6.64211	6.54499	2.16041	2.01582	1.90347	8.54132	7.79921	7.18594
42740	1.71027	1.70404	1.62045	7.04178	6.91391	6.77944	4.07178	3.11821	2.34727	6.59569	6.64005	6.54161	2.15848	2.01392	1.90353	8.54084	7.79867	7.18688	35.37	6.1	0.00	-2.04	0.01736	0.01202	0.01521	0.01827	0.01887	0.01476	0.00549	0.01522	0.02013	0.01858	0.01290	0.01644	0.01712	0.01769	0.01382	0.00573	0.01611	0.02146
42900	1.71247	1.70479	1.62123	7.04335	6.91468	6.78159	4.07146	3.12190	2.34864	6.59750	6.63995	6.54317	2.15815	2.01496	1.90080	8.54130	7.79654	7.18582
43070	1.71266	1.70436	1.62240	7.04240	6.91497	6.78245	4.07524	3.12274	2.35081	6.59946	6.64260	6.54566	2.15997	2.01562	1.90268	8.54166	7.79918	7.18694
43230	1.71341	1.70444	1.62174	7.04245	6.91429	6.77998	4.07556	3.11974	2.34907	6.59771	6.64036	6.54382	2.15784	2.01732	1.90462	8.54093	7.80096	7.18955
43400	1.71500	1.70635	1.62169	7.04325	6.91606	6.78281	4.07983	3.12109	2.34893	6.59923	6.64419	6.54637	2.15570	2.01326	1.90405	8.54382	7.79861	7.18660
43560	1.71354	1.70835	1.62238	7.04612	6.91916	6.78586	4.07566	3.12541	2.35176	6.60248	6.64530	6.54928	2.16029	2.01683	1.90404	8.54845	7.80327	7.19093
43730	1.71139	1.70598	1.62125	7.04628	6.91755	6.78345	4.06597	3.12075	2.34795	6.60016	6.64351	6.54716	2.15905	2.01517	1.90066	8.54130	7.80100	7.18875
43890	1.71108	1.70334	1.61971	7.04492	6.91687	6.78248	4.07058	3.11851	2.34752	6.60032	6.64313	6.54558	2.15777	2.01548	1.90356	8.54185	7.80087	7.18965
44060	1.71289	1.70408	1.62098	7.04474	6.91890	6.78399	4.07072	3.11958	2.34916	6.59940	6.64470	6.54713	2.16054	2.01546	1.90633	8.54519	7.80484	7.19191
44220	1.71482	1.70642	1.62154	7.04864	6.92046	6.78631	4.07954	3.12127	2.35234	6.60204	6.64663	6.54813	2.15976	2.01424	1.90403	8.54281	7.80142	7.19060
44390	1.71195	1.70555	1.62207	7.04573	6.91944	6.78578	4.07043	3.12086	2.35047	6.60298	6.64675	6.55092	2.16048	2.01622	1.90402	8.54466	7.80338	7.19104	35.37	6.1	0.00	-2.04	0.01736	0.01202	0.01521	0.01827	0.01887	0.01476	0.00549	0.01522	0.02013	0.01858	0.01290	0.01643	0.01712	0.01769	0.01382	0.00573	0.01611	0.02146
44550	1.71250	1.70482	1.62270	7.04538	6.91688	6.78353	4.06613	3.11873	2.34715	6.59946	6.64146	6.54509	2.15735	2.01276	1.90407	8.54324	7.80156	7.19046
44720	1.71340	1.70418	1.61994	7.04581	6.91740	6.78376	4.07350	3.11901	2.34817	6.60030	6.64395	6.54653	2.15783	2.01477	1.90153	8.54319	7.79914	7.18753
44880	1.71255	1.70241	1.62095	7.04487	6.91702	6.78294	4.07473	3.11935	2.34952	6.59980	6.64496	6.54628	2.15936	2.01466	1.90162	8.54360	7.80177	7.18939
45040	1.71183	1.70404	1.62112	7.04447	6.91563	6.78322	4.06962	3.11845	2.34668	6.59956	6.64267	6.54608	2.15874	2.01573	1.90471	8.54223	7.80332	7.19100
45210	1.71495	1.70555	1.62215	7.04660	6.91914	6.78418	4.07050	3.12253	2.34958	6.60130	6.64415	6.54648	2.15712	2.01182	1.90362	8.54315	7.80064	7.18932
45370	1.71394	1.70704	1.62202	7.04803	6.91915	6.78647	4.07653	3.12342	2.35113	6.60247	6.64600	6.54783	2.15986	2.01607	1.90553	8.54892	7.80257	7.19013
45540	1.71133	1.70422	1.62008	7.04606	6.91661	6.78179	4.06684	3.11753	2.34825	6.60012	6.64371	6.54582	2.15858	2.01792	1.90850	8.54608	7.80550	7.19303
45700	1.71402	1.70420	1.62328	7.04848	6.91914	6.78535	4.06913	3.12192	2.34784	6.60125	6.64486	6.54766	2.15825	2.01402	1.90396	8.54374	7.80180	7.19040
45870	1.71370	1.70454	1.62245	7.04684	6.91835	6.78445	4.07533	3.11934	2.34864	6.60121	6.64445	6.54786	2.15937	2.01565	1.90329	8.54182	7.80289	7.19131
46030	1.71087	1.70279	1.61836	7.04542	6.91726	6.78204	4.07067	3.11614	2.34512	6.59928	6.64259	6.54601	2.15983	2.01579	1.90630	8.55047	7.80804	7.19569	35.31	6.1	0.00	-2.04	0.01736	0.01202	0.01521	0.01827	0.01887	0.01476	0.00549	0.01522	0.02013	0.01858	0.01290	0.01643	0.01712	0.01769	0.01382	0.00573	0.01611	0.02146
46200	1.71580	1.70368	1.62213	7.05095	6.92207	6.78745	4.07903	3.12367	2.35178	6.60373	6.64790	6.55014	2.15890	2.01513	1.90620	8.54685	7.80441	7.19222
46360	1.71141	1.70319	1.62165	7.04767	6.91905	6.78445	4.07183	3.12047	2.34813	6.60158	6.64490	6.54735	2.15757	2.01133	1.90279	8.54465	7.80009	7.18914
46530	1.71343	1.70515	1.62153	7.04912	6.92030	6.78543	4.07010	3.12237	2.35059	6.60303	6.64679	6.54951	2.15989	2.01512	1.90398	8.54410	7.80257	7.19028
46690	1.71221	1.70328	1.61828	7.04691	6.91793	6.78337	4.07479	3.11850	2.34705	6.60073	6.64441	6.54638	2.15691	2.01418	1.90476	8.54410	7.80195	7.19082
46860	1.71274	1.70412	1.62111	7.04714	6.91900	6.78437	4.08256	3.11834	2.34705	6.60220	6.64466	6.54791	2.16049	2.01457	1.90531	8.54786	7.80575	7.19385
47020	1.71281	1.70561	1.62220	7.05109	6.92152	6.78737	4.07649	3.12266	2.34979	6.60402	6.64988	6.55104	2.16015	2.01642	1.90366	8.55157	7.80592	7.19328
47190	1.70975	1.70187	1.61936	7.04942	6.91962	6.78486	4.07091	3.11761	2.34423	6.60336	6.64644	6.54942	2.15631	2.01206	1.90266	8.54749	7.80379	7.19150
47350	1.71073	1.70041	1.61810	7.04874	6.91939	6.78403	4.06883	3.11568	2.34330	6.60217	6.64541	6.54880	2.15952	2.01514	1.90475	8.55162	7.80727	7.19477
47520	1.71302	1.70166	1.61958	7.05319	6.92351	6.78926	4.07113	3.12060	2.34852	6.60504	6.64834	6.55323	2.15661	2.01126	1.90105	8.55148	7.80704	7.19335
47680	1.71113	1.70289	1.61889	7.05104	6.92405	6.79022	4.07789	3.12118	2.34711	6.60722	6.65117	6.55403	2.15820	2.01386	1.90411	8.55327	7.80823	7.19535	35.31	6.2	0.00	-2.04	0.01736	0.01202	0.01521	0.01827	0.01887	0.01476	0.00549	0.01522	0.02013	0.01858	0.01290	0.01644	0.01712	0.01769	0.01382	0.00573	0.01611	0.02146
47840	1.70936	1.70174	1.61852	7.05252	6.92317	6.78820	4.07651	3.12057	2.34539	6.60383	6.64798	6.55216	2.15756	2.01276	1.90356	8.55047	7.80885	7.19583
48010	1.71135	1.69991	1.61877	7.05325	6.92336	6.78723	4.07426	3.11705	2.34543	6.60490	6.64761	6.55220	2.15508	2.01061	1.89973	8.55295	7.80553	7.19250
48170	1.70637	1.69924	1.61577	7.04835	6.91906	6.78274	4.06336	3.11187	2.33977	6.60164	6.64409	6.54912	2.15622	2.01305	1.90242	8.55405	7.80924	7.19782
48340	1.71203	1.70310	1.62039	7.05540	6.92638	6.78995	4.07337	3.11696	2.34456	6.60601	6.64946	6.55338	2.15609	2.01001	1.89914	8.55194	7.80795	7.19500
48500	1.71176	1.70441	1.62031	7.05516	6.92729	6.79278	4.07793	3.12186	2.34643	6.60946	6.65209	6.55432	2.15714	2.01358	1.90110	8.55717	7.81082	7.19818
48670	1.71179	1.70370	1.61780	7.05663	6.92547	6.78926	4.06823	3.11604	2.34376	6.60614	6.64967	6.55262	2.15563	2.01225	1.90115	8.55823	7.81267	7.19879
48830	1.71075	1.70201	1.61800	7.05614	6.92622	6.79028	4.07034	3.11723	2.34245	6.60683	6.65068	6.55319	2.15396	2.01201	1.89939	8.55332	7.80911	7.19544
48990	1.70836	1.70100	1.61852	7.05497	6.92667	6.79104	4.07807	3.11522	2.34447	6.60768	6.65066	6.55369	2.15531	2.01043	1.90207	8.55786	7.81054	7.19735
49160	1.70808	1.70324	1.61911	7.05517	6.92600	6.79188	4.06009	3.11520	2.34180	6.60830	6.65056	6.55455	2.15305	2.01032	1.90181	8.55548	7.80963	7.19490
49320	1.71173	1.70627	1.62238	7.05935	6.93015	6.79599	4.07082	3.12288	2.34840	6.61175	6.65455	6.55817	2.15753	2.01429	1.90131	8.55739	7.81538	7.20024	35.37	6.3	0.00	-2.04	0.01736	0.01202	0.01521	0.01827	0.01887	0.01476	0.00549	0.01522	0.02013	0.01858	0.01290	0.01643	0.01712	0.01769	0.01382	0.00573	0.01611	0.02146
49490	1.70941	1.70405	1.61910	7.05841	6.92730	6.79137	4.06398	3.11573	2.34259	6.60835	6.65112	6.55499	2.15739	2.01477	1.90193	8.56317	7.81595	7.20289
49650	1.71252	1.70230	1.61849	7.05925	6.92916	6.79329	4.07308	3.11936	2.34829	6.60909	6.65230	6.55643	2.15668	2.01059	1.89956	8.55936	7.81265	7.19957
49810	1.71088	1.70161	1.61963	7.05901	6.93019	6.79471	4.06821	3.11844	2.34708	6.61106	6.65336	6.55739	2.15683	2.01183	1.89995	8.55973	7.81395	7.19910
49980	1.70882	1.69968	1.61580	7.05631	6.92710	6.79104	4.06701	3.11386	2.34132	6.60694	6.64978	6.55340	2.15401	2.00901	1.89814	8.55555	7.81050	7.19772
50140	1.70864	1.69912	1.61759	7.05644	6.92753	6.79126	4.07375	3.11633	2.34327	6.60801	6.65060	6.55467	2.15306	2.00969	1.89876	8.55454	7.81122	7.19777
50310	1.70513	1.69946	1.61652	7.05516	6.92707	6.79349	4.07248	3.11819	2.34678	6.61068	6.65324	6.55778	2.15685	2.01330	1.90138	8.55578	7.81374	7.20011
50470	1.70979	1.69951	1.61713	7.05637	6.92702	6.79097	4.06980	3.11248	2.34238	6.60772	6.64985	6.55375	2.15560	2.01262	1.90101	8.55835	7.81341	7.20027
50640	1.70913	1.70201	1.61704	7.05859	6.92730	6.79210	4.06550	3.11432	2.34349	6.60816	6.65092	6.55518	2.15369	2.01002	1.89812	8.55633	7.81133	7.19840
50800	1.70878	1.70150	1.61826	7.05639	6.92847	6.79306	4.07121	3.11945	2.34455	6.60968	6.65321	6.55648	2.15460	2.01137	1.90005	8.56000	7.81373	7.20044
50970	1.70848	1.69914	1.61605	7.05666	6.92645	6.79029	4.07360	3.11334	2.34095	6.60714	6.65067	6.55350	2.15495	2.01263	1.90258	8.56066	7.81631	7.20364	35.37	6.1	0.00	-2.04	0.01736	0.01202	0.01521	0.01827	0.01887	0.01476	0.00549	0.01522	0.02013	0.01858	0.01290	0.01643	0.01712	0.01769	0.01382	0.00573	0.01611	0.02146
51130	1.71113	1.70027	1.62002	7.05957	6.92933	6.79290	4.06866	3.11721	2.34657	6.60942	6.65268	6.55606	2.15388	2.00912	1.89997	8.55487	7.81254	7.19840
51300	1.71165	1.70284	1.61929	7.05974	6.93040	6.79558	4.06859	3.11987	2.35005	6.61232	6.65411	6.55822	2.15977	2.01365	1.90196	8.55969	7.81504	7.20194
51460	1.71013	1.70089	1.61943	7.05883	6.92818	6.79152	4.06933	3.11548	2.34382	6.60781	6.65076	6.55452	2.15590	2.01073	1.90161	8.56070	7.81299	7.19908
51620	1.70781	1.69951	1.61618	7.05662	6.92563	6.79015	4.06655	3.11319	2.34401	6.60786	6.64997	6.55338	2.15596	2.01310	1.89850	8.55896	7.81443	7.20046
51790	1.70946	1.69989	1.61860	7.05714	6.92701	6.79124	4.06189	3.11341	2.34240	6.60838	6.64990	6.55383	2.15345	2.00992	1.89781	8.55956	7.81206	7.19890
51950	1.71131	1.70113	1.61916	7.05835	6.92816	6.79341	4.06873	3.11727	2.34276	6.60972	6.65164	6.55511	2.15481	2.01050	1.89775	8.55836	7.81279	7.19940
52120	1.70959	1.70038	1.61867	7.05693	6.92644	6.79194	4.07021	3.11439	2.34201	6.60906	6.65137	6.55470	2.15560	2.01271	1.90159	8.56286	7.81549	7.20334
52290	1.71061	1.70197	1.61782	7.05942	6.92983	6.79485	4.06218	3.11609	2.34379	6.60943	6.65236	6.55437	2.15401	2.00818	1.89712	8.55919	7.81395	7.20040
52450	1.71144	1.70310	1.62205	7.06190	6.93210	6.79781	4.07250	3.11855	2.34833	6.61356	6.65697	6.55801	2.15764	2.01305	1.90336	8.56112	7.81665	7.20286
52620	1.71082	1.70115	1.61781	7.06073	6.92949	6.79357	4.07095	3.11411	2.34351	6.60986	6.65142	6.55525	2.15363	2.00882	1.89944	8.55549	7.81223	7.19948	35.37	6.1	0.00	-2.04	0.01736	0.01202	0.01521	0.01827	0.01887	0.01476	0.00549	0.01522	0.02014	0.01858	0.01290	0.01643	0.01712	0.01769	0.01382	0.00573	0.01611	0.02146
52780	1.70602	1.69986	1.61553	7.05693	6.92749	6.79188	4.06197	3.11169	2.34169	6.60853	6.65139	6.55443	2.15318	2.01050	1.90042	8.55678	7.81425	7.20105
52940	1.71053	1.69973	1.61822	7.05895	6.92894	6.79310	4.06627	3.11370	2.34398	6.60979	6.65256	6.55632	2.15284	2.01253	1.89858	8.56063	7.81678	7.20415
53110	1.70937	1.70090	1.61762	7.06168	6.93132	6.79543	4.06785	3.11465	2.34516	6.61231	6.65486	6.55716	2.15226	2.00861	1.89706	8.55655	7.81412	7.20104
53270	1.70915	1.70190	1.61865	7.05963	6.93173	6.79569	4.07177	3.11326	2.34428	6.61266	6.65490	6.55851	2.15579	2.01313	1.89881	8.56022	7.81558	7.20239
53440	1.70975	1.70238	1.62012	7.06020	6.92978	6.79392	4.05436	3.11484	2.34335	6.61074	6.65370	6.55732	2.15558	2.01545	1.90371	8.56348	7.81824	7.20586
53600	1.71333	1.70214	1.61957	7.06187	6.93163	6.79529	4.06775	3.11374	2.34491	6.61169	6.65520	6.55727	2.15558	2.01180	1.89944	8.55701	7.81467	7.20133
53770	1.70983	1.70180	1.61623	7.05891	6.92949	6.79415	4.05918	3.11572	2.34366	6.60901	6.65324	6.55645	2.15212	2.00968	1.90014	8.55623	7.81203	7.20095
53930	1.71000	1.70114	1.61692	7.05861	6.92877	6.79406	4.06725	3.11737	2.34604	6.60983	6.65271	6.55680	2.15443	2.01161	1.89868	8.55774	7.81381	7.20191
54100	1.70982	1.70053	1.61692	7.05766	6.92905	6.79258	4.06729	3.11323	2.34249	6.61014	6.65353	6.55683	2.15283	2.01129	1.90059	8.55852	7.81482	7.20326
54270	1.71022	1.70151	1.61931	7.05976	6.92975	6.79473	4.06446	3.11380	2.34264	6.61057	6.65480	6.55738	2.15199	2.01008	1.89711	8.55779	7.81406	7.20080	35.37	5.9	0.00	-2.04	0.01736	0.01202	0.01521	0.01827	0.01887	0.01476	0.00549	0.01522	0.02014	0.01858	0.01290	0.01644	0.01712	0.01769	0.01382	0.00573	0.01611	0.02146
54430	1.71071	1.70232	1.62042	7.06213	6.93375	6.79798	4.06418	3.11585	2.34665	6.61450	6.65738	6.55977	2.15462	2.01247	1.89981	8.56307	7.81769	7.20501
54590	1.71096	1.70176	1.61978	7.06145	6.93077	6.79647	4.07134	3.11358	2.34114	6.61112	6.65495	6.55821	2.15413	2.00914	1.89827	8.55682	7.81522	7.20168
54760	1.71143	1.69792	1.61762	7.06029	6.93088	6.79553	4.06890	3.11170	2.34131	6.61125	6.65618	6.55926	2.15384	2.01181	1.89589	8.55921	7.81424	7.20231
54920	1.70916	1.70015	1.61666	7.05948	6.93036	6.79553	4.06764	3.11451	2.34178	6.61210	6.65377	6.55815	2.15242	2.00966	1.89645	8.56210	7.81400	7.20260
55090	1.70928	1.70186	1.61990	7.06131	6.93118	6.79685	4.06383	3.11510	2.34439	6.61243	6.65618	6.55896	2.15403	2.01121	1.90140	8.56445	7.81478	7.20299
55250	1.70909	1.69872	1.61610	7.05786	6.92805	6.79344	4.06217	3.11251	2.33858	6.60917	6.65408	6.55566	2.15427	2.01213	1.90017	8.56141	7.81501	7.20393
55420	1.70862	1.70177	1.62006	7.05960	6.93005	6.79450	4.06404	3.11441	2.34102	6.61139	6.65559	6.55838	2.15487	2.01122	1.90024	8.56132	7.81857	7.20650
55580	1.71235	1.70137	1.61915	7.06385	6.93350	6.79761	4.07116	3.11202	2.34436	6.61318	6.65612	6.55982	2.15504	2.01005	1.89783	8.55889	7.81700	7.20419
55750	1.70633	1.69993	1.61666	7.05905	6.92974	6.79471	4.06031	3.11098	2.34034	6.61046	6.65262	6.55729	2.15233	2.00887	1.89625	8.55645	7.81387	7.20162
55910	1.70764	1.69652	1.61572	7.05789	6.92740	6.79455	4.06334	3.10789	2.33856	6.61096	6.65374	6.55644	2.15221	2.01092	1.89847	8.55876	7.81693	7.20533	35.37	6.1	0.00	-2.04	0.01736	0.01202	0.01521	0.01827	0.01887	0.01476	0.00549	0.01522	0.02014	0.01858	0.01290	0.01644	0.01712	0.01769	0.01382	0.00573	0.01611	0.02146
56080	1.70862	1.70015	1.61822	7.06235	6.93127	6.79759	4.05770	3.11464	2.34122	6.61425	6.65669	6.56122	2.15248	2.00697	1.89655	8.55904	7.81591	7.20366
56240	1.70683	1.69796	1.61739	7.05974	6.93084	6.79828	4.06549	3.11396	2.34242	6.61451	6.65674	6.56062	2.15417	2.00931	1.89758	8.55986	7.81466	7.20359
