WetView ver 7.1	07-11-2019	21:54:59
AC9 Absorption and Attenuation Meter
00000311		; Serial number
2	; structure version number
Reserved
0.000000	0.000000		; Depth calibration
19200			; Baud rate
0.100000			; Path length (meters)
23			; number of temperature calibration bins
				12.61517	13.44096	14.46844	15.49904	16.50682	17.50108	18.49752	19.51783	20.49177	21.49009	22.48286	23.50673	24.54012	25.54812	26.49986	27.49321	28.50960	29.48671	30.47471	31.49432	32.50437	33.48679	34.49133	; temperature bins
a650	Blue	18.61587		0.01156	0.01096	0.01010	0.00930	0.00851	0.00774	0.00661	0.00573	0.00499	0.00402	0.00285	0.00203	0.00096	0.00000	-0.00110	-0.00152	-0.00210	-0.00247	-0.00259	-0.00317	-0.00346	-0.00380	-0.00403		; offset and temperature correction info
a676	Green	18.78942		0.00964	0.00899	0.00863	0.00813	0.00730	0.00639	0.00545	0.00448	0.00385	0.00301	0.00233	0.00165	0.00046	0.00000	-0.00106	-0.00167	-0.00251	-0.00280	-0.00316	-0.00329	-0.00377	-0.00392	-0.00441		; offset and temperature correction info
a715	Brown	18.59217		0.01171	0.01109	0.01043	0.00975	0.00878	0.00789	0.00685	0.00572	0.00469	0.00356	0.00255	0.00160	0.00061	0.00000	-0.00063	-0.00113	-0.00152	-0.00183	-0.00226	-0.00293	-0.00364	-0.00404	-0.00473		; offset and temperature correction info
c510	Red	18.18396		-0.00549	-0.00480	-0.00383	-0.00272	-0.00202	-0.00118	-0.00044	-0.00038	-0.00015	-0.00021	0.00013	0.00007	-0.00007	0.00000	-0.00007	-0.00065	-0.00045	-0.00018	0.00007	0.00039	-0.00001	-0.00002	-0.00045		; offset and temperature correction info
c532	Magenta	18.26528		-0.00721	-0.00645	-0.00581	-0.00518	-0.00465	-0.00345	-0.00281	-0.00270	-0.00182	-0.00141	-0.00108	-0.00072	-0.00022	0.00000	0.00044	0.00030	0.00031	-0.00006	-0.00052	-0.00089	-0.00142	-0.00149	-0.00154		; offset and temperature correction info
c555	Black	18.37125		-0.00430	-0.00419	-0.00381	-0.00319	-0.00286	-0.00254	-0.00205	-0.00196	-0.00138	-0.00137	-0.00067	-0.00051	-0.00030	0.00000	0.00067	0.00087	0.00057	0.00027	-0.00015	-0.00089	-0.00127	-0.00137	-0.00150		; offset and temperature correction info
a412	LtBlue	15.33566		-0.06011	-0.05567	-0.05012	-0.04441	-0.03922	-0.03412	-0.02941	-0.02503	-0.02049	-0.01588	-0.01121	-0.00784	-0.00311	0.00000	0.00273	0.00611	0.00757	0.00871	0.01066	0.01299	0.01539	0.01781	0.02175		; offset and temperature correction info
a440	LtGreen	16.05925		-0.01380	-0.01214	-0.01039	-0.00858	-0.00690	-0.00532	-0.00426	-0.00322	-0.00230	-0.00158	-0.00055	0.00006	0.00001	0.00000	0.00017	0.00016	-0.00094	-0.00222	-0.00363	-0.00486	-0.00567	-0.00651	-0.00782		; offset and temperature correction info
a488	Yellow	16.82827		0.00255	0.00293	0.00331	0.00354	0.00373	0.00378	0.00363	0.00350	0.00291	0.00225	0.00215	0.00142	0.00099	0.00000	-0.00092	-0.00169	-0.00295	-0.00396	-0.00479	-0.00542	-0.00582	-0.00604	-0.00663		; offset and temperature correction info
c650	Blue	18.49287		-0.00570	-0.00516	-0.00456	-0.00403	-0.00346	-0.00232	-0.00132	-0.00122	-0.00073	-0.00066	-0.00035	-0.00016	0.00003	0.00000	0.00044	0.00078	0.00108	0.00057	0.00040	-0.00042	-0.00033	-0.00029	-0.00034		; offset and temperature correction info
c676	Green	18.50570		0.00299	0.00293	0.00287	0.00293	0.00278	0.00294	0.00317	0.00251	0.00243	0.00215	0.00139	0.00123	0.00068	0.00000	-0.00041	-0.00106	-0.00205	-0.00268	-0.00325	-0.00413	-0.00495	-0.00610	-0.00674		; offset and temperature correction info
c715	Brown	17.88888		0.00826	0.00812	0.00773	0.00790	0.00766	0.00758	0.00753	0.00650	0.00571	0.00461	0.00359	0.00222	0.00101	0.00000	-0.00146	-0.00284	-0.00385	-0.00448	-0.00463	-0.00513	-0.00623	-0.00715	-0.00838		; offset and temperature correction info
a510	Red	17.18050		0.00353	0.00364	0.00354	0.00361	0.00381	0.00381	0.00356	0.00332	0.00277	0.00229	0.00176	0.00116	0.00036	0.00000	-0.00014	-0.00069	-0.00088	-0.00147	-0.00150	-0.00129	-0.00120	-0.00134	-0.00091		; offset and temperature correction info
a532	Magenta	17.40228		0.00550	0.00548	0.00526	0.00479	0.00464	0.00422	0.00393	0.00328	0.00253	0.00212	0.00136	0.00085	0.00039	0.00000	-0.00059	-0.00146	-0.00188	-0.00262	-0.00330	-0.00393	-0.00491	-0.00540	-0.00605		; offset and temperature correction info
a555	Black	17.72308		0.00849	0.00832	0.00800	0.00760	0.00724	0.00655	0.00580	0.00495	0.00435	0.00347	0.00252	0.00153	0.00049	0.00000	-0.00050	-0.00155	-0.00214	-0.00306	-0.00350	-0.00411	-0.00470	-0.00539	-0.00570		; offset and temperature correction info
c412	LtBlue	16.72802		-0.05949	-0.05458	-0.04744	-0.04134	-0.03547	-0.03064	-0.02511	-0.02047	-0.01574	-0.01163	-0.00761	-0.00442	-0.00204	0.00000	0.00100	0.00051	-0.00043	-0.00239	-0.00475	-0.00629	-0.00827	-0.00955	-0.01337		; offset and temperature correction info
c440	LtGreen	17.42637		-0.02723	-0.02503	-0.02216	-0.01930	-0.01691	-0.01394	-0.01125	-0.00926	-0.00732	-0.00582	-0.00401	-0.00226	-0.00093	0.00000	0.00082	0.00123	0.00133	0.00097	0.00038	-0.00003	-0.00022	-0.00023	-0.00125		; offset and temperature correction info
c488	Yellow	18.03666		-0.00640	-0.00554	-0.00465	-0.00357	-0.00276	-0.00154	-0.00067	-0.00031	-0.00014	-0.00012	0.00046	0.00032	0.00020	0.00000	0.00001	-0.00024	-0.00060	-0.00084	-0.00126	-0.00180	-0.00276	-0.00304	-0.00427		; offset and temperature correction info
0.003500	0.004000	0.015000	0.020000	0.015000	0.020000	2500.000000	2000.000000	1000.000000	; maxANoise	maxCNoise	maxADifference	maxCDifference	minACounts	minCCounts	minRCounts	maxTempSdev	maxDepthSdev
0			; auxilliary capabilities
1			; acquisition binsize
0	0.45836	0.42147	0.41647	1.29521	1.24829	1.04849	3.56090	2.19771	1.19705	0.92103	0.76212	0.76832	0.94926	0.78498	0.69050	3.51789	2.33074	1.45498	34.23	6.0	0.00	-2.04	0.01740	0.01208	0.01528	0.01882	0.01930	0.01510	0.00550	0.01524	0.02016	0.01914	0.01350	0.01716	0.01716	0.01771	0.01383	0.00586	0.01650	0.02203
160	0.45674	0.42335	0.41471	1.29581	1.24700	1.04514	3.56361	2.19580	1.19590	0.91808	0.76169	0.76748	0.94768	0.78477	0.68871	3.51412	2.33045	1.45562
330	0.45654	0.42325	0.41287	1.29377	1.24658	1.04574	3.55803	2.19212	1.19344	0.91934	0.76014	0.76604	0.94778	0.78611	0.68835	3.51317	2.33071	1.45583
500	0.45878	0.42257	0.41479	1.29688	1.24817	1.04642	3.55365	2.19463	1.19431	0.91926	0.76281	0.76814	0.94779	0.78657	0.69038	3.51228	2.32994	1.45644
660	0.45722	0.42369	0.41444	1.29594	1.24734	1.04523	3.56465	2.19775	1.19712	0.92031	0.76296	0.76864	0.94720	0.78606	0.68903	3.51293	2.33104	1.45638
830	0.45837	0.42486	0.41534	1.29677	1.24869	1.04964	3.56572	2.20036	1.19776	0.92358	0.76357	0.76985	0.95072	0.78680	0.69139	3.51659	2.33247	1.45704
990	0.45705	0.42201	0.41438	1.29645	1.24873	1.04766	3.56187	2.19687	1.19569	0.92188	0.76342	0.76871	0.94663	0.78493	0.69025	3.51184	2.33083	1.45639
1160	0.45756	0.42225	0.41563	1.29298	1.24646	1.04768	3.56317	2.20043	1.19795	0.92382	0.76344	0.77066	0.94971	0.78643	0.68966	3.51450	2.33280	1.45833
1320	0.45727	0.42156	0.41279	1.29546	1.24647	1.04516	3.55776	2.19452	1.19336	0.92023	0.76185	0.76879	0.94690	0.78268	0.68882	3.51388	2.33073	1.45523
1490	0.45567	0.42110	0.41343	1.29293	1.24499	1.04458	3.54817	2.19199	1.19366	0.91865	0.76043	0.76661	0.94759	0.78456	0.68938	3.51474	2.33387	1.45783
82700	0.70353	0.65463	0.69229	1.01517	0.91557	0.73410	3.82554	2.46955	1.45723	0.53704	0.42466	0.41018	1.14734	0.97032	0.88940	3.23532	2.05927	1.18268	34.28	6.2	0.00	-2.04	0.01740	0.01208	0.01528	0.01882	0.01930	0.01510	0.00550	0.01524	0.02017	0.01915	0.01350	0.01718	0.01716	0.01771	0.01383	0.00586	0.01650	0.02203
82870	0.65321	0.59299	0.59834	1.01602	0.92936	0.75507	3.72599	2.38696	1.40419	0.57025	0.44134	0.41919	1.14070	1.00810	0.96605	3.23137	2.05070	1.17150
83030	0.73331	0.64130	0.63574	0.99856	0.90714	0.73364	3.74130	2.37777	1.37639	0.55128	0.42730	0.41396	1.09565	0.93988	0.89393	3.23712	2.05451	1.17436
83200	0.71047	0.63598	0.65279	0.99821	0.90214	0.72423	3.77276	2.42315	1.41281	0.53898	0.42676	0.41443	1.11994	0.96337	0.90051	3.23540	2.05695	1.18004
83360	0.69937	0.61921	0.63082	1.00802	0.91531	0.73711	3.76747	2.40616	1.40160	0.55982	0.44201	0.42903	1.12076	0.96432	0.91146	3.24076	2.06204	1.18560
83530	0.72194	0.64293	0.65789	1.01153	0.92161	0.74225	3.76170	2.41153	1.40155	0.56446	0.44427	0.43221	1.11446	0.95444	0.89630	3.23693	2.06018	1.18296
83690	0.70033	0.62310	0.63663	1.01454	0.92431	0.74586	3.76290	2.40629	1.40158	0.57017	0.44844	0.43621	1.12105	0.96623	0.91253	3.24192	2.06360	1.18516
83860	0.72290	0.63996	0.65445	1.01245	0.92236	0.74363	3.76856	2.41029	1.40307	0.56575	0.44675	0.43508	1.11652	0.95918	0.90403	3.24564	2.06759	1.18971
84020	0.70894	0.63365	0.64500	1.01724	0.92766	0.74976	3.77624	2.41396	1.40847	0.57072	0.45282	0.44158	1.12588	0.97022	0.91415	3.24667	2.06680	1.18864
84190	0.72375	0.64258	0.65559	1.02196	0.93340	0.75377	3.77870	2.41626	1.40739	0.57657	0.45673	0.44585	1.12243	0.96252	0.90832	3.24878	2.07270	1.19454
84350	0.70927	0.63322	0.64758	1.02668	0.93685	0.75554	3.78035	2.41804	1.40950	0.57567	0.46083	0.44713	1.12527	0.96828	0.91688	3.24983	2.07247	1.19521	34.28	6.2	0.00	-2.04	0.01740	0.01207	0.01527	0.01883	0.01931	0.01510	0.00550	0.01523	0.02015	0.01916	0.01351	0.01719	0.01715	0.01770	0.01382	0.00586	0.01651	0.02204
84520	0.72472	0.64227	0.65195	1.02484	0.93697	0.75638	3.76518	2.41094	1.40365	0.57823	0.46009	0.44991	1.11929	0.96306	0.90915	3.24901	2.07145	1.19387
84680	0.71735	0.63535	0.64578	1.02278	0.93270	0.75113	3.76819	2.40414	1.39888	0.57530	0.45636	0.44520	1.11353	0.96063	0.91016	3.24952	2.07272	1.19645
84850	0.71357	0.63406	0.64889	1.02559	0.93552	0.75555	3.76785	2.40802	1.39751	0.57845	0.46131	0.45107	1.11539	0.96024	0.90642	3.25020	2.07320	1.19722
85010	0.70876	0.63248	0.64739	1.02721	0.94054	0.76077	3.77478	2.41314	1.40539	0.58515	0.46693	0.45662	1.12346	0.96631	0.91412	3.25429	2.07815	1.20136
85180	0.71947	0.63620	0.65077	1.02944	0.94157	0.76089	3.76873	2.40993	1.40252	0.58553	0.46627	0.45354	1.11907	0.96370	0.90859	3.25422	2.07552	1.19901
85340	0.71064	0.62951	0.64226	1.02743	0.93766	0.75650	3.75726	2.40344	1.39442	0.58017	0.46070	0.44897	1.11380	0.96146	0.91213	3.24722	2.06927	1.19272
85500	0.72274	0.64222	0.65948	1.02610	0.93732	0.75730	3.77789	2.41938	1.40880	0.58113	0.46357	0.45147	1.11970	0.96552	0.90897	3.25084	2.07481	1.19803
85670	0.70631	0.62989	0.64202	1.02766	0.93922	0.75961	3.75464	2.40424	1.39993	0.58472	0.46470	0.45308	1.12104	0.96897	0.91747	3.25635	2.07943	1.20280
85840	0.72652	0.64329	0.65615	1.03070	0.94156	0.76026	3.77075	2.41408	1.40443	0.58425	0.46543	0.45292	1.11470	0.96267	0.90835	3.25136	2.07419	1.19626
86000	0.70847	0.62962	0.64317	1.02945	0.94089	0.75993	3.77069	2.40455	1.39923	0.58616	0.46726	0.45505	1.11744	0.96347	0.91158	3.25467	2.07701	1.20031	34.28	6.0	0.00	-2.04	0.01739	0.01207	0.01527	0.01883	0.01931	0.01511	0.00550	0.01522	0.02014	0.01916	0.01352	0.01719	0.01714	0.01769	0.01382	0.00586	0.01651	0.02205
86170	0.71593	0.63583	0.64824	1.03372	0.94527	0.76490	3.76434	2.40612	1.39705	0.59180	0.47343	0.46143	1.11227	0.95780	0.90598	3.25873	2.08134	1.20568
86330	0.70810	0.63147	0.64548	1.03542	0.94684	0.76534	3.77148	2.40513	1.39707	0.59154	0.47459	0.46246	1.11560	0.96498	0.90962	3.26492	2.08692	1.21098
86500	0.71557	0.63279	0.64585	1.04088	0.95249	0.76987	3.76629	2.40434	1.39886	0.59603	0.47813	0.46588	1.11602	0.96273	0.91089	3.26595	2.08597	1.20915
86660	0.71840	0.63751	0.65257	1.03916	0.95168	0.76972	3.77175	2.40901	1.40233	0.59527	0.47767	0.46601	1.11651	0.96222	0.90899	3.26066	2.08446	1.20819
86830	0.71576	0.63323	0.64825	1.03939	0.95253	0.77125	3.76372	2.40500	1.40021	0.59677	0.47914	0.46649	1.11768	0.96543	0.91097	3.26500	2.08710	1.21100
86990	0.71738	0.63511	0.64870	1.04218	0.95333	0.76986	3.76721	2.40875	1.40352	0.59691	0.47887	0.46659	1.11331	0.95790	0.90408	3.26164	2.08319	1.20770
87160	0.71335	0.63158	0.64672	1.03834	0.95118	0.76885	3.76919	2.40592	1.39862	0.59524	0.47847	0.46550	1.11489	0.95909	0.90673	3.26024	2.08088	1.20592
87330	0.71050	0.62982	0.64498	1.03824	0.95273	0.77177	3.76478	2.40855	1.40129	0.60012	0.48290	0.47099	1.11687	0.96250	0.90915	3.26531	2.08621	1.21040
87490	0.71790	0.63462	0.64715	1.04125	0.95522	0.77304	3.76728	2.40562	1.39956	0.60155	0.48308	0.47130	1.11386	0.96043	0.90956	3.26555	2.08687	1.21017
87660	0.71223	0.62976	0.64552	1.04450	0.95666	0.77459	3.76232	2.40485	1.39771	0.60264	0.48509	0.47294	1.11307	0.95931	0.90774	3.26901	2.09214	1.21730	34.28	6.0	0.00	-2.04	0.01738	0.01206	0.01526	0.01884	0.01932	0.01511	0.00549	0.01521	0.02014	0.01917	0.01352	0.01720	0.01713	0.01768	0.01381	0.00586	0.01651	0.02205
87820	0.70762	0.62795	0.63974	1.04882	0.96260	0.77996	3.76154	2.39794	1.39383	0.60691	0.49068	0.47641	1.11333	0.95842	0.90756	3.26774	2.08987	1.21379
87990	0.71333	0.63144	0.64488	1.04565	0.95915	0.77661	3.76864	2.40364	1.39589	0.60408	0.48589	0.47352	1.11256	0.95639	0.90657	3.26790	2.08793	1.21269
88150	0.71000	0.63291	0.64500	1.04394	0.95666	0.77605	3.76017	2.40581	1.39898	0.60287	0.48504	0.47282	1.11358	0.95998	0.90884	3.26362	2.08763	1.21165
88320	0.71785	0.63543	0.64908	1.04661	0.95981	0.77844	3.77155	2.41079	1.40144	0.60654	0.48878	0.47710	1.11552	0.96152	0.90889	3.26803	2.09154	1.21517
88490	0.71394	0.63443	0.64979	1.04539	0.95826	0.77608	3.77114	2.40499	1.39981	0.60614	0.48552	0.47404	1.11399	0.96153	0.90666	3.26534	2.08784	1.21276
88650	0.71335	0.63056	0.64531	1.04068	0.95320	0.77214	3.76181	2.40018	1.39459	0.59881	0.48110	0.47003	1.11209	0.95970	0.90927	3.26906	2.08983	1.21472
88820	0.71731	0.63488	0.65063	1.04417	0.95621	0.77460	3.76605	2.40775	1.40245	0.60287	0.48491	0.47216	1.11843	0.96249	0.91246	3.26708	2.09020	1.21370
88980	0.71464	0.63291	0.64862	1.04310	0.95648	0.77385	3.76594	2.40741	1.40045	0.60192	0.48475	0.47208	1.11564	0.96335	0.90995	3.26394	2.08672	1.21109
89150	0.71858	0.63496	0.65051	1.04226	0.95633	0.77331	3.76601	2.40692	1.40030	0.60255	0.48488	0.47192	1.11685	0.96400	0.91236	3.26957	2.09090	1.21590
89310	0.71703	0.63547	0.65008	1.04802	0.96107	0.77851	3.76904	2.40612	1.39929	0.60737	0.49002	0.47753	1.11513	0.95952	0.90759	3.26770	2.08967	1.21432	34.28	6.0	0.00	-2.04	0.01738	0.01206	0.01526	0.01884	0.01932	0.01511	0.00549	0.01521	0.02013	0.01917	0.01352	0.01720	0.01713	0.01768	0.01381	0.00586	0.01652	0.02206
89480	0.71267	0.63152	0.64731	1.04522	0.95929	0.77664	3.76391	2.40328	1.39591	0.60487	0.48826	0.47623	1.11103	0.95727	0.90500	3.26525	2.08739	1.21238
89640	0.71331	0.63188	0.64603	1.04346	0.96112	0.77986	3.76384	2.40272	1.39765	0.60825	0.49055	0.47706	1.11521	0.95999	0.90766	3.26897	2.09022	1.21470
89810	0.71829	0.63517	0.64779	1.04546	0.95953	0.77705	3.76401	2.40069	1.39711	0.60725	0.48880	0.47518	1.11375	0.96293	0.90972	3.26939	2.09181	1.21868
89980	0.71829	0.63547	0.65013	1.04822	0.96228	0.78083	3.76613	2.40566	1.40178	0.60734	0.49089	0.47782	1.11427	0.96143	0.90711	3.26982	2.09058	1.21530
90140	0.71482	0.63253	0.64608	1.04481	0.95825	0.77652	3.76292	2.40474	1.39546	0.60458	0.48635	0.47514	1.11085	0.95696	0.90379	3.26432	2.08560	1.21085
90310	0.71480	0.63466	0.64860	1.04416	0.95931	0.77746	3.76764	2.40226	1.39625	0.60587	0.48911	0.47646	1.11272	0.95657	0.90433	3.26826	2.08944	1.21401
90470	0.71085	0.63053	0.64632	1.04342	0.95695	0.77553	3.75834	2.40421	1.39976	0.60422	0.48742	0.47563	1.11259	0.96038	0.90844	3.26419	2.08767	1.21189
90640	0.71721	0.63311	0.64867	1.04135	0.95409	0.77310	3.75653	2.40238	1.39365	0.60141	0.48396	0.47349	1.11097	0.95749	0.90807	3.26562	2.08978	1.21413
90800	0.71517	0.63633	0.64931	1.04311	0.95783	0.77637	3.76316	2.40526	1.40069	0.60368	0.48667	0.47351	1.11471	0.96123	0.90833	3.26511	2.08744	1.21279
90970	0.71503	0.63318	0.64739	1.04382	0.95799	0.77698	3.76030	2.40209	1.39501	0.60640	0.48813	0.47524	1.11007	0.95642	0.90371	3.26744	2.08794	1.21270	34.28	5.9	0.00	-2.04	0.01738	0.01206	0.01526	0.01884	0.01932	0.01511	0.00549	0.01521	0.02013	0.01917	0.01353	0.01720	0.01712	0.01768	0.01381	0.00586	0.01652	0.02206
91130	0.71522	0.63520	0.65261	1.04498	0.96072	0.78048	3.76690	2.40649	1.40132	0.60872	0.49178	0.47861	1.11371	0.96178	0.90858	3.27071	2.09304	1.21622
91300	0.71513	0.63500	0.64880	1.04466	0.95925	0.77878	3.76358	2.40349	1.39743	0.60636	0.48893	0.47668	1.11080	0.95893	0.90788	3.26392	2.08789	1.21317
91460	0.71363	0.63260	0.64808	1.04197	0.95571	0.77540	3.76283	2.40185	1.39623	0.60297	0.48646	0.47355	1.11079	0.95836	0.90703	3.26530	2.08919	1.21366
91630	0.71299	0.63255	0.64840	1.04348	0.95866	0.77810	3.75719	2.40095	1.39808	0.60703	0.48960	0.47690	1.11290	0.95984	0.90799	3.26897	2.08938	1.21433
91800	0.71568	0.63597	0.64917	1.04338	0.95803	0.77591	3.76320	2.40272	1.39922	0.60654	0.48777	0.47616	1.11351	0.96252	0.91001	3.27111	2.09409	1.21871
91960	0.71786	0.63629	0.65241	1.04806	0.96254	0.78140	3.77131	2.40801	1.40124	0.60961	0.49172	0.48125	1.11584	0.96387	0.91240	3.26952	2.09184	1.21660
92130	0.71632	0.63518	0.64840	1.04563	0.95984	0.77929	3.76553	2.40586	1.39789	0.60711	0.48973	0.47805	1.11133	0.95637	0.90453	3.26797	2.08804	1.21280
92290	0.71326	0.63169	0.64655	1.04231	0.95697	0.77643	3.75586	2.40320	1.39617	0.60657	0.48805	0.47722	1.11155	0.95767	0.90793	3.26292	2.08726	1.21249
92460	0.71666	0.63522	0.64975	1.04391	0.96005	0.77931	3.76375	2.40551	1.39924	0.60949	0.49042	0.47911	1.11393	0.96006	0.90804	3.26752	2.08971	1.21471
92630	0.71570	0.63352	0.64966	1.04330	0.95760	0.77692	3.76115	2.39893	1.39482	0.60768	0.48893	0.47759	1.11102	0.96111	0.91158	3.27012	2.09445	1.21880	34.28	6.1	0.00	-2.04	0.01738	0.01206	0.01526	0.01885	0.01933	0.01512	0.00549	0.01520	0.02012	0.01917	0.01353	0.01720	0.01712	0.01767	0.01381	0.00586	0.01652	0.02206
92790	0.71608	0.63709	0.64887	1.04717	0.96160	0.77995	3.76248	2.40507	1.39913	0.60894	0.49112	0.47854	1.11233	0.95857	0.90878	3.26914	2.09096	1.21532
92960	0.71690	0.63446	0.64820	1.04371	0.95759	0.77742	3.76792	2.40405	1.39683	0.60682	0.48934	0.47679	1.10937	0.95686	0.90486	3.26486	2.08854	1.21323
93120	0.71076	0.63117	0.64508	1.04327	0.95819	0.77738	3.75612	2.39676	1.39434	0.60642	0.48898	0.47567	1.10833	0.95710	0.90517	3.26449	2.08647	1.21028
93290	0.71421	0.63226	0.64744	1.04109	0.95665	0.77824	3.75236	2.40050	1.39419	0.60717	0.48943	0.47674	1.11106	0.95606	0.90393	3.26560	2.08862	1.21332
93450	0.71016	0.63099	0.64423	1.03981	0.95396	0.77419	3.75158	2.39646	1.39225	0.60292	0.48473	0.47301	1.11076	0.95822	0.90615	3.27009	2.09110	1.21611
93620	0.71178	0.63225	0.64717	1.04383	0.95793	0.77712	3.76029	2.40007	1.39622	0.60598	0.48849	0.47654	1.11059	0.96022	0.90544	3.26731	2.09103	1.21557
93780	0.71387	0.63312	0.65011	1.04310	0.95816	0.77807	3.74926	2.40272	1.39824	0.60700	0.48923	0.47818	1.11116	0.95710	0.90653	3.26745	2.09033	1.21403
93950	0.71511	0.63162	0.64771	1.04251	0.95776	0.77765	3.75800	2.39922	1.39570	0.60684	0.48951	0.47763	1.11266	0.95838	0.90877	3.27057	2.09353	1.21705
94110	0.71402	0.63429	0.65021	1.04588	0.95981	0.77976	3.76262	2.40530	1.39882	0.60888	0.49105	0.47964	1.11196	0.96018	0.90679	3.27096	2.09001	1.21468
94280	0.71457	0.63288	0.64768	1.04407	0.95968	0.77951	3.76553	2.40047	1.39269	0.60887	0.49047	0.47946	1.10898	0.95675	0.90335	3.26586	2.08945	1.21427	34.28	6.0	0.00	-2.04	0.01738	0.01206	0.01526	0.01885	0.01933	0.01512	0.00549	0.01520	0.02012	0.01918	0.01353	0.01720	0.01712	0.01767	0.01381	0.00586	0.01652	0.02206
94450	0.71169	0.63106	0.64752	1.04357	0.96073	0.78082	3.76998	2.40523	1.40040	0.61133	0.49298	0.48263	1.11152	0.95797	0.90593	3.26897	2.09159	1.21575
94610	0.71420	0.63358	0.64795	1.04380	0.95777	0.77807	3.75128	2.39988	1.39533	0.60750	0.48909	0.47836	1.11109	0.95716	0.90511	3.26850	2.09020	1.21420
94780	0.71388	0.62899	0.64591	1.04082	0.95599	0.77574	3.75234	2.39849	1.39461	0.60462	0.48736	0.47562	1.11239	0.96022	0.90892	3.27008	2.09215	1.21718
94940	0.71510	0.63338	0.64840	1.04439	0.95950	0.77878	3.76352	2.40391	1.39780	0.60820	0.49110	0.47949	1.11151	0.95865	0.90532	3.26855	2.09152	1.21533
95110	0.71474	0.63328	0.64951	1.04282	0.95883	0.77810	3.76109	2.40182	1.39778	0.60749	0.49069	0.47935	1.11159	0.95714	0.90755	3.26771	2.09050	1.21424
95270	0.71580	0.63200	0.64792	1.04331	0.95851	0.77889	3.76560	2.39925	1.39618	0.60914	0.49115	0.47965	1.10839	0.95673	0.90463	3.26393	2.08917	1.21387
95440	0.71416	0.63619	0.65099	1.04492	0.96238	0.78228	3.76605	2.40288	1.39919	0.61151	0.49327	0.48188	1.11210	0.95896	0.90674	3.27024	2.09176	1.21707
95610	0.71413	0.63441	0.64984	1.04475	0.96106	0.78136	3.76105	2.40197	1.39716	0.61075	0.49347	0.48189	1.11019	0.95794	0.90741	3.27090	2.09071	1.21597
95770	0.71589	0.63164	0.64844	1.04397	0.95959	0.77961	3.75948	2.40295	1.39578	0.60919	0.49107	0.47989	1.11324	0.96281	0.90872	3.27252	2.09532	1.22042
95940	0.71871	0.63467	0.65107	1.04766	0.96281	0.78348	3.75744	2.40162	1.39832	0.61249	0.49470	0.48471	1.11245	0.96041	0.90899	3.27355	2.09724	1.22063	34.28	6.0	0.00	-2.04	0.01738	0.01206	0.01526	0.01885	0.01933	0.01512	0.00549	0.01520	0.02012	0.01918	0.01353	0.01721	0.01712	0.01767	0.01381	0.00586	0.01652	0.02206
96100	0.71795	0.63497	0.65193	1.04712	0.96271	0.78228	3.75938	2.40071	1.39610	0.61163	0.49339	0.48347	1.11047	0.95746	0.90665	3.27051	2.09300	1.21800
96270	0.71662	0.63387	0.64866	1.04587	0.96260	0.78290	3.75525	2.40191	1.39675	0.61362	0.49531	0.48495	1.11038	0.95733	0.90752	3.27040	2.09343	1.21816
96440	0.71524	0.63330	0.65103	1.04621	0.96211	0.78317	3.75812	2.39883	1.39804	0.61314	0.49408	0.48454	1.11526	0.96207	0.91453	3.27561	2.09742	1.22230
96600	0.71745	0.63705	0.65117	1.05039	0.96631	0.78642	3.77550	2.40556	1.40020	0.61608	0.49741	0.48777	1.11381	0.96204	0.90834	3.27392	2.09486	1.21942
96770	0.71684	0.63558	0.65156	1.04715	0.96212	0.78346	3.76691	2.40407	1.39768	0.61333	0.49523	0.48499	1.11225	0.95660	0.90810	3.26874	2.09173	1.21588
96930	0.71478	0.63355	0.65129	1.04353	0.96224	0.78484	3.77242	2.40557	1.39992	0.61548	0.49626	0.48573	1.11399	0.95977	0.90718	3.27508	2.09645	1.22061
97100	0.71647	0.63636	0.65102	1.04717	0.96405	0.78540	3.76523	2.40606	1.40080	0.61542	0.49669	0.48584	1.11302	0.95774	0.90588	3.27492	2.09334	1.21745
97260	0.71438	0.63377	0.64509	1.04486	0.96018	0.78175	3.75070	2.39508	1.39231	0.61301	0.49440	0.48378	1.11132	0.95834	0.90988	3.27373	2.09530	1.22022
97430	0.71970	0.63788	0.65277	1.04649	0.96490	0.78545	3.76455	2.40713	1.40072	0.61621	0.49787	0.48718	1.11239	0.95927	0.90752	3.27246	2.09556	1.21913
97590	0.71622	0.63490	0.64962	1.04843	0.96680	0.78726	3.76190	2.40214	1.39714	0.61784	0.49879	0.48848	1.11131	0.95853	0.90709	3.27543	2.09508	1.21891	34.28	6.0	0.00	-2.04	0.01738	0.01206	0.01525	0.01885	0.01933	0.01512	0.00549	0.01520	0.02012	0.01918	0.01353	0.01721	0.01712	0.01767	0.01381	0.00586	0.01652	0.02206
97760	0.71941	0.63980	0.65343	1.05042	0.96749	0.78814	3.76837	2.40717	1.39970	0.61949	0.49912	0.48873	1.11171	0.95809	0.90676	3.27546	2.09623	1.22178
97930	0.71652	0.63347	0.64977	1.04855	0.96606	0.78544	3.76197	2.40412	1.39791	0.61755	0.49744	0.48756	1.11306	0.96031	0.90753	3.27408	2.09555	1.21971
98090	0.71813	0.63794	0.65217	1.04617	0.96348	0.78366	3.76737	2.40115	1.39824	0.61479	0.49554	0.48544	1.11259	0.95860	0.90757	3.27390	2.09627	1.22074
98260	0.71701	0.63463	0.65036	1.04802	0.96428	0.78509	3.75629	2.40556	1.39979	0.61612	0.49625	0.48766	1.11392	0.96094	0.91091	3.27025	2.09420	1.21873
98420	0.72001	0.63774	0.65411	1.04649	0.96330	0.78417	3.75616	2.40165	1.39898	0.61495	0.49574	0.48640	1.11089	0.95821	0.90836	3.27160	2.09340	1.21783
98590	0.71857	0.63603	0.65274	1.04605	0.96363	0.78357	3.76275	2.40524	1.40050	0.61520	0.49611	0.48660	1.11624	0.96203	0.91297	3.27427	2.09667	1.22137
98750	0.72076	0.63862	0.65267	1.04905	0.96618	0.78582	3.75841	2.40217	1.39788	0.61676	0.49777	0.48677	1.11361	0.96027	0.90786	3.27503	2.09576	1.22039
98920	0.71777	0.63431	0.64993	1.04721	0.96439	0.78365	3.76211	2.40363	1.39901	0.61546	0.49547	0.48496	1.11179	0.95860	0.90794	3.27075	2.09232	1.21666
99090	0.71544	0.63431	0.65233	1.04386	0.96334	0.78488	3.76494	2.40205	1.40050	0.61733	0.49767	0.48670	1.11300	0.95985	0.91124	3.27429	2.09557	1.21912
99250	0.71785	0.63493	0.65152	1.04586	0.96331	0.78427	3.76408	2.40221	1.39945	0.61482	0.49549	0.48476	1.11156	0.95822	0.90849	3.27307	2.09370	1.21786	34.34	6.2	0.00	-2.04	0.01738	0.01206	0.01525	0.01885	0.01933	0.01512	0.00549	0.01520	0.02012	0.01918	0.01353	0.01721	0.01712	0.01767	0.01380	0.00586	0.01652	0.02206
99420	0.71643	0.63639	0.65124	1.04445	0.96125	0.78149	3.75519	2.40308	1.39636	0.61120	0.49308	0.48221	1.11417	0.96388	0.91261	3.27320	2.09665	1.22119
99580	0.71882	0.63561	0.65361	1.04721	0.96419	0.78342	3.76469	2.40387	1.40055	0.61389	0.49524	0.48477	1.11342	0.96075	0.90872	3.27188	2.09458	1.21990
99750	0.71747	0.63663	0.65383	1.04591	0.96372	0.78286	3.75926	2.40168	1.39714	0.61409	0.49660	0.48479	1.11158	0.96164	0.90934	3.27506	2.09420	1.21793
99910	0.71608	0.63659	0.65132	1.04574	0.96307	0.78267	3.76285	2.40447	1.40023	0.61365	0.49524	0.48483	1.11213	0.95954	0.90975	3.26924	2.09162	1.21632
100080	0.71921	0.63841	0.65387	1.04666	0.96456	0.78554	3.76435	2.40745	1.40176	0.61559	0.49766	0.48659	1.11401	0.96044	0.90891	3.27231	2.09434	1.21952
100250	0.71684	0.63413	0.65117	1.04502	0.96183	0.78232	3.76586	2.40232	1.39815	0.61408	0.49555	0.48372	1.10840	0.95645	0.90296	3.27059	2.09223	1.21629
100410	0.71123	0.63010	0.64368	1.04188	0.95855	0.77936	3.75597	2.39579	1.39265	0.61067	0.49160	0.48176	1.11019	0.96025	0.90719	3.26990	2.09415	1.21816
100580	0.71620	0.63504	0.65139	1.04443	0.96172	0.78202	3.76459	2.40089	1.39780	0.61276	0.49451	0.48372	1.11247	0.95814	0.90954	3.26979	2.09287	1.21740
100740	0.71704	0.63465	0.64991	1.04454	0.96242	0.78260	3.76442	2.40258	1.39796	0.61383	0.49499	0.48475	1.11189	0.95854	0.91021	3.27246	2.09287	1.21696
100910	0.71750	0.63355	0.65056	1.04473	0.96291	0.78220	3.76377	2.40160	1.39876	0.61447	0.49565	0.48480	1.11360	0.96074	0.90957	3.27576	2.09652	1.22111	34.28	5.9	0.00	-2.04	0.01737	0.01206	0.01525	0.01885	0.01933	0.01512	0.00549	0.01520	0.02012	0.01918	0.01353	0.01721	0.01712	0.01767	0.01380	0.00586	0.01652	0.02206
101070	0.71917	0.63682	0.65352	1.04830	0.96635	0.78628	3.76661	2.40635	1.39953	0.61648	0.49844	0.48760	1.11183	0.95899	0.90982	3.27193	2.09513	1.21826
101240	0.71849	0.63518	0.65006	1.04644	0.96296	0.78290	3.76229	2.40189	1.39465	0.61372	0.49578	0.48567	1.10925	0.95663	0.90739	3.26912	2.09147	1.21526
101410	0.71690	0.63398	0.65176	1.04329	0.96337	0.78433	3.76308	2.40675	1.39998	0.61554	0.49693	0.48613	1.11364	0.95753	0.90749	3.27193	2.09361	1.21855
101570	0.71847	0.63631	0.65197	1.04596	0.96347	0.78325	3.76678	2.40257	1.39765	0.61323	0.49566	0.48453	1.11085	0.95977	0.90921	3.26786	2.09246	1.21673
101740	0.71640	0.63459	0.65110	1.04272	0.95952	0.77865	3.75679	2.39958	1.39455	0.61046	0.49174	0.48200	1.11245	0.96076	0.91121	3.27023	2.09504	1.21912
101900	0.72003	0.63793	0.65221	1.04604	0.96258	0.78336	3.76424	2.40338	1.39937	0.61245	0.49557	0.48513	1.11190	0.95868	0.90851	3.27124	2.09268	1.21741
102070	0.71872	0.63686	0.65174	1.04425	0.96227	0.78243	3.76336	2.40523	1.39805	0.61323	0.49489	0.48448	1.11335	0.96130	0.90888	3.26889	2.09124	1.21619
102230	0.71739	0.63459	0.65165	1.04403	0.96180	0.78231	3.76582	2.40303	1.39793	0.61280	0.49562	0.48429	1.11124	0.95949	0.91006	3.26801	2.09000	1.21460
102400	0.71924	0.63711	0.65311	1.04589	0.96437	0.78466	3.76041	2.40759	1.40100	0.61598	0.49723	0.48699	1.11572	0.96244	0.91187	3.27071	2.09368	1.21855
102570	0.71813	0.63784	0.65196	1.04477	0.96205	0.78216	3.76299	2.39967	1.39670	0.61258	0.49451	0.48399	1.11268	0.95765	0.90924	3.26764	2.09195	1.21659	34.28	6.2	0.00	-2.04	0.01737	0.01205	0.01525	0.01885	0.01933	0.01512	0.00549	0.01520	0.02012	0.01918	0.01353	0.01721	0.01712	0.01767	0.01380	0.00586	0.01652	0.02206
102730	0.71676	0.63601	0.65087	1.04320	0.95954	0.77974	3.75889	2.39748	1.39467	0.61092	0.49274	0.48148	1.11058	0.95900	0.91039	3.26999	2.09299	1.21788
102900	0.71860	0.63631	0.65345	1.04515	0.96146	0.78172	3.76074	2.40153	1.39961	0.61381	0.49492	0.48501	1.11143	0.96061	0.90886	3.27184	2.09281	1.21664
103060	0.71917	0.63562	0.65302	1.04406	0.96180	0.78243	3.75342	2.40016	1.39729	0.61429	0.49544	0.48395	1.11092	0.95836	0.90895	3.26941	2.09082	1.21504
103230	0.71936	0.63816	0.65467	1.04686	0.96553	0.78690	3.76265	2.40443	1.39975	0.61794	0.49884	0.48775	1.11465	0.96172	0.91134	3.27491	2.09563	1.22071
103390	0.71872	0.63725	0.65374	1.04634	0.96416	0.78469	3.76210	2.40677	1.40034	0.61592	0.49682	0.48584	1.11487	0.96236	0.90808	3.27182	2.09373	1.21712
103560	0.71786	0.63757	0.65415	1.04511	0.96410	0.78456	3.77196	2.40760	1.39878	0.61604	0.49808	0.48728	1.11663	0.96105	0.91084	3.27235	2.09411	1.21873
103720	0.71942	0.63601	0.65055	1.04597	0.96192	0.78171	3.76115	2.39910	1.39522	0.61251	0.49501	0.48421	1.11268	0.95976	0.91246	3.27277	2.09433	1.21849
103890	0.71908	0.63649	0.65270	1.04671	0.96381	0.78338	3.76823	2.40340	1.39576	0.61376	0.49572	0.48484	1.11216	0.95793	0.90779	3.26881	2.09191	1.21628
104050	0.71740	0.63589	0.65237	1.04430	0.96257	0.78294	3.76419	2.40515	1.39797	0.61375	0.49661	0.48558	1.11224	0.95910	0.90739	3.27034	2.09257	1.21702
104210	0.71694	0.63327	0.65036	1.04446	0.96089	0.78053	3.76314	2.39989	1.39378	0.61249	0.49332	0.48366	1.11011	0.95850	0.90887	3.26771	2.09155	1.21661	34.28	6.1	0.00	-2.04	0.01737	0.01205	0.01525	0.01885	0.01933	0.01512	0.00549	0.01520	0.02012	0.01918	0.01353	0.01721	0.01712	0.01767	0.01380	0.00586	0.01652	0.02206
104380	0.71881	0.63399	0.65306	1.04445	0.96183	0.78125	3.76393	2.40195	1.39649	0.61261	0.49448	0.48441	1.11096	0.95738	0.90916	3.26835	2.09034	1.21551
104540	0.71856	0.63653	0.65236	1.04376	0.96145	0.78134	3.75596	2.40235	1.39809	0.61374	0.49520	0.48551	1.11250	0.95796	0.90810	3.27027	2.09152	1.21633
104710	0.71855	0.63531	0.65168	1.04337	0.95985	0.77975	3.76174	2.40062	1.39678	0.61276	0.49419	0.48379	1.11317	0.96212	0.91328	3.27376	2.09408	1.21950
104880	0.71886	0.63724	0.65289	1.04598	0.96275	0.78186	3.76047	2.40362	1.39704	0.61334	0.49538	0.48520	1.11212	0.95978	0.91075	3.27107	2.09223	1.21758
105040	0.71843	0.63671	0.65409	1.04547	0.96220	0.78149	3.76920	2.40458	1.40089	0.61375	0.49553	0.48479	1.11178	0.95810	0.90863	3.26782	2.09111	1.21576
105210	0.71948	0.63960	0.65535	1.04714	0.96595	0.78506	3.77057	2.40863	1.40257	0.61591	0.49822	0.48708	1.11416	0.96134	0.91075	3.27419	2.09521	1.21972
105370	0.71948	0.63724	0.65379	1.04725	0.96374	0.78467	3.76684	2.40472	1.40036	0.61435	0.49693	0.48620	1.11214	0.96000	0.90920	3.26969	2.09271	1.21659
105540	0.71740	0.63362	0.64869	1.04391	0.96062	0.77944	3.74974	2.39945	1.39671	0.61174	0.49350	0.48363	1.11067	0.95980	0.91155	3.27297	2.09444	1.21923
105700	0.71848	0.63781	0.65383	1.04617	0.96398	0.78323	3.76270	2.40337	1.39933	0.61431	0.49571	0.48490	1.11136	0.95920	0.90841	3.27038	2.09181	1.21700
105870	0.71695	0.63568	0.65131	1.04498	0.96306	0.78207	3.76073	2.40093	1.39722	0.61456	0.49563	0.48550	1.11392	0.96360	0.91128	3.27456	2.09477	1.22061	34.34	5.9	0.00	-2.04	0.01737	0.01205	0.01525	0.01885	0.01933	0.01512	0.00549	0.01520	0.02012	0.01918	0.01353	0.01721	0.01712	0.01767	0.01380	0.00586	0.01652	0.02206
106030	0.72156	0.63788	0.65377	1.04834	0.96531	0.78401	3.76528	2.40510	1.40000	0.61538	0.49783	0.48810	1.11178	0.96080	0.90860	3.27047	2.09251	1.21754
106200	0.71726	0.63416	0.65250	1.04498	0.96261	0.78195	3.76059	2.40364	1.39964	0.61279	0.49496	0.48499	1.11036	0.95846	0.91160	3.26640	2.08995	1.21562
106360	0.71727	0.63641	0.65182	1.04362	0.96209	0.78186	3.76104	2.40431	1.39949	0.61369	0.49567	0.48543	1.11232	0.96041	0.90947	3.26986	2.09238	1.21729
106530	0.72065	0.63596	0.65231	1.04449	0.96188	0.78071	3.75956	2.40239	1.39863	0.61204	0.49489	0.48529	1.11374	0.96324	0.91396	3.27345	2.09622	1.22129
106700	0.72141	0.63811	0.65379	1.04791	0.96433	0.78436	3.75929	2.40108	1.39582	0.61467	0.49743	0.48761	1.11196	0.95879	0.90946	3.27213	2.09453	1.21850
106860	0.71768	0.63675	0.65201	1.04605	0.96256	0.78247	3.75047	2.40110	1.39632	0.61311	0.49549	0.48476	1.11059	0.95764	0.90570	3.26748	2.09017	1.21535
107030	0.71652	0.63543	0.65229	1.04621	0.96352	0.78404	3.76346	2.40654	1.40017	0.61409	0.49772	0.48647	1.11375	0.96153	0.90884	3.27136	2.09288	1.21752
107190	0.71706	0.63465	0.65082	1.04387	0.96057	0.78131	3.76114	2.39791	1.39250	0.60998	0.49365	0.48259	1.10721	0.95385	0.90186	3.26666	2.08929	1.21322
107360	0.71318	0.62739	0.64842	1.04050	0.95555	0.77664	3.75006	2.39563	1.39197	0.60758	0.48932	0.47939	1.11138	0.95770	0.90876	3.26537	2.09038	1.21528
107520	0.71426	0.63010	0.64608	1.04178	0.95867	0.77872	3.74908	2.39320	1.39041	0.60872	0.49201	0.48000	1.10429	0.95451	0.89990	3.26265	2.08724	1.21294	34.34	5.9	0.00	-2.04	0.01737	0.01205	0.01525	0.01885	0.01933	0.01512	0.00549	0.01520	0.02012	0.01918	0.01353	0.01721	0.01712	0.01767	0.01380	0.00586	0.01652	0.02206
107690	0.71073	0.63059	0.64908	1.04362	0.96144	0.78201	3.75960	2.39955	1.39421	0.61236	0.49440	0.48313	1.11025	0.95869	0.90893	3.26970	2.09255	1.21726
107850	0.71300	0.62868	0.64671	1.04452	0.95978	0.78086	3.75263	2.40139	1.39525	0.61041	0.49387	0.48266	1.10854	0.95840	0.91095	3.27018	2.09055	1.21475
108020	0.72160	0.63574	0.65394	1.04188	0.95812	0.77765	3.76412	2.40338	1.39533	0.60795	0.49139	0.48070	1.11422	0.96046	0.90927	3.26783	2.09296	1.21874
108180	0.71798	0.63462	0.65238	1.04504	0.96163	0.78171	3.76090	2.40270	1.40035	0.61148	0.49464	0.48388	1.11526	0.96388	0.91598	3.26991	2.09100	1.21633
108350	0.72355	0.63990	0.65781	1.04431	0.96168	0.78192	3.76521	2.40494	1.39845	0.61227	0.49595	0.48487	1.11292	0.96163	0.91310	3.27132	2.09647	1.22008
108510	0.72342	0.63849	0.65536	1.04721	0.96350	0.78304	3.76542	2.40596	1.40338	0.61249	0.49629	0.48534	1.11712	0.96281	0.91382	3.26997	2.09218	1.21773
108680	0.72163	0.63828	0.65602	1.04429	0.96108	0.78034	3.76538	2.40579	1.39959	0.61010	0.49380	0.48340	1.11205	0.96016	0.91194	3.26754	2.08879	1.21452
108850	0.71868	0.63615	0.65836	1.04230	0.96184	0.78204	3.77179	2.40681	1.40593	0.61355	0.49633	0.48662	1.11677	0.96367	0.91523	3.27079	2.09244	1.21711
109010	0.72707	0.64176	0.65922	1.04608	0.96271	0.78244	3.75714	2.40383	1.40355	0.61316	0.49677	0.48597	1.11545	0.96288	0.91397	3.27031	2.09233	1.21773
109180	0.72320	0.63726	0.65544	1.04419	0.96088	0.78001	3.75882	2.40519	1.39983	0.61129	0.49411	0.48369	1.11583	0.96385	0.91725	3.27091	2.09530	1.21996	34.28	6.1	0.00	-2.04	0.01737	0.01205	0.01525	0.01885	0.01933	0.01512	0.00549	0.01520	0.02011	0.01918	0.01353	0.01721	0.01712	0.01767	0.01380	0.00586	0.01652	0.02206
109340	0.72528	0.63920	0.65750	1.04653	0.96317	0.78183	3.75612	2.40598	1.40124	0.61385	0.49701	0.48599	1.11551	0.96275	0.91274	3.27254	2.09237	1.21747
109510	0.72273	0.64099	0.65732	1.04604	0.96271	0.78293	3.76833	2.40774	1.40111	0.61387	0.49653	0.48531	1.11537	0.96207	0.91320	3.26699	2.09053	1.21568
109670	0.72485	0.64143	0.65964	1.04795	0.96624	0.78653	3.76207	2.41088	1.40240	0.61598	0.49872	0.48760	1.11588	0.96261	0.91013	3.27347	2.09515	1.21978
109840	0.71572	0.63384	0.64876	1.04674	0.96423	0.78431	3.76190	2.40203	1.40068	0.61398	0.49764	0.48631	1.11584	0.96428	0.91633	3.26961	2.09301	1.21801
110000	0.72502	0.63945	0.65637	1.04573	0.96211	0.78130	3.76008	2.40223	1.39657	0.61329	0.49694	0.48659	1.11166	0.96214	0.91356	3.27294	2.09724	1.22283
110170	0.72314	0.64013	0.65779	1.05031	0.96686	0.78573	3.76604	2.40944	1.40660	0.61666	0.50002	0.48973	1.11906	0.96641	0.91751	3.27223	2.09341	1.21916
110340	0.72671	0.64011	0.65766	1.04734	0.96487	0.78396	3.76022	2.40472	1.39845	0.61628	0.49931	0.48951	1.11241	0.95941	0.90803	3.26871	2.09262	1.21823
110500	0.72584	0.64262	0.66073	1.05130	0.96920	0.78805	3.77425	2.41071	1.40656	0.61933	0.50219	0.49292	1.12024	0.96605	0.91489	3.27511	2.09889	1.22395
110670	0.72512	0.63968	0.65881	1.05109	0.96833	0.78755	3.76634	2.40800	1.40235	0.61710	0.50166	0.49136	1.11683	0.96343	0.91632	3.27236	2.09515	1.21971
110830	0.72630	0.63980	0.65905	1.04752	0.96426	0.78366	3.76218	2.40350	1.39854	0.61428	0.49825	0.48835	1.11306	0.96072	0.91156	3.26858	2.09399	1.21986	34.28	6.0	0.00	-2.04	0.01737	0.01205	0.01525	0.01885	0.01933	0.01512	0.00549	0.01520	0.02011	0.01918	0.01353	0.01721	0.01711	0.01767	0.01380	0.00586	0.01652	0.02207
111000	0.72360	0.63881	0.65617	1.04845	0.96602	0.78517	3.77060	2.40554	1.40328	0.61581	0.49865	0.48815	1.11702	0.96437	0.91678	3.27111	2.09530	1.22000
111160	0.72490	0.64087	0.65847	1.04768	0.96432	0.78332	3.76441	2.40480	1.40126	0.61396	0.49853	0.48694	1.11494	0.96480	0.91829	3.27022	2.09570	1.22153
111330	0.72847	0.64401	0.66354	1.04986	0.96759	0.78598	3.77317	2.40805	1.40434	0.61669	0.49979	0.48858	1.11732	0.96139	0.91370	3.27291	2.09465	1.21963
111490	0.72351	0.63991	0.65911	1.04777	0.96588	0.78467	3.75996	2.40572	1.40381	0.61539	0.49855	0.48680	1.11591	0.96374	0.91448	3.26985	2.09213	1.21752
111660	0.72874	0.64124	0.66049	1.05133	0.96946	0.78977	3.77409	2.41077	1.40621	0.61922	0.50215	0.49233	1.11913	0.96543	0.91815	3.27434	2.09615	1.22213
111820	0.72892	0.64151	0.66103	1.04935	0.96705	0.78666	3.76933	2.40632	1.40491	0.61574	0.50046	0.48852	1.11755	0.96258	0.91468	3.26879	2.09311	1.21910
111990	0.72500	0.63846	0.65598	1.04632	0.96369	0.78268	3.76927	2.40207	1.39826	0.61553	0.49711	0.48609	1.11603	0.96650	0.91973	3.27138	2.09521	1.22220
112160	0.72979	0.64397	0.66174	1.05016	0.96744	0.78642	3.76465	2.40993	1.40196	0.61574	0.49996	0.48900	1.11621	0.96544	0.91538	3.27215	2.09422	1.22020
112320	0.72170	0.63869	0.65890	1.04791	0.96515	0.78498	3.76225	2.40680	1.40451	0.61554	0.49948	0.48890	1.11668	0.96575	0.91655	3.26948	2.09190	1.21750
112490	0.72682	0.64262	0.66143	1.05143	0.97036	0.79048	3.77296	2.41005	1.40405	0.61767	0.50257	0.49195	1.11755	0.96528	0.91482	3.27399	2.09764	1.22177	34.34	6.0	0.00	-2.04	0.01737	0.01205	0.01525	0.01885	0.01933	0.01512	0.00549	0.01519	0.02011	0.01918	0.01353	0.01721	0.01711	0.01766	0.01380	0.00586	0.01652	0.02207
112650	0.72642	0.64153	0.66127	1.04859	0.96426	0.78345	3.76731	2.41137	1.40624	0.61440	0.49805	0.48811	1.11843	0.96612	0.91768	3.26926	2.09369	1.21816
112820	0.73062	0.64162	0.65919	1.04552	0.96143	0.78093	3.76167	2.40337	1.39853	0.61044	0.49528	0.48659	1.11486	0.96196	0.91553	3.27267	2.09601	1.22094
112980	0.72611	0.64017	0.65964	1.04790	0.96519	0.78399	3.77341	2.41142	1.40763	0.61328	0.49802	0.48767	1.12403	0.97687	0.93088	3.26945	2.09204	1.21880
113150	0.73744	0.64424	0.65606	1.04784	0.96544	0.78402	3.76752	2.40226	1.39935	0.61488	0.49988	0.48760	1.11492	0.96359	0.91547	3.27434	2.09751	1.22368
113310	0.73112	0.64221	0.66583	1.05204	0.96937	0.78684	3.79045	2.42724	1.42260	0.61327	0.50104	0.48758	1.12593	0.96960	0.91858	3.26776	2.09271	1.21789
113480	0.73202	0.64096	0.65813	1.04663	0.96356	0.78287	3.77615	2.41181	1.40430	0.61185	0.49694	0.48314	1.11697	0.96589	0.91653	3.26100	2.08666	1.21407
113640	0.72794	0.63594	0.65068	1.04397	0.96312	0.78414	3.76044	2.39644	1.39096	0.61327	0.50040	0.48846	1.11163	0.95947	0.90876	3.26501	2.08938	1.21664
113810	0.71392	0.57696	0.57228	1.04557	0.96725	0.78141	3.70925	2.38902	1.41382	0.61453	0.50228	0.49324	1.14724	1.00126	0.98516	3.27629	2.09847	1.22255
113970	0.86816	0.78385	0.82981	1.05088	0.96808	0.78780	3.86470	2.44968	1.39711	0.62425	0.50101	0.48726	1.06826	0.89646	0.82074	3.27672	2.09457	1.22372
114140	0.60858	0.54951	0.56828	1.05033	0.97018	0.78795	3.74218	2.41409	1.43732	0.61990	0.50421	0.49246	1.18638	1.04548	1.02005	3.27371	2.09639	1.22206	34.34	6.0	0.00	-2.04	0.01737	0.01205	0.01525	0.01885	0.01933	0.01512	0.00549	0.01519	0.02011	0.01918	0.01353	0.01721	0.01711	0.01766	0.01380	0.00586	0.01652	0.02207
114310	0.83070	0.72155	0.72047	1.04943	0.96658	0.78578	3.77854	2.38264	1.35719	0.61875	0.49890	0.48673	1.05178	0.89255	0.83400	3.27128	2.09400	1.21907
114470	0.67101	0.61018	0.64686	1.04496	0.96139	0.78185	3.77597	2.43893	1.44839	0.61663	0.50021	0.49147	1.17425	1.02478	0.99084	3.28406	2.10438	1.22794
114640	0.78534	0.67623	0.67512	1.05495	0.97170	0.78935	3.73853	2.37326	1.36030	0.61654	0.50264	0.49241	1.07972	0.92979	0.87590	3.27554	2.09986	1.22748
114800	0.70357	0.63742	0.66925	1.05386	0.97086	0.78961	3.79686	2.44570	1.44835	0.62076	0.50286	0.49150	1.15669	1.00186	0.95562	3.27504	2.09839	1.22364
114970	0.74609	0.64165	0.64697	1.05273	0.97183	0.78951	3.73174	2.36936	1.36125	0.62212	0.50515	0.49499	1.08740	0.94687	0.90829	3.27356	2.09658	1.22225
115140	0.74281	0.66162	0.68904	1.05024	0.96892	0.78786	3.79298	2.44109	1.43757	0.61761	0.50061	0.48864	1.13426	0.97742	0.92050	3.26867	2.09222	1.21752
115300	0.71784	0.62754	0.64089	1.05267	0.97122	0.78959	3.74655	2.39439	1.39128	0.62347	0.50509	0.49437	1.11744	0.96706	0.93014	3.27559	2.09807	1.22373
115470	0.75731	0.67166	0.69257	1.05014	0.96672	0.78471	3.78375	2.42941	1.41800	0.61516	0.49968	0.48918	1.11831	0.96094	0.90706	3.26721	2.09285	1.21919
115630	0.70598	0.62242	0.63830	1.04677	0.96363	0.78259	3.75205	2.39652	1.40073	0.61473	0.49751	0.48632	1.12364	0.97796	0.93417	3.26930	2.09334	1.21909
115800	0.75193	0.66109	0.67992	1.04904	0.96693	0.78639	3.77422	2.41199	1.40456	0.61512	0.49874	0.48749	1.10944	0.95572	0.90416	3.27023	2.09386	1.21899	34.28	6.2	0.00	-2.04	0.01737	0.01205	0.01525	0.01885	0.01933	0.01512	0.00549	0.01519	0.02011	0.01918	0.01353	0.01721	0.01711	0.01767	0.01380	0.00586	0.01652	0.02207
115960	0.71424	0.63575	0.65757	1.04752	0.96278	0.78329	3.77066	2.42342	1.42313	0.61273	0.49717	0.48554	1.13903	0.98729	0.94213	3.27671	2.09921	1.22532
116130	0.74580	0.65200	0.66342	1.05404	0.97041	0.78864	3.76559	2.40203	1.39634	0.61555	0.50156	0.49077	1.11087	0.95725	0.90594	3.27583	2.09973	1.22535
116290	0.72080	0.64208	0.66540	1.05375	0.97068	0.78899	3.77151	2.41871	1.41261	0.61932	0.50205	0.49306	1.12406	0.96993	0.92383	3.27433	2.09650	1.22132
116460	0.72919	0.64110	0.65671	1.05038	0.96852	0.78786	3.75752	2.39588	1.39216	0.61634	0.49877	0.48879	1.10961	0.95852	0.91128	3.27060	2.09349	1.21827
116620	0.72568	0.63935	0.66405	1.04923	0.96568	0.78424	3.76905	2.41223	1.40539	0.61441	0.49876	0.48881	1.11662	0.96360	0.91502	3.27319	2.09437	1.21941
116790	0.72640	0.63962	0.65533	1.04709	0.96442	0.78348	3.75625	2.39955	1.39961	0.61427	0.49843	0.48780	1.11908	0.96789	0.92297	3.27583	2.09987	1.22535
116960	0.73222	0.64541	0.66574	1.05312	0.97075	0.78911	3.76888	2.41249	1.40859	0.62118	0.50335	0.49183	1.11822	0.96800	0.91707	3.27404	2.09769	1.22235
117120	0.72886	0.64126	0.66084	1.05068	0.96885	0.78683	3.76597	2.40484	1.40219	0.61836	0.50042	0.48851	1.11775	0.96451	0.91929	3.26970	2.09317	1.21942
117290	0.73181	0.64402	0.66323	1.05208	0.97090	0.79058	3.77240	2.41341	1.40803	0.62247	0.50408	0.49327	1.11803	0.96502	0.91912	3.27800	2.10109	1.22573
117450	0.72935	0.64511	0.66294	1.05274	0.97114	0.79085	3.76766	2.41220	1.40536	0.62003	0.50447	0.49330	1.11728	0.96318	0.91652	3.27719	2.09730	1.22297	34.34	6.2	0.00	-2.04	0.01737	0.01205	0.01525	0.01885	0.01933	0.01512	0.00549	0.01519	0.02011	0.01918	0.01353	0.01721	0.01711	0.01767	0.01380	0.00586	0.01652	0.02207
117620	0.72663	0.64146	0.66160	1.05109	0.96927	0.78811	3.76297	2.40866	1.40418	0.61969	0.50183	0.49090	1.12044	0.96952	0.92196	3.27600	2.10020	1.22568
117780	0.73235	0.64617	0.66411	1.05329	0.97164	0.78975	3.76838	2.40753	1.40461	0.62165	0.50354	0.49228	1.11735	0.96438	0.91744	3.27539	2.09759	1.22334
117950	0.72786	0.64360	0.66249	1.05192	0.97162	0.79013	3.76917	2.41028	1.40921	0.62218	0.50484	0.49419	1.12166	0.96960	0.92469	3.28237	2.10088	1.22597
118110	0.73129	0.64769	0.66539	1.05550	0.97366	0.79247	3.76619	2.41246	1.40731	0.62393	0.50617	0.49549	1.11801	0.96792	0.91987	3.27864	2.09915	1.22494
118280	0.73221	0.64737	0.66751	1.05308	0.97144	0.78948	3.77242	2.41170	1.40814	0.62156	0.50330	0.49260	1.12028	0.96838	0.92249	3.27698	2.09902	1.22441
118440	0.72975	0.64576	0.66305	1.05336	0.97220	0.79028	3.77167	2.41196	1.40907	0.62221	0.50402	0.49358	1.12006	0.96901	0.92211	3.27780	2.09894	1.22373
118610	0.73393	0.64793	0.66613	1.05173	0.96942	0.78795	3.76708	2.41240	1.40782	0.61958	0.50154	0.49196	1.12364	0.97242	0.92401	3.27827	2.10229	1.22738
118780	0.73508	0.64900	0.66787	1.05444	0.97200	0.79054	3.77112	2.41453	1.41142	0.62223	0.50399	0.49523	1.12243	0.96945	0.92377	3.27978	2.09931	1.22464
118940	0.73138	0.64859	0.66607	1.05282	0.97113	0.78975	3.77174	2.41025	1.40664	0.62080	0.50270	0.49317	1.11962	0.96649	0.91951	3.27502	2.09617	1.22172
119110	0.73272	0.65014	0.67148	1.05417	0.97339	0.79259	3.77354	2.41680	1.41283	0.62412	0.50590	0.49483	1.12568	0.97413	0.92292	3.27914	2.10044	1.22547	34.34	6.0	0.00	-2.04	0.01737	0.01205	0.01525	0.01885	0.01933	0.01512	0.00549	0.01520	0.02011	0.01918	0.01353	0.01721	0.01711	0.01767	0.01380	0.00586	0.01652	0.02206
119270	0.73306	0.64681	0.66704	1.05277	0.97120	0.78994	3.76710	2.41360	1.40889	0.62235	0.50323	0.49311	1.12062	0.96979	0.92095	3.27758	2.09730	1.22313
119440	0.72997	0.64593	0.66731	1.05038	0.96801	0.78626	3.77066	2.41220	1.40730	0.61853	0.49970	0.48926	1.12201	0.97132	0.92435	3.27530	2.09823	1.22411
119600	0.73529	0.64803	0.66780	1.05211	0.97035	0.78973	3.76597	2.41161	1.40703	0.62045	0.50279	0.49319	1.12075	0.96614	0.92330	3.27517	2.09677	1.22268
119770	0.73688	0.65066	0.67146	1.05499	0.97516	0.79377	3.77337	2.41857	1.41387	0.62658	0.50782	0.49706	1.12502	0.97078	0.92511	3.28120	2.10305	1.22734
119930	0.73396	0.64904	0.66651	1.05582	0.97329	0.79238	3.76333	2.41614	1.41227	0.62320	0.50514	0.49536	1.12239	0.97181	0.92461	3.27887	2.09901	1.22417
120100	0.73156	0.64851	0.66800	1.05254	0.97054	0.78910	3.76525	2.40987	1.40700	0.62134	0.50330	0.49287	1.12114	0.97018	0.92274	3.27692	2.10044	1.22577
120260	0.73314	0.64976	0.66909	1.05396	0.97254	0.79064	3.77412	2.41477	1.40941	0.62357	0.50442	0.49573	1.12223	0.96956	0.92538	3.27628	2.09779	1.22336
120430	0.73731	0.65021	0.67216	1.05533	0.97470	0.79366	3.77477	2.41805	1.41419	0.62593	0.50729	0.49757	1.12582	0.97235	0.92521	3.28006	2.10233	1.22652
120590	0.73469	0.65079	0.66966	1.05411	0.97240	0.79164	3.77487	2.41492	1.41093	0.62372	0.50519	0.49602	1.12201	0.97033	0.92417	3.27744	2.09922	1.22502
120760	0.73393	0.65110	0.66943	1.05303	0.97349	0.79320	3.77411	2.41948	1.41443	0.62510	0.50727	0.49789	1.12503	0.97216	0.92519	3.27978	2.10253	1.22745	34.34	6.1	0.00	-2.04	0.01737	0.01205	0.01525	0.01885	0.01933	0.01512	0.00549	0.01520	0.02011	0.01918	0.01353	0.01721	0.01711	0.01767	0.01380	0.00586	0.01652	0.02206
120920	0.73521	0.65039	0.66908	1.05492	0.97308	0.79129	3.77816	2.41699	1.41331	0.62262	0.50448	0.49445	1.12324	0.97082	0.92419	3.27830	2.09931	1.22442
121090	0.73510	0.64969	0.66875	1.05225	0.97118	0.78902	3.76798	2.41099	1.40959	0.62114	0.50337	0.49252	1.12430	0.97204	0.92511	3.27899	2.10161	1.22636
121250	0.73646	0.65159	0.67047	1.05486	0.97335	0.79201	3.77655	2.41706	1.41154	0.62433	0.50560	0.49477	1.12414	0.97364	0.92616	3.28261	2.10043	1.22516
121420	0.73533	0.65059	0.66912	1.05448	0.97273	0.79106	3.77230	2.41452	1.40969	0.62442	0.50695	0.49589	1.12089	0.96872	0.92412	3.27967	2.09940	1.22452
121590	0.73503	0.65304	0.67072	1.05580	0.97597	0.79519	3.77980	2.41832	1.41414	0.62820	0.50984	0.49967	1.12520	0.97384	0.92963	3.28306	2.10484	1.22849
121750	0.73501	0.65001	0.66794	1.05694	0.97671	0.79547	3.77391	2.41599	1.41310	0.62755	0.50955	0.49820	1.12329	0.96968	0.92374	3.28042	2.10359	1.22831
121920	0.73406	0.64953	0.66971	1.05617	0.97492	0.79319	3.76665	2.41260	1.41118	0.62689	0.50760	0.49765	1.12535	0.97487	0.92854	3.28293	2.10549	1.23089
122080	0.73946	0.65186	0.66857	1.05946	0.97837	0.79655	3.77569	2.41487	1.41320	0.62970	0.51049	0.49961	1.12455	0.97108	0.92378	3.28290	2.10321	1.22846
122250	0.73661	0.65215	0.67042	1.05752	0.97687	0.79494	3.77850	2.41536	1.41349	0.62720	0.50907	0.49910	1.12296	0.97193	0.92398	3.28121	2.10118	1.22697
122420	0.73845	0.65431	0.67340	1.06029	0.98057	0.79924	3.77784	2.42309	1.41900	0.63264	0.51277	0.50352	1.12659	0.97445	0.92855	3.28401	2.10628	1.23070	34.28	6.0	0.00	-2.04	0.01737	0.01205	0.01525	0.01885	0.01933	0.01512	0.00549	0.01520	0.02011	0.01918	0.01353	0.01721	0.01711	0.01767	0.01380	0.00586	0.01652	0.02206
122580	0.74049	0.65490	0.67348	1.05989	0.97856	0.79620	3.78007	2.41927	1.41525	0.62947	0.51047	0.50024	1.12480	0.97134	0.92342	3.28231	2.10428	1.22872
122740	0.73369	0.65151	0.66747	1.05632	0.97558	0.79293	3.76983	2.41436	1.41083	0.62736	0.50688	0.49673	1.12153	0.97115	0.92594	3.27721	2.10124	1.22618
122910	0.73619	0.65091	0.66994	1.05471	0.97437	0.79255	3.77322	2.41563	1.41106	0.62556	0.50699	0.49704	1.12181	0.97051	0.92611	3.27906	2.10248	1.22681
123080	0.73552	0.65258	0.66802	1.05539	0.97522	0.79311	3.77123	2.41533	1.41419	0.62623	0.50875	0.49816	1.12720	0.97526	0.92953	3.28364	2.10562	1.23078
123240	0.73933	0.65107	0.67203	1.05935	0.97835	0.79592	3.77942	2.41873	1.41411	0.62855	0.51031	0.49863	1.12355	0.97385	0.92752	3.28051	2.10214	1.22740
123410	0.73839	0.65286	0.67050	1.05563	0.97465	0.79262	3.77545	2.41718	1.41453	0.62592	0.50742	0.49770	1.12377	0.97263	0.92763	3.27975	2.10029	1.22528
123570	0.73560	0.65073	0.67167	1.05538	0.97658	0.79610	3.77935	2.41750	1.41463	0.62908	0.51023	0.49974	1.12569	0.97298	0.92532	3.28284	2.10284	1.22795
123740	0.73890	0.65398	0.67287	1.05622	0.97611	0.79373	3.77596	2.41525	1.41393	0.62743	0.50881	0.49845	1.12683	0.97280	0.92731	3.28126	2.10279	1.22786
123900	0.73703	0.65082	0.66786	1.05638	0.97505	0.79197	3.77165	2.41401	1.41206	0.62570	0.50671	0.49613	1.12620	0.97483	0.93113	3.28319	2.10538	1.23078
124070	0.74020	0.65386	0.67148	1.05825	0.97695	0.79466	3.77180	2.41828	1.41449	0.62738	0.50875	0.49820	1.12415	0.97208	0.92815	3.28117	2.10374	1.22908	34.34	6.0	0.00	-2.04	0.01737	0.01205	0.01525	0.01885	0.01933	0.01512	0.00549	0.01520	0.02011	0.01918	0.01353	0.01720	0.01711	0.01767	0.01380	0.00586	0.01652	0.02206
124240	0.73664	0.65161	0.67044	1.05700	0.97583	0.79466	3.77156	2.41827	1.41578	0.62757	0.50900	0.49811	1.12778	0.97364	0.92919	3.27987	2.10195	1.22742
124400	0.73883	0.65224	0.67277	1.05710	0.97644	0.79391	3.77539	2.41448	1.41358	0.62722	0.50865	0.49843	1.12286	0.97118	0.92570	3.27765	2.10117	1.22608
124570	0.73889	0.65459	0.67329	1.05902	0.97867	0.79681	3.76960	2.42236	1.41767	0.63010	0.51145	0.50149	1.12723	0.97814	0.92792	3.28236	2.10526	1.23060
124730	0.73984	0.65387	0.67471	1.05956	0.97901	0.79692	3.77902	2.41939	1.41324	0.62976	0.51155	0.50198	1.12569	0.97403	0.92703	3.28286	2.10441	1.22891
124900	0.73809	0.65294	0.67318	1.05760	0.97643	0.79449	3.77577	2.41814	1.41457	0.62768	0.50907	0.49929	1.12503	0.97090	0.92820	3.27757	2.10159	1.22652
125060	0.73617	0.65144	0.67153	1.05588	0.97506	0.79352	3.77015	2.41672	1.41187	0.62721	0.50892	0.49800	1.12472	0.97264	0.92705	3.28090	2.10299	1.22852
125230	0.73804	0.65221	0.67132	1.05656	0.97548	0.79420	3.77628	2.41781	1.41447	0.62741	0.50896	0.49812	1.12828	0.97835	0.93030	3.28447	2.10683	1.23201
125390	0.74071	0.65473	0.67279	1.06153	0.97973	0.79747	3.77827	2.41889	1.41578	0.63095	0.51156	0.50074	1.12553	0.97420	0.92951	3.28127	2.10444	1.23001
125560	0.73943	0.65212	0.67070	1.05817	0.97778	0.79472	3.77947	2.41428	1.41415	0.62895	0.51033	0.49927	1.12278	0.97313	0.92662	3.27905	2.10240	1.22726
125730	0.73709	0.65176	0.67134	1.05628	0.97715	0.79535	3.77693	2.41939	1.41663	0.62906	0.51073	0.50060	1.12703	0.97501	0.92723	3.28089	2.10351	1.22932	34.34	6.2	0.00	-2.04	0.01737	0.01205	0.01525	0.01885	0.01933	0.01512	0.00549	0.01520	0.02011	0.01918	0.01353	0.01720	0.01711	0.01767	0.01380	0.00586	0.01652	0.02206
125890	0.74014	0.65206	0.67087	1.05844	0.97651	0.79479	3.77744	2.41590	1.41413	0.62799	0.50963	0.49959	1.12677	0.97360	0.92897	3.28454	2.10692	1.23255
126050	0.74146	0.65515	0.67234	1.06080	0.97933	0.79652	3.77926	2.41740	1.41394	0.63086	0.51207	0.50186	1.12724	0.97420	0.92827	3.28235	2.10418	1.23066
126220	0.73984	0.65155	0.67214	1.05859	0.97791	0.79548	3.77508	2.41684	1.41481	0.62904	0.51106	0.50032	1.12407	0.97255	0.92497	3.28113	2.10179	1.22763
126390	0.73897	0.65266	0.67371	1.05922	0.97912	0.79713	3.78317	2.41950	1.41630	0.63129	0.51231	0.50309	1.12632	0.97593	0.92851	3.28319	2.10405	1.22990
126550	0.73961	0.65330	0.67199	1.05819	0.97633	0.79368	3.76912	2.41582	1.41079	0.62802	0.50920	0.49952	1.12747	0.97708	0.93109	3.28531	2.10794	1.23335
126720	0.74014	0.65442	0.67278	1.06149	0.97986	0.79832	3.77254	2.41807	1.41697	0.63046	0.51209	0.50196	1.12793	0.97505	0.92913	3.28340	2.10522	1.23102
126880	0.73952	0.65138	0.67150	1.05875	0.97756	0.79552	3.78118	2.41588	1.41160	0.62952	0.51019	0.50004	1.12166	0.97157	0.92410	3.28174	2.10242	1.22798
127050	0.73770	0.65250	0.67472	1.06006	0.97960	0.79892	3.78125	2.42156	1.41846	0.63187	0.51303	0.50312	1.12791	0.97561	0.92909	3.28388	2.10598	1.23078
127210	0.74036	0.65134	0.67072	1.05909	0.97816	0.79686	3.77179	2.41818	1.41445	0.63078	0.51121	0.50099	1.12501	0.97251	0.92742	3.28227	2.10436	1.22960
127380	0.73945	0.65305	0.67059	1.05697	0.97690	0.79535	3.76912	2.41408	1.41095	0.62867	0.50942	0.49986	1.12558	0.97318	0.92963	3.28546	2.10629	1.23232	34.34	6.0	0.00	-2.04	0.01737	0.01205	0.01525	0.01885	0.01933	0.01512	0.00549	0.01520	0.02011	0.01918	0.01353	0.01720	0.01711	0.01767	0.01380	0.00586	0.01652	0.02206
127540	0.73990	0.65319	0.67389	1.06052	0.97987	0.79877	3.77998	2.41782	1.41402	0.63101	0.51196	0.50249	1.12626	0.97350	0.92534	3.28313	2.10595	1.23056
127710	0.73964	0.65178	0.67368	1.06004	0.97866	0.79751	3.77502	2.41994	1.41504	0.63005	0.51173	0.50139	1.12762	0.97639	0.93102	3.28442	2.10636	1.23212
127870	0.74295	0.65388	0.67484	1.06066	0.98015	0.79874	3.77224	2.41982	1.41734	0.63279	0.51233	0.50185	1.12582	0.97361	0.92936	3.28387	2.10551	1.23070
128040	0.73973	0.65165	0.67260	1.05989	0.97882	0.79635	3.77436	2.41638	1.41239	0.62951	0.51004	0.50093	1.12347	0.97212	0.92603	3.28239	2.10216	1.22834
128210	0.73612	0.65332	0.67399	1.05784	0.97950	0.79919	3.77920	2.42115	1.41721	0.63373	0.51397	0.50435	1.12814	0.97656	0.92765	3.28657	2.10731	1.23245
128370	0.74068	0.65564	0.67399	1.06012	0.97963	0.79709	3.77502	2.41673	1.41504	0.63144	0.51194	0.50185	1.12515	0.97446	0.92997	3.28334	2.10559	1.23125
128540	0.73917	0.65362	0.67349	1.05895	0.97816	0.79548	3.77402	2.41377	1.41142	0.62918	0.51007	0.50097	1.12840	0.97517	0.93080	3.28760	2.10854	1.23466
128700	0.74270	0.65536	0.67496	1.06141	0.98036	0.79739	3.77865	2.42065	1.41583	0.63070	0.51308	0.50191	1.12779	0.97639	0.92766	3.28429	2.10530	1.23088
128870	0.73992	0.65405	0.67476	1.05951	0.97826	0.79613	3.77892	2.41993	1.41237	0.63024	0.51154	0.50103	1.12464	0.97376	0.92672	3.28069	2.10258	1.22764
129030	0.74029	0.65841	0.67577	1.06158	0.98182	0.80002	3.77776	2.42055	1.41843	0.63386	0.51499	0.50385	1.12994	0.97531	0.93083	3.28570	2.10802	1.23242	34.28	6.0	0.00	-2.04	0.01737	0.01205	0.01525	0.01885	0.01933	0.01512	0.00549	0.01519	0.02011	0.01918	0.01353	0.01720	0.01711	0.01767	0.01380	0.00586	0.01652	0.02206
129200	0.74262	0.65484	0.67449	1.06125	0.98050	0.79863	3.77180	2.41705	1.41531	0.63159	0.51229	0.50189	1.12635	0.97137	0.92762	3.28433	2.10484	1.22890
129360	0.74026	0.65085	0.67163	1.05740	0.97557	0.79253	3.76324	2.41578	1.41090	0.62582	0.50711	0.49711	1.12456	0.97569	0.92875	3.28515	2.10460	1.23087
129530	0.74126	0.65465	0.67472	1.05874	0.97747	0.79515	3.77365	2.41588	1.41568	0.62778	0.50977	0.49892	1.12351	0.97341	0.92562	3.28081	2.10219	1.22697
129690	0.74265	0.65709	0.67727	1.06182	0.98176	0.79968	3.78212	2.42316	1.42043	0.63231	0.51393	0.50356	1.12895	0.97802	0.93065	3.28708	2.10764	1.23198
129860	0.74395	0.65438	0.67349	1.06032	0.97933	0.79667	3.77845	2.41865	1.41519	0.62943	0.51111	0.50078	1.12676	0.97414	0.92849	3.28065	2.10403	1.22917
130020	0.73934	0.65300	0.67309	1.05712	0.97650	0.79420	3.77310	2.41875	1.41382	0.62797	0.50966	0.49880	1.12335	0.97274	0.92679	3.28126	2.10298	1.22827
130190	0.73887	0.65446	0.67128	1.05816	0.97693	0.79504	3.77136	2.41992	1.41394	0.62777	0.50949	0.49961	1.12741	0.97651	0.92932	3.28390	2.10474	1.23046
130350	0.74011	0.65456	0.67509	1.05995	0.97879	0.79685	3.77913	2.42046	1.41599	0.62907	0.51078	0.50104	1.12860	0.97500	0.92743	3.28369	2.10356	1.22904
130520	0.73787	0.65282	0.67120	1.05697	0.97628	0.79354	3.77444	2.41473	1.41176	0.62689	0.50933	0.49879	1.12120	0.97135	0.92684	3.28134	2.10116	1.22745
130680	0.73845	0.65116	0.67333	1.05677	0.97626	0.79430	3.77647	2.41741	1.41443	0.62711	0.50947	0.49877	1.12570	0.97321	0.92831	3.28076	2.10364	1.22894	34.34	6.2	0.00	-2.04	0.01737	0.01205	0.01525	0.01885	0.01933	0.01512	0.00549	0.01519	0.02011	0.01918	0.01353	0.01720	0.01711	0.01767	0.01380	0.00586	0.01652	0.02206
130850	0.73712	0.65037	0.67283	1.05759	0.97631	0.79406	3.77753	2.41544	1.41288	0.62794	0.50926	0.49956	1.12750	0.97777	0.93176	3.28343	2.10693	1.23281
131010	0.74296	0.65381	0.67488	1.06043	0.97931	0.79743	3.78062	2.42019	1.41405	0.63019	0.51161	0.50143	1.12587	0.97313	0.92792	3.28382	2.10424	1.22990
131180	0.73973	0.65324	0.67294	1.05927	0.97794	0.79597	3.77558	2.41904	1.41352	0.62869	0.51004	0.50006	1.12467	0.97424	0.92709	3.28115	2.10223	1.22721
131350	0.74364	0.65633	0.67557	1.06027	0.98071	0.79843	3.77609	2.42203	1.41907	0.63153	0.51287	0.50269	1.12778	0.97556	0.92815	3.28422	2.10510	1.23131
131510	0.73797	0.65342	0.67285	1.05960	0.97876	0.79686	3.76643	2.41872	1.41603	0.62963	0.51129	0.50129	1.12478	0.97381	0.92913	3.28303	2.10496	1.23047
131680	0.74060	0.65320	0.67212	1.05959	0.97810	0.79555	3.77366	2.41687	1.41412	0.62875	0.50983	0.50027	1.12660	0.97646	0.93248	3.28621	2.10727	1.23324
131840	0.74174	0.65548	0.67714	1.06178	0.98040	0.79741	3.78494	2.42149	1.41778	0.63042	0.51172	0.50193	1.12846	0.97730	0.92873	3.28332	2.10540	1.23146
132010	0.74168	0.65396	0.67565	1.06070	0.98018	0.79773	3.78168	2.41883	1.41727	0.63188	0.51319	0.50258	1.12474	0.97640	0.93103	3.28274	2.10498	1.23064
132180	0.74358	0.65560	0.67640	1.06105	0.98012	0.79721	3.77839	2.42083	1.41750	0.63116	0.51242	0.50313	1.12627	0.97604	0.92977	3.28285	2.10478	1.23106
132340	0.73999	0.65743	0.67820	1.06279	0.98239	0.80031	3.78808	2.42416	1.41997	0.63252	0.51417	0.50433	1.13075	0.97733	0.93149	3.28703	2.10794	1.23324	34.34	6.0	0.00	-2.04	0.01737	0.01205	0.01525	0.01885	0.01933	0.01512	0.00549	0.01519	0.02011	0.01918	0.01353	0.01720	0.01711	0.01766	0.01380	0.00586	0.01652	0.02207
132510	0.74271	0.65311	0.67493	1.06151	0.98043	0.79784	3.78506	2.42095	1.41778	0.63077	0.51278	0.50195	1.12451	0.97571	0.92868	3.28356	2.10540	1.23084
132670	0.73998	0.65287	0.67551	1.06084	0.97988	0.79726	3.78746	2.42073	1.41551	0.63116	0.51190	0.50178	1.12662	0.97603	0.92967	3.28346	2.10515	1.22963
132840	0.74134	0.65526	0.67555	1.06062	0.97953	0.79646	3.77700	2.41985	1.41645	0.63105	0.51247	0.50218	1.12767	0.97590	0.93060	3.28573	2.10515	1.23024
133000	0.74229	0.65540	0.67515	1.06039	0.97927	0.79603	3.78235	2.41703	1.41629	0.62992	0.51119	0.50027	1.12842	0.97735	0.93200	3.28719	2.10761	1.23294
133170	0.74362	0.65703	0.67547	1.06369	0.98192	0.79888	3.78763	2.42231	1.41615	0.63063	0.51264	0.50217	1.12630	0.97642	0.92837	3.28237	2.10489	1.23014
133330	0.74263	0.65557	0.67555	1.06068	0.98058	0.79828	3.78183	2.41978	1.41579	0.63076	0.51265	0.50161	1.12586	0.97543	0.92930	3.28394	2.10432	1.22954
133500	0.74378	0.65715	0.67772	1.06355	0.98319	0.80003	3.77916	2.42299	1.41863	0.63352	0.51467	0.50402	1.12851	0.97658	0.93288	3.28791	2.10685	1.23300
133660	0.74288	0.65538	0.67612	1.06248	0.98059	0.79777	3.77560	2.41993	1.41635	0.63071	0.51222	0.50221	1.12670	0.97447	0.92798	3.28198	2.10450	1.23057
133830	0.73942	0.65344	0.67444	1.05989	0.97944	0.79648	3.78296	2.41609	1.41417	0.62903	0.51085	0.50093	1.12798	0.97726	0.92998	3.28809	2.10740	1.23387
134000	0.74246	0.65536	0.67407	1.06338	0.98186	0.79915	3.77576	2.41986	1.41628	0.63066	0.51239	0.50299	1.12505	0.97716	0.93118	3.28474	2.10528	1.23082	34.34	6.0	0.00	-2.04	0.01737	0.01205	0.01525	0.01885	0.01933	0.01512	0.00549	0.01519	0.02011	0.01918	0.01353	0.01720	0.01711	0.01766	0.01380	0.00586	0.01652	0.02206
134160	0.74146	0.65514	0.67557	1.06346	0.98218	0.79909	3.78467	2.42141	1.41793	0.63246	0.51381	0.50345	1.12651	0.97573	0.92947	3.28681	2.10508	1.23095
134330	0.74337	0.65819	0.67663	1.06559	0.98561	0.80231	3.77970	2.42209	1.42000	0.63541	0.51636	0.50713	1.13021	0.97846	0.93451	3.28858	2.10960	1.23465
134490	0.74458	0.65623	0.67736	1.06514	0.98329	0.80064	3.77654	2.41963	1.41621	0.63326	0.51452	0.50485	1.12799	0.97558	0.92982	3.28797	2.10759	1.23295
134660	0.73843	0.65349	0.67154	1.06121	0.97930	0.79668	3.77593	2.41566	1.41315	0.62982	0.51045	0.50042	1.12695	0.97752	0.93334	3.28683	2.10852	1.23441
134820	0.74400	0.65528	0.67732	1.06373	0.98161	0.79963	3.78083	2.41995	1.41655	0.63228	0.51213	0.50304	1.12479	0.97447	0.92697	3.28776	2.10688	1.23235
134990	0.74132	0.65365	0.67508	1.06260	0.98178	0.80019	3.77685	2.42000	1.41662	0.63336	0.51386	0.50311	1.12695	0.97836	0.93407	3.29062	2.11066	1.23659
135150	0.74471	0.65632	0.67674	1.06610	0.98477	0.80277	3.77493	2.41930	1.41940	0.63490	0.51494	0.50468	1.12779	0.97712	0.92841	3.28961	2.10868	1.23384
135320	0.74184	0.65404	0.67404	1.06305	0.98149	0.79923	3.77603	2.41931	1.41634	0.63228	0.51297	0.50255	1.12529	0.97273	0.92678	3.28392	2.10501	1.23049
135480	0.74053	0.65469	0.67615	1.06113	0.98074	0.79994	3.78079	2.41884	1.41717	0.63274	0.51400	0.50397	1.12779	0.97473	0.93084	3.28548	2.10600	1.23222
135650	0.74223	0.65489	0.67684	1.06225	0.98054	0.79808	3.77526	2.41791	1.41491	0.63072	0.51169	0.50258	1.12784	0.97757	0.93369	3.28888	2.11007	1.23643	34.34	6.1	0.00	-2.04	0.01737	0.01205	0.01525	0.01885	0.01933	0.01512	0.00549	0.01519	0.02011	0.01918	0.01353	0.01720	0.01711	0.01766	0.01380	0.00586	0.01652	0.02206
135820	0.74420	0.65749	0.67864	1.06500	0.98297	0.80016	3.77845	2.42160	1.41630	0.63358	0.51331	0.50369	1.12715	0.97694	0.93170	3.28721	2.10775	1.23442
135980	0.74256	0.65577	0.67758	1.06380	0.98084	0.79930	3.77509	2.41927	1.41671	0.63165	0.51265	0.50360	1.12514	0.97628	0.92938	3.28321	2.10537	1.23121
136150	0.74398	0.65616	0.68069	1.06477	0.98424	0.80287	3.78085	2.42375	1.42018	0.63584	0.51643	0.50626	1.13045	0.97895	0.93254	3.29057	2.10906	1.23516
136310	0.74394	0.65694	0.67800	1.06474	0.98297	0.80076	3.77899	2.42044	1.41734	0.63320	0.51422	0.50507	1.12640	0.97576	0.92853	3.28633	2.10707	1.23326
136480	0.74362	0.65218	0.67622	1.06166	0.98032	0.79791	3.77057	2.41647	1.41330	0.63115	0.51170	0.50251	1.12719	0.97865	0.93237	3.28985	2.11050	1.23660
136640	0.74528	0.65656	0.67885	1.06611	0.98432	0.80112	3.77773	2.42275	1.41717	0.63379	0.51419	0.50374	1.12844	0.97518	0.93015	3.28485	2.10685	1.23282
136810	0.74267	0.65523	0.67676	1.06231	0.98142	0.79931	3.77807	2.42026	1.41840	0.63243	0.51387	0.50360	1.12637	0.97401	0.92915	3.28498	2.10525	1.23079
136970	0.74557	0.65608	0.67822	1.06425	0.98347	0.80182	3.78061	2.42186	1.41967	0.63503	0.51575	0.50452	1.12938	0.97665	0.93023	3.28766	2.10774	1.23326
137140	0.74503	0.65589	0.67676	1.06278	0.98191	0.80046	3.78681	2.42234	1.41780	0.63321	0.51259	0.50281	1.12761	0.97600	0.93089	3.28334	2.10662	1.23292
137310	0.74215	0.65495	0.67646	1.06251	0.98129	0.79926	3.78175	2.41841	1.41735	0.63198	0.51269	0.50253	1.12861	0.97859	0.93074	3.28609	2.10755	1.23240	34.34	6.0	0.00	-2.04	0.01737	0.01205	0.01525	0.01885	0.01933	0.01512	0.00549	0.01519	0.02011	0.01918	0.01353	0.01720	0.01711	0.01766	0.01380	0.00586	0.01652	0.02206
137470	0.74238	0.65337	0.67724	1.06303	0.98206	0.79995	3.77448	2.42002	1.41921	0.63294	0.51272	0.50303	1.12861	0.97827	0.93048	3.28379	2.10771	1.23335
137640	0.74327	0.65582	0.67519	1.06304	0.98160	0.79857	3.77979	2.41860	1.41850	0.63195	0.51242	0.50283	1.12961	0.98046	0.93547	3.29150	2.11104	1.23658
137800	0.74790	0.66006	0.67956	1.06682	0.98411	0.80108	3.78597	2.42521	1.42162	0.63449	0.51452	0.50602	1.13124	0.97896	0.93340	3.28946	2.10831	1.23476
137970	0.74463	0.65715	0.67833	1.06384	0.98206	0.79904	3.77524	2.41939	1.41595	0.63319	0.51280	0.50304	1.12751	0.97735	0.92866	3.28226	2.10597	1.23157
138130	0.74344	0.65676	0.67952	1.06099	0.98239	0.80179	3.79170	2.42564	1.42479	0.63610	0.51595	0.50702	1.13363	0.97836	0.93348	3.28895	2.11063	1.23603
138300	0.74488	0.65917	0.67816	1.06524	0.98380	0.80123	3.78538	2.42319	1.42048	0.63448	0.51452	0.50512	1.12987	0.97846	0.93145	3.28742	2.10857	1.23412
138460	0.74377	0.65737	0.67710	1.06220	0.98062	0.79821	3.77650	2.41875	1.41828	0.63186	0.51221	0.50247	1.13160	0.97866	0.93549	3.28864	2.11060	1.23715
138630	0.74561	0.65718	0.67893	1.06503	0.98328	0.80139	3.77524	2.42330	1.41905	0.63386	0.51476	0.50518	1.12962	0.97671	0.93238	3.28742	2.10946	1.23416
138790	0.74698	0.65875	0.67882	1.06384	0.98301	0.80163	3.77743	2.42167	1.42028	0.63417	0.51491	0.50446	1.12943	0.97663	0.93181	3.28625	2.10828	1.23292
138960	0.74599	0.65959	0.68049	1.06556	0.98521	0.80349	3.77866	2.42236	1.41962	0.63545	0.51580	0.50594	1.12966	0.98030	0.93406	3.28972	2.11058	1.23575	34.34	6.0	0.00	-2.04	0.01737	0.01205	0.01525	0.01885	0.01933	0.01512	0.00549	0.01519	0.02011	0.01918	0.01353	0.01720	0.01711	0.01766	0.01380	0.00586	0.01652	0.02206
139130	0.74530	0.65683	0.67984	1.06392	0.98180	0.80016	3.77783	2.42226	1.41918	0.63348	0.51365	0.50355	1.12959	0.97572	0.93159	3.28651	2.10744	1.23334
139290	0.74334	0.65624	0.67671	1.06258	0.98100	0.79867	3.77256	2.41849	1.41419	0.63177	0.51268	0.50308	1.12880	0.97610	0.93050	3.28593	2.10881	1.23549
139460	0.74512	0.65705	0.67888	1.06516	0.98396	0.80113	3.77317	2.42144	1.41934	0.63474	0.51492	0.50484	1.12940	0.97821	0.93118	3.28683	2.10861	1.23377
139620	0.74541	0.65737	0.67817	1.06384	0.98364	0.80045	3.77499	2.42289	1.42007	0.63431	0.51421	0.50556	1.13057	0.97732	0.93255	3.28575	2.10790	1.23394
139790	0.74593	0.65935	0.68086	1.06638	0.98481	0.80328	3.77619	2.42575	1.42086	0.63624	0.51621	0.50698	1.13151	0.98079	0.93308	3.28974	2.11093	1.23594
139950	0.74492	0.65676	0.67891	1.06532	0.98377	0.80158	3.77972	2.42433	1.41960	0.63373	0.51493	0.50585	1.13027	0.97869	0.93292	3.28770	2.10849	1.23391
140120	0.74808	0.66014	0.68274	1.06320	0.98471	0.80294	3.77917	2.42570	1.42315	0.63639	0.51613	0.50650	1.13142	0.98139	0.93483	3.28908	2.10983	1.23608
140280	0.74679	0.65780	0.67845	1.06456	0.98257	0.80075	3.77519	2.41960	1.42032	0.63259	0.51352	0.50469	1.13002	0.97751	0.93196	3.28943	2.10787	1.23259
140450	0.74535	0.65780	0.67706	1.06348	0.98140	0.79933	3.77369	2.42222	1.41742	0.63173	0.51301	0.50303	1.13075	0.98028	0.93560	3.28741	2.11065	1.23573
140620	0.74800	0.65819	0.68108	1.06520	0.98320	0.80085	3.78207	2.42145	1.41985	0.63411	0.51446	0.50466	1.12943	0.97838	0.93196	3.28538	2.10865	1.23334	34.34	6.1	0.00	-2.04	0.01737	0.01205	0.01525	0.01885	0.01933	0.01512	0.00549	0.01519	0.02011	0.01918	0.01353	0.01720	0.01711	0.01766	0.01380	0.00586	0.01652	0.02206
140780	0.74417	0.65551	0.67984	1.06314	0.98236	0.80118	3.77549	2.42358	1.41857	0.63340	0.51297	0.50423	1.12943	0.97762	0.93347	3.28533	2.10577	1.23149
140950	0.74739	0.65836	0.68154	1.06388	0.98299	0.80179	3.77535	2.42372	1.42099	0.63516	0.51475	0.50547	1.12849	0.97827	0.93080	3.28781	2.10898	1.23390
141110	0.74582	0.65872	0.68148	1.06443	0.98304	0.80197	3.78406	2.42448	1.42178	0.63531	0.51465	0.50538	1.13052	0.98305	0.93355	3.28787	2.10791	1.23436
141280	0.74610	0.65722	0.67925	1.06315	0.98160	0.79906	3.77473	2.41990	1.41566	0.63324	0.51293	0.50331	1.13031	0.97973	0.93657	3.28954	2.11093	1.23691
141440	0.74837	0.66042	0.68153	1.06666	0.98451	0.80202	3.77795	2.42825	1.42327	0.63493	0.51430	0.50519	1.13027	0.98140	0.93446	3.28755	2.10927	1.23448
141610	0.74762	0.65906	0.67962	1.06565	0.98344	0.80068	3.77994	2.42426	1.41911	0.63507	0.51454	0.50566	1.12921	0.97935	0.93326	3.28821	2.10872	1.23487
141780	0.74846	0.66123	0.68364	1.06552	0.98398	0.80181	3.77812	2.42374	1.42281	0.63605	0.51569	0.50673	1.13225	0.98097	0.93426	3.28649	2.10886	1.23481
141940	0.74723	0.66061	0.68417	1.06722	0.98659	0.80487	3.78313	2.42705	1.42364	0.63800	0.51849	0.50912	1.13368	0.98187	0.93803	3.28964	2.11200	1.23714
142110	0.74976	0.66078	0.68323	1.06637	0.98517	0.80304	3.77737	2.42538	1.42073	0.63645	0.51641	0.50784	1.13126	0.98005	0.93468	3.28787	2.11012	1.23506
142270	0.74776	0.65868	0.68155	1.06453	0.98413	0.80154	3.78059	2.42033	1.41969	0.63566	0.51597	0.50586	1.13064	0.98014	0.93446	3.28605	2.10833	1.23361	34.34	6.1	0.00	-2.04	0.01737	0.01205	0.01525	0.01885	0.01933	0.01512	0.00549	0.01519	0.02011	0.01918	0.01353	0.01720	0.01711	0.01766	0.01380	0.00586	0.01652	0.02206
142440	0.74640	0.65975	0.68231	1.06361	0.98345	0.80152	3.77946	2.42524	1.42222	0.63596	0.51571	0.50572	1.13167	0.98142	0.93296	3.28743	2.10926	1.23441
142600	0.74781	0.66027	0.68015	1.06455	0.98326	0.80035	3.77387	2.42197	1.41920	0.63519	0.51484	0.50566	1.13169	0.98272	0.93911	3.28717	2.11146	1.23765
142770	0.75177	0.66043	0.68142	1.06701	0.98569	0.80326	3.77456	2.42586	1.42151	0.63714	0.51575	0.50706	1.13186	0.98187	0.93354	3.28769	2.10882	1.23415
142930	0.74826	0.65831	0.68081	1.06373	0.98312	0.80125	3.77617	2.42401	1.41971	0.63482	0.51412	0.50514	1.13102	0.97741	0.93215	3.28507	2.10748	1.23268
143100	0.74654	0.66072	0.68305	1.06688	0.98693	0.80502	3.77812	2.42362	1.42484	0.63848	0.51809	0.50813	1.13374	0.98265	0.93467	3.28717	2.11001	1.23673
143260	0.74741	0.65929	0.68309	1.06553	0.98443	0.80252	3.77894	2.42441	1.42019	0.63662	0.51536	0.50677	1.13145	0.98013	0.93557	3.28619	2.10822	1.23414
143430	0.74599	0.65617	0.67859	1.06315	0.98199	0.79938	3.78426	2.42168	1.42073	0.63373	0.51382	0.50434	1.13309	0.98044	0.93727	3.28505	2.10945	1.23642
143600	0.74879	0.66102	0.68146	1.06590	0.98487	0.80210	3.78179	2.42598	1.42254	0.63628	0.51646	0.50732	1.13119	0.98022	0.93616	3.28544	2.10795	1.23443
143760	0.75111	0.66115	0.68226	1.06486	0.98400	0.80169	3.78179	2.42506	1.42194	0.63596	0.51553	0.50612	1.13043	0.98060	0.93529	3.28134	2.10686	1.23246
143930	0.75125	0.66355	0.68480	1.06650	0.98704	0.80501	3.78219	2.43003	1.42658	0.63861	0.51852	0.50962	1.13609	0.98568	0.93836	3.29126	2.11119	1.23693	34.34	6.0	0.00	-2.04	0.01737	0.01205	0.01525	0.01885	0.01933	0.01512	0.00549	0.01519	0.02011	0.01918	0.01353	0.01720	0.01711	0.01766	0.01380	0.00586	0.01652	0.02206
144090	0.75231	0.66308	0.68431	1.06641	0.98556	0.80352	3.77818	2.42523	1.42363	0.63780	0.51654	0.50795	1.13243	0.97958	0.93552	3.28684	2.10960	1.23550
144260	0.74723	0.65989	0.67957	1.06411	0.98336	0.80035	3.77742	2.42473	1.41939	0.63437	0.51374	0.50420	1.13448	0.98255	0.93999	3.29065	2.11190	1.23755
144420	0.75094	0.66224	0.68536	1.06690	0.98661	0.80235	3.78792	2.42332	1.42222	0.63763	0.51734	0.50685	1.13236	0.97775	0.93335	3.28623	2.10859	1.23416
144590	0.74826	0.65953	0.68080	1.06342	0.98302	0.80050	3.77924	2.42381	1.42152	0.63517	0.51417	0.50507	1.13213	0.98097	0.93539	3.28658	2.11011	1.23555
144750	0.75084	0.66268	0.68275	1.06631	0.98551	0.80405	3.78222	2.42606	1.42215	0.63839	0.51762	0.50752	1.13323	0.97995	0.93696	3.28846	2.10833	1.23474
144920	0.74776	0.65878	0.68289	1.06331	0.98537	0.80397	3.78881	2.42981	1.42328	0.63809	0.51737	0.50769	1.13439	0.98180	0.93785	3.28801	2.10972	1.23524
145080	0.75000	0.65941	0.68102	1.06415	0.98415	0.80065	3.78366	2.42430	1.42017	0.63550	0.51463	0.50540	1.13230	0.98232	0.93835	3.28861	2.11224	1.23748
145250	0.75372	0.66219	0.68349	1.06831	0.98669	0.80440	3.77886	2.42876	1.42584	0.63720	0.51709	0.50793	1.13459	0.98135	0.93562	3.29039	2.10998	1.23575
145410	0.75245	0.66327	0.68432	1.06431	0.98319	0.79990	3.78020	2.42424	1.42163	0.63572	0.51473	0.50590	1.13174	0.97820	0.93168	3.28504	2.10615	1.23185
145580	0.75044	0.66417	0.68449	1.06446	0.98455	0.80197	3.78306	2.42375	1.42223	0.63672	0.51693	0.50781	1.13394	0.98221	0.93626	3.28548	2.10825	1.23374	34.34	6.2	0.00	-2.04	0.01737	0.01205	0.01525	0.01885	0.01933	0.01512	0.00549	0.01519	0.02011	0.01918	0.01353	0.01720	0.01711	0.01766	0.01380	0.00586	0.01652	0.02206
145740	0.74858	0.65975	0.68142	1.06221	0.98102	0.79927	3.77743	2.42396	1.42108	0.63380	0.51331	0.50481	1.13108	0.98360	0.93840	3.28905	2.11078	1.23724
145910	0.75061	0.66222	0.68433	1.06526	0.98387	0.80187	3.78388	2.42769	1.42443	0.63687	0.51639	0.50811	1.13197	0.98184	0.93958	3.28881	2.10980	1.23532
146070	0.75141	0.66147	0.68332	1.06421	0.98389	0.80152	3.78052	2.42462	1.42346	0.63635	0.51673	0.50697	1.13176	0.98191	0.93753	3.28720	2.10743	1.23369
146240	0.75069	0.66446	0.68500	1.06673	0.98717	0.80572	3.78947	2.43285	1.42808	0.63998	0.51957	0.50960	1.13436	0.98374	0.93938	3.29247	2.11231	1.23756
146410	0.75030	0.66041	0.68333	1.06593	0.98522	0.80278	3.79373	2.42563	1.42254	0.63820	0.51756	0.50801	1.13276	0.98045	0.93536	3.28942	2.10942	1.23501
146570	0.74897	0.66044	0.68035	1.06354	0.98275	0.80052	3.78258	2.42446	1.42074	0.63531	0.51507	0.50593	1.13268	0.98241	0.93809	3.29000	2.11112	1.23704
146740	0.75271	0.66338	0.68464	1.06657	0.98566	0.80353	3.78090	2.42727	1.42152	0.63749	0.51676	0.50746	1.13321	0.97978	0.93752	3.28924	2.10894	1.23498
146900	0.75038	0.66242	0.68270	1.06530	0.98572	0.80327	3.77997	2.42779	1.42517	0.63786	0.51707	0.50743	1.13253	0.98145	0.93858	3.28611	2.10848	1.23397
147070	0.75244	0.66303	0.68460	1.06635	0.98643	0.80432	3.78446	2.42917	1.42526	0.63919	0.51887	0.50867	1.13279	0.98107	0.93772	3.28834	2.10966	1.23484
147230	0.75175	0.66133	0.68473	1.06511	0.98537	0.80302	3.78557	2.42844	1.42363	0.63776	0.51733	0.50790	1.13246	0.98200	0.93567	3.28794	2.10855	1.23433	34.34	6.1	0.00	-2.04	0.01737	0.01205	0.01525	0.01885	0.01933	0.01512	0.00549	0.01519	0.02011	0.01918	0.01353	0.01720	0.01711	0.01766	0.01380	0.00586	0.01652	0.02206
147400	0.74926	0.66205	0.68491	1.06453	0.98683	0.80492	3.79103	2.43144	1.42654	0.63997	0.51934	0.51033	1.13376	0.98370	0.93720	3.29220	2.11160	1.23672
147560	0.74913	0.66117	0.68415	1.06560	0.98536	0.80279	3.78787	2.42558	1.42438	0.63693	0.51700	0.50811	1.13129	0.98115	0.93691	3.28807	2.10894	1.23422
147730	0.75008	0.65956	0.68160	1.06326	0.98369	0.80076	3.77450	2.42524	1.42214	0.63565	0.51515	0.50653	1.13514	0.98456	0.94036	3.29053	2.11282	1.23861
147900	0.75263	0.66209	0.68514	1.06673	0.98680	0.80363	3.78427	2.42747	1.42459	0.63790	0.51764	0.50857	1.13455	0.98178	0.93737	3.29050	2.11178	1.23758
148060	0.75178	0.66052	0.68303	1.06492	0.98453	0.80216	3.77967	2.42599	1.42436	0.63675	0.51566	0.50646	1.13230	0.98114	0.93685	3.28608	2.10671	1.23272
148230	0.75422	0.66415	0.68545	1.06642	0.98739	0.80626	3.79158	2.43168	1.42876	0.63948	0.51953	0.50924	1.13713	0.98594	0.94405	3.29130	2.11297	1.23686
148390	0.75403	0.66415	0.68578	1.06542	0.98474	0.80324	3.78574	2.42868	1.42747	0.63664	0.51630	0.50677	1.13452	0.98170	0.93845	3.28984	2.10930	1.23491
148560	0.75053	0.66114	0.68353	1.06279	0.98173	0.79927	3.77724	2.42424	1.42242	0.63469	0.51359	0.50527	1.13502	0.98342	0.94131	3.28878	2.11117	1.23658
148720	0.75359	0.66502	0.68456	1.06508	0.98424	0.80255	3.78639	2.42871	1.42406	0.63667	0.51641	0.50614	1.13139	0.98036	0.93525	3.28648	2.10693	1.23233
148890	0.75364	0.66437	0.68634	1.06671	0.98734	0.80518	3.78866	2.43118	1.42801	0.63955	0.51890	0.50904	1.13652	0.98436	0.94105	3.29178	2.11187	1.23673	34.34	6.0	0.00	-2.04	0.01737	0.01205	0.01525	0.01885	0.01933	0.01512	0.00549	0.01519	0.02011	0.01918	0.01353	0.01720	0.01711	0.01766	0.01380	0.00586	0.01652	0.02206
149050	0.75363	0.66364	0.68549	1.06577	0.98479	0.80291	3.78389	2.42737	1.42366	0.63668	0.51611	0.50632	1.13412	0.98159	0.93839	3.28974	2.10847	1.23377
149220	0.74894	0.66044	0.68339	1.06311	0.98143	0.80005	3.77580	2.42679	1.42127	0.63370	0.51360	0.50414	1.13248	0.98319	0.93657	3.28878	2.10953	1.23530
149380	0.75266	0.66221	0.68429	1.06424	0.98352	0.80147	3.78495	2.42719	1.42538	0.63553	0.51512	0.50593	1.13150	0.98125	0.93805	3.28656	2.10673	1.23277
149550	0.75125	0.66391	0.68619	1.06632	0.98709	0.80455	3.79075	2.43199	1.42844	0.63884	0.51864	0.50911	1.13719	0.98397	0.94076	3.29310	2.11091	1.23689
149710	0.75372	0.66378	0.68619	1.06496	0.98434	0.80206	3.78732	2.42932	1.42552	0.63664	0.51629	0.50695	1.13489	0.98288	0.93993	3.28825	2.10773	1.23325
149880	0.75120	0.66368	0.68585	1.06268	0.98409	0.80201	3.79449	2.43042	1.42611	0.63699	0.51707	0.50745	1.13503	0.98376	0.93952	3.29111	2.10921	1.23441
150040	0.75240	0.66276	0.68461	1.06260	0.98175	0.79874	3.77991	2.42364	1.42267	0.63339	0.51325	0.50386	1.13567	0.98476	0.94213	3.29276	2.11226	1.23748
150210	0.75615	0.66480	0.68768	1.06739	0.98618	0.80358	3.79398	2.43318	1.42636	0.63776	0.51736	0.50707	1.13517	0.98460	0.94023	3.29050	2.11031	1.23532
150370	0.75260	0.66106	0.68498	1.06344	0.98213	0.80035	3.78224	2.42790	1.42570	0.63451	0.51340	0.50423	1.13244	0.98093	0.93828	3.28688	2.10607	1.23209
150540	0.75194	0.66252	0.68549	1.06312	0.98219	0.79947	3.78155	2.42940	1.42536	0.63466	0.51405	0.50490	1.13307	0.98261	0.93977	3.28599	2.10829	1.23305	34.34	6.1	0.00	-2.04	0.01737	0.01205	0.01525	0.01885	0.01933	0.01512	0.00549	0.01519	0.02011	0.01918	0.01353	0.01720	0.01711	0.01766	0.01380	0.00586	0.01652	0.02206
150700	0.75106	0.66094	0.68641	1.06101	0.98083	0.79905	3.78408	2.42687	1.42496	0.63271	0.51217	0.50265	1.13470	0.98338	0.94155	3.28718	2.10847	1.23443
150870	0.75578	0.66751	0.68734	1.06277	0.98246	0.79992	3.78244	2.42839	1.42490	0.63387	0.51304	0.50425	1.13230	0.98202	0.93786	3.28472	2.10617	1.23140
151030	0.75490	0.66767	0.68954	1.06497	0.98553	0.80311	3.78906	2.43196	1.42766	0.63710	0.51729	0.50753	1.13781	0.98763	0.94166	3.28951	2.11158	1.23584
151200	0.75394	0.66605	0.68882	1.06487	0.98424	0.80199	3.79150	2.43029	1.42718	0.63655	0.51515	0.50543	1.13605	0.98393	0.94034	3.28636	2.10801	1.23348
151360	0.75444	0.66418	0.68419	1.06214	0.98125	0.79833	3.79129	2.42824	1.42521	0.63318	0.51325	0.50352	1.13724	0.98795	0.94318	3.29012	2.11078	1.23581
151530	0.75656	0.67018	0.68902	1.06481	0.98363	0.80064	3.78611	2.42811	1.42688	0.63476	0.51500	0.50552	1.13505	0.98497	0.94098	3.28967	2.10854	1.23396
151700	0.75495	0.66778	0.68855	1.06360	0.98244	0.80035	3.78597	2.43143	1.42666	0.63513	0.51508	0.50661	1.13511	0.98430	0.94077	3.28255	2.10681	1.23135
151860	0.75770	0.66967	0.69005	1.06479	0.98525	0.80249	3.78676	2.43527	1.42968	0.63708	0.51628	0.50739	1.13815	0.98623	0.94085	3.28903	2.11007	1.23615
152030	0.75596	0.66766	0.68898	1.06408	0.98462	0.80007	3.78460	2.43214	1.42740	0.63670	0.51602	0.50708	1.13585	0.98302	0.93993	3.28723	2.10661	1.23225
152190	0.75378	0.66099	0.68210	1.05981	0.97812	0.79667	3.78379	2.42217	1.42011	0.62968	0.51039	0.50068	1.13115	0.98151	0.93980	3.28346	2.10588	1.23179	34.28	6.1	0.00	-2.04	0.01737	0.01205	0.01525	0.01885	0.01933	0.01512	0.00549	0.01519	0.02011	0.01918	0.01353	0.01720	0.01711	0.01766	0.01380	0.00586	0.01652	0.02206
152360	0.75388	0.66734	0.68919	1.06191	0.98259	0.80011	3.78770	2.42949	1.42811	0.63459	0.51458	0.50376	1.13474	0.98406	0.93922	3.28555	2.10708	1.23318
152520	0.75031	0.66216	0.68050	1.06214	0.98116	0.79899	3.77495	2.42492	1.42428	0.63474	0.51335	0.50471	1.13775	0.98791	0.94704	3.28947	2.11198	1.23823
152690	0.75902	0.66892	0.69265	1.06802	0.98855	0.80532	3.78883	2.43243	1.42920	0.63928	0.51879	0.50878	1.13518	0.98485	0.93830	3.28843	2.10998	1.23513
152850	0.74985	0.66257	0.68255	1.06534	0.98355	0.80207	3.78612	2.42417	1.42237	0.63714	0.51674	0.50717	1.13504	0.98492	0.94260	3.28663	2.10735	1.23393
153020	0.75436	0.66540	0.68660	1.06327	0.98314	0.80004	3.77848	2.42624	1.42416	0.63656	0.51551	0.50609	1.13190	0.97919	0.93554	3.28576	2.10651	1.23151
153180	0.74500	0.65937	0.68286	1.06327	0.98329	0.80026	3.78564	2.42804	1.42220	0.63491	0.51370	0.50560	1.13381	0.98234	0.93869	3.28565	2.10679	1.23253
153350	0.75220	0.66266	0.68629	1.06105	0.98007	0.79728	3.77848	2.42330	1.42093	0.63074	0.51213	0.50320	1.13116	0.98043	0.93273	3.28677	2.10711	1.23295
153520	0.74374	0.65641	0.67741	1.06179	0.98063	0.79876	3.77889	2.42208	1.41906	0.63116	0.51219	0.50326	1.13113	0.98363	0.93719	3.28359	2.10566	1.23081
153680	0.75183	0.66289	0.68215	1.06151	0.98112	0.79835	3.78064	2.42108	1.41763	0.63337	0.51337	0.50495	1.12659	0.97603	0.93036	3.28505	2.10550	1.23186
153850	0.74529	0.65942	0.68228	1.06481	0.98514	0.80287	3.78423	2.42817	1.42679	0.63573	0.51651	0.50725	1.13699	0.98522	0.94117	3.29223	2.10999	1.23539	34.28	6.0	0.00	-2.04	0.01737	0.01205	0.01525	0.01885	0.01933	0.01512	0.00549	0.01519	0.02011	0.01918	0.01353	0.01720	0.01711	0.01766	0.01380	0.00586	0.01652	0.02206
154010	0.75328	0.66256	0.68307	1.06366	0.98411	0.80114	3.77504	2.42204	1.42031	0.63462	0.51486	0.50485	1.12924	0.97794	0.93323	3.28572	2.10632	1.23188
154180	0.74386	0.65656	0.68087	1.06231	0.98164	0.79793	3.78183	2.42259	1.42007	0.63172	0.51175	0.50226	1.13472	0.98306	0.93839	3.28749	2.10814	1.23468
