WetView ver 7.1	07-17-2019	12:17:36
AC9 Absorption and Attenuation Meter
00000311		; Serial number
2	; structure version number
Reserved
0.000000	0.000000		; Depth calibration
19200			; Baud rate
0.100000			; Path length (meters)
23			; number of temperature calibration bins
				12.61517	13.44096	14.46844	15.49904	16.50682	17.50108	18.49752	19.51783	20.49177	21.49009	22.48286	23.50673	24.54012	25.54812	26.49986	27.49321	28.50960	29.48671	30.47471	31.49432	32.50437	33.48679	34.49133	; temperature bins
a650	Blue	18.61587		0.01156	0.01096	0.01010	0.00930	0.00851	0.00774	0.00661	0.00573	0.00499	0.00402	0.00285	0.00203	0.00096	0.00000	-0.00110	-0.00152	-0.00210	-0.00247	-0.00259	-0.00317	-0.00346	-0.00380	-0.00403		; offset and temperature correction info
a676	Green	18.78942		0.00964	0.00899	0.00863	0.00813	0.00730	0.00639	0.00545	0.00448	0.00385	0.00301	0.00233	0.00165	0.00046	0.00000	-0.00106	-0.00167	-0.00251	-0.00280	-0.00316	-0.00329	-0.00377	-0.00392	-0.00441		; offset and temperature correction info
a715	Brown	18.59217		0.01171	0.01109	0.01043	0.00975	0.00878	0.00789	0.00685	0.00572	0.00469	0.00356	0.00255	0.00160	0.00061	0.00000	-0.00063	-0.00113	-0.00152	-0.00183	-0.00226	-0.00293	-0.00364	-0.00404	-0.00473		; offset and temperature correction info
c510	Red	18.18396		-0.00549	-0.00480	-0.00383	-0.00272	-0.00202	-0.00118	-0.00044	-0.00038	-0.00015	-0.00021	0.00013	0.00007	-0.00007	0.00000	-0.00007	-0.00065	-0.00045	-0.00018	0.00007	0.00039	-0.00001	-0.00002	-0.00045		; offset and temperature correction info
c532	Magenta	18.26528		-0.00721	-0.00645	-0.00581	-0.00518	-0.00465	-0.00345	-0.00281	-0.00270	-0.00182	-0.00141	-0.00108	-0.00072	-0.00022	0.00000	0.00044	0.00030	0.00031	-0.00006	-0.00052	-0.00089	-0.00142	-0.00149	-0.00154		; offset and temperature correction info
c555	Black	18.37125		-0.00430	-0.00419	-0.00381	-0.00319	-0.00286	-0.00254	-0.00205	-0.00196	-0.00138	-0.00137	-0.00067	-0.00051	-0.00030	0.00000	0.00067	0.00087	0.00057	0.00027	-0.00015	-0.00089	-0.00127	-0.00137	-0.00150		; offset and temperature correction info
a412	LtBlue	15.33566		-0.06011	-0.05567	-0.05012	-0.04441	-0.03922	-0.03412	-0.02941	-0.02503	-0.02049	-0.01588	-0.01121	-0.00784	-0.00311	0.00000	0.00273	0.00611	0.00757	0.00871	0.01066	0.01299	0.01539	0.01781	0.02175		; offset and temperature correction info
a440	LtGreen	16.05925		-0.01380	-0.01214	-0.01039	-0.00858	-0.00690	-0.00532	-0.00426	-0.00322	-0.00230	-0.00158	-0.00055	0.00006	0.00001	0.00000	0.00017	0.00016	-0.00094	-0.00222	-0.00363	-0.00486	-0.00567	-0.00651	-0.00782		; offset and temperature correction info
a488	Yellow	16.82827		0.00255	0.00293	0.00331	0.00354	0.00373	0.00378	0.00363	0.00350	0.00291	0.00225	0.00215	0.00142	0.00099	0.00000	-0.00092	-0.00169	-0.00295	-0.00396	-0.00479	-0.00542	-0.00582	-0.00604	-0.00663		; offset and temperature correction info
c650	Blue	18.49287		-0.00570	-0.00516	-0.00456	-0.00403	-0.00346	-0.00232	-0.00132	-0.00122	-0.00073	-0.00066	-0.00035	-0.00016	0.00003	0.00000	0.00044	0.00078	0.00108	0.00057	0.00040	-0.00042	-0.00033	-0.00029	-0.00034		; offset and temperature correction info
c676	Green	18.50570		0.00299	0.00293	0.00287	0.00293	0.00278	0.00294	0.00317	0.00251	0.00243	0.00215	0.00139	0.00123	0.00068	0.00000	-0.00041	-0.00106	-0.00205	-0.00268	-0.00325	-0.00413	-0.00495	-0.00610	-0.00674		; offset and temperature correction info
c715	Brown	17.88888		0.00826	0.00812	0.00773	0.00790	0.00766	0.00758	0.00753	0.00650	0.00571	0.00461	0.00359	0.00222	0.00101	0.00000	-0.00146	-0.00284	-0.00385	-0.00448	-0.00463	-0.00513	-0.00623	-0.00715	-0.00838		; offset and temperature correction info
a510	Red	17.18050		0.00353	0.00364	0.00354	0.00361	0.00381	0.00381	0.00356	0.00332	0.00277	0.00229	0.00176	0.00116	0.00036	0.00000	-0.00014	-0.00069	-0.00088	-0.00147	-0.00150	-0.00129	-0.00120	-0.00134	-0.00091		; offset and temperature correction info
a532	Magenta	17.40228		0.00550	0.00548	0.00526	0.00479	0.00464	0.00422	0.00393	0.00328	0.00253	0.00212	0.00136	0.00085	0.00039	0.00000	-0.00059	-0.00146	-0.00188	-0.00262	-0.00330	-0.00393	-0.00491	-0.00540	-0.00605		; offset and temperature correction info
a555	Black	17.72308		0.00849	0.00832	0.00800	0.00760	0.00724	0.00655	0.00580	0.00495	0.00435	0.00347	0.00252	0.00153	0.00049	0.00000	-0.00050	-0.00155	-0.00214	-0.00306	-0.00350	-0.00411	-0.00470	-0.00539	-0.00570		; offset and temperature correction info
c412	LtBlue	16.72802		-0.05949	-0.05458	-0.04744	-0.04134	-0.03547	-0.03064	-0.02511	-0.02047	-0.01574	-0.01163	-0.00761	-0.00442	-0.00204	0.00000	0.00100	0.00051	-0.00043	-0.00239	-0.00475	-0.00629	-0.00827	-0.00955	-0.01337		; offset and temperature correction info
c440	LtGreen	17.42637		-0.02723	-0.02503	-0.02216	-0.01930	-0.01691	-0.01394	-0.01125	-0.00926	-0.00732	-0.00582	-0.00401	-0.00226	-0.00093	0.00000	0.00082	0.00123	0.00133	0.00097	0.00038	-0.00003	-0.00022	-0.00023	-0.00125		; offset and temperature correction info
c488	Yellow	18.03666		-0.00640	-0.00554	-0.00465	-0.00357	-0.00276	-0.00154	-0.00067	-0.00031	-0.00014	-0.00012	0.00046	0.00032	0.00020	0.00000	0.00001	-0.00024	-0.00060	-0.00084	-0.00126	-0.00180	-0.00276	-0.00304	-0.00427		; offset and temperature correction info
0.003500	0.004000	0.015000	0.020000	0.015000	0.020000	2500.000000	2000.000000	1000.000000	; maxANoise	maxCNoise	maxADifference	maxCDifference	minACounts	minCCounts	minRCounts	maxTempSdev	maxDepthSdev
0			; auxilliary capabilities
1			; acquisition binsize
0	2.66468	2.66656	2.25796	14.59348	13.75083	12.97214	12.84289	8.77657	5.53905	11.17360	10.99503	10.46790	4.67826	4.00071	3.45760	23.56657	19.09664	15.52640	36.92	6.0	0.00	-2.04	0.01725	0.01197	0.01514	0.01817	0.01879	0.01470	0.00545	0.01513	0.02000	0.01848	0.01282	0.01634	0.01702	0.01758	0.01374	0.00570	0.01604	0.02134
150	2.67210	2.69874	2.30072	14.57528	13.73456	12.94276	12.96160	8.87797	5.63042	11.14318	10.97229	10.44012	4.76443	4.06372	3.50773	23.53624	19.06902	15.51069
310	2.69180	2.69523	2.28280	14.56913	13.73033	12.94962	12.90237	8.80727	5.55868	11.15847	10.98357	10.45812	4.69539	4.00028	3.44729	23.55666	19.08624	15.52762
470	2.64862	2.65695	2.25477	14.58112	13.73847	12.95821	12.84486	8.77872	5.54371	11.16394	10.98806	10.46238	4.68597	3.99724	3.44691	23.58332	19.09607	15.52590
630	2.65235	2.66511	2.26181	14.58334	13.74140	12.95811	12.86274	8.79083	5.54647	11.16399	10.98825	10.46001	4.68566	3.99165	3.44079	23.57050	19.09260	15.52870
790	2.64680	2.65782	2.25396	14.58556	13.74463	12.96165	12.84375	8.77701	5.53955	11.16320	10.99106	10.46266	4.68092	3.99428	3.44049	23.58415	19.09646	15.53131
950	2.64390	2.66118	2.25516	14.59501	13.75224	12.96699	12.85948	8.78180	5.54653	11.16991	10.99869	10.46852	4.68354	3.99502	3.44094	23.59989	19.11100	15.53853
1120	2.64444	2.66060	2.25577	14.59990	13.75891	12.97006	12.84845	8.78456	5.54646	11.17056	10.99996	10.47074	4.68527	3.99894	3.44532	23.58725	19.11456	15.54536
1280	2.65093	2.66443	2.25921	14.60790	13.76803	12.97356	12.87396	8.78364	5.55041	11.17402	11.00593	10.47434	4.68256	3.99663	3.44539	23.59057	19.10573	15.53961
1440	2.64898	2.66159	2.26024	14.60746	13.76878	12.97751	12.85546	8.78537	5.54989	11.17705	11.01036	10.47793	4.68249	3.99549	3.44138	23.59057	19.10876	15.54364
1610	2.64967	2.66226	2.26057	14.60932	13.76378	12.97511	12.86526	8.79030	5.55124	11.17243	11.00658	10.47427	4.69014	4.00224	3.44915	23.60390	19.11019	15.54414	36.98	6.1	0.00	-2.04	0.01726	0.01197	0.01515	0.01816	0.01878	0.01469	0.00546	0.01514	0.02001	0.01847	0.01281	0.01633	0.01703	0.01759	0.01375	0.00570	0.01604	0.02133
1770	2.65296	2.66600	2.26214	14.61102	13.76544	12.97355	12.87022	8.78975	5.55207	11.17413	11.00830	10.47606	4.68851	4.00191	3.44721	23.58939	19.10224	15.53685
1940	2.65469	2.67016	2.26730	14.60932	13.76579	12.97563	12.88153	8.79928	5.55993	11.17642	11.00817	10.47724	4.69107	4.00488	3.44933	23.58856	19.10835	15.53899
2100	2.65316	2.66559	2.26373	14.60836	13.76605	12.97154	12.85705	8.79055	5.55357	11.17632	11.00680	10.47700	4.69015	4.00184	3.45250	23.57221	19.10646	15.54268
2270	2.65561	2.66829	2.26427	14.60999	13.76783	12.97381	12.87759	8.79195	5.55462	11.17649	11.00983	10.47811	4.69041	4.00491	3.45019	23.58110	19.10685	15.54275
2430	2.65235	2.66905	2.26431	14.61086	13.77200	12.97717	12.87862	8.79325	5.55673	11.17974	11.01313	10.48096	4.69253	4.00464	3.45003	23.59415	19.10255	15.54051
2600	2.65350	2.66880	2.26513	14.60955	13.77204	12.97691	12.86860	8.79583	5.55901	11.18055	11.01489	10.48181	4.69479	4.00288	3.44903	23.58152	19.09693	15.53590
2760	2.65114	2.66538	2.26116	14.60790	13.76943	12.97660	12.88770	8.79349	5.55369	11.18107	11.00979	10.48098	4.68596	3.99847	3.44481	23.58400	19.09811	15.53796
2920	2.65096	2.66793	2.26285	14.61042	13.77326	12.98325	12.88805	8.79835	5.55841	11.18852	11.01770	10.48723	4.69065	3.99982	3.44795	23.56497	19.09873	15.54301
3090	2.65237	2.66592	2.26255	14.61394	13.77168	12.98131	12.87613	8.79043	5.55025	11.18500	11.01636	10.48518	4.68691	4.00045	3.45285	23.56084	19.10272	15.54171
3250	2.65683	2.67182	2.26212	14.61405	13.77224	12.97881	12.86290	8.79492	5.55811	11.18506	11.01329	10.48635	4.69016	4.00329	3.44998	23.55998	19.10162	15.53984	36.92	6.3	0.00	-2.04	0.01727	0.01197	0.01515	0.01816	0.01878	0.01469	0.00546	0.01514	0.02002	0.01847	0.01281	0.01633	0.01704	0.01760	0.01375	0.00570	0.01603	0.02133
3420	2.65329	2.66945	2.26334	14.61313	13.77098	12.97948	12.87899	8.79302	5.55424	11.18498	11.01377	10.48482	4.69668	4.00686	3.45629	23.58647	19.10971	15.54959
3580	2.65776	2.67240	2.26745	14.62117	13.77949	12.98674	12.87770	8.79870	5.55992	11.19173	11.01878	10.49052	4.69281	4.00670	3.45194	23.60243	19.10790	15.54729
3740	2.65610	2.67127	2.26808	14.61812	13.77856	12.98833	12.89605	8.80021	5.56165	11.19314	11.02127	10.49130	4.69629	4.00528	3.45209	23.58709	19.11318	15.54981
3910	2.65613	2.66819	2.26503	14.61750	13.77580	12.98392	12.86247	8.79585	5.55282	11.19078	11.01733	10.48782	4.69020	4.00494	3.45093	23.57736	19.11243	15.55014
4070	2.65555	2.67117	2.26509	14.61706	13.77665	12.98748	12.85504	8.79167	5.55875	11.19261	11.02054	10.49162	4.69401	4.00675	3.45436	23.59020	19.10984	15.54885
4240	2.65556	2.66947	2.26647	14.61851	13.77803	12.99314	12.87796	8.79539	5.55959	11.19487	11.02210	10.49397	4.69080	4.00635	3.45321	23.58108	19.11828	15.55269
4400	2.65640	2.67131	2.26745	14.62209	13.77890	12.98864	12.87702	8.79697	5.55764	11.19546	11.02246	10.49308	4.69262	4.00815	3.45478	23.59102	19.11696	15.55661
4570	2.65600	2.67055	2.26703	14.62350	13.78170	12.99617	12.88996	8.79848	5.55979	11.19961	11.02624	10.49849	4.69269	4.00788	3.45365	23.59745	19.11921	15.55768
4730	2.65534	2.67198	2.26737	14.62306	13.78453	12.99821	12.88319	8.80055	5.56014	11.20066	11.02560	10.49985	4.69465	4.00884	3.45067	23.61572	19.12022	15.55563
4900	2.65965	2.67078	2.26746	14.62016	13.77842	12.99143	12.87167	8.79825	5.55679	11.19750	11.02443	10.49542	4.69571	4.01039	3.45593	23.61934	19.12352	15.55762	36.92	6.1	0.00	-2.04	0.01727	0.01198	0.01516	0.01815	0.01878	0.01469	0.00546	0.01515	0.02002	0.01847	0.01281	0.01633	0.01705	0.01760	0.01376	0.00570	0.01603	0.02132
5060	2.66018	2.67044	2.27027	14.62163	13.78260	12.99458	12.89634	8.79811	5.56105	11.19864	11.02401	10.49723	4.69603	4.00592	3.45347	23.58779	19.12000	15.55491
5230	2.65991	2.67339	2.26946	14.62131	13.78298	12.99997	12.89042	8.80780	5.56544	11.20321	11.02888	10.50082	4.69822	4.00947	3.45495	23.59132	19.12652	15.55953
5390	2.65989	2.67479	2.26699	14.62156	13.78552	13.00061	12.88117	8.79988	5.55967	11.20251	11.02954	10.49981	4.69157	4.00747	3.45666	23.59982	19.11696	15.55533
5550	2.65892	2.67076	2.26677	14.61754	13.77998	12.99582	12.87723	8.79914	5.55696	11.20058	11.02386	10.49763	4.69527	4.01016	3.45780	23.59774	19.12361	15.55860
5720	2.65994	2.67375	2.26983	14.62154	13.78110	12.99655	12.90338	8.80277	5.56163	11.20494	11.02875	10.50200	4.69448	4.00692	3.45516	23.60355	19.11863	15.55541
5880	2.65822	2.67001	2.26979	14.61967	13.78120	12.99876	12.88665	8.79967	5.55848	11.20767	11.03101	10.50450	4.69248	4.00738	3.45376	23.60314	19.11868	15.56008
6050	2.65721	2.67048	2.26606	14.62648	13.78643	13.00210	12.90106	8.79049	5.55645	11.20911	11.03511	10.50709	4.69087	4.00473	3.45176	23.59401	19.12458	15.56235
6210	2.65558	2.67035	2.26774	14.62880	13.78978	13.00611	12.89463	8.80700	5.56467	11.21541	11.03901	10.51213	4.69933	4.01015	3.45677	23.61477	19.12986	15.56691
6370	2.65861	2.67197	2.26771	14.62892	13.78787	13.00544	12.87852	8.79728	5.56003	11.21419	11.03815	10.50927	4.69558	4.00821	3.45343	23.61602	19.13079	15.56813
6540	2.66129	2.67567	2.26969	14.63169	13.79068	13.00655	12.88563	8.79961	5.55943	11.21433	11.03661	10.51151	4.69492	4.00972	3.45538	23.61652	19.12489	15.56609	36.98	6.3	0.00	-2.04	0.01727	0.01198	0.01516	0.01815	0.01877	0.01469	0.00546	0.01515	0.02003	0.01847	0.01281	0.01633	0.01705	0.01761	0.01376	0.00570	0.01603	0.02132
6700	2.65904	2.67306	2.26916	14.62688	13.78630	13.00244	12.89008	8.80119	5.55798	11.21171	11.03374	10.50884	4.69712	4.01320	3.45920	23.59700	19.13264	15.57668
6870	2.66193	2.67544	2.27137	14.63565	13.79588	13.01379	12.87749	8.80425	5.56639	11.22044	11.04439	10.51624	4.69759	4.01259	3.45859	23.61154	19.13639	15.57419
7030	2.65932	2.67456	2.26911	14.63394	13.79387	13.01203	12.87296	8.80033	5.56232	11.21912	11.04174	10.51444	4.69217	4.00963	3.45508	23.61465	19.13719	15.57517
7200	2.66140	2.67239	2.26853	14.63376	13.79371	13.01203	12.86732	8.79976	5.55983	11.21915	11.04469	10.51579	4.69411	4.01140	3.45649	23.60178	19.13489	15.57628
7360	2.66094	2.67383	2.27060	14.63823	13.79710	13.01338	12.88383	8.79858	5.56077	11.22338	11.04767	10.52193	4.69421	4.00877	3.45372	23.62130	19.13952	15.57709
7530	2.66396	2.67679	2.27350	14.64366	13.80600	13.01994	12.88794	8.81017	5.56854	11.22964	11.05294	10.52325	4.70008	4.01096	3.45769	23.63358	19.14531	15.57945
7690	2.66284	2.67445	2.26932	14.63850	13.80053	13.01561	12.88777	8.80066	5.56507	11.22569	11.05085	10.52212	4.69797	4.01104	3.45820	23.63671	19.13767	15.57799
7850	2.66125	2.67360	2.26833	14.64369	13.80376	13.01908	12.86637	8.79951	5.56111	11.22936	11.05652	10.52456	4.69570	4.01244	3.45473	23.61278	19.13851	15.58175
8020	2.66207	2.67608	2.27395	14.64800	13.81116	13.02755	12.86834	8.80341	5.56749	11.23623	11.06182	10.52961	4.70244	4.01412	3.46120	23.61881	19.14915	15.58850
8180	2.66328	2.67645	2.27111	14.64841	13.80940	13.02393	12.89102	8.79884	5.56353	11.23612	11.05816	10.52935	4.70034	4.01063	3.45979	23.62130	19.15083	15.58696	36.92	6.1	0.00	-2.04	0.01728	0.01198	0.01516	0.01815	0.01877	0.01469	0.00547	0.01515	0.02003	0.01846	0.01281	0.01633	0.01705	0.01761	0.01376	0.00570	0.01603	0.02132
8350	2.65971	2.67106	2.27008	14.65014	13.80867	13.02245	12.88751	8.79983	5.56278	11.23398	11.05842	10.52893	4.69753	4.00713	3.45368	23.61091	19.13882	15.58184
8510	2.65892	2.67141	2.26683	14.64758	13.80664	13.02169	12.88211	8.79563	5.55912	11.23430	11.05783	10.52767	4.69545	4.01081	3.45875	23.61881	19.14496	15.58431
8670	2.66062	2.67471	2.27045	14.64776	13.81101	13.02526	12.88494	8.79854	5.56601	11.23824	11.06023	10.53284	4.70115	4.01437	3.45676	23.61611	19.14964	15.58866
8840	2.66188	2.67441	2.27121	14.65168	13.81412	13.02868	12.90002	8.80525	5.56477	11.24145	11.06375	10.53672	4.69815	4.01094	3.45520	23.63025	19.14897	15.58707
9000	2.65959	2.67275	2.26916	14.65311	13.81789	13.03449	12.87800	8.80787	5.56815	11.24800	11.06965	10.54026	4.69993	4.01404	3.46131	23.64337	19.15591	15.59168
9170	2.66123	2.66971	2.26940	14.65586	13.81933	13.03147	12.88725	8.79797	5.56173	11.24498	11.06724	10.53791	4.70101	4.01700	3.46400	23.61819	19.15441	15.59490
9330	2.66288	2.67630	2.27206	14.66056	13.82055	13.03630	12.88314	8.80785	5.56690	11.24906	11.07192	10.54370	4.70003	4.01170	3.45681	23.64546	19.15379	15.59492
9500	2.66255	2.67617	2.27170	14.66130	13.82513	13.03737	12.89162	8.80867	5.56514	11.25232	11.07307	10.54377	4.69870	4.01033	3.46130	23.63983	19.15768	15.59794
9660	2.66049	2.67218	2.26901	14.66181	13.82495	13.03573	12.88511	8.80555	5.56225	11.24972	11.07133	10.54451	4.69564	4.00923	3.45603	23.64838	19.15936	15.59989
9820	2.66255	2.67745	2.27177	14.66591	13.82799	13.04267	12.88140	8.81210	5.57076	11.25526	11.07896	10.55096	4.70111	4.01216	3.46210	23.66309	19.16845	15.60643	36.92	6.2	0.00	-2.04	0.01728	0.01198	0.01516	0.01815	0.01877	0.01468	0.00547	0.01516	0.02003	0.01846	0.01281	0.01632	0.01705	0.01761	0.01376	0.00570	0.01603	0.02132
9990	2.66206	2.67509	2.26852	14.67164	13.83155	13.04484	12.89391	8.80761	5.56348	11.25554	11.07946	10.54998	4.69637	4.00960	3.45524	23.64681	19.16571	15.60586
10150	2.66055	2.67603	2.27178	14.67372	13.83308	13.04891	12.88132	8.80681	5.56529	11.25974	11.08646	10.55431	4.70222	4.01425	3.45875	23.66727	19.16797	15.60757
10310	2.66037	2.67561	2.26859	14.67171	13.83094	13.04241	12.88654	8.80086	5.56094	11.25619	11.08002	10.55035	4.69770	4.00737	3.45855	23.65432	19.16695	15.60689
10480	2.66024	2.67179	2.27166	14.67007	13.83208	13.04825	12.90145	8.80508	5.56454	11.25869	11.08520	10.55419	4.69552	4.01028	3.45541	23.65244	19.16930	15.60470
10640	2.65982	2.67346	2.26746	14.67250	13.83296	13.04648	12.88517	8.80303	5.56582	11.25932	11.08473	10.55680	4.69858	4.01279	3.45770	23.66664	19.17301	15.61285
10810	2.66145	2.67686	2.27194	14.67719	13.83787	13.05223	12.89185	8.80628	5.56602	11.26425	11.08967	10.55962	4.69986	4.01187	3.45812	23.65119	19.17093	15.61307
10970	2.66044	2.67440	2.27004	14.67631	13.83620	13.04932	12.88928	8.80356	5.56412	11.26220	11.08823	10.55916	4.70053	4.01592	3.46180	23.68044	19.18418	15.62193
11140	2.66700	2.67916	2.27422	14.68760	13.84619	13.06120	12.88885	8.81043	5.56847	11.27232	11.09676	10.56696	4.70145	4.01356	3.46263	23.67918	19.17952	15.61989
11300	2.66074	2.67659	2.27259	14.68221	13.84213	13.05876	12.86960	8.80813	5.56730	11.27088	11.09415	10.56512	4.70073	4.01292	3.46183	23.66643	19.17700	15.61814
11470	2.66339	2.67743	2.27339	14.68172	13.84308	13.05793	12.89634	8.81146	5.56980	11.26894	11.09509	10.56542	4.70356	4.01322	3.46008	23.65067	19.17617	15.61836	36.92	6.2	0.00	-2.04	0.01728	0.01198	0.01516	0.01815	0.01877	0.01468	0.00547	0.01516	0.02003	0.01846	0.01281	0.01632	0.01705	0.01761	0.01376	0.00570	0.01603	0.02132
11630	2.66239	2.67737	2.26924	14.67802	13.83786	13.05228	12.88623	8.80872	5.56634	11.26928	11.09084	10.56188	4.70345	4.01686	3.46467	23.66194	19.17488	15.61549
11800	2.66575	2.68093	2.27287	14.67832	13.83729	13.05137	12.88991	8.81024	5.56731	11.26610	11.09093	10.56379	4.70393	4.01787	3.46679	23.67176	19.17767	15.61816
11960	2.66836	2.68194	2.27590	14.67822	13.83706	13.05571	12.88957	8.80665	5.56899	11.27043	11.09483	10.56553	4.70390	4.01523	3.46097	23.66382	19.17688	15.61544
12120	2.66575	2.68094	2.27663	14.67235	13.83821	13.05669	12.87579	8.81658	5.57273	11.27463	11.09687	10.57023	4.70827	4.01882	3.46373	23.65547	19.18095	15.61680
12290	2.66594	2.67970	2.27310	14.67686	13.83819	13.05690	12.86903	8.81030	5.56809	11.27245	11.09662	10.57016	4.70495	4.01752	3.46849	23.63711	19.18073	15.62104
12450	2.66835	2.68453	2.27731	14.68227	13.84206	13.05929	12.89480	8.81607	5.57059	11.27469	11.09857	10.57102	4.70354	4.01685	3.46065	23.66027	19.18126	15.61825
12620	2.66570	2.67687	2.27335	14.67873	13.84041	13.05817	12.87836	8.80842	5.56700	11.27452	11.09955	10.57265	4.70195	4.01348	3.46047	23.67531	19.17843	15.61805
12780	2.66322	2.67550	2.27084	14.67716	13.83984	13.05554	12.88854	8.81097	5.56485	11.27275	11.09512	10.57228	4.70173	4.00982	3.45666	23.65254	19.17218	15.61518
12940	2.66364	2.67718	2.27111	14.67945	13.84357	13.06122	12.89017	8.81032	5.56895	11.27763	11.10203	10.57660	4.70189	4.01110	3.46066	23.66653	19.17542	15.61882
13110	2.66227	2.67563	2.27067	14.67692	13.84274	13.05774	12.88203	8.81344	5.56295	11.27574	11.10153	10.57487	4.69660	4.00813	3.45477	23.65348	19.17370	15.61460	36.98	5.9	0.00	-2.04	0.01728	0.01198	0.01516	0.01815	0.01877	0.01468	0.00546	0.01516	0.02003	0.01846	0.01281	0.01632	0.01705	0.01761	0.01376	0.00570	0.01603	0.02132
13270	2.66292	2.67792	2.27604	14.67997	13.84702	13.06211	12.89145	8.81340	5.57286	11.28167	11.10606	10.58105	4.70393	4.01558	3.46279	23.66726	19.17843	15.62000
13440	2.66519	2.67846	2.27277	14.68384	13.84533	13.05874	12.89762	8.81454	5.57101	11.27976	11.10173	10.57669	4.70395	4.01753	3.46074	23.66789	19.17520	15.61355
13600	2.66600	2.67987	2.27296	14.68094	13.84488	13.05791	12.89522	8.81401	5.56844	11.27728	11.10111	10.57531	4.70245	4.01653	3.46248	23.64785	19.17042	15.61221
13760	2.66553	2.68239	2.27588	14.68224	13.84753	13.06089	12.88314	8.81140	5.57572	11.28128	11.10457	10.58043	4.70778	4.01724	3.46217	23.65620	19.17277	15.61499
13930	2.66458	2.67760	2.27239	14.68087	13.84527	13.05888	12.89136	8.80931	5.57050	11.28191	11.10364	10.58019	4.70247	4.01808	3.46343	23.65181	19.17711	15.61769
14090	2.66703	2.67993	2.27635	14.68092	13.84582	13.06065	12.90362	8.81826	5.57680	11.28532	11.10226	10.58226	4.71007	4.01974	3.46887	23.65933	19.16883	15.61285
14260	2.67122	2.68603	2.28308	14.68115	13.84782	13.06244	12.91590	8.82264	5.58152	11.28759	11.10692	10.58421	4.71569	4.02575	3.47107	23.65599	19.17542	15.61723
14420	2.67384	2.68508	2.27951	14.68113	13.84659	13.05962	12.90294	8.81784	5.57720	11.28376	11.10503	10.58296	4.71357	4.02341	3.47430	23.65703	19.17724	15.62054
14590	2.67204	2.68413	2.28099	14.68411	13.84890	13.06230	12.89205	8.81991	5.57965	11.28802	11.10650	10.58514	4.70917	4.02569	3.47026	23.65912	19.18499	15.62129
14750	2.66956	2.68510	2.27798	14.68967	13.85709	13.06991	12.89438	8.81608	5.57671	11.29152	11.11217	10.59151	4.70872	4.01968	3.46905	23.66131	19.18571	15.62674	36.98	6.1	0.00	-2.04	0.01727	0.01198	0.01516	0.01815	0.01877	0.01469	0.00546	0.01515	0.02003	0.01846	0.01281	0.01633	0.01705	0.01761	0.01376	0.00570	0.01603	0.02132
14910	2.66935	2.68207	2.27543	14.69109	13.85681	13.06821	12.88752	8.81712	5.57480	11.28932	11.11006	10.58987	4.71024	4.02251	3.46965	23.67468	19.18806	15.62830
15080	2.66916	2.68589	2.27796	14.69896	13.86353	13.07464	12.88718	8.81678	5.57763	11.29553	11.11770	10.59518	4.71161	4.02164	3.46830	23.68200	19.19427	15.63298
15240	2.66732	2.68362	2.27726	14.70140	13.86700	13.07843	12.89326	8.81488	5.57754	11.29691	11.12239	10.59854	4.70857	4.01667	3.46389	23.68870	19.19759	15.63573
15410	2.66710	2.68145	2.27454	14.70184	13.86846	13.07772	12.89275	8.80732	5.57164	11.29806	11.12019	10.59789	4.70634	4.01728	3.46333	23.67176	19.18948	15.63467
15570	2.66471	2.68233	2.27719	14.70072	13.86782	13.07750	12.87425	8.81649	5.57738	11.30015	11.12206	10.60095	4.71036	4.02147	3.46939	23.68326	19.19524	15.63801
15730	2.66870	2.68186	2.27460	14.70202	13.86719	13.07750	12.88589	8.80867	5.57005	11.29757	11.12112	10.59902	4.70761	4.02062	3.46592	23.69750	19.19995	15.64012
15900	2.66842	2.68317	2.27760	14.70705	13.87128	13.07958	12.88050	8.81000	5.57191	11.30172	11.12432	10.60437	4.70753	4.02067	3.46386	23.68305	19.19981	15.63968
16060	2.66750	2.67966	2.27472	14.70819	13.87437	13.08118	12.87630	8.81210	5.57114	11.30045	11.12506	10.60211	4.71006	4.02218	3.47024	23.69624	19.20683	15.64681
16230	2.66877	2.68360	2.27936	14.71791	13.88284	13.09123	12.88289	8.82038	5.57666	11.31044	11.13375	10.61151	4.70956	4.01853	3.46696	23.69687	19.21096	15.64799
16390	2.66870	2.68244	2.27577	14.71650	13.88486	13.09090	12.90077	8.81351	5.56969	11.30980	11.13519	10.61418	4.70595	4.01569	3.46262	23.71500	19.21351	15.65046	36.98	6.1	0.00	-2.04	0.01727	0.01198	0.01516	0.01815	0.01877	0.01469	0.00546	0.01515	0.02003	0.01847	0.01281	0.01633	0.01705	0.01761	0.01376	0.00570	0.01603	0.02132
16560	2.66511	2.68008	2.27588	14.72022	13.88650	13.09277	12.88834	8.81388	5.57259	11.31349	11.13563	10.61432	4.70513	4.01911	3.46354	23.69823	19.21369	15.65468
16720	2.66651	2.68193	2.27507	14.72393	13.88881	13.09907	12.89948	8.81635	5.56937	11.31386	11.13710	10.61593	4.70596	4.01800	3.46607	23.71668	19.22143	15.65906
16890	2.66866	2.68219	2.27579	14.72567	13.89107	13.10062	12.90369	8.81075	5.56962	11.31692	11.14249	10.61822	4.70733	4.01947	3.46662	23.72025	19.22436	15.66470
17050	2.66826	2.68652	2.27547	14.73067	13.89668	13.10453	12.89151	8.81296	5.57224	11.32150	11.14777	10.62367	4.70552	4.01785	3.46525	23.70745	19.22872	15.66678
17220	2.66628	2.68043	2.27490	14.73311	13.89593	13.10537	12.87523	8.81578	5.56861	11.32330	11.14491	10.62259	4.70422	4.01758	3.46568	23.70913	19.22921	15.66633
17380	2.66663	2.68272	2.27605	14.73383	13.89773	13.10661	12.88859	8.81294	5.57270	11.32391	11.14665	10.62707	4.70711	4.01686	3.46224	23.70997	19.22681	15.66629
17550	2.66903	2.68432	2.27689	14.73693	13.90210	13.11055	12.89082	8.81546	5.57752	11.32790	11.15218	10.62966	4.70823	4.02000	3.46634	23.71815	19.23433	15.67240
17710	2.66607	2.68289	2.27593	14.73539	13.90237	13.10944	12.89082	8.81374	5.57242	11.32626	11.15051	10.62977	4.70367	4.01513	3.46315	23.72361	19.23055	15.66931
17880	2.66305	2.68085	2.27387	14.73865	13.90766	13.11618	12.88817	8.81247	5.56861	11.33285	11.15681	10.63438	4.70365	4.01667	3.46418	23.72571	19.23861	15.67721
18040	2.66355	2.68107	2.27380	14.74299	13.90807	13.11637	12.87811	8.80488	5.56796	11.33491	11.15884	10.63591	4.70153	4.01453	3.46268	23.71952	19.24049	15.67985	36.98	6.1	0.00	-2.04	0.01727	0.01198	0.01516	0.01815	0.01878	0.01469	0.00546	0.01515	0.02002	0.01847	0.01281	0.01633	0.01704	0.01760	0.01376	0.00570	0.01603	0.02132
18210	2.66357	2.68049	2.27407	14.74395	13.91103	13.12054	12.88574	8.80867	5.56794	11.33423	11.16018	10.63830	4.70375	4.01379	3.46216	23.73023	19.23853	15.67985
18370	2.66390	2.68171	2.27314	14.74243	13.91066	13.12150	12.87298	8.81183	5.57134	11.33731	11.16357	10.64006	4.70500	4.01668	3.46379	23.74075	19.24165	15.68391
18540	2.66390	2.67838	2.27267	14.74592	13.90779	13.12102	12.87965	8.80720	5.56824	11.33796	11.16073	10.63879	4.70497	4.01936	3.46729	23.73464	19.24851	15.68353
18700	2.66559	2.67893	2.27610	14.74665	13.91436	13.12676	12.88291	8.80950	5.56917	11.34076	11.16430	10.64238	4.70197	4.01371	3.45950	23.72834	19.24575	15.68572
18860	2.66455	2.68161	2.27527	14.74958	13.91540	13.12688	12.88282	8.80874	5.56857	11.34520	11.16669	10.64717	4.70439	4.01362	3.46450	23.73570	19.25101	15.68594
19030	2.66297	2.67964	2.27214	14.74746	13.91241	13.12513	12.89036	8.80709	5.56630	11.34367	11.16442	10.64349	4.70424	4.01805	3.46529	23.73191	19.25355	15.69336
19190	2.66604	2.68303	2.27578	14.75240	13.91900	13.13236	12.89036	8.81200	5.57194	11.34925	11.16607	10.64846	4.70283	4.01439	3.46169	23.73002	19.25315	15.69210
19360	2.66290	2.67916	2.27457	14.75403	13.91830	13.13051	12.86451	8.80469	5.56718	11.34749	11.16875	10.64833	4.70122	4.01079	3.46139	23.73864	19.25329	15.69089
19520	2.66256	2.67693	2.27135	14.75249	13.91789	13.12933	12.87803	8.80419	5.56509	11.34623	11.16665	10.64568	4.70113	4.01430	3.46410	23.72729	19.26105	15.69960
19690	2.66484	2.68101	2.27183	14.75988	13.92374	13.13771	12.89666	8.80925	5.56760	11.35290	11.17148	10.65187	4.70027	4.01246	3.46114	23.73707	19.26430	15.69974	36.92	6.1	0.00	-2.04	0.01727	0.01198	0.01516	0.01815	0.01878	0.01469	0.00546	0.01515	0.02002	0.01847	0.01281	0.01633	0.01704	0.01760	0.01376	0.00570	0.01603	0.02132
19850	2.66190	2.67832	2.27252	14.76216	13.92733	13.13977	12.88466	8.81066	5.56549	11.35253	11.17260	10.65360	4.69889	4.01423	3.45956	23.73791	19.26456	15.70206
20020	2.66081	2.67757	2.27271	14.76575	13.92910	13.14107	12.88851	8.80483	5.56543	11.35584	11.17573	10.65437	4.70185	4.01344	3.46003	23.74443	19.26639	15.70295
20180	2.65994	2.67644	2.27397	14.76347	13.92902	13.13939	12.89546	8.80622	5.56491	11.35533	11.17620	10.65755	4.69992	4.01415	3.45816	23.73938	19.27185	15.70691
20350	2.66160	2.67817	2.27192	14.76913	13.93357	13.14326	12.90876	8.80651	5.56459	11.35813	11.17745	10.65621	4.70063	4.01164	3.45988	23.74822	19.27305	15.70512
20510	2.66028	2.67826	2.27206	14.77025	13.93452	13.14232	12.88620	8.80811	5.56873	11.35864	11.18022	10.65739	4.69913	4.01157	3.45890	23.76298	19.27162	15.70571
20680	2.65976	2.67560	2.27051	14.76932	13.93476	13.14410	12.88894	8.80695	5.56712	11.36020	11.18288	10.65847	4.69849	4.01172	3.45914	23.75686	19.27515	15.71096
20840	2.65956	2.67482	2.26839	14.77116	13.93468	13.14461	12.88269	8.80261	5.56303	11.35917	11.18037	10.65831	4.69874	4.01144	3.45921	23.75623	19.27922	15.71399
21000	2.66277	2.67687	2.27117	14.77397	13.93682	13.14812	12.88449	8.80609	5.56396	11.36311	11.18312	10.66059	4.69494	4.01013	3.45617	23.75497	19.27922	15.71293
21170	2.65828	2.67763	2.27175	14.77238	13.93935	13.15019	12.87763	8.80607	5.56697	11.36558	11.18675	10.66481	4.70026	4.01153	3.45636	23.76783	19.28795	15.71993
21330	2.65863	2.67477	2.27183	14.77569	13.94010	13.15547	12.88481	8.80327	5.56165	11.36730	11.18945	10.66829	4.69531	4.01035	3.45831	23.76951	19.29161	15.72271	36.98	6.1	0.00	-2.04	0.01727	0.01198	0.01516	0.01815	0.01878	0.01469	0.00546	0.01514	0.02002	0.01847	0.01281	0.01633	0.01704	0.01760	0.01376	0.00570	0.01603	0.02132
21500	2.66137	2.67691	2.27107	14.77931	13.94521	13.15877	12.87368	8.80527	5.56396	11.37160	11.19068	10.67109	4.69646	4.01100	3.45911	23.76845	19.29269	15.72349
21660	2.66086	2.67820	2.27328	14.77730	13.94694	13.15898	12.88139	8.80531	5.56424	11.37233	11.19506	10.67319	4.69813	4.01106	3.45931	23.77225	19.29685	15.72717
21830	2.66047	2.67687	2.27095	14.78671	13.94978	13.16257	12.89553	8.80639	5.56632	11.37482	11.19793	10.67467	4.69960	4.00971	3.46127	23.77478	19.30196	15.73331
21990	2.66156	2.67683	2.27190	14.79083	13.95595	13.17055	12.88859	8.80757	5.56373	11.38247	11.20230	10.68108	4.69402	4.00644	3.45544	23.78091	19.30829	15.73309
22160	2.66126	2.67624	2.27526	14.79207	13.95886	13.17427	12.88936	8.80594	5.56802	11.38420	11.20592	10.68272	4.70250	4.01046	3.46053	23.77162	19.30340	15.73522
22320	2.66303	2.67846	2.27034	14.79165	13.95690	13.17133	12.89244	8.80540	5.56265	11.38021	11.20398	10.68112	4.69795	4.01193	3.46224	23.78450	19.31093	15.73755
22490	2.66288	2.67746	2.27253	14.79623	13.96284	13.17429	12.87822	8.80466	5.56319	11.38414	11.20478	10.68295	4.69659	4.00801	3.45672	23.76465	19.30806	15.73547
22650	2.65801	2.67650	2.27215	14.79291	13.96144	13.17709	12.87103	8.80179	5.56375	11.38707	11.20635	10.68594	4.69576	4.00901	3.45408	23.78704	19.31026	15.73744
22820	2.65939	2.67365	2.26763	14.79595	13.96441	13.17584	12.87060	8.80141	5.55933	11.38690	11.20810	10.68431	4.69662	4.01247	3.46089	23.78978	19.31740	15.74144
22980	2.66279	2.67842	2.27125	14.80233	13.96937	13.17998	12.86991	8.80530	5.56356	11.39087	11.20937	10.68741	4.69975	4.01086	3.45661	23.78408	19.30847	15.73756	36.92	6.1	0.00	-2.04	0.01727	0.01198	0.01516	0.01815	0.01878	0.01469	0.00546	0.01514	0.02002	0.01847	0.01281	0.01633	0.01704	0.01760	0.01375	0.00570	0.01603	0.02132
23150	2.66018	2.67430	2.27032	14.80099	13.96575	13.17981	12.85760	8.80104	5.56147	11.39094	11.21124	10.68906	4.69571	4.00920	3.45693	23.80480	19.31557	15.74439
23310	2.66085	2.67461	2.26987	14.80757	13.97005	13.18389	12.88258	8.80052	5.56301	11.39595	11.21532	10.69368	4.69383	4.00595	3.45762	23.78999	19.31574	15.74524
23480	2.65851	2.67538	2.27095	14.80736	13.97296	13.18916	12.86418	8.80009	5.56313	11.40021	11.21994	10.69828	4.69536	4.00807	3.45779	23.80332	19.31732	15.74806
23640	2.65842	2.67543	2.26909	14.80956	13.97414	13.18575	12.88430	8.79995	5.56438	11.39614	11.21725	10.69572	4.69393	4.00820	3.45727	23.78703	19.31521	15.74919
23810	2.65842	2.67591	2.26905	14.80692	13.97263	13.18476	12.86153	8.79765	5.56101	11.39516	11.21642	10.69332	4.69242	4.00729	3.45347	23.79211	19.31574	15.74462
23970	2.65996	2.67350	2.27304	14.80329	13.97075	13.18379	12.85828	8.80625	5.56296	11.39967	11.22059	10.69780	4.69638	4.00814	3.45602	23.79888	19.31938	15.75008
24140	2.65899	2.67397	2.26969	14.80956	13.97398	13.18640	12.88156	8.79796	5.55932	11.40013	11.21969	10.69833	4.69455	4.01008	3.45639	23.80248	19.32765	15.75991
24300	2.66175	2.67461	2.27072	14.81594	13.97935	13.19157	12.88893	8.79727	5.56191	11.40481	11.22234	10.70219	4.69263	4.00572	3.45526	23.79613	19.32428	15.75735
24470	2.66217	2.67491	2.27207	14.81852	13.98531	13.19844	12.87582	8.80391	5.56538	11.40926	11.22667	10.70722	4.69638	4.00994	3.45780	23.79549	19.33489	15.76656
24630	2.65874	2.67378	2.27038	14.82187	13.98591	13.20167	12.86139	8.80034	5.55944	11.41082	11.22922	10.70865	4.69244	4.00681	3.45593	23.82758	19.34016	15.76833	36.98	6.1	0.00	-2.04	0.01727	0.01197	0.01515	0.01815	0.01878	0.01469	0.00546	0.01514	0.02002	0.01847	0.01281	0.01633	0.01704	0.01760	0.01375	0.00570	0.01603	0.02132
24790	2.65747	2.67133	2.26902	14.82410	13.98986	13.20119	12.85558	8.79290	5.55648	11.41186	11.22958	10.70947	4.69032	4.00507	3.45527	23.80151	19.33220	15.76466
24960	2.65860	2.67209	2.27040	14.82262	13.98504	13.19928	12.86182	8.79555	5.55711	11.41124	11.22971	10.70790	4.69361	4.00524	3.45386	23.80108	19.33198	15.76424
25120	2.65968	2.67281	2.26828	14.82102	13.98442	13.19911	12.86866	8.79406	5.55786	11.41089	11.22989	10.71054	4.69252	4.00506	3.45428	23.79960	19.33850	15.76954
25290	2.65739	2.67183	2.26947	14.82471	13.98705	13.20293	12.85660	8.79752	5.55680	11.41190	11.23169	10.71054	4.69064	4.00317	3.45626	23.81803	19.34237	15.77076
25450	2.65678	2.67258	2.26818	14.82980	13.99347	13.20470	12.87500	8.79870	5.55629	11.41491	11.23400	10.71353	4.68937	4.00429	3.45016	23.81549	19.33697	15.77007
25620	2.65732	2.67144	2.26937	14.83055	13.99612	13.20809	12.86627	8.79659	5.55606	11.41768	11.23524	10.71443	4.69104	4.00608	3.45376	23.80384	19.34124	15.77118
25780	2.65531	2.66893	2.26702	14.82945	13.99249	13.20588	12.86644	8.79545	5.55450	11.41593	11.23562	10.71502	4.68889	4.00611	3.45526	23.80299	19.34809	15.77684
25950	2.65751	2.67061	2.26801	14.83534	13.99786	13.21131	12.86584	8.79108	5.55702	11.42064	11.24075	10.71863	4.69280	4.00720	3.45512	23.82206	19.35048	15.78179
26110	2.66133	2.67540	2.27126	14.84347	14.00272	13.21857	12.87106	8.80007	5.55948	11.42598	11.24594	10.72407	4.69263	4.00518	3.45325	23.81443	19.35291	15.78348
26280	2.65728	2.67281	2.26855	14.84222	14.00740	13.22063	12.85514	8.79550	5.55811	11.42931	11.24520	10.72595	4.69192	4.00329	3.45200	23.82131	19.35875	15.78739	36.98	6.2	0.00	-2.04	0.01727	0.01197	0.01515	0.01816	0.01878	0.01469	0.00546	0.01514	0.02002	0.01847	0.01281	0.01633	0.01704	0.01760	0.01375	0.00570	0.01603	0.02133
26440	2.65520	2.67022	2.26428	14.84723	14.00785	13.21993	12.86702	8.79174	5.55297	11.42963	11.24952	10.72563	4.68623	3.99955	3.45063	23.81580	19.35618	15.78755
26600	2.65335	2.66826	2.26720	14.84937	14.01154	13.22536	12.86608	8.79767	5.55709	11.43350	11.25344	10.73107	4.69167	4.00210	3.45111	23.84275	19.35911	15.79038
26770	2.65648	2.66873	2.26456	14.85019	14.01132	13.22262	12.87062	8.79237	5.55248	11.43272	11.25281	10.73025	4.68415	3.99833	3.44545	23.82895	19.35911	15.78855
26930	2.65418	2.66842	2.26493	14.85052	14.01455	13.22805	12.87935	8.79840	5.55679	11.43737	11.25821	10.73478	4.68957	4.00204	3.45274	23.83978	19.36777	15.79898
27090	2.65696	2.67028	2.26463	14.85459	14.01766	13.22810	12.86035	8.79193	5.55225	11.43677	11.25733	10.73485	4.68660	4.00215	3.45032	23.83447	19.36186	15.79502
27260	2.65648	2.66939	2.26547	14.85407	14.01590	13.22573	12.84625	8.78953	5.55204	11.43701	11.25625	10.73474	4.68965	4.00134	3.45056	23.82258	19.36083	15.79029
27420	2.65387	2.66811	2.26345	14.85219	14.01636	13.22485	12.86642	8.79507	5.55239	11.43581	11.25832	10.73342	4.68531	4.00315	3.45177	23.83595	19.36723	15.79723
27590	2.65538	2.66915	2.26494	14.85690	14.02042	13.22837	12.85967	8.79290	5.55697	11.44136	11.26256	10.73916	4.68817	4.00042	3.45109	23.82152	19.36448	15.79679
27750	2.65655	2.66883	2.26678	14.86333	14.02713	13.23507	12.85710	8.79575	5.55869	11.44699	11.26736	10.74355	4.69155	4.00282	3.45338	23.84913	19.37798	15.80557
27920	2.65430	2.66856	2.26534	14.86557	14.02711	13.23452	12.87242	8.78830	5.55343	11.44577	11.26861	10.74424	4.69293	4.00719	3.45216	23.86424	19.37789	15.81042	36.98	6.1	0.00	-2.04	0.01727	0.01197	0.01515	0.01815	0.01878	0.01469	0.00546	0.01514	0.02002	0.01847	0.01281	0.01633	0.01704	0.01760	0.01375	0.00570	0.01603	0.02133
28080	2.65466	2.67009	2.26775	14.86882	14.03162	13.23976	12.87285	8.79752	5.55642	11.44963	11.27026	10.74660	4.68729	4.00219	3.44855	23.83978	19.37405	15.80874
28250	2.65611	2.67147	2.26703	14.86904	14.03495	13.24253	12.86104	8.79809	5.55763	11.45268	11.27369	10.75056	4.69033	4.00460	3.45071	23.84424	19.37739	15.80881
28410	2.65375	2.66786	2.26662	14.86908	14.03243	13.23809	12.86327	8.79364	5.55456	11.44989	11.27125	10.74869	4.68895	4.00305	3.45345	23.85104	19.37983	15.81384
28580	2.65608	2.67176	2.26734	14.87557	14.03811	13.24620	12.84336	8.79260	5.55744	11.45607	11.27838	10.75378	4.68893	4.00086	3.44958	23.87084	19.38652	15.81612
28740	2.65672	2.67204	2.27003	14.88113	14.04470	13.25539	12.85668	8.79912	5.56014	11.46402	11.28348	10.75991	4.69490	4.00474	3.45386	23.86254	19.39430	15.82380
28900	2.65702	2.67351	2.26623	14.88302	14.04651	13.25439	12.86207	8.79551	5.55517	11.46004	11.28326	10.75859	4.68941	4.00169	3.44756	23.87020	19.38855	15.82078
29070	2.65493	2.66729	2.26712	14.88708	14.04597	13.25505	12.86190	8.79292	5.55301	11.46251	11.28459	10.76102	4.69034	4.00509	3.45463	23.86147	19.39746	15.82901
29230	2.65684	2.67201	2.26759	14.89518	14.05599	13.26352	12.86275	8.79526	5.55696	11.46733	11.28832	10.76504	4.69189	4.00348	3.45386	23.87745	19.40163	15.83123
29400	2.65343	2.66859	2.26677	14.89442	14.05538	13.26308	12.85711	8.79303	5.55642	11.47066	11.29401	10.76712	4.68918	4.00117	3.45419	23.88193	19.40285	15.83470
29560	2.65403	2.66840	2.26479	14.89573	14.05805	13.26662	12.86840	8.79345	5.55239	11.46968	11.29254	10.76703	4.68617	3.99771	3.44793	23.88067	19.40350	15.83474	36.92	6.0	0.00	-2.04	0.01727	0.01197	0.01515	0.01816	0.01878	0.01469	0.00546	0.01514	0.02002	0.01847	0.01281	0.01632	0.01704	0.01760	0.01375	0.00570	0.01603	0.02133
29720	2.65177	2.66611	2.26598	14.89799	14.06034	13.26869	12.87782	8.79906	5.55790	11.47497	11.29681	10.77027	4.68945	4.00302	3.44730	23.87384	19.40514	15.83611
29890	2.65394	2.66749	2.26693	14.89785	14.05871	13.26555	12.86139	8.79375	5.55374	11.47245	11.29557	10.76892	4.68973	4.00201	3.45176	23.87981	19.40572	15.84133
30050	2.65663	2.66887	2.26673	14.90435	14.06455	13.27147	12.89779	8.79582	5.55438	11.47853	11.29799	10.77261	4.68846	4.00093	3.45131	23.88856	19.41130	15.84333
30220	2.65570	2.66842	2.26697	14.90483	14.06734	13.27415	12.88484	8.79679	5.55577	11.48059	11.30154	10.77732	4.68949	4.00596	3.45187	23.88728	19.41315	15.84698
30380	2.65382	2.66917	2.26555	14.91017	14.06872	13.27617	12.88142	8.79409	5.55659	11.48174	11.30328	10.77601	4.68967	4.00201	3.45457	23.87939	19.41429	15.84651
30550	2.65657	2.67078	2.26855	14.91062	14.06899	13.27407	12.86643	8.79898	5.55617	11.48221	11.30113	10.77465	4.68993	4.00247	3.45152	23.85680	19.41311	15.84653
30710	2.65586	2.67069	2.26799	14.90882	14.06755	13.27505	12.87508	8.79725	5.55718	11.48157	11.30240	10.77693	4.69249	4.00440	3.45328	23.87875	19.41442	15.84624
30880	2.65420	2.66998	2.26472	14.90861	14.06966	13.27524	12.87071	8.79506	5.55470	11.48162	11.30054	10.77818	4.69279	4.00573	3.45747	23.87171	19.41388	15.85347
31040	2.65751	2.67408	2.26806	14.91668	14.07642	13.28346	12.86669	8.79394	5.55832	11.48823	11.31141	10.78252	4.69100	4.00425	3.45347	23.88429	19.41878	15.85490
31210	2.65780	2.67461	2.26953	14.92174	14.08159	13.29047	12.86747	8.80559	5.56068	11.49361	11.31371	10.78793	4.69263	4.00401	3.45359	23.90275	19.42164	15.85997	37.03	6.2	0.00	-2.04	0.01727	0.01197	0.01515	0.01816	0.01878	0.01469	0.00546	0.01514	0.02001	0.01847	0.01281	0.01632	0.01704	0.01760	0.01375	0.00570	0.01603	0.02133
31370	2.65551	2.67249	2.26997	14.92141	14.07873	13.28500	12.87466	8.80133	5.55640	11.49212	11.31325	10.78528	4.69347	4.00539	3.45727	23.89869	19.42658	15.86103
31530	2.65749	2.67151	2.26784	14.92226	14.08059	13.28520	12.88828	8.79926	5.55566	11.49250	11.31266	10.78612	4.69131	4.00446	3.45290	23.88160	19.42000	15.85534
31700	2.65834	2.67260	2.26993	14.92212	14.08255	13.28649	12.87637	8.80209	5.55880	11.49290	11.31371	10.78806	4.69321	4.00699	3.45412	23.89356	19.42191	15.85815
31860	2.65648	2.67171	2.26574	14.91980	14.07967	13.28483	12.87055	8.79705	5.55614	11.48906	11.30843	10.78399	4.68879	4.00270	3.44836	23.88288	19.41987	15.85712
32020	2.65447	2.66789	2.26542	14.91940	14.07821	13.28776	12.89351	8.79806	5.55819	11.49165	11.31187	10.78576	4.68761	4.00291	3.45195	23.89185	19.42259	15.85820
32190	2.65405	2.66906	2.26478	14.91814	14.07462	13.28390	12.87551	8.79608	5.55404	11.48987	11.31318	10.78438	4.69013	4.00545	3.45317	23.89228	19.42649	15.85984
32350	2.65777	2.66838	2.26682	14.92331	14.07831	13.28734	12.87937	8.79669	5.55681	11.49087	11.31457	10.78648	4.69251	4.00862	3.45525	23.90253	19.42735	15.86476
32520	2.65932	2.67181	2.26818	14.92117	14.07814	13.29032	12.86302	8.79747	5.55891	11.49478	11.31416	10.78818	4.69212	4.00558	3.45376	23.87926	19.42340	15.85981
32680	2.65447	2.67189	2.27103	14.91916	14.07746	13.28683	12.87971	8.79926	5.56073	11.49407	11.31536	10.78756	4.69298	4.00584	3.45710	23.89911	19.42481	15.86109
32850	2.65730	2.67347	2.26672	14.91843	14.07473	13.28496	12.87070	8.80061	5.55839	11.49045	11.31277	10.78488	4.69207	4.00887	3.45608	23.89934	19.42880	15.86151	36.92	6.1	0.00	-2.04	0.01727	0.01197	0.01515	0.01816	0.01878	0.01469	0.00546	0.01514	0.02001	0.01847	0.01281	0.01632	0.01704	0.01760	0.01375	0.00570	0.01603	0.02133
33010	2.65900	2.67552	2.26990	14.92023	14.07702	13.28882	12.89238	8.79989	5.56182	11.49349	11.31536	10.78713	4.69343	4.00501	3.45452	23.90148	19.42676	15.86008
33180	2.66134	2.67363	2.27063	14.91976	14.07706	13.28904	12.88081	8.80360	5.56155	11.49272	11.31509	10.78776	4.69343	4.00647	3.45459	23.90234	19.42726	15.86291
33340	2.65679	2.67316	2.26726	14.91794	14.07358	13.28345	12.85368	8.80119	5.56071	11.48942	11.31232	10.78452	4.69447	4.00488	3.45576	23.89657	19.42440	15.85716
33500	2.65744	2.67061	2.26725	14.91190	14.07061	13.27979	12.88338	8.79727	5.55873	11.48947	11.31089	10.78298	4.68992	4.00352	3.45195	23.88141	19.41623	15.85464
33670	2.65347	2.66982	2.26751	14.90996	14.06598	13.28023	12.88295	8.79753	5.55520	11.48691	11.30806	10.78226	4.69079	4.00857	3.45450	23.89678	19.42254	15.85981
33830	2.65896	2.67188	2.26766	14.91635	14.07201	13.28343	12.87549	8.79803	5.55983	11.49030	11.30965	10.78307	4.69267	4.00378	3.45401	23.86755	19.41832	15.85350
34000	2.65689	2.67335	2.27033	14.91223	14.07243	13.28384	12.86839	8.80549	5.56188	11.49088	11.31126	10.78579	4.69209	4.00704	3.45262	23.88781	19.42295	15.85776
34160	2.65779	2.66840	2.26772	14.91370	14.07013	13.28240	12.87755	8.79873	5.55684	11.48888	11.31123	10.78507	4.69319	4.00575	3.45489	23.88632	19.42535	15.86138
34330	2.65858	2.67308	2.26796	14.91377	14.07168	13.28335	12.86993	8.79536	5.55924	11.49046	11.31348	10.78418	4.69222	4.00410	3.45469	23.90833	19.42767	15.85567
34490	2.65792	2.67207	2.26751	14.91639	14.07350	13.28580	12.88186	8.79796	5.56082	11.49261	11.31316	10.78746	4.69380	4.00646	3.45639	23.89421	19.42525	15.86038	36.92	6.2	0.00	-2.04	0.01727	0.01197	0.01515	0.01816	0.01878	0.01469	0.00546	0.01514	0.02001	0.01847	0.01281	0.01632	0.01704	0.01760	0.01375	0.00570	0.01604	0.02133
34660	2.65669	2.67060	2.26800	14.91184	14.06955	13.28229	12.88314	8.79644	5.55670	11.49048	11.31078	10.78477	4.69322	4.00820	3.45648	23.90340	19.42743	15.85955
34820	2.65622	2.67176	2.26939	14.91045	14.06765	13.28278	12.88409	8.79655	5.56036	11.49126	11.31173	10.78509	4.69456	4.00591	3.45159	23.89592	19.42162	15.85266
34990	2.65625	2.67159	2.26942	14.90898	14.06578	13.28119	12.90279	8.80270	5.56014	11.48918	11.30913	10.78403	4.69521	4.00699	3.45330	23.88140	19.42003	15.85160
35150	2.65677	2.67155	2.26734	14.90531	14.06215	13.27880	12.87535	8.79355	5.55958	11.48433	11.30852	10.78059	4.69314	4.00437	3.45240	23.89977	19.41990	15.85392
35320	2.65792	2.67018	2.26891	14.90579	14.06421	13.28131	12.88091	8.79728	5.55927	11.48554	11.31042	10.78151	4.69509	4.00747	3.45584	23.89208	19.42561	15.85785
35480	2.65981	2.67345	2.27006	14.91269	14.06799	13.28229	12.88032	8.79971	5.55868	11.48808	11.31164	10.78276	4.69387	4.00706	3.45530	23.89635	19.41935	15.85066
35640	2.65735	2.67384	2.27024	14.90392	14.06367	13.27787	12.88374	8.80586	5.56238	11.48601	11.31069	10.78274	4.69751	4.00736	3.45617	23.89336	19.41958	15.85015
35810	2.65897	2.67360	2.26799	14.90146	14.05973	13.27512	12.85481	8.79775	5.55667	11.48242	11.30725	10.78039	4.69329	4.00578	3.45394	23.88162	19.42044	15.85064
35970	2.66011	2.67205	2.26678	14.90482	14.06436	13.27683	12.86935	8.79927	5.56225	11.48297	11.30616	10.78027	4.69413	4.00190	3.45370	23.86691	19.41373	15.84568
36140	2.65567	2.67070	2.26629	14.90013	14.05684	13.27110	12.86435	8.79636	5.55706	11.47997	11.30447	10.77784	4.69334	4.00709	3.45585	23.87608	19.41405	15.84727	36.92	6.1	0.00	-2.04	0.01726	0.01197	0.01515	0.01816	0.01878	0.01469	0.00546	0.01514	0.02001	0.01847	0.01281	0.01632	0.01704	0.01760	0.01375	0.00570	0.01603	0.02133
36300	2.65842	2.67494	2.27095	14.90359	14.06204	13.27434	12.87471	8.80196	5.56031	11.48348	11.30726	10.78052	4.69660	4.00693	3.45345	23.87949	19.41264	15.84294
36460	2.65668	2.67112	2.26953	14.90020	14.06211	13.27317	12.89545	8.80314	5.56371	11.48425	11.30733	10.78058	4.69476	4.00798	3.45377	23.86904	19.41128	15.84205
36630	2.65732	2.67317	2.26803	14.89843	14.05875	13.26718	12.88285	8.79982	5.55903	11.48002	11.30255	10.77694	4.69260	4.00652	3.45609	23.87459	19.40662	15.84059
36790	2.65667	2.67292	2.26951	14.89812	14.05602	13.27056	12.88568	8.80241	5.56034	11.48156	11.30269	10.77660	4.69334	4.00489	3.45413	23.87395	19.40512	15.83537
36960	2.65666	2.67282	2.27071	14.89659	14.05527	13.26691	12.90241	8.80098	5.56198	11.48016	11.30341	10.77744	4.69778	4.00817	3.45555	23.87224	19.40195	15.83915
37120	2.65825	2.67350	2.26864	14.89791	14.05796	13.26784	12.87557	8.79668	5.55937	11.47856	11.30196	10.77626	4.69437	4.00829	3.45683	23.86862	19.40961	15.83893
37290	2.65969	2.67475	2.27145	14.90217	14.05971	13.27108	12.88739	8.80089	5.56155	11.48473	11.30561	10.78106	4.69530	4.00703	3.45590	23.88910	19.40920	15.84236
37450	2.65785	2.67562	2.27089	14.90236	14.06309	13.27424	12.87411	8.80494	5.56482	11.48827	11.30975	10.78416	4.69548	4.00997	3.45554	23.88568	19.40938	15.84431
37620	2.65832	2.67451	2.26998	14.90028	14.06098	13.27173	12.86504	8.79389	5.56030	11.48453	11.30642	10.77981	4.69713	4.00876	3.45784	23.87779	19.41038	15.84348
37780	2.65890	2.67423	2.27229	14.90519	14.06197	13.27206	12.87665	8.79763	5.56063	11.48319	11.30710	10.78172	4.69403	4.00735	3.45397	23.88258	19.40737	15.83952	36.92	5.9	0.00	-2.04	0.01726	0.01197	0.01515	0.01816	0.01878	0.01469	0.00546	0.01514	0.02001	0.01847	0.01281	0.01632	0.01704	0.01760	0.01375	0.00570	0.01603	0.02133
37950	2.65924	2.67779	2.27384	14.90289	14.06389	13.27245	12.88617	8.80751	5.56560	11.48510	11.30898	10.78258	4.69919	4.01094	3.45961	23.88450	19.41054	15.83851
38110	2.66017	2.67569	2.27119	14.89956	14.05832	13.26933	12.86818	8.80559	5.56533	11.48088	11.30321	10.78102	4.69675	4.01038	3.45575	23.87597	19.40148	15.83421
38280	2.65837	2.67469	2.27126	14.89682	14.06013	13.26789	12.86895	8.80304	5.56400	11.48285	11.30577	10.78102	4.69724	4.00966	3.45733	23.86936	19.40579	15.83730
38440	2.65968	2.67406	2.27191	14.90025	14.06120	13.26728	12.87657	8.80159	5.56270	11.48109	11.30534	10.78068	4.69406	4.00862	3.45433	23.87447	19.40262	15.83486
38600	2.65768	2.67700	2.27226	14.90067	14.06382	13.27045	12.89449	8.81033	5.56738	11.48655	11.31326	10.78514	4.70154	4.01318	3.45791	23.87618	19.40755	15.84365
38770	2.65928	2.67373	2.27115	14.90427	14.06643	13.27104	12.87023	8.80389	5.56534	11.48410	11.30925	10.78100	4.70094	4.01174	3.46048	23.87192	19.40878	15.84044
38930	2.66308	2.67599	2.27306	14.90684	14.07043	13.27164	12.87657	8.80494	5.56596	11.48425	11.31084	10.78161	4.69870	4.01121	3.45732	23.86915	19.40406	15.83961
39100	2.65871	2.67349	2.27048	14.90259	14.06733	13.26775	12.88462	8.80595	5.56334	11.48301	11.31050	10.78253	4.69761	4.00805	3.45638	23.87511	19.40701	15.83878
39260	2.65789	2.67196	2.26893	14.90408	14.06689	13.27006	12.86544	8.79877	5.56169	11.48567	11.31279	10.78482	4.69661	4.00668	3.45101	23.86723	19.40633	15.83804
39420	2.65805	2.67129	2.26808	14.90682	14.07041	13.27550	12.86611	8.80234	5.56014	11.48815	11.31294	10.78613	4.69439	4.00818	3.45358	23.86809	19.40406	15.83992	36.92	6.1	0.00	-2.04	0.01726	0.01197	0.01515	0.01816	0.01878	0.01469	0.00546	0.01514	0.02001	0.01847	0.01281	0.01632	0.01704	0.01760	0.01375	0.00570	0.01603	0.02133
39590	2.65711	2.67442	2.26991	14.90474	14.06710	13.27199	12.88658	8.79939	5.56339	11.48684	11.31541	10.78778	4.69710	4.00962	3.45783	23.87896	19.40506	15.84117
39750	2.65779	2.67262	2.27054	14.90824	14.07158	13.27572	12.88187	8.80099	5.56180	11.49035	11.32089	10.78912	4.69721	4.00879	3.45398	23.87470	19.40759	15.84346
39920	2.65793	2.67422	2.27129	14.90770	14.07171	13.27760	12.86979	8.80403	5.56459	11.49088	11.31890	10.79083	4.69797	4.01006	3.45532	23.88152	19.40827	15.84615
40080	2.65671	2.67206	2.26928	14.91028	14.07129	13.27850	12.86620	8.79699	5.56231	11.49314	11.32062	10.79065	4.69701	4.01023	3.45558	23.87086	19.41163	15.84346
40250	2.65688	2.67312	2.26820	14.91162	14.07135	13.27731	12.89507	8.80169	5.56297	11.49032	11.31761	10.79201	4.69695	4.00864	3.45647	23.86447	19.40424	15.84055
40410	2.65928	2.67433	2.27087	14.90779	14.06939	13.27726	12.87835	8.80577	5.56684	11.49120	11.31879	10.79302	4.69699	4.00925	3.45797	23.85085	19.40578	15.84081
40580	2.65861	2.67223	2.26736	14.90632	14.07093	13.27567	12.87107	8.79543	5.56027	11.49049	11.31804	10.79208	4.69832	4.01161	3.45900	23.86681	19.41299	15.84443
40740	2.66020	2.67534	2.27021	14.91153	14.07406	13.28162	12.86953	8.80087	5.56184	11.49657	11.32137	10.79495	4.69491	4.01016	3.45674	23.86490	19.40696	15.84487
40910	2.65677	2.67448	2.27031	14.90909	14.07413	13.28443	12.87424	8.79935	5.56529	11.49772	11.32339	10.79626	4.69569	4.00871	3.45658	23.88515	19.40696	15.84698
41070	2.65844	2.67130	2.26972	14.90758	14.07369	13.28114	12.85821	8.80279	5.56439	11.49531	11.32185	10.79636	4.69558	4.00783	3.45477	23.85500	19.40508	15.84343	36.92	6.1	0.00	-2.04	0.01726	0.01197	0.01515	0.01816	0.01878	0.01469	0.00546	0.01514	0.02001	0.01847	0.01281	0.01632	0.01704	0.01760	0.01375	0.00570	0.01603	0.02133
41240	2.65705	2.67404	2.27030	14.90699	14.07177	13.28387	12.87575	8.79955	5.56482	11.49735	11.32512	10.79944	4.69854	4.01103	3.45562	23.87034	19.40725	15.84651
41400	2.65657	2.67248	2.26650	14.90908	14.07684	13.28607	12.87515	8.80058	5.56321	11.50075	11.32650	10.79978	4.69968	4.01224	3.45743	23.86011	19.41423	15.85030
41570	2.65907	2.67504	2.26935	14.91246	14.07786	13.28983	12.87147	8.79877	5.56181	11.50085	11.32786	10.80151	4.69474	4.00656	3.45611	23.87268	19.41065	15.84606
41730	2.65480	2.67350	2.26996	14.91016	14.07726	13.28866	12.87978	8.79968	5.56232	11.50236	11.32981	10.80287	4.69503	4.00804	3.45644	23.87460	19.41115	15.85122
41900	2.65572	2.67025	2.26766	14.91310	14.07623	13.28893	12.85428	8.79685	5.55794	11.49953	11.32766	10.80021	4.69819	4.01023	3.45736	23.88249	19.41695	15.85445
42060	2.65982	2.67481	2.27078	14.91471	14.07803	13.29049	12.86599	8.80090	5.56412	11.50510	11.33288	10.80772	4.69620	4.00717	3.45507	23.87886	19.41292	15.85191
42220	2.65765	2.67425	2.27041	14.91717	14.08147	13.29288	12.87961	8.79652	5.56016	11.50731	11.33224	10.81088	4.69590	4.01139	3.45243	23.86671	19.41210	15.85611
42390	2.65616	2.67176	2.26948	14.91662	14.07847	13.29041	12.87156	8.79483	5.55645	11.50237	11.32997	10.80571	4.69488	4.00780	3.45353	23.87993	19.41278	15.85216
42550	2.65654	2.67160	2.26856	14.91357	14.07644	13.28946	12.86351	8.79873	5.55780	11.50494	11.32981	10.80603	4.69182	4.00606	3.45153	23.87247	19.40698	15.84826
42720	2.65620	2.67196	2.26950	14.91155	14.07343	13.28911	12.87504	8.79672	5.55924	11.50285	11.32902	10.80695	4.69321	4.00561	3.45426	23.86755	19.41114	15.84822	36.92	6.1	0.00	-2.04	0.01726	0.01197	0.01515	0.01816	0.01878	0.01469	0.00546	0.01514	0.02001	0.01847	0.01281	0.01632	0.01704	0.01760	0.01375	0.00570	0.01603	0.02133
42880	2.65387	2.67045	2.26870	14.90860	14.07318	13.28650	12.87162	8.79452	5.55886	11.50192	11.33000	10.80449	4.69493	4.00346	3.45223	23.87885	19.40515	15.84597
43050	2.65665	2.67640	2.27146	14.91430	14.07927	13.29326	12.86845	8.80205	5.56322	11.50889	11.33274	10.80896	4.69845	4.00953	3.45531	23.89101	19.41104	15.85136
43210	2.65770	2.66996	2.26928	14.91314	14.07743	13.29021	12.87085	8.79621	5.55908	11.50482	11.33045	10.80695	4.69649	4.00812	3.45424	23.88973	19.40796	15.85035
43370	2.65736	2.67126	2.26950	14.91139	14.07720	13.28977	12.86734	8.79539	5.55901	11.50744	11.32991	10.80759	4.69605	4.00387	3.45140	23.88546	19.41145	15.84810
43540	2.65513	2.67348	2.26801	14.91288	14.07733	13.29404	12.87487	8.80123	5.55888	11.50739	11.33152	10.80993	4.69667	4.00593	3.45199	23.88909	19.41599	15.85416
43700	2.65276	2.67126	2.26538	14.91402	14.07946	13.29307	12.84879	8.79383	5.55706	11.50961	11.33213	10.80926	4.69293	4.00284	3.45208	23.88589	19.41200	15.84958
43860	2.65322	2.67221	2.26787	14.91269	14.07948	13.29265	12.86768	8.79621	5.55600	11.51049	11.33422	10.81273	4.69261	4.00436	3.45079	23.87629	19.40724	15.85055
44030	2.65380	2.67017	2.26568	14.90876	14.07380	13.29026	12.88275	8.79393	5.55611	11.50702	11.33118	10.81083	4.69423	4.00883	3.45506	23.87863	19.41830	15.85286
44190	2.65572	2.67410	2.26956	14.91589	14.08128	13.29546	12.87128	8.80087	5.56180	11.51287	11.33649	10.81633	4.69509	4.00508	3.45290	23.88674	19.41463	15.85618
44360	2.65424	2.67027	2.26848	14.91441	14.08141	13.29692	12.86756	8.79833	5.55882	11.51303	11.33826	10.81496	4.69133	4.00348	3.45336	23.90404	19.41808	15.85657	36.92	6.1	0.00	-2.04	0.01726	0.01197	0.01515	0.01816	0.01878	0.01469	0.00546	0.01514	0.02001	0.01847	0.01281	0.01632	0.01704	0.01760	0.01375	0.00570	0.01603	0.02133
44520	2.65220	2.66710	2.26633	14.91308	14.07993	13.29335	12.86970	8.79373	5.55272	11.51001	11.33427	10.81306	4.68780	4.00038	3.44878	23.88567	19.41545	15.85287
44680	2.65024	2.66804	2.26631	14.91315	14.08348	13.29660	12.84636	8.79348	5.55612	11.51378	11.34012	10.81586	4.69134	4.00211	3.45173	23.89955	19.41667	15.85927
44850	2.65402	2.66750	2.26735	14.91486	14.08127	13.29282	12.84235	8.79010	5.55366	11.51006	11.33840	10.81356	4.68888	4.00382	3.44811	23.89485	19.41509	15.85390
45010	2.65066	2.67111	2.26883	14.91261	14.08277	13.29787	12.87681	8.79832	5.56082	11.51555	11.34085	10.81861	4.69393	4.00713	3.45439	23.88674	19.42221	15.85972
45180	2.65412	2.67088	2.26697	14.91336	14.08206	13.29301	12.87552	8.79881	5.55558	11.51340	11.33851	10.81539	4.69497	4.00671	3.45276	23.87778	19.42076	15.86050
45340	2.65663	2.67178	2.26705	14.91722	14.08321	13.29489	12.87767	8.79497	5.55984	11.51521	11.33885	10.81670	4.69222	4.00530	3.45177	23.89507	19.41908	15.85653
45500	2.65229	2.66947	2.26670	14.91407	14.08327	13.29528	12.87236	8.79615	5.55604	11.51743	11.34178	10.81949	4.69159	4.00144	3.45094	23.88973	19.41781	15.85475
45670	2.65251	2.66793	2.26559	14.91391	14.08421	13.29579	12.86739	8.79272	5.55310	11.51687	11.34299	10.82077	4.68879	4.00051	3.44875	23.88375	19.41767	15.85430
45830	2.65445	2.67063	2.26980	14.91862	14.09008	13.29941	12.86945	8.79611	5.55899	11.52142	11.34569	10.82433	4.69208	4.00467	3.45105	23.89699	19.42380	15.86055
46000	2.65396	2.66910	2.26378	14.91770	14.08956	13.29575	12.85618	8.78831	5.55146	11.51712	11.34589	10.82244	4.69254	4.00373	3.45304	23.88610	19.42573	15.85850	36.92	6.1	0.00	-2.04	0.01726	0.01197	0.01515	0.01816	0.01878	0.01469	0.00546	0.01514	0.02001	0.01847	0.01281	0.01632	0.01704	0.01759	0.01375	0.00570	0.01603	0.02133
46160	2.65503	2.67076	2.26670	14.91983	14.09255	13.29714	12.87483	8.79281	5.55538	11.51852	11.34380	10.82147	4.68673	3.99977	3.44895	23.89229	19.41933	15.85564
46320	2.65623	2.67158	2.26886	14.92092	14.09169	13.30036	12.86011	8.79551	5.55751	11.52109	11.34716	10.82474	4.69165	4.00334	3.44911	23.90640	19.42469	15.86160
46490	2.65441	2.66988	2.26369	14.92464	14.09368	13.30127	12.86807	8.79565	5.55480	11.52063	11.34889	10.82471	4.69024	4.00522	3.45099	23.90297	19.42650	15.86144
46650	2.65436	2.66999	2.26804	14.92616	14.09661	13.30281	12.86918	8.79137	5.55431	11.52088	11.35023	10.82539	4.68867	4.00103	3.44980	23.87010	19.42455	15.86032
46820	2.65675	2.67277	2.26956	14.92761	14.09841	13.30420	12.88503	8.79372	5.55779	11.52468	11.35337	10.82791	4.69178	4.00465	3.44930	23.89891	19.43004	15.86533
46980	2.65514	2.67021	2.26761	14.93104	14.09977	13.30481	12.85447	8.78882	5.55379	11.52280	11.35155	10.82741	4.68971	4.00239	3.45094	23.90875	19.43327	15.86915
47150	2.65435	2.67147	2.26818	14.93458	14.10065	13.30694	12.85926	8.79127	5.55559	11.52373	11.35414	10.82978	4.69086	4.00401	3.45496	23.90062	19.43486	15.86937
47310	2.65816	2.67233	2.26895	14.93913	14.10531	13.31136	12.88520	8.79766	5.55639	11.52814	11.35724	10.83079	4.69320	4.00524	3.45044	23.89592	19.43440	15.87077
47480	2.65377	2.66933	2.26792	14.93730	14.10469	13.31291	12.88323	8.79641	5.55749	11.52741	11.35601	10.83221	4.69222	4.00303	3.45119	23.89849	19.43340	15.87135
47640	2.65126	2.67025	2.26671	14.93559	14.10265	13.30660	12.86427	8.79267	5.55068	11.52746	11.35126	10.83079	4.68811	4.00179	3.45056	23.91269	19.42950	15.86634	36.92	6.0	0.00	-2.04	0.01726	0.01197	0.01515	0.01816	0.01878	0.01469	0.00546	0.01514	0.02001	0.01847	0.01281	0.01632	0.01704	0.01759	0.01375	0.00570	0.01603	0.02133
47800	2.65171	2.67058	2.26795	14.93578	14.10386	13.31235	12.85846	8.79417	5.55449	11.52873	11.35494	10.83279	4.68867	4.00061	3.44937	23.91055	19.43467	15.87279
47970	2.65467	2.66815	2.26498	14.93998	14.10303	13.31027	12.86778	8.78839	5.55109	11.52769	11.35326	10.83000	4.68730	4.00093	3.44743	23.89324	19.43322	15.87126
48130	2.64969	2.66674	2.26600	14.94036	14.10717	13.31739	12.84897	8.79417	5.55834	11.53362	11.35847	10.83882	4.69433	4.00239	3.45324	23.91312	19.44154	15.87983
48290	2.65481	2.67161	2.26632	14.94427	14.10845	13.31374	12.85538	8.79253	5.55164	11.53271	11.35954	10.83715	4.69282	4.00402	3.45022	23.91783	19.44495	15.88269
48460	2.65369	2.66856	2.26640	14.94862	14.11249	13.32018	12.87317	8.78883	5.55220	11.53311	11.35999	10.83733	4.69026	3.99977	3.44896	23.90350	19.43904	15.88046
48620	2.65063	2.67048	2.26508	14.94430	14.10717	13.31477	12.86829	8.78478	5.54954	11.53032	11.35783	10.83560	4.68941	4.00497	3.45179	23.90221	19.44422	15.88470
48790	2.65844	2.67369	2.26879	14.95012	14.11247	13.31864	12.86761	8.79073	5.55638	11.53460	11.35981	10.83944	4.69103	4.00208	3.44871	23.90842	19.44154	15.88132
48950	2.65521	2.67041	2.27046	14.94888	14.11203	13.32021	12.87043	8.79541	5.55461	11.53594	11.36184	10.84008	4.68939	4.00578	3.45192	23.90585	19.44517	15.88323
49120	2.65518	2.67026	2.26641	14.94981	14.11067	13.31893	12.85418	8.79236	5.55326	11.53517	11.36118	10.83897	4.69077	4.00463	3.45203	23.90820	19.45354	15.88855
49280	2.65652	2.67243	2.26782	14.95154	14.11318	13.32407	12.86383	8.78955	5.55419	11.53820	11.36462	10.84065	4.68719	4.00171	3.45017	23.92883	19.44791	15.88648	36.98	6.1	0.00	-2.04	0.01726	0.01197	0.01515	0.01816	0.01878	0.01469	0.00546	0.01514	0.02001	0.01847	0.01281	0.01632	0.01704	0.01759	0.01375	0.00570	0.01604	0.02133
49440	2.65520	2.66996	2.26814	14.95359	14.11442	13.32125	12.86837	8.79332	5.55265	11.53915	11.36437	10.84463	4.69051	4.00216	3.45007	23.93119	19.45610	15.88938
49610	2.65390	2.66988	2.26886	14.95454	14.11756	13.32732	12.85272	8.78792	5.55452	11.54269	11.36720	10.84348	4.68790	4.00349	3.45115	23.93334	19.45550	15.89285
49770	2.65345	2.66865	2.26761	14.95632	14.12119	13.32813	12.87564	8.79237	5.55593	11.54040	11.36852	10.84483	4.69072	4.00091	3.44859	23.92027	19.45277	15.89540
49940	2.65335	2.66875	2.26718	14.96179	14.12373	13.33161	12.86973	8.79210	5.55653	11.54487	11.37182	10.84696	4.68860	4.00444	3.44982	23.94256	19.45555	15.89858
50100	2.65387	2.66944	2.26745	14.96414	14.12872	13.33544	12.87419	8.79541	5.55513	11.54580	11.37337	10.85024	4.68923	4.00293	3.45287	23.93248	19.45928	15.89957
50270	2.65536	2.66856	2.26688	14.96312	14.12671	13.33392	12.85733	8.79003	5.55374	11.54516	11.37373	10.84887	4.69016	4.00518	3.45195	23.92733	19.46853	15.90336
50430	2.65692	2.66964	2.26857	14.96745	14.13118	13.33512	12.88284	8.79414	5.55657	11.54780	11.37679	10.85355	4.69213	4.00624	3.45226	23.92605	19.46899	15.90539
50600	2.65434	2.66963	2.26930	14.97114	14.13122	13.33909	12.86760	8.79543	5.55780	11.54918	11.37775	10.85427	4.69140	4.00316	3.45008	23.93119	19.46680	15.90733
50760	2.65425	2.66856	2.26571	14.97281	14.13214	13.33759	12.85990	8.78856	5.55295	11.54694	11.37752	10.85336	4.68943	4.00495	3.45076	23.93269	19.46994	15.90551
50930	2.65515	2.66659	2.26513	14.97212	14.13064	13.33604	12.86963	8.78819	5.55176	11.54786	11.37678	10.85243	4.68922	4.00284	3.44990	23.93047	19.46982	15.90285	36.92	6.1	0.00	-2.04	0.01726	0.01197	0.01515	0.01816	0.01878	0.01469	0.00546	0.01514	0.02001	0.01847	0.01281	0.01632	0.01704	0.01760	0.01375	0.00570	0.01603	0.02133
51090	2.65469	2.66896	2.26695	14.96931	14.13003	13.33614	12.87563	8.79461	5.55411	11.54794	11.37796	10.85274	4.68952	4.00377	3.45084	23.93305	19.46832	15.90217
51250	2.65459	2.66752	2.26621	14.96667	14.12866	13.33366	12.86159	8.79060	5.55581	11.54431	11.37541	10.85093	4.68899	4.00373	3.44985	23.92019	19.46453	15.90163
51420	2.65493	2.66889	2.26867	14.96636	14.12749	13.33303	12.89277	8.79465	5.55793	11.54467	11.37156	10.84815	4.68904	4.00310	3.45048	23.92233	19.45980	15.89820
51580	2.65644	2.67020	2.26872	14.96662	14.12810	13.33344	12.88154	8.79353	5.55819	11.54668	11.37536	10.85032	4.69061	4.00490	3.44863	23.93283	19.46276	15.89895
51750	2.65394	2.66708	2.26631	14.96536	14.12971	13.33374	12.87306	8.79305	5.55688	11.54568	11.37384	10.85178	4.69185	4.00480	3.45367	23.94270	19.46973	15.90709
51910	2.65541	2.66941	2.26834	14.97147	14.13414	13.34065	12.87015	8.79439	5.55875	11.55136	11.37903	10.85729	4.69036	4.00238	3.45004	23.92212	19.46649	15.90538
52080	2.65497	2.67068	2.26915	14.97666	14.13675	13.34392	12.88180	8.80103	5.55861	11.55597	11.38392	10.86135	4.69218	4.00558	3.45125	23.93498	19.46950	15.90772
52240	2.65649	2.66930	2.26701	14.97078	14.13385	13.34065	12.86826	8.79918	5.55251	11.55234	11.38002	10.85572	4.69311	4.00652	3.45283	23.92169	19.46540	15.90860
52410	2.65692	2.67029	2.27030	14.96943	14.13335	13.33945	12.87837	8.79545	5.55620	11.55149	11.38038	10.85870	4.68922	4.00268	3.44852	23.93412	19.46403	15.90057
52570	2.65893	2.67078	2.27198	14.96910	14.13133	13.34128	12.89084	8.79809	5.55774	11.55265	11.38158	10.85765	4.69096	4.00539	3.45181	23.94946	19.46789	15.90538	36.92	6.2	0.00	-2.04	0.01726	0.01197	0.01515	0.01816	0.01878	0.01469	0.00546	0.01514	0.02001	0.01846	0.01281	0.01632	0.01704	0.01760	0.01375	0.00570	0.01603	0.02133
52730	2.65561	2.66872	2.26695	14.96608	14.13041	13.33762	12.86103	8.79354	5.55201	11.54978	11.37857	10.85828	4.68869	4.00085	3.45083	23.93808	19.46338	15.90427
52900	2.65535	2.66920	2.26723	14.96558	14.12879	13.33931	12.86531	8.79400	5.55084	11.55250	11.38206	10.85826	4.68629	3.99990	3.44810	23.94001	19.46233	15.90253
53060	2.65405	2.66827	2.26752	14.96665	14.13185	13.34123	12.85026	8.79328	5.55443	11.55612	11.38475	10.86128	4.68866	4.00315	3.45135	23.94366	19.47099	15.90682
53230	2.65760	2.66908	2.26939	14.97141	14.13496	13.34530	12.87387	8.79398	5.55633	11.55689	11.38610	10.86377	4.69034	4.00379	3.45026	23.95204	19.47208	15.90887
53390	2.65574	2.66911	2.26953	14.97055	14.13742	13.34559	12.85787	8.79520	5.55583	11.55818	11.38895	10.86447	4.69024	4.00418	3.45361	23.95548	19.48285	15.91287
53560	2.65684	2.66960	2.26690	14.97341	14.13631	13.34913	12.87079	8.79628	5.55563	11.55920	11.38893	10.86713	4.68941	4.00105	3.44911	23.92865	19.48020	15.91235
53720	2.65783	2.66995	2.26886	14.97576	14.13975	13.34798	12.86283	8.79455	5.55405	11.56084	11.39212	10.86563	4.68851	4.00382	3.45027	23.94431	19.48180	15.91337
53890	2.65618	2.66775	2.26670	14.97834	14.14236	13.34994	12.88415	8.79269	5.55568	11.56129	11.39094	10.86879	4.68369	4.00215	3.44785	23.94280	19.48148	15.91658
54050	2.65449	2.66682	2.26879	14.98184	14.14433	13.35443	12.87044	8.79758	5.55583	11.56470	11.39749	10.87011	4.68830	4.00342	3.45144	23.95548	19.48463	15.91829
54220	2.65523	2.66993	2.26700	14.98290	14.14393	13.35204	12.86360	8.78201	5.55233	11.56012	11.39191	10.86801	4.68767	4.00610	3.45389	23.95793	19.48665	15.92251	36.98	6.1	0.00	-2.04	0.01726	0.01197	0.01515	0.01815	0.01878	0.01469	0.00546	0.01514	0.02001	0.01846	0.01281	0.01632	0.01704	0.01759	0.01375	0.00570	0.01603	0.02133
54380	2.65820	2.66924	2.26929	14.98707	14.14965	13.35430	12.88004	8.79257	5.55525	11.56474	11.39486	10.87258	4.68798	4.00485	3.44908	23.94590	19.48258	15.91960
54550	2.65889	2.67082	2.27198	14.99118	14.15081	13.35816	12.86984	8.79604	5.56077	11.56985	11.40060	10.87754	4.68939	4.00433	3.44974	23.94504	19.48925	15.92507
54710	2.65632	2.66862	2.26813	14.99077	14.15360	13.36045	12.87113	8.79042	5.55403	11.57053	11.40119	10.87667	4.68778	4.00081	3.44845	23.96330	19.49272	15.92265
54870	2.65455	2.66653	2.26620	14.99232	14.15451	13.36357	12.86026	8.79215	5.55273	11.57076	11.40183	10.87795	4.68528	4.00253	3.44749	23.95664	19.49012	15.92421
55040	2.65754	2.67170	2.26966	14.99397	14.15853	13.36529	12.88895	8.79368	5.55715	11.57412	11.40674	10.87967	4.69058	4.00400	3.45180	23.95836	19.49651	15.93237
55200	2.65797	2.66949	2.26780	14.99535	14.15779	13.36286	12.86394	8.79448	5.55474	11.57288	11.40313	10.87974	4.68989	4.00435	3.45221	23.97277	19.49880	15.93260
55370	2.65787	2.66934	2.26830	14.99695	14.15866	13.36330	12.87729	8.79229	5.55393	11.57417	11.40380	10.88119	4.68702	4.00003	3.44931	23.97234	19.49894	15.93063
55530	2.65619	2.66974	2.26951	14.99936	14.16080	13.36519	12.85735	8.79067	5.55727	11.57609	11.40771	10.88112	4.69023	3.99998	3.45012	23.96287	19.49798	15.93086
55690	2.65490	2.66685	2.26859	14.99595	14.15716	13.36217	12.88072	8.79212	5.55307	11.57215	11.40528	10.87969	4.68713	3.99880	3.44813	23.95062	19.48856	15.92615
55860	2.65511	2.66959	2.26920	14.99753	14.15925	13.36939	12.87510	8.79376	5.55539	11.57717	11.40809	10.88500	4.69125	4.00398	3.44954	23.96965	19.50027	15.93443	36.92	6.2	0.00	-2.04	0.01726	0.01197	0.01515	0.01815	0.01878	0.01469	0.00546	0.01514	0.02001	0.01846	0.01281	0.01632	0.01704	0.01759	0.01375	0.00570	0.01603	0.02133
56020	2.65354	2.66577	2.26625	15.00011	14.16168	13.36774	12.86371	8.79039	5.55210	11.57518	11.40873	10.88395	4.68692	4.00074	3.44995	23.95911	19.49638	15.93556
56190	2.65528	2.66615	2.26794	14.99856	14.16050	13.36966	12.87184	8.78929	5.55365	11.57593	11.40845	10.88430	4.68265	4.00021	3.44776	23.95976	19.50068	15.93592
56350	2.65608	2.66721	2.26708	14.99956	14.16496	13.37183	12.87176	8.78990	5.55431	11.57856	11.41285	10.88428	4.68619	4.00014	3.44915	23.97654	19.49739	15.93855
56510	2.65587	2.66689	2.26772	14.99908	14.16132	13.36791	12.85773	8.79446	5.55442	11.57562	11.40836	10.88364	4.68742	4.00410	3.45174	23.95890	19.49926	15.93837
56680	2.65845	2.67037	2.26959	15.00259	14.16218	13.37212	12.86346	8.79694	5.55494	11.57924	11.41067	10.88605	4.68778	4.00301	3.44958	23.96858	19.49926	15.93846
56840	2.65669	2.66957	2.26943	15.00434	14.16422	13.37126	12.86945	8.79924	5.55476	11.57792	11.40834	10.88462	4.68853	4.00128	3.44896	23.97999	19.49885	15.93812
57010	2.65507	2.66957	2.26776	14.99989	14.16085	13.36927	12.87561	8.79309	5.55390	11.57544	11.40747	10.88393	4.68767	4.00209	3.44867	23.96556	19.49830	15.93866
57170	2.65494	2.67119	2.27022	14.99958	14.16085	13.36813	12.87947	8.79484	5.55260	11.57420	11.40758	10.88399	4.68578	4.00172	3.45222	23.95503	19.49634	15.93502
57340	2.65474	2.66839	2.26512	14.99961	14.15974	13.36582	12.85584	8.79125	5.55231	11.57137	11.40717	10.88147	4.68959	4.00388	3.45323	23.96621	19.50114	15.94050
57500	2.65929	2.67265	2.27062	15.00417	14.16428	13.37026	12.87470	8.79516	5.55888	11.57577	11.41124	10.88610	4.69092	4.00281	3.45075	23.97021	19.49920	15.93926	36.92	6.1	0.00	-2.04	0.01726	0.01197	0.01515	0.01815	0.01878	0.01469	0.00546	0.01514	0.02001	0.01846	0.01281	0.01632	0.01704	0.01759	0.01375	0.00570	0.01603	0.02133
57670	2.65495	2.67135	2.26816	15.00401	14.16689	13.37056	12.87127	8.79144	5.55461	11.57698	11.41415	10.88859	4.68791	4.00296	3.44933	23.97710	19.50121	15.94082
57830	2.65728	2.67134	2.26935	15.00831	14.16651	13.37211	12.87136	8.79357	5.55757	11.57793	11.41550	10.88795	4.68904	4.00305	3.45176	23.97214	19.50034	15.93957
58000	2.65493	2.66901	2.26836	15.00804	14.16619	13.37120	12.86905	8.79157	5.55380	11.57583	11.41495	10.88696	4.68954	4.00518	3.45053	23.95966	19.50130	15.94458
58160	2.65731	2.67206	2.26948	15.01156	14.17074	13.37368	12.88327	8.79028	5.55479	11.57838	11.41676	10.88920	4.68878	3.99989	3.44801	23.96354	19.50212	15.94123
58330	2.65789	2.67233	2.27158	15.01316	14.17565	13.37836	12.86485	8.78919	5.55870	11.58193	11.41978	10.89226	4.69132	4.00334	3.45116	23.97710	19.50363	15.94440
58490	2.65754	2.67126	2.26714	15.01364	14.17144	13.37403	12.87307	8.79111	5.55219	11.57871	11.41694	10.88860	4.69081	4.00295	3.45016	23.95666	19.50368	15.94383
58660	2.65878	2.67360	2.27040	15.01340	14.17074	13.37678	12.86194	8.79277	5.55553	11.58147	11.41744	10.89002	4.68990	4.00209	3.45289	23.97559	19.49943	15.94062
58820	2.65815	2.67053	2.26831	15.00783	14.16891	13.37540	12.85425	8.79357	5.55765	11.58075	11.41836	10.89058	4.68752	4.00302	3.45044	23.97516	19.50226	15.94293
58990	2.65859	2.67098	2.26989	15.01146	14.17393	13.37979	12.85681	8.79857	5.55880	11.58500	11.42360	10.89531	4.68893	4.00312	3.44937	23.98248	19.50533	15.94832
59150	2.65572	2.67162	2.26553	15.01289	14.17047	13.38059	12.86241	8.79066	5.55283	11.58363	11.42178	10.89215	4.68663	4.00276	3.44958	23.98228	19.50649	15.94813	36.98	6.1	0.00	-2.04	0.01726	0.01197	0.01515	0.01815	0.01878	0.01469	0.00546	0.01514	0.02001	0.01846	0.01281	0.01632	0.01704	0.01759	0.01375	0.00570	0.01603	0.02133
59320	2.65813	2.67042	2.26756	15.01581	14.17290	13.38113	12.85831	8.79191	5.55312	11.58468	11.42384	10.89523	4.69073	4.00519	3.45398	23.96979	19.51185	15.95436
59480	2.66095	2.67320	2.26980	15.01944	14.17815	13.38544	12.88073	8.79613	5.55829	11.58875	11.42714	10.89836	4.68993	4.00355	3.44970	23.97431	19.50535	15.94756
59650	2.65789	2.67071	2.26739	15.01208	14.17155	13.38327	12.86472	8.79621	5.55506	11.58856	11.42499	10.89728	4.68827	3.99789	3.44708	23.97065	19.50507	15.94695
