WetView ver 7.1	07-16-2019	05:55:19
AC9 Absorption and Attenuation Meter
00000311		; Serial number
2	; structure version number
Reserved
0.000000	0.000000		; Depth calibration
19200			; Baud rate
0.100000			; Path length (meters)
23			; number of temperature calibration bins
				12.61517	13.44096	14.46844	15.49904	16.50682	17.50108	18.49752	19.51783	20.49177	21.49009	22.48286	23.50673	24.54012	25.54812	26.49986	27.49321	28.50960	29.48671	30.47471	31.49432	32.50437	33.48679	34.49133	; temperature bins
a650	Blue	18.61587		0.01156	0.01096	0.01010	0.00930	0.00851	0.00774	0.00661	0.00573	0.00499	0.00402	0.00285	0.00203	0.00096	0.00000	-0.00110	-0.00152	-0.00210	-0.00247	-0.00259	-0.00317	-0.00346	-0.00380	-0.00403		; offset and temperature correction info
a676	Green	18.78942		0.00964	0.00899	0.00863	0.00813	0.00730	0.00639	0.00545	0.00448	0.00385	0.00301	0.00233	0.00165	0.00046	0.00000	-0.00106	-0.00167	-0.00251	-0.00280	-0.00316	-0.00329	-0.00377	-0.00392	-0.00441		; offset and temperature correction info
a715	Brown	18.59217		0.01171	0.01109	0.01043	0.00975	0.00878	0.00789	0.00685	0.00572	0.00469	0.00356	0.00255	0.00160	0.00061	0.00000	-0.00063	-0.00113	-0.00152	-0.00183	-0.00226	-0.00293	-0.00364	-0.00404	-0.00473		; offset and temperature correction info
c510	Red	18.18396		-0.00549	-0.00480	-0.00383	-0.00272	-0.00202	-0.00118	-0.00044	-0.00038	-0.00015	-0.00021	0.00013	0.00007	-0.00007	0.00000	-0.00007	-0.00065	-0.00045	-0.00018	0.00007	0.00039	-0.00001	-0.00002	-0.00045		; offset and temperature correction info
c532	Magenta	18.26528		-0.00721	-0.00645	-0.00581	-0.00518	-0.00465	-0.00345	-0.00281	-0.00270	-0.00182	-0.00141	-0.00108	-0.00072	-0.00022	0.00000	0.00044	0.00030	0.00031	-0.00006	-0.00052	-0.00089	-0.00142	-0.00149	-0.00154		; offset and temperature correction info
c555	Black	18.37125		-0.00430	-0.00419	-0.00381	-0.00319	-0.00286	-0.00254	-0.00205	-0.00196	-0.00138	-0.00137	-0.00067	-0.00051	-0.00030	0.00000	0.00067	0.00087	0.00057	0.00027	-0.00015	-0.00089	-0.00127	-0.00137	-0.00150		; offset and temperature correction info
a412	LtBlue	15.33566		-0.06011	-0.05567	-0.05012	-0.04441	-0.03922	-0.03412	-0.02941	-0.02503	-0.02049	-0.01588	-0.01121	-0.00784	-0.00311	0.00000	0.00273	0.00611	0.00757	0.00871	0.01066	0.01299	0.01539	0.01781	0.02175		; offset and temperature correction info
a440	LtGreen	16.05925		-0.01380	-0.01214	-0.01039	-0.00858	-0.00690	-0.00532	-0.00426	-0.00322	-0.00230	-0.00158	-0.00055	0.00006	0.00001	0.00000	0.00017	0.00016	-0.00094	-0.00222	-0.00363	-0.00486	-0.00567	-0.00651	-0.00782		; offset and temperature correction info
a488	Yellow	16.82827		0.00255	0.00293	0.00331	0.00354	0.00373	0.00378	0.00363	0.00350	0.00291	0.00225	0.00215	0.00142	0.00099	0.00000	-0.00092	-0.00169	-0.00295	-0.00396	-0.00479	-0.00542	-0.00582	-0.00604	-0.00663		; offset and temperature correction info
c650	Blue	18.49287		-0.00570	-0.00516	-0.00456	-0.00403	-0.00346	-0.00232	-0.00132	-0.00122	-0.00073	-0.00066	-0.00035	-0.00016	0.00003	0.00000	0.00044	0.00078	0.00108	0.00057	0.00040	-0.00042	-0.00033	-0.00029	-0.00034		; offset and temperature correction info
c676	Green	18.50570		0.00299	0.00293	0.00287	0.00293	0.00278	0.00294	0.00317	0.00251	0.00243	0.00215	0.00139	0.00123	0.00068	0.00000	-0.00041	-0.00106	-0.00205	-0.00268	-0.00325	-0.00413	-0.00495	-0.00610	-0.00674		; offset and temperature correction info
c715	Brown	17.88888		0.00826	0.00812	0.00773	0.00790	0.00766	0.00758	0.00753	0.00650	0.00571	0.00461	0.00359	0.00222	0.00101	0.00000	-0.00146	-0.00284	-0.00385	-0.00448	-0.00463	-0.00513	-0.00623	-0.00715	-0.00838		; offset and temperature correction info
a510	Red	17.18050		0.00353	0.00364	0.00354	0.00361	0.00381	0.00381	0.00356	0.00332	0.00277	0.00229	0.00176	0.00116	0.00036	0.00000	-0.00014	-0.00069	-0.00088	-0.00147	-0.00150	-0.00129	-0.00120	-0.00134	-0.00091		; offset and temperature correction info
a532	Magenta	17.40228		0.00550	0.00548	0.00526	0.00479	0.00464	0.00422	0.00393	0.00328	0.00253	0.00212	0.00136	0.00085	0.00039	0.00000	-0.00059	-0.00146	-0.00188	-0.00262	-0.00330	-0.00393	-0.00491	-0.00540	-0.00605		; offset and temperature correction info
a555	Black	17.72308		0.00849	0.00832	0.00800	0.00760	0.00724	0.00655	0.00580	0.00495	0.00435	0.00347	0.00252	0.00153	0.00049	0.00000	-0.00050	-0.00155	-0.00214	-0.00306	-0.00350	-0.00411	-0.00470	-0.00539	-0.00570		; offset and temperature correction info
c412	LtBlue	16.72802		-0.05949	-0.05458	-0.04744	-0.04134	-0.03547	-0.03064	-0.02511	-0.02047	-0.01574	-0.01163	-0.00761	-0.00442	-0.00204	0.00000	0.00100	0.00051	-0.00043	-0.00239	-0.00475	-0.00629	-0.00827	-0.00955	-0.01337		; offset and temperature correction info
c440	LtGreen	17.42637		-0.02723	-0.02503	-0.02216	-0.01930	-0.01691	-0.01394	-0.01125	-0.00926	-0.00732	-0.00582	-0.00401	-0.00226	-0.00093	0.00000	0.00082	0.00123	0.00133	0.00097	0.00038	-0.00003	-0.00022	-0.00023	-0.00125		; offset and temperature correction info
c488	Yellow	18.03666		-0.00640	-0.00554	-0.00465	-0.00357	-0.00276	-0.00154	-0.00067	-0.00031	-0.00014	-0.00012	0.00046	0.00032	0.00020	0.00000	0.00001	-0.00024	-0.00060	-0.00084	-0.00126	-0.00180	-0.00276	-0.00304	-0.00427		; offset and temperature correction info
0.003500	0.004000	0.015000	0.020000	0.015000	0.020000	2500.000000	2000.000000	1000.000000	; maxANoise	maxCNoise	maxADifference	maxCDifference	minACounts	minCCounts	minRCounts	maxTempSdev	maxDepthSdev
0			; auxilliary capabilities
1			; acquisition binsize
0	2.32708	2.25257	1.88809	10.42723	9.60097	8.85358	10.94809	7.79863	5.17583	6.95655	6.65969	6.13590	4.42293	3.81307	3.35095	17.97930	14.56282	11.38432	29.55	6.0	0.00	-2.04	0.01753	0.01212	0.01532	0.01844	0.01909	0.01492	0.00553	0.01531	0.02033	0.01884	0.01307	0.01665	0.01725	0.01784	0.01392	0.00579	0.01625	0.02172
160	2.32642	2.25326	1.89145	10.43006	9.60612	8.85620	10.95401	7.80244	5.18050	6.95979	6.66202	6.13690	4.42569	3.81489	3.35364	17.99330	14.56494	11.38783
320	2.32794	2.25177	1.89038	10.42909	9.60274	8.85355	10.95442	7.79351	5.17431	6.95648	6.65948	6.13603	4.42024	3.81219	3.35102	17.99365	14.56714	11.38710
490	2.32652	2.25267	1.89148	10.42823	9.60320	8.85504	10.97574	7.79728	5.17637	6.95687	6.65962	6.13442	4.42474	3.81669	3.35075	17.97918	14.56579	11.38773
650	2.32702	2.25224	1.88912	10.43116	9.60433	8.85529	10.95129	7.79915	5.17116	6.95879	6.66170	6.13716	4.42049	3.81220	3.34959	17.99225	14.56775	11.39096
820	2.32862	2.25095	1.88931	10.43460	9.60616	8.85833	10.94914	7.79304	5.17264	6.96106	6.66329	6.13897	4.41662	3.80678	3.34562	17.98688	14.56651	11.38910
990	2.32319	2.25023	1.88910	10.43009	9.60804	8.86140	10.96299	7.80241	5.17818	6.96411	6.66692	6.14142	4.42024	3.81369	3.34713	17.99622	14.57015	11.39082
1150	2.32539	2.25187	1.89016	10.43522	9.60826	8.86046	10.95303	7.79670	5.17335	6.96187	6.66640	6.14129	4.42038	3.81177	3.34796	17.99470	14.56877	11.39249
1320	2.32589	2.24920	1.88941	10.43461	9.60790	8.85862	10.95742	7.79508	5.17103	6.96000	6.66319	6.13854	4.42553	3.81511	3.35363	17.98875	14.56893	11.39250
1480	2.32891	2.25213	1.89185	10.43472	9.60772	8.85927	10.95909	7.79493	5.17341	6.95938	6.66413	6.13842	4.42105	3.81358	3.35299	17.99003	14.56563	11.39020
1650	2.32483	2.24642	1.88530	10.43480	9.60871	8.86108	10.93992	7.79579	5.16812	6.96214	6.66578	6.14150	4.41459	3.80559	3.34637	17.99558	14.57136	11.39310	29.66	6.0	0.00	-2.04	0.01753	0.01211	0.01532	0.01845	0.01910	0.01492	0.00553	0.01530	0.02031	0.01884	0.01307	0.01665	0.01724	0.01783	0.01391	0.00580	0.01626	0.02173
1810	2.32363	2.24840	1.88928	10.43929	9.61321	8.86567	10.94437	7.79196	5.16992	6.96532	6.66996	6.14472	4.41605	3.80657	3.34617	17.99150	14.57508	11.39736
1980	2.32233	2.24738	1.88586	10.44056	9.61265	8.86221	10.94535	7.79080	5.16834	6.96371	6.66611	6.14195	4.41413	3.80598	3.34232	17.99290	14.57243	11.39397
2140	2.32088	2.24512	1.88659	10.43751	9.61126	8.86133	10.94570	7.78804	5.16546	6.96176	6.66599	6.14098	4.41669	3.80773	3.34501	17.99827	14.57521	11.39802
2310	2.32310	2.24855	1.88565	10.44011	9.61395	8.86455	10.94820	7.78993	5.16670	6.96409	6.66934	6.14415	4.41448	3.80519	3.34557	17.99815	14.57662	11.39655
2470	2.32429	2.25032	1.89042	10.44412	9.62039	8.86984	10.95370	7.79661	5.17341	6.96997	6.67636	6.14943	4.41964	3.81192	3.34972	18.00855	14.58134	11.40300
2640	2.32502	2.24869	1.88815	10.44525	9.61963	8.86772	10.94180	7.79259	5.17004	6.96780	6.67341	6.14699	4.41687	3.80720	3.34431	18.00212	14.57712	11.40082
2800	2.32216	2.24571	1.88538	10.44290	9.61698	8.86699	10.93964	7.78663	5.16712	6.96623	6.67223	6.14507	4.41600	3.80849	3.34588	18.00574	14.58087	11.40259
2970	2.32648	2.25061	1.88757	10.44639	9.61978	8.86777	10.94270	7.78869	5.16694	6.96847	6.67435	6.14755	4.42008	3.80893	3.34753	18.01065	14.58608	11.40558
3130	2.32554	2.25066	1.88846	10.44868	9.62335	8.87195	10.96394	7.79322	5.17247	6.97095	6.67914	6.15021	4.41801	3.80888	3.34659	17.99955	14.58343	11.40513
3300	2.31870	2.24624	1.88311	10.45213	9.62742	8.87758	10.94075	7.78890	5.16956	6.97487	6.68066	6.15414	4.41507	3.80651	3.34400	18.01182	14.58644	11.40880	29.61	6.2	0.00	-2.04	0.01752	0.01211	0.01531	0.01845	0.01910	0.01492	0.00552	0.01529	0.02031	0.01885	0.01307	0.01665	0.01723	0.01782	0.01391	0.00580	0.01626	0.02173
3460	2.32035	2.24429	1.88290	10.45093	9.62556	8.87463	10.94186	7.78450	5.16196	6.97170	6.68030	6.15158	4.41684	3.80669	3.34400	18.01299	14.58931	11.40955
3630	2.32287	2.24368	1.88359	10.45363	9.62801	8.87789	10.95746	7.78992	5.16341	6.97505	6.68133	6.15520	4.41525	3.80312	3.34101	18.01053	14.58845	11.40895
3790	2.31965	2.24297	1.88381	10.45283	9.62892	8.87710	10.93873	7.78723	5.16510	6.97636	6.68165	6.15450	4.41401	3.80185	3.34234	18.01275	14.58779	11.40755
3950	2.31899	2.24371	1.88404	10.45248	9.62723	8.87656	10.93824	7.78672	5.16213	6.97381	6.68111	6.15445	4.41068	3.79976	3.34120	18.00761	14.58583	11.40746
4120	2.32062	2.24638	1.88458	10.45815	9.63411	8.88293	10.94973	7.79112	5.16888	6.98028	6.68688	6.16083	4.41771	3.80627	3.34353	18.02398	14.59461	11.41464
4280	2.32229	2.24491	1.88252	10.45861	9.63276	8.88307	10.95719	7.78733	5.16388	6.98050	6.68510	6.15920	4.41218	3.80302	3.34179	18.02444	14.59323	11.41367
4450	2.31967	2.24528	1.88327	10.45775	9.63272	8.88208	10.95349	7.78627	5.16757	6.97998	6.68628	6.15896	4.41192	3.80285	3.34001	18.01602	14.59006	11.41258
4610	2.32019	2.24555	1.88377	10.45917	9.63255	8.88282	10.94674	7.79001	5.16676	6.98038	6.68740	6.16077	4.41547	3.80633	3.34179	18.00890	14.59282	11.41404
4780	2.32186	2.24591	1.88244	10.45787	9.63292	8.88362	10.95956	7.78293	5.16521	6.97986	6.68659	6.15984	4.41764	3.80667	3.34649	18.02444	14.59638	11.41695
4940	2.31865	2.24472	1.88494	10.46440	9.63825	8.88771	10.94719	7.78796	5.16353	6.98480	6.69281	6.16546	4.41138	3.80189	3.33925	18.02310	14.59593	11.41878	29.66	6.0	0.00	-2.04	0.01752	0.01211	0.01531	0.01845	0.01910	0.01492	0.00552	0.01528	0.02030	0.01885	0.01307	0.01665	0.01723	0.01782	0.01390	0.00580	0.01627	0.02174
5110	2.31861	2.24498	1.88428	10.46640	9.64183	8.89180	10.96190	7.78544	5.16711	6.98812	6.69406	6.16798	4.41367	3.80515	3.34018	18.02661	14.59919	11.42169
5270	2.31842	2.24349	1.88030	10.46535	9.63776	8.88921	10.93007	7.78486	5.16162	6.98658	6.69185	6.16585	4.41292	3.80425	3.34234	18.02251	14.60613	11.42557
5440	2.31967	2.24627	1.88406	10.47137	9.64340	8.89486	10.94350	7.78493	5.16444	6.99070	6.69619	6.16971	4.41317	3.80457	3.34060	18.02778	14.60640	11.42590
5600	2.31880	2.24159	1.88002	10.47079	9.64223	8.89342	10.94176	7.78737	5.16344	6.98880	6.69522	6.16932	4.40982	3.79869	3.33848	18.03024	14.60392	11.42346
5770	2.31677	2.24412	1.88245	10.47216	9.64561	8.89618	10.94092	7.78319	5.16396	6.99192	6.69666	6.17137	4.41034	3.80140	3.33964	18.02988	14.60646	11.42686
5930	2.31798	2.24444	1.87808	10.47193	9.64439	8.89279	10.92534	7.78068	5.15899	6.98766	6.69414	6.16765	4.40912	3.80142	3.34038	18.02602	14.60533	11.42787
6100	2.31947	2.24456	1.88221	10.47429	9.64568	8.89561	10.95465	7.78743	5.16416	6.98989	6.69715	6.16983	4.41289	3.80238	3.34077	18.02918	14.60920	11.42947
6260	2.31803	2.24383	1.88185	10.47500	9.64721	8.89429	10.93674	7.78343	5.16468	6.98956	6.69740	6.16955	4.41268	3.80699	3.34344	18.03949	14.61199	11.43322
6430	2.32238	2.24604	1.88377	10.47904	9.65125	8.90086	10.94273	7.78702	5.16628	6.99419	6.70143	6.17453	4.41245	3.80418	3.34224	18.03831	14.61221	11.43270
6590	2.31834	2.24154	1.88196	10.47882	9.65165	8.89871	10.93483	7.78248	5.16221	6.99251	6.70013	6.17244	4.40936	3.79821	3.33651	18.03747	14.61002	11.42955	29.66	5.9	0.00	-2.04	0.01751	0.01211	0.01531	0.01845	0.01911	0.01493	0.00552	0.01528	0.02029	0.01885	0.01307	0.01666	0.01722	0.01781	0.01390	0.00580	0.01627	0.02174
6760	2.31724	2.24579	1.88270	10.47732	9.65175	8.90167	10.94158	7.79050	5.16503	6.99407	6.70113	6.17319	4.41137	3.80239	3.33988	18.03735	14.61489	11.43451
6920	2.31638	2.24117	1.87915	10.47863	9.64998	8.89994	10.93824	7.78166	5.16260	6.99300	6.70047	6.17349	4.41359	3.80466	3.34180	18.04907	14.61726	11.43907
7090	2.31953	2.24301	1.88056	10.48177	9.65296	8.90276	10.93517	7.78575	5.16317	6.99560	6.70407	6.17623	4.40715	3.80052	3.33831	18.04180	14.61619	11.43478
7250	2.31763	2.24492	1.88278	10.48155	9.65428	8.90556	10.96312	7.78760	5.16573	6.99860	6.70635	6.17908	4.41331	3.79968	3.33940	18.05106	14.62083	11.43920
7410	2.31686	2.24186	1.87984	10.48098	9.65346	8.90587	10.95161	7.78632	5.16144	6.99858	6.70513	6.17780	4.41014	3.79988	3.33626	18.04825	14.61989	11.44086
7580	2.31769	2.23914	1.87974	10.48032	9.65314	8.90424	10.94945	7.79075	5.16044	6.99790	6.70386	6.17853	4.40598	3.79562	3.33443	18.04145	14.61754	11.43870
7740	2.31306	2.23865	1.87655	10.47830	9.65056	8.90463	10.93204	7.78439	5.15743	6.99665	6.70307	6.17635	4.40947	3.80102	3.33954	18.04755	14.62092	11.44378
7910	2.31924	2.24239	1.88136	10.48256	9.65412	8.90764	10.93058	7.78794	5.16106	6.99930	6.70706	6.17988	4.40980	3.79846	3.33648	18.04672	14.61937	11.43987
8070	2.31778	2.24422	1.88255	10.48443	9.65670	8.91162	10.94457	7.78407	5.16318	7.00192	6.70926	6.18234	4.41105	3.80459	3.33759	18.05106	14.62000	11.44245
8240	2.31503	2.24213	1.87868	10.48303	9.65461	8.90610	10.92996	7.78387	5.15701	6.99902	6.70645	6.18041	4.40705	3.80033	3.33558	18.05021	14.62218	11.44504	29.61	6.1	0.00	-2.04	0.01751	0.01210	0.01530	0.01845	0.01911	0.01493	0.00552	0.01527	0.02029	0.01885	0.01307	0.01666	0.01722	0.01781	0.01390	0.00580	0.01627	0.02174
8400	2.31663	2.24034	1.87944	10.48416	9.65551	8.91075	10.93407	7.78471	5.16020	7.00155	6.70805	6.18255	4.40970	3.79932	3.33701	18.04751	14.62124	11.44084
8570	2.31474	2.24430	1.88140	10.48385	9.65797	8.91161	10.94786	7.78952	5.16373	7.00419	6.71141	6.18512	4.41171	3.80112	3.33959	18.05302	14.62152	11.44281
8730	2.31650	2.24114	1.87909	10.48446	9.65647	8.90997	10.95121	7.78503	5.15966	7.00018	6.70881	6.18240	4.40937	3.80110	3.33592	18.04939	14.62218	11.44399
8900	2.31697	2.23791	1.87920	10.48555	9.65900	8.91115	10.92927	7.78011	5.16030	7.00231	6.71094	6.18330	4.41133	3.80223	3.33856	18.05936	14.62888	11.44950
9060	2.31764	2.24582	1.88073	10.49101	9.66349	8.91622	10.94765	7.78636	5.16384	7.00660	6.71475	6.18746	4.40962	3.79986	3.33623	18.05854	14.62733	11.44796
9220	2.31584	2.24179	1.88294	10.49015	9.66456	8.91959	10.95420	7.78966	5.16422	7.01008	6.71993	6.19184	4.41241	3.80319	3.34122	18.06147	14.63298	11.45433
9390	2.31761	2.24371	1.88014	10.49380	9.66494	8.91732	10.94493	7.78626	5.15922	7.00694	6.71457	6.18841	4.41123	3.80159	3.34039	18.06335	14.63437	11.45383
9550	2.32114	2.24456	1.88272	10.49693	9.66919	8.92140	10.96223	7.79015	5.16551	7.01117	6.71806	6.19163	4.41126	3.80150	3.33706	18.06605	14.63240	11.45334
9720	2.31746	2.24406	1.88252	10.49613	9.66872	8.92168	10.95365	7.78821	5.16332	7.01078	6.71824	6.19116	4.41203	3.79963	3.33670	18.05971	14.63453	11.45623
9880	2.31651	2.24238	1.87771	10.49576	9.66801	8.91942	10.93947	7.78706	5.15889	7.00845	6.71595	6.19067	4.40810	3.79465	3.33509	18.05784	14.63120	11.45131	29.66	6.0	0.00	-2.04	0.01751	0.01210	0.01530	0.01846	0.01911	0.01493	0.00552	0.01527	0.02029	0.01885	0.01308	0.01666	0.01722	0.01781	0.01390	0.00580	0.01627	0.02174
10040	2.31455	2.24257	1.87993	10.49633	9.66809	8.92179	10.93940	7.78786	5.16501	7.01028	6.71919	6.19104	4.41046	3.80135	3.33783	18.06559	14.63436	11.45565
10210	2.31496	2.24157	1.87941	10.49639	9.66720	8.91859	10.93738	7.78114	5.15963	7.00918	6.71729	6.19062	4.40860	3.79981	3.33531	18.06570	14.63699	11.45761
10370	2.31530	2.24207	1.88154	10.49818	9.67132	8.92295	10.94511	7.78489	5.16147	7.01246	6.72252	6.19427	4.40765	3.79894	3.33544	18.06136	14.63677	11.46049
10540	2.31461	2.24067	1.87703	10.50211	9.67118	8.92212	10.93661	7.78489	5.15846	7.01291	6.72182	6.19541	4.40880	3.79956	3.34138	18.06805	14.64495	11.46576
10700	2.31905	2.24627	1.88256	10.50641	9.67699	8.92871	10.95083	7.78639	5.16504	7.01636	6.72487	6.19781	4.41059	3.80092	3.33707	18.07017	14.64298	11.46329
10870	2.31713	2.24264	1.88116	10.50407	9.67511	8.92590	10.95006	7.78331	5.16136	7.01587	6.72417	6.19778	4.40868	3.79886	3.33432	18.07569	14.64240	11.46246
11030	2.31538	2.24443	1.88076	10.50557	9.67547	8.92879	10.95739	7.78650	5.16129	7.01720	6.72681	6.19918	4.41098	3.79832	3.33754	18.06981	14.64276	11.46482
11200	2.31719	2.24321	1.87874	10.50660	9.67612	8.92789	10.93494	7.78290	5.16041	7.01643	6.72518	6.19709	4.40983	3.80191	3.33974	18.07922	14.64689	11.46910
11360	2.31887	2.24345	1.88105	10.50752	9.67793	8.93164	10.94031	7.78771	5.16298	7.02013	6.72872	6.20043	4.40972	3.80106	3.34073	18.06735	14.64464	11.46678
11530	2.32106	2.24769	1.88502	10.51146	9.68118	8.93713	10.95074	7.79139	5.16670	7.02447	6.73216	6.20450	4.41184	3.80096	3.33774	18.07856	14.65045	11.47270	29.61	6.0	0.00	-2.04	0.01751	0.01210	0.01530	0.01846	0.01911	0.01493	0.00552	0.01527	0.02029	0.01885	0.01307	0.01666	0.01722	0.01781	0.01390	0.00580	0.01627	0.02174
11690	2.31790	2.24243	1.88169	10.51072	9.67989	8.93363	10.94209	7.78799	5.16303	7.02251	6.73027	6.20178	4.41049	3.80068	3.33602	18.07727	14.64995	11.47009
11860	2.31533	2.24472	1.88285	10.51003	9.67899	8.93632	10.95904	7.78530	5.16456	7.02323	6.73018	6.20358	4.41228	3.79930	3.33803	18.07386	14.65098	11.47284
12020	2.31767	2.24267	1.87838	10.51050	9.67908	8.93422	10.93353	7.78238	5.16169	7.02217	6.73013	6.20323	4.40970	3.79944	3.33684	18.08197	14.65217	11.47315
12190	2.31492	2.24273	1.88070	10.51102	9.68078	8.93573	10.94202	7.78591	5.16009	7.02326	6.73025	6.20350	4.40798	3.79717	3.33470	18.07398	14.64920	11.47137
12350	2.31513	2.24178	1.88141	10.51092	9.68041	8.93660	10.94837	7.78543	5.16387	7.02367	6.73134	6.20527	4.40919	3.80160	3.33800	18.08656	14.65253	11.47284
12510	2.31511	2.24363	1.87867	10.51002	9.67821	8.93346	10.95074	7.78443	5.15994	7.02168	6.72975	6.20333	4.40837	3.80092	3.33816	18.07351	14.65459	11.47642
12680	2.31664	2.24565	1.88114	10.51213	9.68263	8.93655	10.94474	7.78542	5.16356	7.02437	6.73128	6.20568	4.40920	3.80034	3.33697	18.07962	14.65375	11.47430
12850	2.31773	2.24564	1.88037	10.51462	9.68509	8.93793	10.94732	7.79320	5.16477	7.02667	6.73451	6.20777	4.41210	3.80137	3.34152	18.08797	14.65603	11.47678
13010	2.31844	2.24261	1.88105	10.51438	9.68347	8.93725	10.95464	7.78871	5.16183	7.02585	6.73403	6.20590	4.41225	3.80192	3.33927	18.08586	14.65595	11.47665
13180	2.31678	2.24253	1.88058	10.51585	9.68528	8.93793	10.94506	7.78813	5.16176	7.02482	6.73201	6.20632	4.40922	3.80086	3.33944	18.08817	14.66045	11.47824	29.66	6.1	0.00	-2.04	0.01750	0.01210	0.01530	0.01846	0.01911	0.01493	0.00552	0.01527	0.02028	0.01885	0.01307	0.01666	0.01721	0.01780	0.01389	0.00580	0.01627	0.02174
13340	2.31582	2.24383	1.88163	10.51600	9.68384	8.93704	10.95670	7.78653	5.16341	7.02495	6.73500	6.20651	4.40767	3.80002	3.33459	18.08876	14.65959	11.47602
13510	2.31912	2.24670	1.88400	10.51813	9.68821	8.94093	10.95105	7.78887	5.16712	7.02816	6.73780	6.21050	4.41307	3.80252	3.34207	18.09194	14.66225	11.48114
13670	2.31856	2.24577	1.88407	10.51755	9.68749	8.93970	10.96061	7.78842	5.16520	7.02704	6.73749	6.20898	4.41041	3.79968	3.33742	18.08970	14.66073	11.47671
13840	2.31619	2.24390	1.87970	10.51524	9.68419	8.93749	10.95091	7.78743	5.15885	7.02465	6.73372	6.20591	4.41089	3.79917	3.34058	18.08864	14.65900	11.47812
14000	2.31742	2.24501	1.88113	10.51804	9.68713	8.93857	10.94457	7.78637	5.15899	7.02640	6.73712	6.20853	4.40805	3.79710	3.33729	18.09064	14.65831	11.47516
14170	2.31683	2.24807	1.88411	10.51918	9.68995	8.94214	10.95043	7.79402	5.16665	7.02849	6.74017	6.21087	4.41107	3.80520	3.34101	18.08982	14.65923	11.47908
14330	2.31811	2.24426	1.88035	10.51996	9.69012	8.94210	10.93934	7.78515	5.16408	7.02813	6.73743	6.21126	4.40800	3.79760	3.33592	18.08476	14.65909	11.47673
14500	2.31577	2.24460	1.88176	10.51945	9.69136	8.94292	10.94136	7.79091	5.16539	7.02911	6.73978	6.21122	4.41161	3.79884	3.33732	18.08770	14.66081	11.47946
14660	2.31696	2.24373	1.88062	10.51927	9.68880	8.94060	10.94966	7.78902	5.15956	7.02714	6.73649	6.20909	4.41190	3.80125	3.33968	18.08605	14.66106	11.48198
14830	2.31816	2.24594	1.88428	10.52265	9.69182	8.94342	10.93882	7.78733	5.16341	7.02910	6.73917	6.21110	4.41165	3.79917	3.33785	18.09247	14.65884	11.48088	29.61	6.1	0.00	-2.04	0.01750	0.01210	0.01530	0.01846	0.01911	0.01493	0.00552	0.01527	0.02028	0.01885	0.01308	0.01666	0.01721	0.01780	0.01389	0.00580	0.01627	0.02174
14990	2.31564	2.24417	1.88186	10.52233	9.69042	8.94353	10.93924	7.78172	5.16299	7.02951	6.73945	6.21141	4.40785	3.79837	3.33831	18.08330	14.65556	11.47996
15160	2.31795	2.24610	1.88097	10.52395	9.69123	8.94509	10.93749	7.78825	5.16373	7.03177	6.74149	6.21361	4.40833	3.80073	3.33779	18.09024	14.66217	11.48266
15320	2.31693	2.24388	1.87944	10.51834	9.68737	8.94173	10.95067	7.78078	5.16002	7.02851	6.73875	6.21162	4.41122	3.80175	3.34248	18.10166	14.66434	11.48610
15490	2.32128	2.24707	1.88072	10.52406	9.69226	8.94828	10.95395	7.78928	5.16107	7.03219	6.74087	6.21337	4.40990	3.80203	3.33825	18.09259	14.66192	11.48552
15650	2.31729	2.24264	1.88313	10.52356	9.69066	8.94657	10.94955	7.78551	5.16130	7.03106	6.73969	6.21224	4.40973	3.79938	3.33859	18.09353	14.65853	11.48185
15820	2.31912	2.24651	1.88280	10.52358	9.69210	8.94759	10.94760	7.78989	5.16466	7.03300	6.74204	6.21408	4.41247	3.80298	3.33974	18.09977	14.66456	11.48553
15980	2.31944	2.24330	1.88021	10.52205	9.68833	8.94406	10.95172	7.78651	5.16251	7.02991	6.73827	6.21212	4.41382	3.80353	3.34395	18.09118	14.66742	11.48707
16150	2.32175	2.24734	1.88430	10.52122	9.69034	8.94559	10.94112	7.78836	5.16580	7.03004	6.73944	6.21271	4.41092	3.80108	3.33932	18.09789	14.66275	11.48252
16310	2.31864	2.24561	1.88057	10.52010	9.68680	8.94304	10.93652	7.79235	5.16299	7.02815	6.73913	6.21189	4.41131	3.79931	3.33783	18.09236	14.66028	11.48380
16480	2.31729	2.24520	1.88387	10.52213	9.69153	8.94523	10.94655	7.78795	5.16525	7.03104	6.74118	6.21493	4.41259	3.80278	3.33916	18.10433	14.66385	11.48474	29.66	6.1	0.00	-2.04	0.01750	0.01210	0.01530	0.01846	0.01911	0.01493	0.00552	0.01527	0.02028	0.01885	0.01308	0.01666	0.01721	0.01780	0.01389	0.00580	0.01627	0.02174
16640	2.31711	2.24325	1.87993	10.52158	9.68985	8.94333	10.93533	7.78512	5.16099	7.03071	6.74083	6.21360	4.41414	3.80308	3.34157	18.08231	14.66460	11.48587
16810	2.31807	2.24727	1.88471	10.52351	9.69177	8.94638	10.94215	7.78901	5.16537	7.03178	6.74280	6.21576	4.40979	3.80105	3.33984	18.08914	14.66383	11.48516
16980	2.31965	2.24509	1.87982	10.52458	9.69247	8.94597	10.95171	7.78323	5.16384	7.03252	6.74346	6.21558	4.41178	3.80431	3.34307	18.08808	14.66558	11.48786
17140	2.32272	2.25044	1.88326	10.52677	9.69492	8.94849	10.93895	7.79038	5.16623	7.03460	6.74578	6.21825	4.41383	3.80291	3.34350	18.08690	14.66349	11.48677
17310	2.31909	2.24591	1.88243	10.52372	9.69165	8.94628	10.94690	7.78626	5.16546	7.03206	6.74309	6.21712	4.41211	3.80120	3.33885	18.08537	14.66296	11.48265
17470	2.32021	2.24677	1.88507	10.52254	9.69237	8.94882	10.95373	7.79171	5.17023	7.03463	6.74670	6.21871	4.41392	3.80350	3.34212	18.09090	14.66274	11.48564
17640	2.31785	2.24725	1.88330	10.52308	9.69133	8.94726	10.93087	7.78864	5.16795	7.03355	6.74499	6.21772	4.41276	3.80338	3.34069	18.10386	14.66366	11.48554
17800	2.31990	2.24701	1.88373	10.52273	9.69148	8.94823	10.95429	7.78884	5.16451	7.03321	6.74344	6.21762	4.41369	3.80566	3.34304	18.09808	14.66535	11.48809
17970	2.32032	2.24859	1.88492	10.52590	9.69213	8.94929	10.94062	7.78835	5.16496	7.03569	6.74642	6.22036	4.41403	3.80342	3.34065	18.09596	14.66308	11.48493
18140	2.31946	2.24643	1.88146	10.52276	9.69120	8.94740	10.93541	7.78730	5.16484	7.03412	6.74265	6.21765	4.41322	3.80098	3.34187	18.08381	14.66253	11.48423	29.61	5.9	0.00	-2.04	0.01750	0.01210	0.01530	0.01846	0.01911	0.01493	0.00552	0.01527	0.02028	0.01885	0.01308	0.01666	0.01721	0.01780	0.01389	0.00580	0.01627	0.02174
18300	2.31916	2.24808	1.88679	10.52492	9.69219	8.95198	10.95137	7.79473	5.16962	7.03958	6.74765	6.22242	4.41868	3.80573	3.34434	18.09004	14.66981	11.48958
18460	2.32243	2.24813	1.88526	10.52489	9.69310	8.95140	10.94251	7.79442	5.16491	7.03727	6.74656	6.22129	4.40989	3.79963	3.33600	18.09617	14.66556	11.48713
18630	2.31656	2.24257	1.88064	10.52344	9.69052	8.94836	10.93499	7.79205	5.16081	7.03561	6.74384	6.21964	4.41421	3.80379	3.34058	18.09652	14.66759	11.48773
18800	2.31854	2.24670	1.88142	10.52449	9.69268	8.95036	10.94914	7.79159	5.16383	7.03795	6.74476	6.22160	4.41073	3.79917	3.33834	18.09993	14.66461	11.48580
18960	2.31600	2.24295	1.88094	10.52426	9.69284	8.95075	10.94098	7.78655	5.16093	7.03777	6.74584	6.22063	4.40781	3.79879	3.33671	18.09970	14.66481	11.48625
19130	2.31658	2.24679	1.88296	10.52369	9.69056	8.95113	10.94405	7.78745	5.16586	7.03723	6.74518	6.22033	4.40927	3.79990	3.33780	18.09146	14.66725	11.48869
19290	2.31824	2.24585	1.88245	10.52342	9.69204	8.94987	10.95416	7.79287	5.16781	7.03618	6.74561	6.22014	4.41110	3.80157	3.34039	18.10229	14.66645	11.48777
19460	2.31792	2.24540	1.88493	10.52236	9.69195	8.95095	10.94307	7.79077	5.16625	7.03671	6.74605	6.22082	4.41055	3.80298	3.33894	18.09746	14.66742	11.48869
19620	2.32168	2.24757	1.88261	10.52110	9.68931	8.94969	10.97092	7.79119	5.16301	7.03691	6.74577	6.22022	4.41083	3.80281	3.33771	18.09781	14.66931	11.49099
19790	2.32008	2.24616	1.88495	10.52648	9.69544	8.95379	10.96299	7.79009	5.16429	7.04036	6.74989	6.22361	4.41210	3.79986	3.33715	18.09080	14.66796	11.48811	29.66	6.1	0.00	-2.04	0.01750	0.01210	0.01530	0.01846	0.01911	0.01493	0.00552	0.01527	0.02028	0.01885	0.01308	0.01666	0.01721	0.01780	0.01389	0.00580	0.01627	0.02174
19950	2.31491	2.24329	1.87991	10.52313	9.69180	8.94960	10.93398	7.78203	5.16016	7.03651	6.74786	6.22027	4.40682	3.79753	3.33762	18.09197	14.66460	11.48513
20120	2.31785	2.24667	1.88212	10.52559	9.69437	8.95107	10.94562	7.78872	5.16513	7.03855	6.74810	6.22241	4.40991	3.79630	3.33507	18.09233	14.66669	11.48926
20280	2.31595	2.24228	1.87958	10.52462	9.69308	8.94921	10.93008	7.78935	5.16047	7.03742	6.74720	6.22072	4.41056	3.80213	3.33855	18.09256	14.66858	11.48912
20450	2.31754	2.24270	1.88020	10.52710	9.69671	8.95107	10.93774	7.78992	5.16572	7.03841	6.74925	6.22189	4.41491	3.80209	3.33970	18.10705	14.66519	11.48825
20610	2.31834	2.24543	1.88073	10.52432	9.69378	8.95040	10.95371	7.78684	5.15946	7.03823	6.74883	6.22251	4.40529	3.79744	3.33791	18.09916	14.66582	11.48670
20780	2.31937	2.24625	1.88358	10.52677	9.69458	8.95079	10.94088	7.78693	5.16372	7.04073	6.75131	6.22461	4.41232	3.80067	3.34114	18.09845	14.66841	11.49029
20940	2.31723	2.24394	1.88323	10.52603	9.69313	8.95063	10.93544	7.78481	5.16300	7.03819	6.74831	6.22136	4.41271	3.80397	3.34588	18.09974	14.67008	11.49118
21110	2.32395	2.25006	1.88502	10.52686	9.69611	8.95209	10.93892	7.79234	5.16537	7.04120	6.75076	6.22510	4.41143	3.80245	3.33988	18.09562	14.66708	11.48922
21280	2.32023	2.24683	1.88401	10.52552	9.69504	8.95254	10.94959	7.78952	5.16532	7.04005	6.74877	6.22442	4.41368	3.80215	3.34278	18.09562	14.66582	11.48794
21440	2.31960	2.24950	1.88606	10.52441	9.69315	8.95109	10.94918	7.79365	5.16532	7.03932	6.74900	6.22443	4.41191	3.80166	3.33973	18.09243	14.66349	11.48734	29.66	6.0	0.00	-2.04	0.01750	0.01210	0.01530	0.01846	0.01911	0.01493	0.00552	0.01526	0.02028	0.01885	0.01308	0.01666	0.01721	0.01780	0.01389	0.00580	0.01628	0.02174
21610	2.32109	2.24834	1.88531	10.52542	9.69573	8.95445	10.95650	7.79380	5.16866	7.04069	6.75152	6.22553	4.41572	3.80289	3.34024	18.08678	14.66574	11.48942
21770	2.32019	2.24649	1.88468	10.52713	9.69631	8.95190	10.94632	7.79349	5.16853	7.04167	6.75242	6.22594	4.41250	3.80488	3.34258	18.09031	14.66340	11.48583
21940	2.31983	2.24796	1.88724	10.52470	9.69429	8.95232	10.94876	7.80081	5.17525	7.04221	6.75252	6.22559	4.41891	3.80400	3.34074	18.08984	14.66649	11.48781
22100	2.31870	2.24436	1.88057	10.52668	9.69491	8.95167	10.94597	7.78598	5.16361	7.03996	6.75074	6.22364	4.41281	3.80675	3.34588	18.09726	14.66765	11.49034
22270	2.32488	2.25264	1.88928	10.52958	9.69643	8.95231	10.96062	7.80034	5.17363	7.04211	6.75264	6.22655	4.41780	3.80553	3.34343	18.09867	14.66804	11.48873
22430	2.32145	2.24677	1.88389	10.52907	9.69757	8.95246	10.95587	7.79146	5.16399	7.04113	6.75160	6.22620	4.41175	3.80079	3.34325	18.09655	14.66610	11.48700
22600	2.32155	2.24990	1.88714	10.52783	9.69589	8.95112	10.95357	7.79631	5.17066	7.04005	6.75087	6.22605	4.41614	3.80487	3.34270	18.09113	14.66412	11.48698
22760	2.32115	2.24831	1.88410	10.52449	9.69340	8.94935	10.94116	7.78905	5.16079	7.03779	6.74851	6.22417	4.40775	3.80003	3.33845	18.10008	14.66852	11.49306
22930	2.31977	2.24927	1.88400	10.52908	9.69823	8.95224	10.95615	7.79450	5.16975	7.04026	6.75035	6.22606	4.41551	3.80539	3.34632	18.09019	14.66593	11.48688
23090	2.32423	2.25334	1.88987	10.52970	9.69893	8.95493	10.97255	7.79898	5.17143	7.04308	6.75339	6.22930	4.41572	3.80748	3.34412	18.09656	14.67123	11.49214	29.66	6.0	0.00	-2.04	0.01750	0.01210	0.01530	0.01846	0.01911	0.01493	0.00552	0.01526	0.02028	0.01885	0.01308	0.01666	0.01721	0.01780	0.01389	0.00580	0.01628	0.02175
23260	2.32179	2.24824	1.88505	10.53083	9.69937	8.95471	10.95139	7.79103	5.16496	7.04260	6.75325	6.22845	4.41065	3.80167	3.33956	18.10104	14.66837	11.49030
23420	2.32118	2.25160	1.88677	10.52541	9.69466	8.95213	10.94825	7.79503	5.17064	7.03958	6.75021	6.22459	4.41370	3.80260	3.34145	18.10033	14.66853	11.49329
23590	2.32099	2.24655	1.88426	10.52978	9.69742	8.95575	10.95278	7.78941	5.16952	7.04211	6.75273	6.22621	4.41312	3.80215	3.33942	18.09056	14.66759	11.48979
23750	2.32236	2.25181	1.88843	10.52964	9.69751	8.95619	10.95139	7.79489	5.16917	7.04378	6.75309	6.22799	4.41702	3.80748	3.34353	18.10210	14.66995	11.49283
23920	2.32128	2.24805	1.88469	10.52712	9.69651	8.95333	10.95578	7.79218	5.16705	7.04224	6.75181	6.22682	4.41310	3.80312	3.34203	18.09115	14.66892	11.49318
24080	2.32357	2.25093	1.88669	10.52676	9.69583	8.95410	10.94888	7.79127	5.16636	7.04145	6.74984	6.22608	4.41523	3.80532	3.34490	18.09821	14.67045	11.49279
24250	2.32296	2.24973	1.88664	10.52820	9.69652	8.95462	10.94462	7.79681	5.17251	7.04218	6.75201	6.22740	4.41899	3.81173	3.34774	18.09539	14.67312	11.49678
24410	2.32566	2.25346	1.88925	10.53188	9.69945	8.95652	10.95544	7.79682	5.17228	7.04633	6.75548	6.23187	4.42005	3.80834	3.34670	18.09951	14.67298	11.49496
24580	2.32513	2.24959	1.88462	10.52706	9.69552	8.95409	10.94741	7.79373	5.17061	7.04381	6.75334	6.22922	4.41324	3.80167	3.34013	18.09727	14.66889	11.49170
24740	2.32117	2.24891	1.88722	10.52544	9.69454	8.95401	10.97193	7.79594	5.17153	7.04534	6.75344	6.23014	4.41810	3.80663	3.34547	18.09616	14.66991	11.49303	29.61	6.2	0.00	-2.04	0.01750	0.01210	0.01530	0.01846	0.01911	0.01493	0.00552	0.01526	0.02028	0.01885	0.01308	0.01666	0.01721	0.01780	0.01389	0.00580	0.01628	0.02175
24910	2.32305	2.25023	1.88580	10.52505	9.69429	8.95348	10.94393	7.79131	5.16823	7.04419	6.75181	6.22807	4.41707	3.80615	3.34480	18.09840	14.67388	11.49736
25070	2.32200	2.25164	1.88692	10.53246	9.69854	8.95871	10.96061	7.79415	5.17195	7.04606	6.75510	6.23037	4.41624	3.80578	3.34263	18.09181	14.67105	11.49363
25240	2.32610	2.25147	1.88866	10.53172	9.70099	8.95957	10.96794	7.79714	5.17059	7.04809	6.75659	6.23254	4.41857	3.80768	3.34383	18.09534	14.67107	11.49668
25400	2.32084	2.25085	1.88226	10.52954	9.69776	8.95832	10.94414	7.79278	5.16743	7.04590	6.75388	6.22977	4.41550	3.80695	3.34283	18.09369	14.66980	11.49275
25570	2.32461	2.25004	1.88455	10.52726	9.69486	8.95388	10.94986	7.79054	5.16928	7.04344	6.75187	6.22685	4.41467	3.80474	3.33882	18.08757	14.66488	11.48678
25730	2.32134	2.24833	1.88391	10.52327	9.69334	8.95370	10.94142	7.79751	5.16610	7.04226	6.75196	6.22783	4.41381	3.80470	3.34256	18.09298	14.66479	11.48893
25890	2.32032	2.24923	1.88322	10.52283	9.69298	8.95203	10.96089	7.79328	5.16464	7.04249	6.75161	6.22818	4.41395	3.80334	3.34187	18.09463	14.66510	11.48872
26060	2.32032	2.24867	1.88543	10.52534	9.69645	8.95461	10.95244	7.79206	5.16888	7.04392	6.75443	6.22911	4.41459	3.80457	3.34287	18.09605	14.66715	11.48970
26220	2.32216	2.25141	1.88487	10.52719	9.69880	8.95413	10.95167	7.79642	5.16946	7.04467	6.75447	6.23052	4.41447	3.80395	3.34261	18.09934	14.66782	11.49085
26390	2.31956	2.24859	1.88196	10.52658	9.69788	8.95161	10.94969	7.79365	5.16696	7.04253	6.75273	6.22803	4.41745	3.80697	3.34399	18.09654	14.66788	11.49218	29.61	6.1	0.00	-2.04	0.01750	0.01210	0.01530	0.01846	0.01911	0.01493	0.00551	0.01526	0.02027	0.01885	0.01308	0.01666	0.01721	0.01780	0.01389	0.00580	0.01628	0.02175
26560	2.32284	2.25130	1.88855	10.52919	9.69982	8.95563	10.94760	7.79515	5.17035	7.04487	6.75702	6.23078	4.41498	3.80648	3.34292	18.09737	14.67077	11.49130
26720	2.32396	2.25075	1.88706	10.53006	9.70094	8.95658	10.95911	7.79101	5.17030	7.04719	6.75750	6.23405	4.41500	3.80288	3.34183	18.09478	14.66705	11.49138
26890	2.32259	2.25007	1.88679	10.53240	9.70320	8.95744	10.95828	7.79711	5.17336	7.04731	6.75716	6.23250	4.41594	3.80504	3.34353	18.09760	14.66691	11.49313
27050	2.32350	2.24963	1.88737	10.53113	9.70209	8.95828	10.93805	7.79335	5.16940	7.04791	6.75761	6.23423	4.41586	3.80363	3.34359	18.09760	14.66791	11.49228
27220	2.32095	2.25073	1.88773	10.52959	9.70241	8.95840	10.96268	7.79758	5.17177	7.04768	6.75809	6.23380	4.41547	3.80492	3.34184	18.10078	14.66805	11.49256
27380	2.32104	2.25086	1.88748	10.53131	9.70229	8.95775	10.95053	7.79773	5.16914	7.04717	6.75681	6.23381	4.41707	3.80706	3.34649	18.10220	14.67211	11.49866
27550	2.32471	2.25311	1.88696	10.53905	9.70828	8.96370	10.94355	7.80137	5.17333	7.05203	6.76231	6.23854	4.41803	3.80536	3.34442	18.10597	14.67108	11.49695
27710	2.32110	2.25035	1.88584	10.53490	9.70442	8.96049	10.96212	7.79395	5.16949	7.04976	6.75930	6.23571	4.41406	3.80466	3.34218	18.08983	14.66958	11.49353
27880	2.32234	2.25098	1.88982	10.53644	9.70897	8.96529	10.94683	7.79831	5.17333	7.05427	6.76182	6.23816	4.41621	3.80762	3.34567	18.10609	14.67100	11.49719
28040	2.32297	2.24884	1.88456	10.53451	9.70405	8.96055	10.94224	7.78736	5.16440	7.05038	6.75897	6.23602	4.41650	3.80618	3.34910	18.10020	14.67682	11.50219	29.66	6.1	0.00	-2.04	0.01750	0.01210	0.01530	0.01846	0.01911	0.01493	0.00551	0.01526	0.02027	0.01885	0.01308	0.01666	0.01721	0.01780	0.01389	0.00580	0.01628	0.02175
28210	2.32446	2.25099	1.88707	10.53759	9.70738	8.96438	10.96828	7.79626	5.16779	7.05393	6.76404	6.23916	4.41600	3.80336	3.34362	18.10491	14.67281	11.49825
28370	2.32496	2.25410	1.88964	10.53922	9.71063	8.96700	10.96031	7.79838	5.17207	7.05717	6.76748	6.24364	4.41859	3.80704	3.34449	18.11210	14.67596	11.50112
28540	2.32282	2.25049	1.88457	10.53745	9.70721	8.96433	10.95382	7.78723	5.16351	7.05472	6.76483	6.24106	4.41368	3.80440	3.34532	18.10762	14.67231	11.49511
28700	2.32369	2.25333	1.88956	10.53433	9.70542	8.96343	10.94719	7.79478	5.16734	7.05358	6.76390	6.24070	4.41423	3.80185	3.34038	18.10585	14.67270	11.49663
28870	2.32108	2.25119	1.88777	10.53583	9.70674	8.96561	10.96458	7.79949	5.17388	7.05471	6.76444	6.23948	4.42164	3.80679	3.34729	18.10691	14.67240	11.49763
29030	2.32265	2.25241	1.88349	10.53338	9.70257	8.95988	10.95438	7.80196	5.16894	7.05048	6.75970	6.23678	4.42406	3.81156	3.34995	18.10008	14.67306	11.49815
29190	2.32643	2.25495	1.89090	10.53273	9.70217	8.96198	10.95892	7.80074	5.17750	7.05200	6.75975	6.23738	4.42165	3.81183	3.34920	18.09090	14.66748	11.49332
29360	2.32331	2.25152	1.88890	10.52830	9.69857	8.95947	10.95787	7.79608	5.16879	7.05020	6.75775	6.23495	4.41553	3.80593	3.34420	18.09243	14.66592	11.49064
29520	2.32445	2.25178	1.88678	10.52490	9.69457	8.95307	10.96206	7.79777	5.17145	7.04522	6.75378	6.23167	4.42026	3.80682	3.34670	18.08866	14.66659	11.49306
29690	2.32418	2.25255	1.88654	10.52662	9.69745	8.95795	10.96600	7.79834	5.17088	7.04789	6.75733	6.23407	4.41998	3.80845	3.34932	18.09732	14.66751	11.49329	29.61	6.0	0.00	-2.04	0.01750	0.01210	0.01530	0.01846	0.01911	0.01493	0.00551	0.01526	0.02027	0.01885	0.01308	0.01666	0.01720	0.01779	0.01389	0.00580	0.01628	0.02175
29860	2.32576	2.25275	1.89116	10.52674	9.69766	8.95783	10.94994	7.80506	5.17337	7.04842	6.75671	6.23316	4.42214	3.81198	3.35089	18.09779	14.66931	11.49466
30020	2.32864	2.25508	1.89137	10.53006	9.70065	8.95976	10.95845	7.80098	5.17371	7.05150	6.75944	6.23573	4.41881	3.80944	3.34971	18.10498	14.66862	11.49178
30190	2.32572	2.25502	1.88921	10.52860	9.69833	8.95621	10.95978	7.79686	5.17213	7.04903	6.75819	6.23524	4.41815	3.80598	3.34453	18.09485	14.66898	11.49050
30350	2.32311	2.25277	1.88816	10.52795	9.69929	8.95875	10.95043	7.79928	5.17298	7.05137	6.76057	6.23881	4.41738	3.80685	3.34370	18.09803	14.67343	11.49446
30520	2.32195	2.25158	1.88913	10.52869	9.69854	8.95725	10.95098	7.79511	5.16862	7.04816	6.75784	6.23598	4.41991	3.80904	3.35051	18.10486	14.67204	11.49651
30680	2.32572	2.25473	1.88962	10.53094	9.70069	8.96054	10.95734	7.79580	5.17355	7.05030	6.75899	6.23765	4.41813	3.80835	3.34492	18.09391	14.66756	11.49211
30850	2.32301	2.25038	1.88699	10.52873	9.69975	8.95861	10.95105	7.79453	5.16686	7.04962	6.75746	6.23481	4.41558	3.80701	3.34250	18.08826	14.66473	11.48724
31010	2.32568	2.25389	1.89252	10.52824	9.69797	8.95931	10.95971	7.79554	5.17158	7.05076	6.76008	6.23702	4.41827	3.80624	3.34475	18.09944	14.66767	11.49236
31180	2.32351	2.25254	1.88687	10.52785	9.69782	8.95637	10.94945	7.79469	5.16846	7.04807	6.75768	6.23467	4.41582	3.80419	3.34299	18.08767	14.66250	11.48718
31340	2.32095	2.25102	1.88732	10.52417	9.69678	8.95532	10.94926	7.79585	5.16943	7.04671	6.75679	6.23343	4.41717	3.80753	3.34150	18.09194	14.66417	11.48840	29.61	6.1	0.00	-2.04	0.01750	0.01210	0.01530	0.01846	0.01911	0.01493	0.00551	0.01526	0.02027	0.01885	0.01308	0.01666	0.01720	0.01779	0.01389	0.00580	0.01628	0.02175
31510	2.32312	2.25372	1.88754	10.52732	9.69760	8.95683	10.94626	7.79877	5.16930	7.04786	6.75908	6.23520	4.41681	3.80587	3.34306	18.08758	14.66184	11.48707
31670	2.32469	2.25595	1.88855	10.52988	9.70141	8.95957	10.97623	7.79908	5.17360	7.05118	6.76175	6.23855	4.41824	3.80934	3.34659	18.09123	14.66314	11.48786
31840	2.32717	2.25403	1.88924	10.52626	9.70017	8.95670	10.95770	7.79976	5.17466	7.04974	6.76061	6.23660	4.41898	3.80663	3.34467	18.08782	14.65912	11.48577
32000	2.32359	2.25310	1.88857	10.52638	9.69918	8.95555	10.95114	7.79557	5.17141	7.04842	6.75849	6.23525	4.42080	3.80796	3.34797	18.09323	14.66081	11.48517
32170	2.32624	2.25186	1.88971	10.52650	9.69826	8.95435	10.95393	7.79956	5.17123	7.04724	6.75778	6.23500	4.41993	3.80816	3.34777	18.08147	14.66339	11.48976
32330	2.32590	2.25598	1.89207	10.52833	9.69989	8.95658	10.96308	7.80378	5.17648	7.04841	6.75939	6.23607	4.41941	3.80951	3.34579	18.08570	14.66348	11.48694
32500	2.32527	2.25487	1.88865	10.52518	9.69865	8.95455	10.94940	7.79130	5.16846	7.04637	6.75800	6.23451	4.41673	3.80659	3.34322	18.08676	14.66087	11.48468
32660	2.32238	2.25168	1.88900	10.52566	9.69666	8.95391	10.94542	7.79460	5.17048	7.04580	6.75677	6.23413	4.42148	3.81186	3.34945	18.08711	14.66412	11.48907
32830	2.32920	2.25435	1.89207	10.52935	9.70025	8.95891	10.96658	7.80099	5.17535	7.04926	6.75946	6.23606	4.42006	3.80741	3.34872	18.09158	14.66245	11.48644
32990	2.32310	2.25583	1.88514	10.52454	9.69647	8.95556	10.94987	7.79731	5.17170	7.04612	6.75519	6.23367	4.41683	3.80470	3.34349	18.07564	14.65429	11.48105	29.72	6.0	0.00	-2.04	0.01750	0.01209	0.01529	0.01846	0.01911	0.01493	0.00551	0.01526	0.02027	0.01885	0.01308	0.01666	0.01720	0.01779	0.01389	0.00580	0.01628	0.02175
33160	2.32475	2.25320	1.89067	10.52374	9.69563	8.95502	10.95692	7.79592	5.17137	7.04863	6.75763	6.23507	4.41824	3.80822	3.34787	18.09258	14.66132	11.48596
33320	2.32532	2.25293	1.88967	10.52175	9.69412	8.95449	10.94945	7.79873	5.17176	7.04681	6.75571	6.23396	4.41834	3.80711	3.34668	18.09234	14.66248	11.48830
33490	2.32627	2.25423	1.89232	10.52418	9.69760	8.95693	10.95671	7.80251	5.17545	7.05005	6.75894	6.23772	4.42203	3.80495	3.34463	18.09458	14.66040	11.48610
33650	2.32716	2.25630	1.89332	10.52638	9.69871	8.95813	10.95217	7.79861	5.17437	7.05106	6.75951	6.23978	4.42005	3.81231	3.35002	18.09411	14.66198	11.48727
33820	2.32441	2.25441	1.89053	10.52313	9.69458	8.95544	10.95447	7.79782	5.17329	7.04879	6.75735	6.23632	4.41859	3.80887	3.34709	18.08893	14.66218	11.48613
33980	2.32244	2.25416	1.88756	10.52196	9.69473	8.95617	10.94128	7.79676	5.17043	7.04889	6.75687	6.23600	4.41855	3.80852	3.34950	18.08517	14.65935	11.48521
34150	2.32828	2.25605	1.89303	10.52101	9.69532	8.95514	10.95552	7.80046	5.17718	7.04835	6.75700	6.23549	4.42168	3.80867	3.34961	18.08281	14.66035	11.48561
34310	2.32763	2.25773	1.89245	10.52463	9.69801	8.95742	10.95552	7.80001	5.17379	7.05191	6.75838	6.23702	4.42062	3.80987	3.35059	18.08587	14.66054	11.48492
34480	2.32801	2.25382	1.88903	10.52109	9.69433	8.95301	10.94094	7.79690	5.17292	7.04772	6.75403	6.23261	4.42225	3.81402	3.35370	18.08481	14.66026	11.48569
34640	2.32885	2.25398	1.89205	10.52360	9.69627	8.95401	10.95581	7.79599	5.17240	7.04952	6.75566	6.23582	4.41865	3.80837	3.34720	18.07652	14.65884	11.48352	29.61	6.1	0.00	-2.04	0.01750	0.01209	0.01529	0.01846	0.01911	0.01493	0.00551	0.01526	0.02027	0.01885	0.01308	0.01666	0.01720	0.01779	0.01389	0.00580	0.01628	0.02175
34810	2.32482	2.25245	1.88823	10.52273	9.69574	8.95382	10.94492	7.79861	5.17057	7.04871	6.75518	6.23533	4.41933	3.80910	3.34856	18.08110	14.65926	11.48502
34970	2.32596	2.25581	1.89142	10.52096	9.69424	8.95326	10.95190	7.79711	5.17248	7.04937	6.75559	6.23552	4.41668	3.80677	3.34432	18.08404	14.65809	11.48388
35140	2.32369	2.25565	1.89045	10.52144	9.69583	8.95415	10.95127	7.80215	5.17543	7.05193	6.75825	6.23668	4.42155	3.81011	3.35117	18.08298	14.66137	11.48667
35300	2.32837	2.25395	1.88878	10.52332	9.69603	8.95536	10.96021	7.79533	5.16783	7.05237	6.75774	6.23803	4.41982	3.81169	3.35063	18.08169	14.66626	11.48811
35470	2.32983	2.25773	1.89105	10.52356	9.69685	8.95790	10.94346	7.80051	5.17264	7.05216	6.75798	6.23834	4.41601	3.80779	3.34860	18.09157	14.66181	11.48618
35630	2.32467	2.25389	1.89223	10.52335	9.69784	8.95933	10.97133	7.80275	5.17753	7.05552	6.76135	6.24164	4.42439	3.81233	3.35253	18.09110	14.66734	11.49055
35800	2.32614	2.25582	1.89005	10.52686	9.69808	8.95814	10.94562	7.79526	5.17155	7.05314	6.75844	6.23939	4.41792	3.81054	3.34907	18.08804	14.66154	11.48737
35960	2.32528	2.25453	1.88920	10.52145	9.69489	8.95519	10.95874	7.79610	5.17063	7.05166	6.75722	6.23881	4.41871	3.80880	3.34819	18.08521	14.66387	11.48953
36130	2.32682	2.25523	1.88940	10.52425	9.69611	8.95723	10.94234	7.79883	5.17177	7.05252	6.75895	6.23914	4.41701	3.80769	3.34632	18.09074	14.65915	11.48357
36290	2.32696	2.25417	1.89052	10.52291	9.69734	8.95688	10.96205	7.80506	5.17382	7.05358	6.76013	6.24097	4.42356	3.80837	3.34894	18.09159	14.66221	11.48840	29.72	6.1	0.00	-2.04	0.01750	0.01209	0.01529	0.01846	0.01911	0.01493	0.00551	0.01526	0.02027	0.01885	0.01308	0.01666	0.01720	0.01779	0.01389	0.00580	0.01628	0.02175
36460	2.32517	2.25434	1.89080	10.52263	9.69628	8.95761	10.94745	7.79846	5.17186	7.05368	6.75993	6.24065	4.41717	3.80857	3.34928	18.09218	14.66562	11.48863
36620	2.32573	2.25377	1.89140	10.52185	9.69648	8.95698	10.95933	7.79528	5.17133	7.05304	6.75980	6.23975	4.41944	3.80820	3.34833	18.09582	14.66857	11.49204
36790	2.32616	2.25476	1.89093	10.52693	9.70044	8.96009	10.95709	7.80120	5.17318	7.05535	6.76308	6.24289	4.41629	3.80685	3.34658	18.10466	14.66590	11.49029
36950	2.32907	2.25780	1.89226	10.53081	9.70518	8.96473	10.95374	7.80542	5.17821	7.05886	6.76624	6.24642	4.42144	3.81029	3.35105	18.10030	14.66932	11.49474
37120	2.32740	2.25488	1.89202	10.53000	9.70391	8.96134	10.96296	7.80428	5.17290	7.05767	6.76400	6.24449	4.41801	3.80814	3.34560	18.09194	14.66982	11.49108
37280	2.32629	2.25306	1.89050	10.52762	9.70004	8.95816	10.95723	7.79605	5.16971	7.05341	6.76128	6.24138	4.41813	3.81033	3.34522	18.09924	14.66801	11.49193
37450	2.32663	2.25487	1.88990	10.52882	9.70232	8.96001	10.94815	7.79309	5.16831	7.05555	6.76232	6.24242	4.41744	3.80630	3.34709	18.09771	14.66896	11.49347
37610	2.32780	2.25628	1.89328	10.53070	9.70539	8.96261	10.96079	7.79906	5.17240	7.05861	6.76643	6.24567	4.41904	3.80774	3.34634	18.10289	14.67177	11.49458
37780	2.32777	2.25469	1.89370	10.53377	9.70779	8.96573	10.96855	7.79961	5.17422	7.06087	6.76853	6.24812	4.42250	3.80909	3.34650	18.10254	14.67268	11.49622
37940	2.32622	2.25459	1.88922	10.53342	9.70610	8.96175	10.94544	7.79471	5.17064	7.05756	6.76565	6.24456	4.41891	3.80992	3.34826	18.09808	14.67219	11.49723	29.72	6.1	0.00	-2.04	0.01750	0.01209	0.01529	0.01846	0.01911	0.01493	0.00551	0.01526	0.02027	0.01885	0.01308	0.01666	0.01720	0.01779	0.01389	0.00580	0.01628	0.02175
38110	2.32810	2.25548	1.89197	10.53698	9.70840	8.96398	10.95319	7.79815	5.17185	7.05778	6.76635	6.24502	4.41811	3.80770	3.34678	18.09513	14.67008	11.49376
38270	2.32645	2.25365	1.89183	10.53336	9.70730	8.96365	10.95172	7.80381	5.17151	7.05801	6.76686	6.24552	4.42057	3.80875	3.34724	18.09502	14.66997	11.49631
38430	2.32412	2.25460	1.88996	10.53404	9.70669	8.96177	10.95067	7.79241	5.17048	7.05698	6.76631	6.24410	4.41858	3.80887	3.34535	18.09866	14.67125	11.49592
38600	2.32656	2.25468	1.89069	10.53504	9.70864	8.96421	10.95451	7.79463	5.17031	7.05903	6.76720	6.24678	4.41752	3.80830	3.34692	18.09149	14.67066	11.49599
38760	2.32595	2.25236	1.88856	10.53546	9.70835	8.96364	10.95388	7.79475	5.16836	7.05841	6.76769	6.24717	4.41871	3.80740	3.34651	18.09749	14.67041	11.49672
38930	2.32523	2.25433	1.88949	10.53313	9.70633	8.96345	10.94997	7.79394	5.16889	7.05785	6.76820	6.24605	4.41818	3.80853	3.34819	18.09961	14.67233	11.49793
39090	2.32591	2.25387	1.88985	10.53638	9.70918	8.96576	10.95759	7.79329	5.17378	7.06070	6.77117	6.24805	4.41720	3.80541	3.34658	18.10043	14.67086	11.49629
39260	2.32759	2.25739	1.89312	10.53842	9.71377	8.96965	10.95982	7.80304	5.17415	7.06429	6.77422	6.24955	4.42284	3.81070	3.34886	18.10020	14.67492	11.49997
39420	2.32886	2.25410	1.89167	10.53824	9.71108	8.96791	10.94662	7.79131	5.17114	7.06138	6.77116	6.24878	4.41583	3.80908	3.34845	18.10008	14.67319	11.49880
39590	2.32560	2.25251	1.89107	10.53569	9.70786	8.96533	10.95817	7.79792	5.16809	7.05960	6.77000	6.24753	4.41851	3.80827	3.34731	18.10003	14.67460	11.50066	29.66	6.1	0.00	-2.04	0.01750	0.01209	0.01529	0.01846	0.01911	0.01493	0.00551	0.01526	0.02027	0.01885	0.01308	0.01666	0.01720	0.01779	0.01389	0.00580	0.01628	0.02175
39760	2.32715	2.25771	1.89377	10.53788	9.71032	8.96764	10.96383	7.79944	5.17143	7.06160	6.77133	6.24881	4.41602	3.80785	3.34358	18.09615	14.66973	11.49851
39920	2.32784	2.25537	1.89273	10.53960	9.71335	8.97129	10.96425	7.80015	5.17651	7.06507	6.77472	6.25431	4.41958	3.81378	3.34776	18.10039	14.67685	11.50423
40090	2.32733	2.25661	1.89088	10.53988	9.71198	8.96967	10.96223	7.79495	5.17094	7.06440	6.77370	6.25144	4.41565	3.80742	3.34386	18.09980	14.67504	11.50014
40250	2.32680	2.25284	1.89020	10.53622	9.70898	8.96773	10.94763	7.79553	5.17064	7.06344	6.77285	6.25117	4.41715	3.80825	3.34789	18.10545	14.67838	11.50413
40420	2.32902	2.25613	1.89360	10.54003	9.71296	8.97169	10.95873	7.79965	5.17376	7.06675	6.77398	6.25311	4.41717	3.81273	3.34952	18.11182	14.67693	11.50226
40580	2.32872	2.25801	1.89316	10.53834	9.70957	8.96870	10.96593	7.79946	5.17239	7.06407	6.77176	6.25174	4.42068	3.81325	3.34908	18.10816	14.67952	11.50523
40750	2.33186	2.25629	1.89253	10.54221	9.71496	8.97268	10.94540	7.80201	5.17552	7.06849	6.77623	6.25668	4.42001	3.81109	3.35204	18.10439	14.67899	11.50433
40910	2.32928	2.25517	1.89117	10.53996	9.71284	8.97274	10.95021	7.79507	5.17305	7.06895	6.77606	6.25565	4.41660	3.81121	3.34751	18.10557	14.67515	11.50260
41080	2.32753	2.25800	1.89402	10.54110	9.71472	8.97381	10.96356	7.80565	5.17616	7.06803	6.77711	6.25522	4.42106	3.81308	3.34933	18.10380	14.67905	11.50564
41250	2.32874	2.25602	1.89267	10.53909	9.71072	8.97031	10.94697	7.79893	5.17411	7.06487	6.77335	6.25391	4.41915	3.81038	3.34891	18.10882	14.67962	11.50452	29.61	6.2	0.00	-2.04	0.01749	0.01209	0.01529	0.01846	0.01911	0.01493	0.00551	0.01525	0.02027	0.01885	0.01308	0.01666	0.01720	0.01779	0.01388	0.00580	0.01628	0.02175
41410	2.32675	2.25432	1.89009	10.53907	9.71030	8.96937	10.96010	7.79706	5.17044	7.06497	6.77339	6.25315	4.42010	3.81246	3.34952	18.10505	14.68081	11.50609
41580	2.32895	2.25566	1.89254	10.54188	9.71260	8.97252	10.96807	7.79812	5.16965	7.06792	6.77568	6.25529	4.41867	3.81123	3.34863	18.11294	14.68137	11.50478
41740	2.32961	2.25554	1.89438	10.54003	9.71084	8.97040	10.96003	7.79863	5.17157	7.06584	6.77402	6.25394	4.41928	3.81004	3.34473	18.10340	14.67636	11.50059
41910	2.32829	2.25483	1.89400	10.53951	9.71209	8.97112	10.95870	7.80204	5.17581	7.06688	6.77589	6.25564	4.42100	3.81102	3.34902	18.10634	14.67914	11.50253
42070	2.32782	2.25331	1.89297	10.53940	9.70941	8.96954	10.95165	7.79503	5.17192	7.06393	6.77262	6.25114	4.42088	3.81350	3.35174	18.10917	14.68151	11.50732
42240	2.33040	2.25895	1.89364	10.54232	9.71290	8.97182	10.95688	7.80069	5.17299	7.06611	6.77387	6.25295	4.41842	3.81002	3.34987	18.10799	14.67981	11.50494
42400	2.32739	2.25621	1.89177	10.53987	9.71197	8.97194	10.95053	7.79999	5.17188	7.06740	6.77328	6.25510	4.42003	3.80994	3.34541	18.10080	14.67806	11.50370
42570	2.32883	2.25673	1.89435	10.54321	9.71553	8.97526	10.95618	7.80122	5.17715	7.07162	6.77777	6.25872	4.42374	3.81293	3.35054	18.11459	14.68268	11.50820
42730	2.32928	2.25564	1.89280	10.54319	9.71477	8.97422	10.96275	7.79766	5.17309	7.06878	6.77734	6.25596	4.41742	3.80840	3.34639	18.10234	14.67875	11.50616
42900	2.32507	2.25308	1.89151	10.54185	9.71363	8.97333	10.96320	7.79501	5.17300	7.06876	6.77612	6.25612	4.41976	3.81327	3.34772	18.11366	14.68102	11.50497	29.61	6.1	0.00	-2.04	0.01750	0.01209	0.01529	0.01846	0.01911	0.01493	0.00551	0.01526	0.02027	0.01885	0.01308	0.01666	0.01720	0.01779	0.01389	0.00580	0.01628	0.02175
43060	2.32847	2.25226	1.89046	10.54328	9.71365	8.97296	10.95796	7.79478	5.17079	7.06754	6.77604	6.25551	4.41733	3.80780	3.34648	18.11414	14.67924	11.50520
43230	2.32718	2.25588	1.89179	10.54275	9.71347	8.97464	10.95935	7.79905	5.17184	7.07013	6.77753	6.25791	4.41869	3.80682	3.34592	18.09964	14.68055	11.50650
43390	2.32595	2.25468	1.89387	10.54385	9.71713	8.97576	10.95586	7.79797	5.17304	7.07051	6.77930	6.25759	4.42061	3.81098	3.34696	18.10989	14.68314	11.50768
43560	2.32591	2.25252	1.89059	10.54319	9.71517	8.97386	10.94853	7.79230	5.16813	7.06731	6.77562	6.25443	4.41747	3.81010	3.34891	18.11178	14.68625	11.51045
43720	2.32841	2.25487	1.89053	10.54796	9.71908	8.97700	10.96026	7.80115	5.17031	7.07003	6.77947	6.25704	4.42098	3.80940	3.34578	18.10812	14.68252	11.50797
43890	2.32708	2.25381	1.88840	10.54390	9.71767	8.97665	10.94637	7.78604	5.16600	7.06970	6.77865	6.25653	4.41303	3.80482	3.34429	18.11296	14.68202	11.50755
44050	2.32622	2.25411	1.89084	10.54597	9.71906	8.97795	10.96432	7.79329	5.16893	7.07118	6.78141	6.25940	4.41502	3.80595	3.34202	18.11709	14.68589	11.50872
44220	2.32370	2.25340	1.88749	10.54548	9.71680	8.97377	10.94016	7.78931	5.16337	7.06702	6.77808	6.25582	4.41644	3.81062	3.34954	18.12653	14.68879	11.51306
44380	2.32828	2.25556	1.89288	10.54724	9.71928	8.97636	10.95537	7.78967	5.17241	7.06952	6.77979	6.25831	4.41756	3.80604	3.34704	18.11166	14.68383	11.50881
44550	2.32632	2.25457	1.89168	10.54634	9.71691	8.97601	10.95649	7.78769	5.16759	7.06960	6.77903	6.25908	4.41316	3.80557	3.34358	18.11371	14.68253	11.50813	29.61	5.9	0.00	-2.04	0.01750	0.01209	0.01529	0.01846	0.01911	0.01493	0.00551	0.01526	0.02027	0.01885	0.01308	0.01666	0.01720	0.01779	0.01389	0.00580	0.01628	0.02175
44710	2.32832	2.25767	1.89389	10.54941	9.72056	8.97944	10.95209	7.79117	5.17134	7.07315	6.78290	6.26223	4.41785	3.80829	3.34908	18.12646	14.68790	11.51003
44880	2.32881	2.25391	1.89246	10.54735	9.71914	8.97640	10.94958	7.79495	5.17131	7.07174	6.78242	6.26037	4.41812	3.81003	3.34570	18.11666	14.68211	11.50639
45040	2.32606	2.25195	1.89032	10.54531	9.71726	8.97515	10.94811	7.79039	5.16538	7.06833	6.78071	6.25697	4.41505	3.80823	3.34580	18.11466	14.68579	11.51016
45210	2.32539	2.25410	1.89148	10.54810	9.71922	8.97616	10.94839	7.79384	5.16868	7.07080	6.78282	6.25832	4.41883	3.80960	3.35092	18.11265	14.68841	11.51204
45370	2.32795	2.25531	1.89152	10.55037	9.72204	8.97941	10.96313	7.79570	5.16964	7.07228	6.78478	6.26240	4.41606	3.80730	3.34170	18.11195	14.68523	11.50905
45540	2.32615	2.25169	1.89138	10.54655	9.71800	8.97584	10.95007	7.79469	5.17010	7.07001	6.78179	6.25950	4.41777	3.80867	3.34598	18.11124	14.68350	11.50659
45700	2.32508	2.25245	1.89041	10.54405	9.71698	8.97499	10.93925	7.78931	5.16958	7.07012	6.78361	6.26003	4.41428	3.80803	3.34546	18.10782	14.68543	11.50789
45870	2.32635	2.25248	1.89019	10.54571	9.71751	8.97540	10.94958	7.79346	5.16637	7.06998	6.78272	6.26025	4.41742	3.80817	3.34678	18.10652	14.68774	11.50953
46030	2.32857	2.25449	1.89195	10.54930	9.72006	8.97732	10.94986	7.79382	5.16889	7.07268	6.78530	6.26344	4.41613	3.80726	3.34487	18.10511	14.68490	11.50815
46200	2.32602	2.25479	1.89174	10.54618	9.71856	8.97668	10.94504	7.79511	5.16931	7.07264	6.78379	6.26197	4.41607	3.80505	3.34326	18.10497	14.68254	11.50666	29.66	6.0	0.00	-2.04	0.01750	0.01209	0.01529	0.01846	0.01911	0.01493	0.00551	0.01526	0.02027	0.01885	0.01308	0.01665	0.01720	0.01779	0.01389	0.00580	0.01628	0.02175
46370	2.32676	2.25351	1.89213	10.54729	9.72047	8.97762	10.94169	7.79810	5.17016	7.07195	6.78399	6.26185	4.41828	3.80675	3.34674	18.10839	14.68299	11.50817
46530	2.32535	2.25309	1.88925	10.54613	9.71710	8.97400	10.94093	7.79401	5.16610	7.07057	6.78183	6.25833	4.41735	3.81245	3.34961	18.12030	14.68513	11.51120
46700	2.32994	2.25611	1.89486	10.54853	9.71998	8.97726	10.93855	7.79565	5.16901	7.07305	6.78606	6.26321	4.41529	3.80907	3.34691	18.10850	14.68106	11.50869
46860	2.32665	2.25403	1.89091	10.54541	9.71672	8.97506	10.95188	7.79702	5.16821	7.07170	6.78311	6.26189	4.41427	3.80665	3.34648	18.09696	14.67876	11.50625
47030	2.32666	2.25361	1.89269	10.54928	9.72143	8.98075	10.96061	7.79740	5.16973	7.07763	6.78829	6.26641	4.41691	3.81025	3.34678	18.11463	14.68248	11.51044
47190	2.32861	2.25361	1.89005	10.54758	9.71819	8.97758	10.95782	7.79338	5.16663	7.07300	6.78310	6.26166	4.41717	3.81024	3.34860	18.10850	14.68388	11.51057
47360	2.32819	2.25512	1.89185	10.54789	9.71909	8.97763	10.94853	7.79470	5.16826	7.07193	6.78339	6.26192	4.41604	3.81070	3.34669	18.09931	14.67773	11.50592
47520	2.32637	2.25442	1.89076	10.54308	9.71529	8.97609	10.94630	7.79345	5.16605	7.07022	6.78269	6.26077	4.41663	3.80861	3.34715	18.10532	14.67920	11.50498
47690	2.32771	2.25508	1.89181	10.54570	9.71669	8.97849	10.94776	7.79449	5.17014	7.07381	6.78468	6.26359	4.41815	3.80980	3.34430	18.09472	14.67917	11.50582
47850	2.32401	2.25318	1.88916	10.54271	9.71410	8.97527	10.93916	7.79188	5.16619	7.06968	6.78087	6.26060	4.41581	3.80692	3.34638	18.10496	14.67950	11.50728	29.66	6.0	0.00	-2.04	0.01750	0.01209	0.01529	0.01846	0.01911	0.01493	0.00551	0.01525	0.02027	0.01885	0.01308	0.01665	0.01720	0.01779	0.01389	0.00580	0.01628	0.02175
48020	2.32765	2.25527	1.89232	10.54555	9.71875	8.97813	10.93930	7.79345	5.16871	7.07354	6.78437	6.26408	4.41644	3.80647	3.34590	18.10284	14.68256	11.50880
48180	2.32640	2.25366	1.89149	10.54753	9.71920	8.97827	10.94376	7.79381	5.16632	7.07491	6.78501	6.26526	4.41721	3.81097	3.34662	18.11310	14.68521	11.51211
48350	2.32713	2.25419	1.89379	10.55029	9.72048	8.98000	10.95514	7.79650	5.16943	7.07658	6.78703	6.26622	4.41818	3.80893	3.34566	18.10544	14.68268	11.50870
48510	2.32778	2.25420	1.89302	10.54896	9.71957	8.98043	10.95144	7.79448	5.16985	7.07499	6.78496	6.26482	4.41567	3.80691	3.34410	18.10308	14.67909	11.50626
48680	2.32783	2.25621	1.89243	10.54758	9.71998	8.98125	10.96115	7.79503	5.17203	7.07721	6.78773	6.26763	4.41812	3.80803	3.34782	18.11286	14.68087	11.50905
48840	2.32602	2.25219	1.88911	10.54574	9.71792	8.97671	10.94369	7.79673	5.16744	7.07420	6.78376	6.26400	4.42099	3.80895	3.34794	18.10037	14.68390	11.51147
49010	2.32849	2.25459	1.89507	10.54881	9.72088	8.97884	10.95556	7.79662	5.17031	7.07559	6.78530	6.26504	4.41692	3.80719	3.34538	18.10673	14.67928	11.50628
49170	2.32427	2.25134	1.89224	10.54459	9.71652	8.97547	10.95270	7.79432	5.17020	7.07245	6.78139	6.26254	4.41723	3.80702	3.34581	18.10579	14.67767	11.50414
49340	2.32562	2.25213	1.89137	10.54534	9.71875	8.97649	10.95899	7.79128	5.17076	7.07408	6.78527	6.26493	4.42077	3.80926	3.34502	18.10202	14.68037	11.50585
49500	2.32519	2.25294	1.89053	10.54498	9.71618	8.97488	10.95114	7.79305	5.16824	7.07319	6.78208	6.26323	4.41668	3.80899	3.34864	18.10674	14.68535	11.51095	29.61	6.1	0.00	-2.04	0.01749	0.01209	0.01529	0.01846	0.01911	0.01493	0.00551	0.01525	0.02027	0.01885	0.01308	0.01665	0.01720	0.01779	0.01388	0.00580	0.01628	0.02175
49670	2.32898	2.25438	1.89082	10.54765	9.71911	8.97837	10.94778	7.78961	5.16919	7.07461	6.78452	6.26539	4.41625	3.80584	3.34481	18.10745	14.68131	11.50680
49830	2.32818	2.25590	1.89359	10.54800	9.72166	8.98181	10.95169	7.79588	5.17117	7.07721	6.78688	6.26629	4.41915	3.80848	3.34976	18.11216	14.68451	11.50984
50000	2.32734	2.25299	1.89261	10.54580	9.71866	8.97683	10.95826	7.78789	5.16928	7.07384	6.78331	6.26388	4.41813	3.81066	3.34655	18.11582	14.68738	11.51158
50160	2.32780	2.25556	1.89182	10.54961	9.72117	8.97998	10.94067	7.79382	5.16787	7.07586	6.78543	6.26510	4.41538	3.80860	3.34317	18.10698	14.68432	11.50926
50320	2.32541	2.25130	1.89064	10.54948	9.72260	8.98095	10.95428	7.79812	5.16939	7.07854	6.78727	6.26805	4.42037	3.81093	3.34331	18.11122	14.68176	11.50946
50490	2.32704	2.25057	1.89063	10.54773	9.71960	8.97915	10.93335	7.79417	5.16686	7.07491	6.78569	6.26427	4.41588	3.80558	3.34458	18.10886	14.68206	11.50779
50650	2.32572	2.25132	1.89183	10.54490	9.71737	8.97776	10.95274	7.79629	5.16730	7.07428	6.78360	6.26377	4.41536	3.80427	3.34270	18.10686	14.68090	11.50617
50820	2.32447	2.25083	1.89231	10.54514	9.71968	8.98051	10.95644	7.80004	5.17263	7.07768	6.78754	6.26873	4.42001	3.81056	3.34929	18.11959	14.68485	11.51071
50980	2.32753	2.25230	1.89351	10.54940	9.72029	8.97907	10.94855	7.79260	5.16902	7.07543	6.78382	6.26508	4.41825	3.81117	3.34801	18.11075	14.68337	11.50948
51150	2.32720	2.25480	1.89188	10.54775	9.71911	8.97986	10.94978	7.79250	5.16777	7.07560	6.78406	6.26538	4.41801	3.80695	3.34599	18.10477	14.67811	11.50569	29.61	6.0	0.00	-2.04	0.01749	0.01209	0.01529	0.01846	0.01911	0.01493	0.00551	0.01525	0.02027	0.01885	0.01308	0.01666	0.01720	0.01779	0.01388	0.00580	0.01628	0.02175
51310	2.32510	2.25200	1.89436	10.54487	9.71871	8.97953	10.95523	7.79993	5.17296	7.07785	6.78751	6.26719	4.41900	3.81049	3.34857	18.10712	14.68139	11.50934
51480	2.32739	2.25286	1.89044	10.54605	9.71795	8.97593	10.94476	7.79128	5.16737	7.07525	6.78447	6.26490	4.41765	3.81063	3.34976	18.10854	14.68231	11.50939
51640	2.32644	2.25453	1.89270	10.54734	9.71903	8.97873	10.95083	7.79619	5.16634	7.07520	6.78464	6.26702	4.41681	3.80645	3.34655	18.10877	14.68039	11.50720
51800	2.32750	2.25577	1.89364	10.54677	9.71867	8.97878	10.94476	7.79954	5.17055	7.07643	6.78686	6.26657	4.41820	3.80844	3.34413	18.10300	14.67980	11.50809
51970	2.32518	2.25301	1.88903	10.54254	9.71535	8.97550	10.95314	7.79072	5.16599	7.07269	6.78336	6.26267	4.41717	3.80914	3.34915	18.10477	14.68139	11.50990
52130	2.32607	2.25210	1.89376	10.54639	9.71920	8.97730	10.94895	7.79224	5.16999	7.07483	6.78488	6.26528	4.41660	3.80822	3.34524	18.09546	14.67833	11.50668
52300	2.32678	2.25453	1.89456	10.54725	9.72025	8.97990	10.96935	7.79932	5.17299	7.07767	6.78929	6.26998	4.41862	3.81098	3.34849	18.10383	14.68301	11.50956
52460	2.32644	2.25334	1.89181	10.54650	9.71984	8.97886	10.95307	7.79368	5.17044	7.07557	6.78600	6.26658	4.41738	3.81114	3.34801	18.09864	14.67911	11.50762
52630	2.32680	2.25093	1.89133	10.54478	9.71786	8.97628	10.95237	7.79251	5.16885	7.07392	6.78392	6.26450	4.41820	3.80814	3.34511	18.09841	14.67900	11.50658
52790	2.32647	2.25363	1.89075	10.54293	9.71655	8.97563	10.95014	7.79808	5.16927	7.07402	6.78364	6.26486	4.41784	3.80919	3.34814	18.10962	14.67856	11.50604	29.72	6.0	0.00	-2.04	0.01749	0.01209	0.01529	0.01846	0.01911	0.01493	0.00551	0.01525	0.02026	0.01885	0.01308	0.01666	0.01720	0.01779	0.01388	0.00580	0.01628	0.02175
52960	2.32667	2.25292	1.89302	10.54647	9.72030	8.97999	10.95817	7.79800	5.17281	7.07674	6.78812	6.26772	4.41733	3.81042	3.34926	18.10573	14.68204	11.50871
53120	2.32668	2.25301	1.89128	10.54469	9.71569	8.97518	10.95978	7.79263	5.16734	7.07382	6.78453	6.26351	4.41726	3.81173	3.34597	18.10173	14.67898	11.50723
53290	2.32608	2.25161	1.89297	10.54475	9.71782	8.97858	10.94261	7.79506	5.17085	7.07568	6.78664	6.26633	4.41779	3.80989	3.34999	18.10114	14.67965	11.50907
53460	2.32629	2.25396	1.89351	10.54614	9.71724	8.97793	10.95315	7.79518	5.16875	7.07439	6.78665	6.26629	4.41738	3.81000	3.34588	18.10361	14.68121	11.50985
53620	2.33116	2.25553	1.89471	10.54837	9.71829	8.98022	10.95308	7.79548	5.16982	7.07619	6.78641	6.26708	4.41886	3.80945	3.34770	18.10703	14.68026	11.50713
53790	2.32727	2.25517	1.89502	10.54356	9.71647	8.97607	10.95112	7.79740	5.17046	7.07261	6.78466	6.26389	4.41701	3.80733	3.34761	18.10502	14.67511	11.50346
53950	2.32462	2.25464	1.89156	10.54229	9.71683	8.97774	10.95238	7.79632	5.17273	7.07570	6.78652	6.26610	4.42150	3.81210	3.34911	18.10832	14.67904	11.50760
54120	2.32744	2.25445	1.89297	10.54369	9.71465	8.97599	10.96160	7.79212	5.17048	7.07339	6.78323	6.26454	4.41666	3.80761	3.34406	18.10479	14.67812	11.50523
54280	2.32605	2.25482	1.89263	10.54038	9.71313	8.97384	10.95356	7.79249	5.17009	7.07107	6.78161	6.26258	4.42066	3.80944	3.34839	18.09749	14.67776	11.50536
54450	2.32695	2.25579	1.89274	10.54261	9.71423	8.97448	10.94329	7.78848	5.16845	7.07219	6.78298	6.26361	4.41737	3.80892	3.34555	18.10958	14.67722	11.50626	29.66	6.0	0.00	-2.04	0.01749	0.01209	0.01529	0.01846	0.01911	0.01493	0.00551	0.01525	0.02026	0.01885	0.01308	0.01666	0.01720	0.01779	0.01388	0.00580	0.01628	0.02175
54610	2.32693	2.25485	1.89376	10.54111	9.71421	8.97437	10.96320	7.79022	5.16778	7.07052	6.78062	6.26271	4.41684	3.80481	3.34702	18.10215	14.67485	11.50293
54780	2.32620	2.25347	1.89164	10.54247	9.71710	8.97720	10.95586	7.79397	5.17134	7.07508	6.78521	6.26561	4.42140	3.80953	3.34850	18.09803	14.67533	11.50471
54940	2.32701	2.25467	1.89155	10.54183	9.71496	8.97383	10.96711	7.79048	5.16997	7.07369	6.78327	6.26327	4.41846	3.80837	3.34602	18.10050	14.67585	11.50303
55110	2.32488	2.25255	1.89143	10.54225	9.71451	8.97347	10.94601	7.78795	5.16764	7.07109	6.78236	6.26252	4.41956	3.81009	3.34844	18.10345	14.67622	11.50427
55280	2.32693	2.25321	1.89287	10.54148	9.71350	8.97255	10.96145	7.79660	5.16657	7.07134	6.78134	6.26267	4.41761	3.80923	3.34857	18.09897	14.67393	11.50092
55440	2.32654	2.25518	1.89338	10.53897	9.71238	8.97046	10.96508	7.79485	5.16919	7.06942	6.78166	6.26194	4.41674	3.80874	3.34458	18.09956	14.67299	11.49918
55610	2.32753	2.25582	1.89685	10.54047	9.71463	8.97316	10.94636	7.79297	5.17068	7.07120	6.78278	6.26357	4.41929	3.80944	3.34898	18.10321	14.67435	11.50140
55770	2.32831	2.25491	1.89412	10.53963	9.71271	8.97118	10.94099	7.79260	5.16899	7.07070	6.77956	6.26028	4.41657	3.80704	3.34546	18.09556	14.67174	11.50048
55940	2.32481	2.25457	1.89347	10.53914	9.71388	8.97317	10.94329	7.79179	5.17043	7.07153	6.78267	6.26434	4.41863	3.81040	3.34708	18.10321	14.67368	11.50156
56100	2.32646	2.25155	1.89176	10.54064	9.71163	8.97049	10.94989	7.78982	5.16560	7.06881	6.78023	6.26023	4.41957	3.81242	3.34805	18.10046	14.67401	11.50400	29.66	6.1	0.00	-2.04	0.01749	0.01209	0.01529	0.01846	0.01911	0.01493	0.00551	0.01525	0.02026	0.01885	0.01308	0.01666	0.01720	0.01779	0.01388	0.00580	0.01628	0.02175
56270	2.32850	2.25538	1.89462	10.54240	9.71567	8.97313	10.94396	7.79303	5.17159	7.06953	6.78085	6.26141	4.41811	3.80688	3.34504	18.10116	14.67242	11.50027
56430	2.32564	2.25127	1.89208	10.53858	9.70983	8.96989	10.94884	7.78862	5.16621	7.06816	6.77934	6.25996	4.41716	3.80672	3.34210	18.09869	14.67131	11.49927
56600	2.32443	2.25177	1.89116	10.53941	9.71107	8.97006	10.96303	7.79339	5.16759	7.06748	6.77851	6.26001	4.41703	3.80527	3.34370	18.10175	14.67123	11.49874
56760	2.32399	2.25324	1.89242	10.53672	9.70798	8.96593	10.94486	7.78802	5.16582	7.06573	6.77666	6.25762	4.41874	3.80907	3.34645	18.09539	14.67098	11.49954
56930	2.32526	2.25270	1.89250	10.53707	9.70939	8.96870	10.93733	7.78918	5.16976	7.06653	6.77775	6.25759	4.41600	3.80565	3.34407	18.08904	14.66778	11.49561
57090	2.32721	2.25474	1.89509	10.53798	9.71048	8.96992	10.96358	7.79387	5.17253	7.06759	6.77889	6.25970	4.41843	3.80762	3.34758	18.09998	14.67200	11.49998
57260	2.32620	2.25260	1.89424	10.53675	9.70854	8.96960	10.94026	7.78881	5.16632	7.06648	6.77769	6.25832	4.41602	3.80638	3.34348	18.10399	14.67145	11.49705
57420	2.32464	2.25272	1.89091	10.53376	9.70562	8.96510	10.93872	7.78575	5.16609	7.06376	6.77535	6.25659	4.41691	3.80825	3.34606	18.09669	14.67064	11.49801
57590	2.32578	2.25242	1.89245	10.53343	9.70602	8.96739	10.94061	7.79276	5.16757	7.06621	6.77724	6.25837	4.41538	3.80754	3.34456	18.09292	14.66747	11.49512
57750	2.32551	2.25558	1.89450	10.53642	9.70847	8.96916	10.93694	7.78931	5.16939	7.06864	6.77952	6.26089	4.41864	3.81014	3.34495	18.09658	14.66979	11.49816	29.66	6.0	0.00	-2.04	0.01749	0.01209	0.01529	0.01846	0.01911	0.01493	0.00551	0.01525	0.02026	0.01885	0.01308	0.01666	0.01720	0.01779	0.01388	0.00580	0.01628	0.02175
57920	2.32742	2.25358	1.89331	10.53497	9.70736	8.96740	10.93429	7.78658	5.16818	7.06681	6.77695	6.25883	4.41617	3.80589	3.34501	18.08729	14.66620	11.49491
58080	2.32701	2.25051	1.89159	10.53241	9.70595	8.96548	10.94615	7.79093	5.16766	7.06594	6.77753	6.25732	4.41672	3.80661	3.34550	18.09341	14.66757	11.49474
58250	2.32378	2.24967	1.89125	10.53444	9.70597	8.96705	10.93764	7.79334	5.16744	7.06623	6.77746	6.25892	4.41817	3.80940	3.34694	18.09635	14.67157	11.49934
58410	2.32830	2.25540	1.89400	10.53943	9.70999	8.97128	10.95230	7.79146	5.16975	7.07055	6.78046	6.26136	4.41891	3.80947	3.34623	18.09411	14.67012	11.49821
58580	2.32540	2.25110	1.89192	10.53375	9.70738	8.96673	10.94580	7.78863	5.16683	7.06717	6.77713	6.25895	4.41475	3.80635	3.34372	18.09117	14.66812	11.49528
58740	2.32501	2.25258	1.89134	10.53349	9.70577	8.96687	10.93576	7.79128	5.16574	7.06852	6.77856	6.26105	4.41570	3.80704	3.34382	18.09164	14.66945	11.49575
58910	2.32689	2.25152	1.89179	10.53432	9.70609	8.96864	10.94085	7.78899	5.16615	7.07001	6.77854	6.26054	4.41713	3.80793	3.34733	18.09870	14.66915	11.49720
59070	2.32723	2.25293	1.89216	10.53650	9.70842	8.97077	10.94866	7.79022	5.16710	7.07004	6.77935	6.26138	4.41489	3.80695	3.34029	18.09611	14.66820	11.49643
59240	2.32641	2.25415	1.89518	10.53635	9.70992	8.97148	10.94580	7.79251	5.16986	7.07270	6.78186	6.26408	4.41757	3.80933	3.34889	18.09988	14.67012	11.49770
59400	2.32531	2.25101	1.89074	10.53525	9.70718	8.96851	10.94826	7.78579	5.16605	7.06973	6.77849	6.25931	4.41903	3.80922	3.34847	18.09786	14.67296	11.50009	29.61	6.1	0.00	-2.04	0.01749	0.01209	0.01529	0.01846	0.01912	0.01493	0.00551	0.01525	0.02026	0.01886	0.01308	0.01666	0.01720	0.01779	0.01388	0.00580	0.01628	0.02175
59570	2.32810	2.25449	1.89419	10.53702	9.70947	8.97192	10.96174	7.79307	5.16881	7.07106	6.78142	6.26245	4.41546	3.80782	3.34441	18.09504	14.66946	11.49672
59730	2.32591	2.25264	1.89405	10.53572	9.70936	8.96960	10.94749	7.79014	5.16715	7.06952	6.77991	6.26225	4.41642	3.80570	3.34446	18.09351	14.66851	11.49504
59900	2.32490	2.25558	1.89360	10.53674	9.70969	8.97144	10.95182	7.79083	5.16977	7.07268	6.78323	6.26323	4.41747	3.80771	3.34719	18.09162	14.67026	11.49761
60060	2.32670	2.25204	1.89086	10.53680	9.70730	8.96924	10.94009	7.78978	5.16607	7.07035	6.78034	6.26257	4.41742	3.80764	3.34547	18.09845	14.67190	11.50135
60230	2.32817	2.25495	1.89334	10.53768	9.71055	8.97090	10.92936	7.79071	5.16645	7.07264	6.78265	6.26381	4.41647	3.80749	3.34614	18.09445	14.67282	11.49820
60390	2.32485	2.25459	1.89188	10.53695	9.71018	8.97130	10.93361	7.78823	5.16961	7.07323	6.78374	6.26427	4.41574	3.80678	3.34527	18.09668	14.66837	11.49625
60560	2.32610	2.25322	1.89270	10.53647	9.71006	8.97114	10.95335	7.79438	5.16901	7.07389	6.78190	6.26368	4.41841	3.80853	3.34532	18.08657	14.66807	11.49596
60720	2.32547	2.25373	1.89063	10.53361	9.70628	8.96729	10.92629	7.78890	5.16351	7.06949	6.78043	6.26174	4.41472	3.80568	3.34232	18.08974	14.66965	11.49578
60890	2.32462	2.25431	1.89370	10.53421	9.70784	8.96982	10.94372	7.79072	5.16810	7.07220	6.78048	6.26215	4.41793	3.80839	3.34581	18.10104	14.67168	11.49816
61060	2.32608	2.25421	1.89253	10.53552	9.71023	8.97147	10.93098	7.78920	5.16606	7.07140	6.78087	6.26171	4.41769	3.81116	3.35101	18.09851	14.67369	11.50096	29.61	6.1	0.00	-2.04	0.01749	0.01209	0.01529	0.01846	0.01912	0.01493	0.00551	0.01525	0.02026	0.01886	0.01308	0.01666	0.01720	0.01779	0.01388	0.00580	0.01628	0.02175
61220	2.32920	2.25520	1.89737	10.53857	9.71238	8.97202	10.95449	7.79221	5.16847	7.07474	6.78313	6.26399	4.41715	3.80694	3.34302	18.08862	14.66944	11.49774
61390	2.32549	2.25374	1.89099	10.53461	9.70795	8.96971	10.94730	7.79108	5.16220	7.07139	6.78091	6.26251	4.41322	3.80708	3.34238	18.09451	14.66586	11.49355
61550	2.32305	2.25165	1.89402	10.53368	9.70921	8.97068	10.94569	7.79045	5.16552	7.07413	6.78345	6.26550	4.41555	3.80697	3.34716	18.09639	14.66866	11.49583
61720	2.32404	2.24952	1.89104	10.53468	9.70636	8.96695	10.94541	7.78592	5.16262	7.07156	6.77997	6.26294	4.41642	3.80874	3.35007	18.09227	14.67200	11.50052
61880	2.32676	2.25371	1.89353	10.53857	9.71259	8.97292	10.95253	7.78881	5.16621	7.07494	6.78434	6.26581	4.41509	3.80490	3.34481	18.09968	14.66805	11.49643
62050	2.32569	2.25247	1.89287	10.53594	9.70884	8.97043	10.94430	7.78645	5.16464	7.07357	6.78331	6.26489	4.41202	3.80354	3.34578	18.09757	14.66738	11.49629
62210	2.32704	2.25121	1.89249	10.53860	9.71232	8.97439	10.93976	7.79159	5.16688	7.07656	6.78786	6.26887	4.41755	3.80546	3.34417	18.09627	14.67169	11.49784
62380	2.32399	2.25309	1.89252	10.53623	9.70996	8.96867	10.94248	7.78606	5.16272	7.07364	6.78162	6.26431	4.41448	3.80643	3.34732	18.09451	14.67522	11.50082
62540	2.32700	2.25491	1.89300	10.53697	9.71128	8.97143	10.94423	7.78917	5.16482	7.07475	6.78381	6.26567	4.41359	3.80669	3.34285	18.09356	14.66930	11.49661
62710	2.32446	2.25333	1.89499	10.53921	9.71447	8.97516	10.95374	7.79289	5.16915	7.07775	6.78814	6.26923	4.41746	3.80821	3.34709	18.09505	14.67474	11.50102	29.66	6.1	0.00	-2.04	0.01749	0.01209	0.01529	0.01846	0.01912	0.01493	0.00551	0.01525	0.02026	0.01886	0.01308	0.01666	0.01720	0.01779	0.01388	0.00581	0.01628	0.02175
62870	2.32473	2.25219	1.89166	10.53780	9.71243	8.97196	10.96093	7.78569	5.16419	7.07428	6.78339	6.26544	4.41575	3.80540	3.34538	18.10035	14.66968	11.49572
63040	2.32585	2.25243	1.89350	10.53670	9.71023	8.96976	10.94152	7.78736	5.16380	7.07274	6.78195	6.26435	4.41460	3.80393	3.34459	18.10117	14.66801	11.49725
63200	2.32562	2.25280	1.89399	10.53753	9.71205	8.97283	10.95122	7.79278	5.16837	7.07381	6.78536	6.26554	4.41422	3.80284	3.34387	18.09953	14.67146	11.49645
63370	2.32599	2.25487	1.89488	10.53726	9.71295	8.97311	10.94584	7.79034	5.16662	7.07645	6.78663	6.26712	4.41585	3.80823	3.34608	18.09823	14.67138	11.50000
63530	2.32683	2.25132	1.89368	10.53850	9.71364	8.97353	10.94989	7.79318	5.16715	7.07668	6.78654	6.26756	4.41812	3.80713	3.34743	18.09799	14.67216	11.49973
63700	2.32813	2.25145	1.89473	10.53977	9.71386	8.97500	10.93691	7.79263	5.16656	7.07841	6.78706	6.26905	4.41591	3.80609	3.34675	18.10435	14.67313	11.50137
63860	2.32817	2.25459	1.89344	10.53873	9.71262	8.97424	10.94270	7.79094	5.16535	7.07647	6.78601	6.26776	4.41603	3.80588	3.34678	18.10400	14.67574	11.50165
64030	2.32736	2.25241	1.89460	10.54168	9.71437	8.97495	10.94096	7.78911	5.16925	7.07735	6.78756	6.26911	4.41855	3.80814	3.34792	18.09835	14.67213	11.49934
64190	2.32472	2.25102	1.89307	10.53714	9.71126	8.97302	10.95199	7.78637	5.16735	7.07633	6.78516	6.26750	4.41560	3.80594	3.34527	18.09364	14.66868	11.49701
64360	2.32475	2.25751	1.89631	10.53904	9.71333	8.97396	10.92991	7.79452	5.17002	7.07638	6.78530	6.26792	4.41693	3.80965	3.34703	18.09464	14.67346	11.50014	29.61	6.2	0.00	-2.04	0.01749	0.01209	0.01529	0.01846	0.01911	0.01493	0.00551	0.01525	0.02026	0.01885	0.01308	0.01666	0.01720	0.01779	0.01388	0.00580	0.01628	0.02175
64520	2.32435	2.25359	1.89272	10.53987	9.71133	8.97165	10.95265	7.79213	5.16595	7.07478	6.78403	6.26574	4.41808	3.80955	3.35104	18.10347	14.67679	11.50580
64690	2.32855	2.25646	1.89548	10.54521	9.71733	8.97878	10.94274	7.79363	5.16959	7.07923	6.78761	6.27090	4.41647	3.80657	3.34310	18.09817	14.67515	11.50349
