WetView ver 7.1	07-19-2019	19:00:16
AC9 Absorption and Attenuation Meter
00000311		; Serial number
2	; structure version number
Reserved
0.000000	0.000000		; Depth calibration
19200			; Baud rate
0.100000			; Path length (meters)
23			; number of temperature calibration bins
				12.61517	13.44096	14.46844	15.49904	16.50682	17.50108	18.49752	19.51783	20.49177	21.49009	22.48286	23.50673	24.54012	25.54812	26.49986	27.49321	28.50960	29.48671	30.47471	31.49432	32.50437	33.48679	34.49133	; temperature bins
a650	Blue	18.61587		0.01156	0.01096	0.01010	0.00930	0.00851	0.00774	0.00661	0.00573	0.00499	0.00402	0.00285	0.00203	0.00096	0.00000	-0.00110	-0.00152	-0.00210	-0.00247	-0.00259	-0.00317	-0.00346	-0.00380	-0.00403		; offset and temperature correction info
a676	Green	18.78942		0.00964	0.00899	0.00863	0.00813	0.00730	0.00639	0.00545	0.00448	0.00385	0.00301	0.00233	0.00165	0.00046	0.00000	-0.00106	-0.00167	-0.00251	-0.00280	-0.00316	-0.00329	-0.00377	-0.00392	-0.00441		; offset and temperature correction info
a715	Brown	18.59217		0.01171	0.01109	0.01043	0.00975	0.00878	0.00789	0.00685	0.00572	0.00469	0.00356	0.00255	0.00160	0.00061	0.00000	-0.00063	-0.00113	-0.00152	-0.00183	-0.00226	-0.00293	-0.00364	-0.00404	-0.00473		; offset and temperature correction info
c510	Red	18.18396		-0.00549	-0.00480	-0.00383	-0.00272	-0.00202	-0.00118	-0.00044	-0.00038	-0.00015	-0.00021	0.00013	0.00007	-0.00007	0.00000	-0.00007	-0.00065	-0.00045	-0.00018	0.00007	0.00039	-0.00001	-0.00002	-0.00045		; offset and temperature correction info
c532	Magenta	18.26528		-0.00721	-0.00645	-0.00581	-0.00518	-0.00465	-0.00345	-0.00281	-0.00270	-0.00182	-0.00141	-0.00108	-0.00072	-0.00022	0.00000	0.00044	0.00030	0.00031	-0.00006	-0.00052	-0.00089	-0.00142	-0.00149	-0.00154		; offset and temperature correction info
c555	Black	18.37125		-0.00430	-0.00419	-0.00381	-0.00319	-0.00286	-0.00254	-0.00205	-0.00196	-0.00138	-0.00137	-0.00067	-0.00051	-0.00030	0.00000	0.00067	0.00087	0.00057	0.00027	-0.00015	-0.00089	-0.00127	-0.00137	-0.00150		; offset and temperature correction info
a412	LtBlue	15.33566		-0.06011	-0.05567	-0.05012	-0.04441	-0.03922	-0.03412	-0.02941	-0.02503	-0.02049	-0.01588	-0.01121	-0.00784	-0.00311	0.00000	0.00273	0.00611	0.00757	0.00871	0.01066	0.01299	0.01539	0.01781	0.02175		; offset and temperature correction info
a440	LtGreen	16.05925		-0.01380	-0.01214	-0.01039	-0.00858	-0.00690	-0.00532	-0.00426	-0.00322	-0.00230	-0.00158	-0.00055	0.00006	0.00001	0.00000	0.00017	0.00016	-0.00094	-0.00222	-0.00363	-0.00486	-0.00567	-0.00651	-0.00782		; offset and temperature correction info
a488	Yellow	16.82827		0.00255	0.00293	0.00331	0.00354	0.00373	0.00378	0.00363	0.00350	0.00291	0.00225	0.00215	0.00142	0.00099	0.00000	-0.00092	-0.00169	-0.00295	-0.00396	-0.00479	-0.00542	-0.00582	-0.00604	-0.00663		; offset and temperature correction info
c650	Blue	18.49287		-0.00570	-0.00516	-0.00456	-0.00403	-0.00346	-0.00232	-0.00132	-0.00122	-0.00073	-0.00066	-0.00035	-0.00016	0.00003	0.00000	0.00044	0.00078	0.00108	0.00057	0.00040	-0.00042	-0.00033	-0.00029	-0.00034		; offset and temperature correction info
c676	Green	18.50570		0.00299	0.00293	0.00287	0.00293	0.00278	0.00294	0.00317	0.00251	0.00243	0.00215	0.00139	0.00123	0.00068	0.00000	-0.00041	-0.00106	-0.00205	-0.00268	-0.00325	-0.00413	-0.00495	-0.00610	-0.00674		; offset and temperature correction info
c715	Brown	17.88888		0.00826	0.00812	0.00773	0.00790	0.00766	0.00758	0.00753	0.00650	0.00571	0.00461	0.00359	0.00222	0.00101	0.00000	-0.00146	-0.00284	-0.00385	-0.00448	-0.00463	-0.00513	-0.00623	-0.00715	-0.00838		; offset and temperature correction info
a510	Red	17.18050		0.00353	0.00364	0.00354	0.00361	0.00381	0.00381	0.00356	0.00332	0.00277	0.00229	0.00176	0.00116	0.00036	0.00000	-0.00014	-0.00069	-0.00088	-0.00147	-0.00150	-0.00129	-0.00120	-0.00134	-0.00091		; offset and temperature correction info
a532	Magenta	17.40228		0.00550	0.00548	0.00526	0.00479	0.00464	0.00422	0.00393	0.00328	0.00253	0.00212	0.00136	0.00085	0.00039	0.00000	-0.00059	-0.00146	-0.00188	-0.00262	-0.00330	-0.00393	-0.00491	-0.00540	-0.00605		; offset and temperature correction info
a555	Black	17.72308		0.00849	0.00832	0.00800	0.00760	0.00724	0.00655	0.00580	0.00495	0.00435	0.00347	0.00252	0.00153	0.00049	0.00000	-0.00050	-0.00155	-0.00214	-0.00306	-0.00350	-0.00411	-0.00470	-0.00539	-0.00570		; offset and temperature correction info
c412	LtBlue	16.72802		-0.05949	-0.05458	-0.04744	-0.04134	-0.03547	-0.03064	-0.02511	-0.02047	-0.01574	-0.01163	-0.00761	-0.00442	-0.00204	0.00000	0.00100	0.00051	-0.00043	-0.00239	-0.00475	-0.00629	-0.00827	-0.00955	-0.01337		; offset and temperature correction info
c440	LtGreen	17.42637		-0.02723	-0.02503	-0.02216	-0.01930	-0.01691	-0.01394	-0.01125	-0.00926	-0.00732	-0.00582	-0.00401	-0.00226	-0.00093	0.00000	0.00082	0.00123	0.00133	0.00097	0.00038	-0.00003	-0.00022	-0.00023	-0.00125		; offset and temperature correction info
c488	Yellow	18.03666		-0.00640	-0.00554	-0.00465	-0.00357	-0.00276	-0.00154	-0.00067	-0.00031	-0.00014	-0.00012	0.00046	0.00032	0.00020	0.00000	0.00001	-0.00024	-0.00060	-0.00084	-0.00126	-0.00180	-0.00276	-0.00304	-0.00427		; offset and temperature correction info
0.003500	0.004000	0.015000	0.020000	0.015000	0.020000	2500.000000	2000.000000	1000.000000	; maxANoise	maxCNoise	maxADifference	maxCDifference	minACounts	minCCounts	minRCounts	maxTempSdev	maxDepthSdev
0			; auxilliary capabilities
1			; acquisition binsize
0	0.20263	0.20309	0.21401	-0.12428	-0.10990	-0.11030	0.34692	0.27367	0.22223	-0.10177	-0.08997	-0.08383	0.21522	0.20519	0.19814	-0.48092	-0.28566	-0.15665	31.80	6.2	0.00	-2.04	0.01748	0.01211	0.01531	0.01887	0.01933	0.01511	0.00551	0.01527	0.02027	0.01921	0.01356	0.01723	0.01722	0.01779	0.01389	0.00585	0.01650	0.02209
160	0.20405	0.20317	0.20806	-0.12524	-0.11225	-0.11333	0.34220	0.26728	0.21902	-0.10484	-0.09288	-0.08774	0.21389	0.20397	0.19787	-0.48300	-0.28732	-0.15738
330	0.20317	0.20086	0.20969	-0.12595	-0.11174	-0.11287	0.34080	0.26843	0.21871	-0.10402	-0.09191	-0.08641	0.21381	0.20338	0.19652	-0.48265	-0.28824	-0.15962
490	0.20258	0.20122	0.21142	-0.12820	-0.11338	-0.11471	0.33519	0.26546	0.21773	-0.10532	-0.09368	-0.08752	0.21484	0.20604	0.20064	-0.48210	-0.28559	-0.15624
660	0.20604	0.20334	0.21231	-0.12424	-0.10989	-0.11021	0.34416	0.26856	0.22110	-0.10196	-0.09077	-0.08474	0.21465	0.20410	0.19882	-0.48216	-0.28767	-0.15886
820	0.20434	0.20525	0.21330	-0.12388	-0.10788	-0.10895	0.34479	0.27080	0.22181	-0.10099	-0.08915	-0.08314	0.21693	0.20723	0.19988	-0.48072	-0.28505	-0.15664
990	0.20307	0.20276	0.21030	-0.12528	-0.11071	-0.11268	0.34348	0.26553	0.21874	-0.10381	-0.09199	-0.08597	0.21627	0.20768	0.20314	-0.47870	-0.28318	-0.15428
1150	0.20453	0.20591	0.21169	-0.12211	-0.10818	-0.10958	0.34718	0.27043	0.22210	-0.10168	-0.09006	-0.08430	0.21667	0.20609	0.19852	-0.48265	-0.28686	-0.15736
1310	0.20332	0.20583	0.21286	-0.12317	-0.10772	-0.10898	0.35430	0.27227	0.22333	-0.10027	-0.08757	-0.08324	0.21527	0.20578	0.20023	-0.48019	-0.28498	-0.15639
1480	0.20347	0.20282	0.20968	-0.12477	-0.11126	-0.11315	0.34005	0.26671	0.21957	-0.10328	-0.09121	-0.08562	0.21601	0.20830	0.19872	-0.48178	-0.28502	-0.15586
1640	0.20382	0.20370	0.21345	-0.12402	-0.11025	-0.11119	0.34835	0.26852	0.22142	-0.10275	-0.09119	-0.08466	0.21344	0.20409	0.19812	-0.48245	-0.28780	-0.15872	31.75	6.0	0.00	-2.04	0.01748	0.01211	0.01531	0.01887	0.01933	0.01511	0.00551	0.01527	0.02027	0.01921	0.01356	0.01723	0.01722	0.01779	0.01389	0.00585	0.01650	0.02209
1810	0.20244	0.20513	0.21203	-0.12354	-0.10803	-0.10928	0.35259	0.27326	0.22282	-0.10036	-0.08821	-0.08245	0.21665	0.20732	0.20182	-0.48096	-0.28490	-0.15565
1970	0.20436	0.20376	0.21158	-0.12483	-0.11045	-0.11244	0.34465	0.26654	0.22020	-0.10302	-0.09151	-0.08460	0.21372	0.20621	0.19898	-0.48105	-0.28490	-0.15593
2140	0.20548	0.20385	0.21371	-0.12394	-0.10896	-0.11006	0.35489	0.26985	0.22378	-0.10221	-0.08987	-0.08414	0.21479	0.20618	0.20153	-0.47985	-0.28346	-0.15464
2300	0.20510	0.20322	0.21332	-0.12282	-0.10776	-0.10938	0.34903	0.27268	0.22235	-0.10062	-0.08835	-0.08365	0.21474	0.20591	0.20027	-0.48036	-0.28488	-0.15590
2470	0.20370	0.20231	0.21452	-0.12445	-0.10854	-0.10998	0.35266	0.27301	0.22291	-0.10033	-0.08840	-0.08359	0.21310	0.20603	0.19790	-0.48016	-0.28459	-0.15632
2630	0.20356	0.20372	0.21014	-0.12453	-0.11058	-0.11215	0.33974	0.26864	0.22114	-0.10290	-0.09141	-0.08577	0.21481	0.20476	0.19908	-0.48083	-0.28420	-0.15592
2790	0.20282	0.20227	0.21270	-0.12390	-0.10942	-0.11086	0.34848	0.26906	0.22115	-0.10122	-0.09041	-0.08474	0.21403	0.20562	0.19763	-0.48340	-0.28708	-0.15798
2960	0.20350	0.20215	0.21272	-0.12507	-0.10994	-0.10999	0.34533	0.27016	0.22247	-0.10093	-0.08926	-0.08351	0.21453	0.20461	0.19842	-0.48029	-0.28555	-0.15728
3120	0.20294	0.20303	0.21057	-0.12459	-0.10974	-0.11070	0.34052	0.26859	0.22047	-0.10191	-0.09117	-0.08479	0.21415	0.20636	0.19944	-0.47817	-0.28361	-0.15537
3290	0.20331	0.20631	0.21347	-0.12381	-0.10896	-0.11003	0.34458	0.26795	0.22183	-0.10092	-0.09038	-0.08398	0.21428	0.20499	0.19865	-0.48053	-0.28516	-0.15654	31.80	6.0	0.00	-2.04	0.01748	0.01211	0.01531	0.01887	0.01932	0.01511	0.00551	0.01527	0.02027	0.01921	0.01356	0.01723	0.01722	0.01779	0.01389	0.00585	0.01650	0.02209
3450	0.20456	0.20554	0.21368	-0.12283	-0.10756	-0.10929	0.34538	0.27153	0.22141	-0.09994	-0.08866	-0.08288	0.21409	0.20660	0.20074	-0.48028	-0.28500	-0.15595
3620	0.20364	0.20269	0.21195	-0.12473	-0.11015	-0.11225	0.34199	0.26652	0.21988	-0.10246	-0.09140	-0.08457	0.21525	0.20795	0.20146	-0.47796	-0.28281	-0.15385
3780	0.20606	0.20475	0.21376	-0.12252	-0.10828	-0.11014	0.35048	0.26862	0.22214	-0.10030	-0.08791	-0.08304	0.21548	0.20456	0.19832	-0.48057	-0.28527	-0.15714
3950	0.20530	0.20805	0.21621	-0.12063	-0.10514	-0.10666	0.36172	0.27438	0.22562	-0.09719	-0.08547	-0.07995	0.21795	0.20984	0.20242	-0.47627	-0.28135	-0.15255
4110	0.20606	0.20513	0.21322	-0.12102	-0.10732	-0.10944	0.35005	0.27101	0.22190	-0.10019	-0.08836	-0.08255	0.21388	0.20503	0.19622	-0.48039	-0.28551	-0.15644
4280	0.20346	0.20299	0.21309	-0.12336	-0.10870	-0.11057	0.35300	0.26947	0.22279	-0.10047	-0.08934	-0.08225	0.21569	0.20534	0.19642	-0.48174	-0.28505	-0.15590
4440	0.20518	0.20509	0.21358	-0.12315	-0.10889	-0.11095	0.34252	0.27044	0.22259	-0.10048	-0.08912	-0.08270	0.21392	0.20536	0.19814	-0.48148	-0.28533	-0.15653
4610	0.20375	0.20406	0.21219	-0.12267	-0.10825	-0.11010	0.34574	0.27096	0.22126	-0.10009	-0.08821	-0.08293	0.21651	0.20598	0.19962	-0.48073	-0.28401	-0.15528
4770	0.20421	0.20562	0.21151	-0.12309	-0.10917	-0.11099	0.34794	0.26754	0.22166	-0.10041	-0.08912	-0.08364	0.21611	0.20644	0.19909	-0.47853	-0.28294	-0.15491
4940	0.20389	0.20414	0.21276	-0.12242	-0.10757	-0.10967	0.34669	0.27160	0.22326	-0.09983	-0.08796	-0.08256	0.21645	0.20702	0.20111	-0.47669	-0.28089	-0.15353	31.80	6.0	0.00	-2.04	0.01748	0.01211	0.01531	0.01887	0.01932	0.01511	0.00551	0.01527	0.02027	0.01921	0.01356	0.01723	0.01722	0.01779	0.01389	0.00585	0.01650	0.02209
5100	0.20596	0.20457	0.21408	-0.12003	-0.10560	-0.10666	0.34763	0.27546	0.22405	-0.09776	-0.08571	-0.08158	0.21617	0.20717	0.19875	-0.47771	-0.28237	-0.15439
5270	0.20590	0.20432	0.21412	-0.12212	-0.10599	-0.10595	0.35165	0.27419	0.22455	-0.09733	-0.08597	-0.08026	0.21847	0.20761	0.20186	-0.47695	-0.28133	-0.15431
5430	0.20463	0.20277	0.21158	-0.12215	-0.10767	-0.10991	0.34383	0.26935	0.22042	-0.10044	-0.08936	-0.08393	0.21548	0.20738	0.19972	-0.47941	-0.28221	-0.15381
5590	0.20360	0.20441	0.21469	-0.12083	-0.10661	-0.10802	0.34976	0.26823	0.22167	-0.09895	-0.08761	-0.08149	0.21441	0.20312	0.19847	-0.47868	-0.28470	-0.15603
5760	0.20419	0.20221	0.21207	-0.12295	-0.10825	-0.10920	0.34724	0.27010	0.22297	-0.10004	-0.08850	-0.08260	0.21381	0.20399	0.19756	-0.48094	-0.28386	-0.15542
5920	0.20386	0.20306	0.21363	-0.12296	-0.10827	-0.10940	0.34376	0.27052	0.22132	-0.09992	-0.08910	-0.08307	0.21410	0.20567	0.19931	-0.47875	-0.28279	-0.15457
6090	0.20409	0.20192	0.21383	-0.12229	-0.10769	-0.10919	0.34320	0.27029	0.22205	-0.09977	-0.08848	-0.08170	0.21403	0.20667	0.20082	-0.47809	-0.28287	-0.15454
6250	0.20404	0.20346	0.21351	-0.12215	-0.10757	-0.10960	0.34862	0.27077	0.22399	-0.09954	-0.08797	-0.08126	0.21526	0.20687	0.20074	-0.47912	-0.28239	-0.15452
6420	0.20333	0.20284	0.21381	-0.12271	-0.10829	-0.11018	0.34385	0.26827	0.22109	-0.09992	-0.08842	-0.08195	0.21704	0.20617	0.20028	-0.47676	-0.28143	-0.15270
6590	0.20498	0.20595	0.21428	-0.12136	-0.10726	-0.10921	0.34818	0.27032	0.22210	-0.09985	-0.08774	-0.08125	0.21430	0.20597	0.19798	-0.47974	-0.28341	-0.15512	31.80	5.9	0.00	-2.04	0.01748	0.01211	0.01531	0.01887	0.01932	0.01511	0.00551	0.01527	0.02027	0.01921	0.01356	0.01723	0.01722	0.01779	0.01389	0.00585	0.01650	0.02209
6750	0.20834	0.20700	0.21499	-0.11927	-0.10386	-0.10574	0.35068	0.27402	0.22495	-0.09638	-0.08473	-0.07992	0.21808	0.20766	0.20083	-0.47562	-0.28020	-0.15181
6910	0.20564	0.20531	0.21235	-0.12030	-0.10632	-0.10882	0.35569	0.27064	0.22238	-0.09912	-0.08689	-0.08199	0.21514	0.20628	0.19794	-0.47858	-0.28288	-0.15483
7080	0.20230	0.20280	0.21167	-0.12226	-0.10751	-0.10915	0.34489	0.26892	0.22150	-0.09905	-0.08694	-0.08208	0.21470	0.20600	0.19954	-0.47963	-0.28263	-0.15439
7240	0.20433	0.20387	0.21240	-0.12167	-0.10737	-0.10844	0.34487	0.27075	0.22075	-0.09866	-0.08739	-0.08235	0.21389	0.20516	0.19815	-0.47748	-0.28275	-0.15495
7410	0.20399	0.20378	0.21280	-0.12133	-0.10630	-0.10768	0.34804	0.27052	0.22143	-0.09875	-0.08695	-0.08124	0.21395	0.20444	0.19829	-0.47896	-0.28289	-0.15481
7570	0.20475	0.20493	0.21231	-0.12096	-0.10644	-0.10734	0.35193	0.27089	0.22244	-0.09838	-0.08728	-0.08113	0.21619	0.20531	0.19739	-0.47666	-0.28248	-0.15375
7740	0.20441	0.20253	0.21474	-0.12091	-0.10573	-0.10788	0.35058	0.27195	0.22287	-0.09811	-0.08633	-0.08125	0.21696	0.20651	0.20059	-0.47586	-0.27970	-0.15115
7900	0.20578	0.20434	0.21387	-0.11824	-0.10398	-0.10612	0.35017	0.27140	0.22346	-0.09666	-0.08503	-0.07931	0.21679	0.20700	0.19919	-0.47553	-0.28089	-0.15281
8070	0.20460	0.20390	0.21545	-0.12038	-0.10523	-0.10601	0.34934	0.27196	0.22346	-0.09689	-0.08509	-0.07898	0.21563	0.20633	0.19821	-0.47489	-0.28083	-0.15232
8230	0.20322	0.20203	0.21139	-0.12086	-0.10663	-0.10902	0.34615	0.27001	0.22246	-0.09953	-0.08748	-0.08142	0.21553	0.20482	0.19828	-0.47632	-0.28032	-0.15239	31.75	6.1	0.00	-2.04	0.01748	0.01211	0.01531	0.01887	0.01932	0.01511	0.00551	0.01527	0.02027	0.01921	0.01356	0.01723	0.01722	0.01779	0.01389	0.00585	0.01650	0.02209
8400	0.20412	0.20413	0.21473	-0.11992	-0.10535	-0.10732	0.35009	0.27001	0.22110	-0.09773	-0.08630	-0.08054	0.21348	0.20427	0.19806	-0.47803	-0.28325	-0.15450
8560	0.20213	0.20173	0.21274	-0.12230	-0.10574	-0.10690	0.34953	0.27315	0.22425	-0.09729	-0.08501	-0.07929	0.21552	0.20729	0.19855	-0.47798	-0.28143	-0.15318
8720	0.20155	0.20100	0.21159	-0.12168	-0.10785	-0.10994	0.34571	0.26811	0.22010	-0.10026	-0.08806	-0.08232	0.21595	0.20722	0.19979	-0.47734	-0.28095	-0.15197
8890	0.20244	0.20295	0.21213	-0.11991	-0.10565	-0.10847	0.34990	0.26767	0.22077	-0.09856	-0.08640	-0.08131	0.21279	0.20432	0.19681	-0.47878	-0.28235	-0.15440
9050	0.20374	0.20289	0.21506	-0.12000	-0.10514	-0.10703	0.35333	0.27290	0.22349	-0.09692	-0.08563	-0.08057	0.21442	0.20612	0.19884	-0.47439	-0.28074	-0.15322
9220	0.20295	0.20166	0.21269	-0.12171	-0.10801	-0.11015	0.34750	0.26602	0.21831	-0.10022	-0.08887	-0.08271	0.21496	0.20671	0.20014	-0.47488	-0.27995	-0.15180
9380	0.20547	0.20371	0.21274	-0.11921	-0.10457	-0.10682	0.35019	0.27101	0.22114	-0.09794	-0.08607	-0.08039	0.21442	0.20474	0.19835	-0.47767	-0.28212	-0.15413
9550	0.20472	0.20391	0.21490	-0.11831	-0.10347	-0.10468	0.35285	0.27347	0.22414	-0.09562	-0.08431	-0.07871	0.21782	0.20852	0.20033	-0.47360	-0.27947	-0.15148
9710	0.20456	0.20236	0.21391	-0.11982	-0.10564	-0.10823	0.34467	0.26955	0.21861	-0.09908	-0.08762	-0.08171	0.21693	0.20843	0.20207	-0.47544	-0.27802	-0.14965
9880	0.20490	0.20458	0.21323	-0.11784	-0.10335	-0.10614	0.35080	0.27048	0.22370	-0.09722	-0.08505	-0.07973	0.21559	0.20508	0.19908	-0.47647	-0.28222	-0.15365	31.80	5.9	0.00	-2.04	0.01748	0.01211	0.01531	0.01887	0.01932	0.01511	0.00551	0.01527	0.02027	0.01921	0.01356	0.01723	0.01722	0.01779	0.01389	0.00585	0.01650	0.02209
10040	0.20302	0.20517	0.21427	-0.11768	-0.10162	-0.10453	0.35472	0.27318	0.22457	-0.09499	-0.08301	-0.07801	0.21836	0.20738	0.20165	-0.47219	-0.27919	-0.15096
10210	0.20569	0.20327	0.21133	-0.11876	-0.10496	-0.10715	0.34847	0.26762	0.22246	-0.09834	-0.08666	-0.08040	0.21593	0.20825	0.20091	-0.47412	-0.27924	-0.15075
10370	0.20265	0.20196	0.21140	-0.11897	-0.10459	-0.10765	0.34743	0.27090	0.22145	-0.09826	-0.08647	-0.08097	0.21456	0.20410	0.19818	-0.47848	-0.28357	-0.15501
10530	0.20116	0.19991	0.20844	-0.12287	-0.10889	-0.11219	0.34569	0.26457	0.21844	-0.10192	-0.09026	-0.08335	0.21224	0.20531	0.19760	-0.47979	-0.28345	-0.15448
10700	0.20300	0.20136	0.21078	-0.12041	-0.10612	-0.10865	0.34501	0.26829	0.22107	-0.09886	-0.08652	-0.08015	0.21549	0.20661	0.20086	-0.47556	-0.28014	-0.15149
10860	0.20520	0.20377	0.21413	-0.11924	-0.10499	-0.10817	0.34426	0.26940	0.22154	-0.09825	-0.08597	-0.08106	0.21580	0.20830	0.19962	-0.47518	-0.27891	-0.15071
11030	0.20627	0.20498	0.21263	-0.11732	-0.10330	-0.10704	0.35174	0.27187	0.22365	-0.09750	-0.08549	-0.07992	0.21397	0.20621	0.19991	-0.47607	-0.28144	-0.15323
11190	0.20095	0.20271	0.21616	-0.11987	-0.10260	-0.10415	0.35060	0.27507	0.22523	-0.09474	-0.08263	-0.07781	0.21857	0.20805	0.20218	-0.47150	-0.27705	-0.14955
11360	0.20350	0.20432	0.21303	-0.11849	-0.10449	-0.10712	0.34736	0.26974	0.22013	-0.09806	-0.08523	-0.08025	0.21854	0.20955	0.20289	-0.47232	-0.27666	-0.14852
11520	0.20673	0.20520	0.21459	-0.11540	-0.10154	-0.10361	0.34992	0.27272	0.22385	-0.09570	-0.08337	-0.07894	0.21703	0.20833	0.20220	-0.47513	-0.27861	-0.15112	31.80	6.0	0.00	-2.04	0.01748	0.01211	0.01531	0.01887	0.01932	0.01511	0.00551	0.01527	0.02027	0.01921	0.01356	0.01723	0.01722	0.01779	0.01389	0.00585	0.01650	0.02209
11690	0.20340	0.20428	0.21461	-0.11824	-0.10314	-0.10603	0.34496	0.27008	0.22242	-0.09685	-0.08484	-0.07958	0.21629	0.20355	0.19688	-0.47542	-0.27964	-0.15216
11850	0.20159	0.20115	0.20937	-0.12031	-0.10699	-0.10804	0.34648	0.26764	0.21970	-0.09975	-0.08759	-0.08238	0.21119	0.20279	0.19502	-0.48003	-0.28536	-0.15674
12010	0.20358	0.20319	0.21309	-0.11956	-0.10450	-0.10643	0.35147	0.27049	0.22258	-0.09740	-0.08444	-0.07984	0.21685	0.20700	0.19704	-0.47507	-0.28118	-0.15284
12180	0.20194	0.20270	0.21052	-0.12039	-0.10555	-0.10798	0.35423	0.26864	0.21982	-0.09870	-0.08607	-0.08097	0.21356	0.20319	0.19672	-0.47715	-0.28395	-0.15458
12340	0.20511	0.20425	0.21538	-0.11723	-0.10210	-0.10332	0.35193	0.27358	0.22755	-0.09518	-0.08254	-0.07758	0.21855	0.20787	0.20165	-0.47274	-0.27881	-0.14951
12500	0.20531	0.20546	0.21309	-0.11802	-0.10450	-0.10657	0.34508	0.27112	0.22149	-0.09849	-0.08498	-0.08021	0.21659	0.20710	0.20134	-0.47367	-0.27879	-0.14943
12670	0.20432	0.20266	0.21196	-0.11827	-0.10470	-0.10677	0.35253	0.27133	0.22122	-0.09815	-0.08561	-0.07965	0.21506	0.20471	0.19724	-0.47668	-0.28308	-0.15390
12830	0.20096	0.19995	0.20953	-0.12156	-0.10779	-0.11019	0.34469	0.26671	0.21862	-0.10157	-0.08769	-0.08257	0.21574	0.20614	0.20008	-0.47438	-0.27925	-0.14943
13000	0.20548	0.20401	0.21429	-0.11769	-0.10383	-0.10634	0.35171	0.26789	0.22071	-0.09806	-0.08453	-0.08082	0.21524	0.20339	0.19845	-0.47699	-0.28230	-0.15423
13160	0.20483	0.20373	0.21567	-0.11808	-0.10254	-0.10570	0.35515	0.27349	0.22604	-0.09603	-0.08307	-0.07850	0.21734	0.20833	0.20012	-0.47395	-0.28032	-0.15191	31.80	6.2	0.00	-2.04	0.01748	0.01211	0.01531	0.01887	0.01932	0.01511	0.00551	0.01527	0.02027	0.01921	0.01356	0.01723	0.01722	0.01779	0.01389	0.00585	0.01650	0.02209
13330	0.20308	0.20265	0.21305	-0.11935	-0.10573	-0.10817	0.34641	0.27036	0.21996	-0.09894	-0.08641	-0.08191	0.21571	0.20657	0.20035	-0.47615	-0.28080	-0.15203
13490	0.20383	0.20446	0.21240	-0.11980	-0.10568	-0.10708	0.34450	0.27009	0.22255	-0.09849	-0.08621	-0.08154	0.21698	0.20476	0.19871	-0.47883	-0.28331	-0.15407
13650	0.20170	0.20348	0.21093	-0.12219	-0.10819	-0.11046	0.34109	0.26685	0.21927	-0.10156	-0.08827	-0.08377	0.21411	0.20626	0.19925	-0.47958	-0.28219	-0.15336
13820	0.20418	0.20404	0.21319	-0.11921	-0.10453	-0.10710	0.35164	0.27044	0.22426	-0.09744	-0.08563	-0.08091	0.21938	0.20743	0.20279	-0.47307	-0.27670	-0.14863
13980	0.20681	0.20644	0.21628	-0.11538	-0.10092	-0.10426	0.35070	0.27575	0.22577	-0.09517	-0.08354	-0.07863	0.21889	0.20720	0.20192	-0.47439	-0.27939	-0.15086
14150	0.20520	0.20409	0.21228	-0.11834	-0.10458	-0.10710	0.34806	0.27066	0.22049	-0.09916	-0.08593	-0.08164	0.21448	0.20352	0.19853	-0.47701	-0.28384	-0.15482
14310	0.20111	0.20123	0.21129	-0.12144	-0.10751	-0.10945	0.34820	0.26753	0.21902	-0.10034	-0.08833	-0.08241	0.21551	0.20720	0.20099	-0.47588	-0.28057	-0.15094
14480	0.20554	0.20584	0.21276	-0.11785	-0.10374	-0.10610	0.34557	0.27019	0.22244	-0.09831	-0.08542	-0.08001	0.21617	0.20677	0.19822	-0.47765	-0.28265	-0.15372
14640	0.20289	0.20435	0.21429	-0.12073	-0.10438	-0.10577	0.35065	0.27449	0.22267	-0.09657	-0.08407	-0.07937	0.21757	0.20608	0.20010	-0.47553	-0.28081	-0.15188
14810	0.20476	0.20174	0.21117	-0.12054	-0.10672	-0.10897	0.34546	0.26725	0.21911	-0.10053	-0.08711	-0.08226	0.21495	0.20842	0.20149	-0.47721	-0.28042	-0.15110	31.75	6.1	0.00	-2.04	0.01748	0.01211	0.01531	0.01887	0.01932	0.01511	0.00551	0.01527	0.02027	0.01921	0.01356	0.01723	0.01722	0.01779	0.01389	0.00585	0.01650	0.02209
14970	0.20460	0.20311	0.21398	-0.11906	-0.10523	-0.10806	0.34607	0.26901	0.22141	-0.09934	-0.08723	-0.08131	0.21458	0.20402	0.19626	-0.48057	-0.28357	-0.15510
15130	0.20531	0.20360	0.21396	-0.11929	-0.10437	-0.10615	0.34987	0.27088	0.22215	-0.09741	-0.08504	-0.08042	0.21641	0.20738	0.20033	-0.47678	-0.28168	-0.15244
15300	0.20247	0.20119	0.21227	-0.12162	-0.10762	-0.10994	0.34563	0.26712	0.22002	-0.10137	-0.08801	-0.08355	0.21435	0.20877	0.19998	-0.47736	-0.28037	-0.15175
15460	0.20452	0.20476	0.21266	-0.11933	-0.10519	-0.10773	0.35079	0.26967	0.22295	-0.09865	-0.08648	-0.08198	0.21590	0.20700	0.19783	-0.48013	-0.28322	-0.15515
15630	0.20496	0.20209	0.21416	-0.11932	-0.10479	-0.10666	0.34783	0.27412	0.22535	-0.09760	-0.08533	-0.08067	0.21699	0.20505	0.19887	-0.47712	-0.28155	-0.15301
15790	0.20509	0.20273	0.21184	-0.12139	-0.10764	-0.10927	0.34183	0.26758	0.21859	-0.10106	-0.08826	-0.08302	0.21538	0.20792	0.20169	-0.47820	-0.27994	-0.15174
15960	0.20379	0.20400	0.21344	-0.11892	-0.10466	-0.10691	0.34408	0.27047	0.22278	-0.09946	-0.08659	-0.08198	0.21388	0.20678	0.19944	-0.47842	-0.28304	-0.15509
16120	0.20506	0.20428	0.21523	-0.11895	-0.10253	-0.10509	0.34846	0.27306	0.22502	-0.09678	-0.08395	-0.07998	0.21850	0.20797	0.20141	-0.47599	-0.27995	-0.15182
16290	0.20390	0.20389	0.21160	-0.12007	-0.10663	-0.10849	0.33941	0.26955	0.22091	-0.10049	-0.08742	-0.08258	0.21577	0.20661	0.20017	-0.47658	-0.28096	-0.15205
16450	0.20450	0.20410	0.21277	-0.11901	-0.10538	-0.10712	0.33981	0.27151	0.22183	-0.09947	-0.08726	-0.08185	0.21379	0.20437	0.19849	-0.47861	-0.28315	-0.15518	31.75	6.0	0.00	-2.04	0.01748	0.01211	0.01531	0.01887	0.01932	0.01511	0.00551	0.01527	0.02027	0.01921	0.01356	0.01723	0.01722	0.01779	0.01389	0.00585	0.01650	0.02209
16620	0.20366	0.20567	0.21496	-0.11876	-0.10284	-0.10488	0.35228	0.27415	0.22415	-0.09748	-0.08467	-0.07953	0.21817	0.20783	0.19981	-0.47713	-0.27981	-0.15182
16780	0.20426	0.20269	0.21003	-0.11931	-0.10652	-0.10804	0.34617	0.26920	0.21951	-0.10030	-0.08767	-0.08234	0.21516	0.20558	0.19752	-0.47946	-0.28319	-0.15479
16940	0.20390	0.20188	0.21306	-0.12098	-0.10767	-0.10927	0.34245	0.26854	0.21938	-0.10144	-0.08859	-0.08320	0.21553	0.20766	0.20155	-0.47726	-0.28005	-0.15182
17110	0.20605	0.20402	0.21449	-0.11878	-0.10505	-0.10713	0.34949	0.27126	0.22460	-0.09957	-0.08611	-0.08092	0.21520	0.20416	0.19846	-0.47894	-0.28363	-0.15450
17270	0.20280	0.20236	0.21279	-0.12147	-0.10664	-0.10780	0.34603	0.27175	0.22502	-0.09960	-0.08671	-0.08226	0.21582	0.20497	0.19809	-0.47879	-0.28331	-0.15473
17440	0.20354	0.20284	0.21163	-0.12156	-0.10785	-0.11009	0.34734	0.26909	0.22039	-0.10147	-0.08884	-0.08454	0.21361	0.20684	0.19856	-0.47923	-0.28187	-0.15402
17600	0.20321	0.20396	0.21451	-0.12046	-0.10664	-0.10881	0.34777	0.26878	0.22052	-0.10022	-0.08772	-0.08318	0.21420	0.20541	0.19898	-0.47914	-0.28327	-0.15584
17770	0.20391	0.20468	0.21386	-0.12044	-0.10632	-0.10773	0.34760	0.27225	0.22411	-0.09940	-0.08758	-0.08295	0.21507	0.20569	0.19922	-0.47908	-0.28236	-0.15440
17930	0.20214	0.20311	0.21055	-0.12185	-0.10870	-0.11071	0.34194	0.26558	0.21833	-0.10224	-0.09059	-0.08562	0.21523	0.20529	0.19953	-0.47688	-0.28193	-0.15340
18100	0.20429	0.20506	0.21369	-0.12098	-0.10659	-0.10805	0.34698	0.26895	0.22260	-0.10097	-0.08826	-0.08356	0.21506	0.20322	0.19838	-0.48032	-0.28357	-0.15582	31.80	6.0	0.00	-2.04	0.01748	0.01211	0.01531	0.01887	0.01932	0.01511	0.00551	0.01527	0.02027	0.01921	0.01356	0.01723	0.01722	0.01779	0.01389	0.00585	0.01650	0.02209
18260	0.20491	0.20583	0.21541	-0.11996	-0.10474	-0.10703	0.34971	0.27270	0.22532	-0.09838	-0.08610	-0.08170	0.21624	0.20893	0.20203	-0.47529	-0.28123	-0.15324
18430	0.20442	0.20234	0.21327	-0.12093	-0.10733	-0.10887	0.34368	0.27195	0.22251	-0.10108	-0.08828	-0.08329	0.21531	0.20698	0.19967	-0.48014	-0.28339	-0.15494
18590	0.20398	0.20362	0.21251	-0.12240	-0.10819	-0.10942	0.34978	0.26842	0.22229	-0.10143	-0.08870	-0.08355	0.21353	0.20568	0.19992	-0.47848	-0.28390	-0.15554
18760	0.20430	0.20474	0.21219	-0.12183	-0.10808	-0.10886	0.34773	0.26915	0.22265	-0.10089	-0.08810	-0.08322	0.21519	0.20647	0.19935	-0.47740	-0.28333	-0.15499
18920	0.20455	0.20603	0.21372	-0.12138	-0.10756	-0.10914	0.34620	0.26946	0.22294	-0.10136	-0.08872	-0.08320	0.21532	0.20586	0.19734	-0.47915	-0.28299	-0.15520
19090	0.20352	0.20389	0.21194	-0.12295	-0.10886	-0.11034	0.34768	0.26812	0.21990	-0.10265	-0.08960	-0.08420	0.21536	0.20864	0.20153	-0.47777	-0.28252	-0.15349
19250	0.20510	0.20659	0.21406	-0.12122	-0.10801	-0.10918	0.35296	0.27117	0.22066	-0.10163	-0.08895	-0.08384	0.21415	0.20509	0.19771	-0.48032	-0.28537	-0.15633
19420	0.20501	0.20629	0.21573	-0.11985	-0.10567	-0.10706	0.35330	0.27449	0.22511	-0.09945	-0.08641	-0.08224	0.21708	0.20820	0.20040	-0.47642	-0.28130	-0.15340
19580	0.20405	0.20314	0.21269	-0.12106	-0.10831	-0.10975	0.34744	0.27113	0.22286	-0.10169	-0.08855	-0.08448	0.21440	0.20586	0.19784	-0.48070	-0.28511	-0.15700
19750	0.20365	0.20458	0.21277	-0.12340	-0.10902	-0.11024	0.34898	0.27055	0.22165	-0.10130	-0.08909	-0.08463	0.21504	0.20495	0.19898	-0.47968	-0.28416	-0.15568	31.80	6.1	0.00	-2.04	0.01748	0.01211	0.01531	0.01887	0.01932	0.01511	0.00551	0.01527	0.02027	0.01921	0.01356	0.01723	0.01722	0.01779	0.01389	0.00585	0.01650	0.02209
19910	0.20427	0.20386	0.21065	-0.12271	-0.10939	-0.11067	0.34300	0.26717	0.22078	-0.10276	-0.09079	-0.08552	0.21533	0.20678	0.19969	-0.47915	-0.28389	-0.15571
20080	0.20490	0.20481	0.21101	-0.12231	-0.10884	-0.10974	0.34840	0.27028	0.22136	-0.10240	-0.08992	-0.08566	0.21523	0.20616	0.19880	-0.48092	-0.28459	-0.15665
20240	0.20398	0.20518	0.21234	-0.12323	-0.10867	-0.11031	0.34961	0.27069	0.22415	-0.10226	-0.08937	-0.08492	0.21585	0.20760	0.19954	-0.47924	-0.28408	-0.15614
20410	0.20198	0.20338	0.21078	-0.12352	-0.11006	-0.11240	0.34414	0.27063	0.22009	-0.10378	-0.09191	-0.08671	0.21381	0.20632	0.20107	-0.47711	-0.28303	-0.15356
20570	0.20608	0.20411	0.21383	-0.12166	-0.10771	-0.11023	0.35051	0.27136	0.22222	-0.10224	-0.08905	-0.08505	0.21571	0.20668	0.20020	-0.48148	-0.28592	-0.15752
20740	0.20540	0.20580	0.21294	-0.12056	-0.10613	-0.10780	0.34971	0.27418	0.22497	-0.09987	-0.08722	-0.08292	0.21807	0.20899	0.20307	-0.47691	-0.28285	-0.15434
20900	0.20610	0.20412	0.21239	-0.12246	-0.10836	-0.11000	0.34533	0.27129	0.22186	-0.10273	-0.09058	-0.08560	0.21413	0.20617	0.20121	-0.48143	-0.28583	-0.15752
21070	0.20223	0.20266	0.21158	-0.12545	-0.11147	-0.11323	0.34334	0.26744	0.21960	-0.10470	-0.09224	-0.08693	0.21513	0.20642	0.19928	-0.48154	-0.28501	-0.15599
21230	0.20557	0.20294	0.21236	-0.12350	-0.10971	-0.11088	0.34903	0.27195	0.22101	-0.10325	-0.09092	-0.08549	0.21493	0.20645	0.19932	-0.48130	-0.28773	-0.15804
21400	0.20489	0.20447	0.21466	-0.12333	-0.10929	-0.11125	0.34086	0.27021	0.22283	-0.10275	-0.09060	-0.08586	0.21595	0.20779	0.20024	-0.48252	-0.28576	-0.15703	31.80	6.2	0.00	-2.04	0.01748	0.01211	0.01531	0.01887	0.01933	0.01511	0.00551	0.01527	0.02027	0.01921	0.01356	0.01723	0.01722	0.01779	0.01389	0.00585	0.01650	0.02209
21560	0.20323	0.20428	0.21214	-0.12522	-0.11180	-0.11371	0.34664	0.26904	0.22012	-0.10556	-0.09303	-0.08874	0.21657	0.20892	0.20179	-0.48066	-0.28408	-0.15496
21730	0.20606	0.20529	0.21446	-0.12306	-0.10940	-0.11126	0.34793	0.26965	0.22305	-0.10305	-0.09092	-0.08653	0.21671	0.20533	0.20049	-0.48199	-0.28592	-0.15770
21890	0.20363	0.20396	0.21348	-0.12460	-0.11073	-0.11236	0.34243	0.26838	0.22002	-0.10336	-0.09160	-0.08703	0.21537	0.20407	0.19933	-0.48119	-0.28658	-0.15837
22060	0.20588	0.20370	0.21283	-0.12465	-0.11035	-0.11137	0.34933	0.27032	0.22447	-0.10345	-0.09146	-0.08671	0.21478	0.20537	0.20013	-0.48250	-0.28736	-0.15954
22220	0.20454	0.20335	0.21109	-0.12675	-0.11304	-0.11447	0.33890	0.26737	0.21857	-0.10625	-0.09418	-0.08951	0.21438	0.20650	0.20149	-0.48321	-0.28695	-0.15818
22390	0.20467	0.20471	0.21273	-0.12440	-0.11006	-0.11144	0.34655	0.27055	0.22298	-0.10311	-0.09077	-0.08665	0.21683	0.20794	0.20148	-0.48072	-0.28552	-0.15720
22550	0.20643	0.20549	0.21424	-0.12458	-0.11085	-0.11235	0.34372	0.26834	0.22206	-0.10427	-0.09287	-0.08720	0.21577	0.20904	0.20410	-0.47937	-0.28397	-0.15522
22720	0.20801	0.20552	0.21539	-0.12199	-0.10890	-0.11079	0.34447	0.27044	0.22341	-0.10280	-0.09095	-0.08616	0.21659	0.20671	0.20064	-0.47984	-0.28574	-0.15733
22880	0.20532	0.20473	0.21307	-0.12419	-0.11109	-0.11220	0.34476	0.27043	0.22119	-0.10384	-0.09217	-0.08717	0.21450	0.20647	0.19862	-0.48309	-0.28778	-0.15947
23050	0.20598	0.20652	0.21476	-0.12418	-0.10916	-0.11091	0.34976	0.27263	0.22504	-0.10219	-0.09141	-0.08573	0.21607	0.20953	0.20285	-0.48160	-0.28472	-0.15790	31.80	6.2	0.00	-2.04	0.01748	0.01211	0.01531	0.01887	0.01933	0.01511	0.00551	0.01527	0.02027	0.01921	0.01356	0.01723	0.01722	0.01779	0.01389	0.00585	0.01650	0.02209
23210	0.20673	0.20185	0.21209	-0.12585	-0.11247	-0.11471	0.34536	0.26823	0.22013	-0.10529	-0.09362	-0.08855	0.21687	0.21098	0.20353	-0.48080	-0.28342	-0.15455
23380	0.20677	0.20634	0.21729	-0.12299	-0.10945	-0.11173	0.34703	0.27059	0.22490	-0.10344	-0.09151	-0.08604	0.21601	0.20675	0.19977	-0.48118	-0.28657	-0.15829
23540	0.20462	0.20222	0.21193	-0.12624	-0.11213	-0.11396	0.34817	0.26851	0.22156	-0.10491	-0.09331	-0.08811	0.21439	0.20498	0.19865	-0.48257	-0.28818	-0.15935
23710	0.20336	0.20357	0.21315	-0.12603	-0.11187	-0.11364	0.34633	0.26902	0.22443	-0.10476	-0.09288	-0.08808	0.21538	0.20537	0.19870	-0.48313	-0.28781	-0.15934
23870	0.20340	0.20237	0.21261	-0.12652	-0.11250	-0.11491	0.34894	0.27035	0.22038	-0.10493	-0.09394	-0.08842	0.21646	0.20753	0.19893	-0.48344	-0.28746	-0.15904
24040	0.20454	0.20442	0.21352	-0.12582	-0.11154	-0.11370	0.34863	0.26982	0.22328	-0.10450	-0.09326	-0.08853	0.21469	0.20537	0.19816	-0.48255	-0.28797	-0.16092
24200	0.20457	0.20445	0.21396	-0.12572	-0.11074	-0.11241	0.34822	0.27228	0.22399	-0.10342	-0.09245	-0.08746	0.21590	0.20777	0.19845	-0.48349	-0.28696	-0.15926
24370	0.20464	0.20472	0.21274	-0.12756	-0.11435	-0.11595	0.34113	0.26891	0.22075	-0.10688	-0.09549	-0.09053	0.21673	0.20805	0.20255	-0.48176	-0.28458	-0.15671
24530	0.20516	0.20450	0.21293	-0.12512	-0.11128	-0.11241	0.34550	0.27042	0.22197	-0.10444	-0.09433	-0.08812	0.21460	0.20572	0.19994	-0.48337	-0.28829	-0.16019
24700	0.20554	0.20656	0.21380	-0.12448	-0.10941	-0.11034	0.34985	0.27470	0.22535	-0.10236	-0.09075	-0.08567	0.21833	0.20700	0.20242	-0.47799	-0.28429	-0.15731	31.80	6.1	0.00	-2.04	0.01748	0.01211	0.01531	0.01887	0.01933	0.01511	0.00551	0.01527	0.02027	0.01921	0.01356	0.01723	0.01722	0.01779	0.01389	0.00585	0.01650	0.02209
24860	0.20307	0.20538	0.21298	-0.12504	-0.11165	-0.11315	0.34274	0.26986	0.22252	-0.10479	-0.09385	-0.08755	0.21619	0.20649	0.19651	-0.48229	-0.28892	-0.16067
25030	0.20298	0.20399	0.21308	-0.12757	-0.11340	-0.11408	0.34675	0.27147	0.22234	-0.10533	-0.09407	-0.08804	0.21643	0.20607	0.19918	-0.48242	-0.28793	-0.15957
25190	0.20427	0.20374	0.21279	-0.12705	-0.11314	-0.11460	0.34496	0.27012	0.22118	-0.10525	-0.09478	-0.08816	0.21451	0.20585	0.19986	-0.48395	-0.28948	-0.16124
25350	0.20440	0.20425	0.21477	-0.12844	-0.11178	-0.11250	0.35232	0.27448	0.22837	-0.10279	-0.09177	-0.08588	0.21777	0.20861	0.20181	-0.47810	-0.28514	-0.15730
25520	0.20466	0.20430	0.21249	-0.12653	-0.11212	-0.11426	0.34199	0.27030	0.22052	-0.10597	-0.09452	-0.08800	0.21442	0.20515	0.19910	-0.48254	-0.28797	-0.16059
25680	0.20376	0.20521	0.21200	-0.12795	-0.11357	-0.11437	0.34629	0.26982	0.22095	-0.10616	-0.09450	-0.08804	0.21561	0.20477	0.19973	-0.48280	-0.28776	-0.16005
25850	0.20377	0.20351	0.21271	-0.12732	-0.11323	-0.11501	0.35041	0.27082	0.22146	-0.10559	-0.09499	-0.08909	0.21568	0.20778	0.19776	-0.48214	-0.28665	-0.15975
26010	0.20499	0.20312	0.21202	-0.12736	-0.11326	-0.11494	0.35060	0.27093	0.22326	-0.10538	-0.09472	-0.08983	0.21442	0.20802	0.20043	-0.48203	-0.28775	-0.15956
26180	0.20325	0.20505	0.21295	-0.12798	-0.11379	-0.11568	0.34683	0.26891	0.22133	-0.10608	-0.09571	-0.08994	0.21706	0.20819	0.20279	-0.48182	-0.28622	-0.15834
26340	0.20516	0.20505	0.21282	-0.12668	-0.11321	-0.11410	0.34437	0.26794	0.22160	-0.10579	-0.09543	-0.08900	0.21458	0.20516	0.19854	-0.48391	-0.28901	-0.16164	31.80	6.0	0.00	-2.04	0.01748	0.01211	0.01531	0.01887	0.01932	0.01511	0.00551	0.01527	0.02027	0.01921	0.01356	0.01723	0.01722	0.01779	0.01389	0.00585	0.01650	0.02209
26510	0.20556	0.20732	0.21516	-0.12596	-0.11093	-0.11183	0.34786	0.27255	0.22606	-0.10303	-0.09282	-0.08711	0.21856	0.20836	0.19999	-0.47983	-0.28512	-0.15844
26670	0.20459	0.20436	0.21215	-0.12683	-0.11291	-0.11470	0.34747	0.27006	0.22121	-0.10569	-0.09515	-0.08947	0.21602	0.20686	0.19965	-0.48092	-0.28759	-0.16002
26840	0.20312	0.20345	0.21210	-0.12853	-0.11382	-0.11489	0.34164	0.27035	0.22235	-0.10594	-0.09520	-0.08993	0.21595	0.20582	0.20015	-0.48174	-0.28721	-0.15979
27000	0.20657	0.20577	0.21303	-0.12729	-0.11332	-0.11403	0.34152	0.27040	0.22276	-0.10556	-0.09484	-0.08846	0.21491	0.20576	0.19954	-0.48315	-0.28869	-0.16098
27170	0.20538	0.20518	0.21422	-0.12660	-0.11174	-0.11260	0.34684	0.27389	0.22567	-0.10410	-0.09335	-0.08714	0.21753	0.21001	0.19929	-0.48010	-0.28692	-0.15901
27330	0.20485	0.20326	0.21270	-0.12782	-0.11482	-0.11643	0.34355	0.26665	0.22110	-0.10699	-0.09656	-0.08997	0.21364	0.20639	0.20216	-0.48325	-0.28841	-0.16014
27500	0.20442	0.20551	0.21193	-0.12782	-0.11373	-0.11519	0.35171	0.27156	0.22255	-0.10597	-0.09491	-0.08889	0.21643	0.20687	0.20138	-0.48063	-0.28670	-0.15916
27660	0.20648	0.20375	0.21423	-0.12731	-0.11378	-0.11512	0.34844	0.27020	0.22304	-0.10626	-0.09517	-0.08867	0.21743	0.20843	0.20211	-0.48120	-0.28544	-0.15764
27830	0.20587	0.20556	0.21570	-0.12567	-0.11226	-0.11410	0.34815	0.27097	0.22268	-0.10517	-0.09522	-0.08894	0.21675	0.20595	0.19812	-0.48384	-0.28811	-0.16058
28000	0.20264	0.20447	0.21441	-0.12806	-0.11295	-0.11405	0.34449	0.27139	0.22454	-0.10511	-0.09310	-0.08818	0.21601	0.20717	0.19940	-0.48261	-0.28667	-0.15945	31.80	6.2	0.00	-2.04	0.01748	0.01211	0.01531	0.01887	0.01932	0.01511	0.00551	0.01527	0.02027	0.01921	0.01356	0.01723	0.01722	0.01779	0.01389	0.00585	0.01650	0.02209
28160	0.20255	0.20501	0.21272	-0.12797	-0.11444	-0.11608	0.34519	0.26798	0.22151	-0.10717	-0.09654	-0.09072	0.21761	0.20924	0.20207	-0.47932	-0.28342	-0.15647
28320	0.20677	0.20554	0.21457	-0.12419	-0.11067	-0.11245	0.35192	0.27384	0.22300	-0.10393	-0.09353	-0.08769	0.21686	0.20786	0.19985	-0.48039	-0.28568	-0.15925
28490	0.20658	0.20438	0.21453	-0.12515	-0.11140	-0.11216	0.34793	0.27361	0.22511	-0.10397	-0.09391	-0.08781	0.21737	0.20723	0.20197	-0.48074	-0.28558	-0.15931
28650	0.20389	0.20193	0.21231	-0.12820	-0.11485	-0.11571	0.34226	0.26799	0.21773	-0.10719	-0.09735	-0.09111	0.21239	0.20346	0.19691	-0.48493	-0.28993	-0.16309
28810	0.20301	0.20382	0.21308	-0.12739	-0.11258	-0.11316	0.34848	0.27092	0.22301	-0.10470	-0.09370	-0.08835	0.21628	0.20636	0.20003	-0.48065	-0.28672	-0.15935
28980	0.20185	0.20255	0.21038	-0.12899	-0.11521	-0.11659	0.34485	0.26511	0.21724	-0.10827	-0.09781	-0.09144	0.21237	0.20115	0.19712	-0.48638	-0.29195	-0.16386
29140	0.20539	0.20492	0.21533	-0.12735	-0.11200	-0.11269	0.34616	0.27335	0.22476	-0.10418	-0.09280	-0.08790	0.21671	0.20628	0.19856	-0.48083	-0.28577	-0.15908
29300	0.20552	0.20355	0.21075	-0.12762	-0.11429	-0.11593	0.34628	0.26761	0.21863	-0.10764	-0.09692	-0.09030	0.21613	0.20548	0.19952	-0.48212	-0.28711	-0.15990
29470	0.20498	0.20360	0.21167	-0.12849	-0.11437	-0.11634	0.34338	0.26744	0.21916	-0.10690	-0.09650	-0.09005	0.21460	0.20402	0.19896	-0.48502	-0.28946	-0.16157
29630	0.20362	0.20041	0.21105	-0.13077	-0.11636	-0.11912	0.34790	0.26443	0.21952	-0.10940	-0.09837	-0.09186	0.21532	0.20748	0.19923	-0.48223	-0.28603	-0.15865	31.80	6.1	0.00	-2.04	0.01748	0.01211	0.01531	0.01887	0.01932	0.01511	0.00551	0.01527	0.02027	0.01921	0.01356	0.01723	0.01722	0.01779	0.01389	0.00585	0.01650	0.02209
29800	0.20496	0.20438	0.21365	-0.12746	-0.11415	-0.11522	0.34769	0.26857	0.22191	-0.10729	-0.09566	-0.08964	0.21296	0.20377	0.19795	-0.48535	-0.29007	-0.16219
29960	0.20584	0.20426	0.21351	-0.12722	-0.11235	-0.11283	0.34785	0.27218	0.22452	-0.10415	-0.09364	-0.08736	0.21666	0.20718	0.20053	-0.48259	-0.28694	-0.15988
30130	0.20308	0.20228	0.21280	-0.12883	-0.11511	-0.11639	0.34710	0.26933	0.21962	-0.10771	-0.09711	-0.09141	0.21743	0.20826	0.20102	-0.48037	-0.28585	-0.15850
30290	0.20482	0.20275	0.21272	-0.12696	-0.11377	-0.11514	0.34713	0.26933	0.22278	-0.10651	-0.09604	-0.08997	0.21540	0.20552	0.19768	-0.48582	-0.28958	-0.16189
30460	0.20651	0.20610	0.21364	-0.12613	-0.11145	-0.11237	0.35272	0.27326	0.22421	-0.10341	-0.09267	-0.08703	0.21834	0.20806	0.19946	-0.47895	-0.28525	-0.15799
30620	0.20530	0.20447	0.21322	-0.12679	-0.11368	-0.11426	0.34807	0.26871	0.22106	-0.10640	-0.09636	-0.09029	0.21492	0.20619	0.19969	-0.48365	-0.28819	-0.16137
30780	0.20352	0.20271	0.21144	-0.12892	-0.11545	-0.11622	0.34694	0.26548	0.22100	-0.10808	-0.09692	-0.09142	0.21600	0.20809	0.20038	-0.48194	-0.28606	-0.15862
30950	0.20510	0.20546	0.21271	-0.12631	-0.11187	-0.11405	0.35129	0.27225	0.22211	-0.10575	-0.09480	-0.08945	0.21439	0.20774	0.19800	-0.48341	-0.28831	-0.16072
31110	0.20372	0.20322	0.21256	-0.12902	-0.11342	-0.11422	0.34761	0.27115	0.22268	-0.10554	-0.09507	-0.08920	0.21460	0.20716	0.19985	-0.48159	-0.28858	-0.16068
31280	0.20429	0.20464	0.21011	-0.12890	-0.11497	-0.11609	0.35026	0.26703	0.22172	-0.10787	-0.09674	-0.09060	0.21688	0.21041	0.20177	-0.47948	-0.28614	-0.15801	31.80	6.1	0.00	-2.04	0.01748	0.01211	0.01531	0.01887	0.01933	0.01511	0.00551	0.01527	0.02027	0.01921	0.01356	0.01723	0.01722	0.01779	0.01389	0.00585	0.01650	0.02209
31440	0.20434	0.20550	0.21448	-0.12566	-0.11213	-0.11362	0.35327	0.27058	0.22264	-0.10495	-0.09489	-0.08856	0.21573	0.20770	0.20085	-0.48236	-0.28843	-0.16087
31610	0.20657	0.20400	0.21557	-0.12598	-0.11179	-0.11244	0.35281	0.27259	0.22560	-0.10450	-0.09375	-0.08796	0.21605	0.20660	0.20056	-0.48140	-0.28677	-0.15942
31770	0.20381	0.20263	0.21125	-0.12898	-0.11510	-0.11670	0.34242	0.26772	0.21940	-0.10806	-0.09644	-0.09004	0.21740	0.20796	0.20074	-0.48107	-0.28665	-0.15843
31940	0.20321	0.20344	0.21180	-0.12777	-0.11323	-0.11561	0.34758	0.26973	0.22113	-0.10698	-0.09540	-0.08930	0.21483	0.20483	0.19963	-0.48579	-0.29030	-0.16196
32100	0.20571	0.20494	0.21524	-0.12742	-0.11216	-0.11309	0.34697	0.27256	0.22482	-0.10431	-0.09375	-0.08817	0.21702	0.20796	0.20117	-0.48045	-0.28644	-0.15901
32270	0.20374	0.20423	0.21217	-0.12874	-0.11528	-0.11724	0.34583	0.26787	0.21988	-0.10790	-0.09624	-0.09149	0.21724	0.20838	0.20210	-0.48056	-0.28593	-0.15856
32430	0.20615	0.20337	0.21189	-0.12719	-0.11329	-0.11538	0.34687	0.27199	0.22122	-0.10585	-0.09506	-0.08921	0.21534	0.20691	0.19887	-0.48295	-0.28942	-0.16165
32590	0.20425	0.20388	0.21322	-0.12775	-0.11266	-0.11434	0.34750	0.27303	0.22274	-0.10539	-0.09459	-0.08937	0.21602	0.20475	0.20045	-0.48349	-0.28870	-0.16132
32760	0.20293	0.20466	0.21132	-0.13014	-0.11575	-0.11672	0.34441	0.26891	0.21993	-0.10751	-0.09696	-0.09115	0.21416	0.20716	0.19912	-0.48238	-0.28663	-0.15951
32920	0.20518	0.20699	0.21265	-0.12771	-0.11340	-0.11514	0.34562	0.26944	0.21990	-0.10688	-0.09623	-0.09059	0.21547	0.20542	0.19950	-0.48315	-0.28991	-0.16179	31.80	6.0	0.00	-2.04	0.01748	0.01211	0.01531	0.01887	0.01933	0.01511	0.00551	0.01527	0.02027	0.01921	0.01356	0.01723	0.01722	0.01779	0.01389	0.00585	0.01650	0.02209
33090	0.20267	0.20479	0.21339	-0.12692	-0.11140	-0.11268	0.34874	0.27360	0.22496	-0.10440	-0.09398	-0.08767	0.21627	0.20683	0.20040	-0.48023	-0.28710	-0.15960
33250	0.20404	0.20309	0.21237	-0.12846	-0.11436	-0.11597	0.34431	0.26895	0.22031	-0.10741	-0.09696	-0.09044	0.21685	0.20799	0.20128	-0.48000	-0.28683	-0.15892
33420	0.20439	0.20638	0.21424	-0.12665	-0.11300	-0.11384	0.35121	0.27041	0.22203	-0.10610	-0.09510	-0.08929	0.21775	0.20914	0.20330	-0.47881	-0.28482	-0.15704
33580	0.20671	0.20538	0.21421	-0.12438	-0.10975	-0.11081	0.35331	0.27399	0.22577	-0.10346	-0.09234	-0.08599	0.21858	0.20801	0.20227	-0.47756	-0.28572	-0.15820
33750	0.20475	0.20546	0.21488	-0.12641	-0.11102	-0.11138	0.35450	0.27390	0.22524	-0.10433	-0.09266	-0.08635	0.21646	0.20875	0.20121	-0.47823	-0.28550	-0.15827
33910	0.20552	0.20210	0.21142	-0.12700	-0.11391	-0.11469	0.34649	0.26798	0.22276	-0.10744	-0.09603	-0.09009	0.21443	0.20656	0.19709	-0.48490	-0.29065	-0.16244
34070	0.20031	0.20278	0.21321	-0.13005	-0.11324	-0.11321	0.35111	0.27339	0.22315	-0.10445	-0.09311	-0.08645	0.21805	0.20740	0.20041	-0.47847	-0.28635	-0.15876
34240	0.20446	0.20316	0.21294	-0.12801	-0.11421	-0.11653	0.34249	0.26745	0.22118	-0.10846	-0.09633	-0.09071	0.21389	0.20346	0.19933	-0.48430	-0.28927	-0.16117
34400	0.20280	0.20404	0.20996	-0.12886	-0.11518	-0.11604	0.34569	0.26580	0.22154	-0.10854	-0.09688	-0.09133	0.21433	0.20590	0.19768	-0.48311	-0.28971	-0.16207
34560	0.20320	0.20163	0.21043	-0.13067	-0.11636	-0.11778	0.34180	0.26638	0.21819	-0.10917	-0.09767	-0.09239	0.21661	0.20770	0.20039	-0.48066	-0.28747	-0.15969	31.86	6.1	0.00	-2.04	0.01748	0.01211	0.01531	0.01887	0.01933	0.01511	0.00551	0.01527	0.02027	0.01921	0.01356	0.01723	0.01722	0.01779	0.01389	0.00585	0.01650	0.02209
34730	0.20395	0.20335	0.21209	-0.12779	-0.11418	-0.11555	0.34168	0.26764	0.21904	-0.10755	-0.09578	-0.09051	0.21609	0.20660	0.19903	-0.48151	-0.28836	-0.16138
34890	0.20328	0.20400	0.21194	-0.12880	-0.11449	-0.11514	0.34747	0.27079	0.22227	-0.10668	-0.09592	-0.09042	0.21520	0.20804	0.19856	-0.48091	-0.28892	-0.16152
35060	0.20364	0.20286	0.21136	-0.12917	-0.11484	-0.11512	0.34113	0.26842	0.22126	-0.10741	-0.09603	-0.09098	0.21558	0.20761	0.20166	-0.47925	-0.28671	-0.15996
35220	0.20457	0.20322	0.21145	-0.12797	-0.11358	-0.11455	0.34601	0.27128	0.22164	-0.10653	-0.09527	-0.08994	0.21598	0.20487	0.19865	-0.48237	-0.28912	-0.16171
35390	0.20464	0.20654	0.21345	-0.12677	-0.11232	-0.11291	0.34831	0.27325	0.22513	-0.10526	-0.09415	-0.08786	0.21551	0.20801	0.20118	-0.47976	-0.28719	-0.15980
35550	0.20323	0.20246	0.21199	-0.12834	-0.11464	-0.11647	0.33402	0.26758	0.21984	-0.10812	-0.09675	-0.09145	0.21489	0.20890	0.20240	-0.47876	-0.28690	-0.15882
35720	0.20391	0.20424	0.21298	-0.12678	-0.11321	-0.11460	0.34749	0.27173	0.22318	-0.10627	-0.09491	-0.08883	0.21456	0.20705	0.19949	-0.48180	-0.28945	-0.16124
35880	0.20573	0.20575	0.21702	-0.12501	-0.11011	-0.11146	0.35013	0.27530	0.22618	-0.10327	-0.09236	-0.08643	0.21987	0.21013	0.20210	-0.47666	-0.28476	-0.15754
36050	0.20434	0.20549	0.21211	-0.12605	-0.11294	-0.11465	0.34689	0.27168	0.22249	-0.10685	-0.09507	-0.08906	0.21474	0.20617	0.19825	-0.48158	-0.28943	-0.16118
36210	0.20299	0.20067	0.21234	-0.12970	-0.11530	-0.11636	0.34461	0.27080	0.22050	-0.10758	-0.09607	-0.09042	0.21218	0.20504	0.19775	-0.48464	-0.29156	-0.16304	31.80	6.0	0.00	-2.04	0.01748	0.01211	0.01531	0.01887	0.01933	0.01511	0.00551	0.01527	0.02027	0.01921	0.01356	0.01723	0.01722	0.01779	0.01389	0.00585	0.01650	0.02209
36380	0.20535	0.20674	0.21546	-0.12641	-0.11201	-0.11270	0.35117	0.27289	0.22582	-0.10444	-0.09352	-0.08801	0.21813	0.20969	0.20044	-0.47864	-0.28618	-0.15875
36540	0.20427	0.20341	0.21226	-0.12788	-0.11450	-0.11516	0.34805	0.26823	0.21917	-0.10742	-0.09601	-0.09112	0.21498	0.20433	0.20018	-0.48134	-0.28902	-0.16122
36700	0.20319	0.20152	0.21169	-0.12875	-0.11524	-0.11666	0.34834	0.26888	0.22096	-0.10840	-0.09742	-0.09169	0.21514	0.20848	0.20088	-0.48123	-0.28621	-0.15892
36870	0.20568	0.20508	0.21319	-0.12637	-0.11243	-0.11467	0.34682	0.27198	0.22089	-0.10553	-0.09429	-0.08940	0.21720	0.20721	0.20047	-0.48232	-0.28848	-0.16156
37030	0.20180	0.20468	0.21308	-0.12900	-0.11421	-0.11471	0.34527	0.27012	0.22279	-0.10625	-0.09527	-0.08960	0.21643	0.20799	0.20122	-0.48092	-0.28816	-0.16045
37200	0.20342	0.20412	0.21209	-0.12828	-0.11462	-0.11504	0.34873	0.26990	0.21826	-0.10726	-0.09607	-0.09082	0.21650	0.20850	0.20174	-0.47966	-0.28612	-0.15876
37360	0.20504	0.20540	0.21429	-0.12593	-0.11261	-0.11358	0.34856	0.27322	0.22362	-0.10592	-0.09445	-0.08916	0.21581	0.20622	0.20081	-0.48143	-0.28825	-0.16124
37530	0.20365	0.20298	0.21439	-0.12729	-0.11278	-0.11415	0.35180	0.26971	0.22393	-0.10587	-0.09447	-0.08924	0.21593	0.20746	0.20126	-0.48083	-0.28881	-0.16097
37690	0.20291	0.20162	0.20998	-0.12912	-0.11518	-0.11628	0.34820	0.26822	0.21936	-0.10807	-0.09614	-0.09102	0.21534	0.20704	0.19990	-0.48057	-0.28781	-0.15968
37860	0.20448	0.20446	0.21284	-0.12832	-0.11419	-0.11563	0.34404	0.26761	0.22090	-0.10688	-0.09590	-0.09009	0.21487	0.20511	0.19798	-0.48487	-0.28996	-0.16281	31.80	6.0	0.00	-2.04	0.01748	0.01211	0.01531	0.01887	0.01933	0.01511	0.00551	0.01527	0.02027	0.01921	0.01356	0.01723	0.01722	0.01779	0.01389	0.00585	0.01650	0.02209
38020	0.20389	0.20359	0.21260	-0.12743	-0.11291	-0.11360	0.35183	0.27124	0.22340	-0.10519	-0.09385	-0.08794	0.21670	0.20794	0.20130	-0.48081	-0.28836	-0.16080
38190	0.20315	0.20224	0.21166	-0.12924	-0.11555	-0.11691	0.34665	0.26786	0.22040	-0.10877	-0.09675	-0.09123	0.21462	0.20919	0.20168	-0.48212	-0.28626	-0.15906
38350	0.20393	0.20268	0.21265	-0.12728	-0.11308	-0.11403	0.35191	0.26908	0.22259	-0.10655	-0.09524	-0.08901	0.21464	0.20543	0.19923	-0.48281	-0.28926	-0.16152
38520	0.20574	0.20602	0.21670	-0.12655	-0.11148	-0.11166	0.35159	0.27622	0.22566	-0.10425	-0.09268	-0.08674	0.21897	0.20935	0.20065	-0.48079	-0.28621	-0.15870
38680	0.20310	0.20301	0.21251	-0.12744	-0.11481	-0.11539	0.34336	0.26921	0.22326	-0.10798	-0.09585	-0.09078	0.21854	0.20899	0.20110	-0.47873	-0.28434	-0.15730
38840	0.20646	0.20303	0.21295	-0.12609	-0.11233	-0.11426	0.35246	0.27426	0.22257	-0.10533	-0.09485	-0.08958	0.21724	0.20777	0.19893	-0.48147	-0.28820	-0.16146
39010	0.20502	0.20289	0.21271	-0.12895	-0.11443	-0.11530	0.34808	0.26836	0.22004	-0.10646	-0.09616	-0.09064	0.21605	0.20667	0.20020	-0.48414	-0.28857	-0.16126
39170	0.20110	0.20137	0.21189	-0.12989	-0.11634	-0.11693	0.34566	0.26737	0.21840	-0.10867	-0.09811	-0.09241	0.21447	0.20491	0.20136	-0.48300	-0.28964	-0.16199
39340	0.20242	0.20147	0.21223	-0.12965	-0.11466	-0.11506	0.34888	0.26772	0.22166	-0.10725	-0.09590	-0.09095	0.21625	0.20852	0.20248	-0.48072	-0.28694	-0.15983
39510	0.20521	0.20425	0.21230	-0.12840	-0.11406	-0.11457	0.34830	0.27072	0.22345	-0.10682	-0.09594	-0.09000	0.21829	0.20943	0.20355	-0.47907	-0.28559	-0.15801	31.86	6.1	0.00	-2.04	0.01748	0.01211	0.01531	0.01887	0.01933	0.01511	0.00551	0.01527	0.02027	0.01921	0.01356	0.01723	0.01722	0.01779	0.01389	0.00585	0.01650	0.02209
39670	0.20578	0.20275	0.21454	-0.12531	-0.11104	-0.11270	0.34973	0.27376	0.22529	-0.10516	-0.09423	-0.08808	0.21767	0.20828	0.20266	-0.48219	-0.28806	-0.16039
39840	0.20349	0.20431	0.21390	-0.12786	-0.11173	-0.11139	0.35700	0.27608	0.22698	-0.10340	-0.09190	-0.08652	0.21933	0.20926	0.20257	-0.47703	-0.28484	-0.15752
40000	0.20462	0.20348	0.21027	-0.12633	-0.11312	-0.11455	0.34291	0.27014	0.22302	-0.10615	-0.09518	-0.08936	0.21544	0.20631	0.20024	-0.48168	-0.28797	-0.16061
40160	0.20350	0.20161	0.21325	-0.12920	-0.11419	-0.11534	0.34748	0.27051	0.22130	-0.10681	-0.09597	-0.09062	0.21483	0.20700	0.19973	-0.48299	-0.28913	-0.16129
40330	0.20357	0.20320	0.21371	-0.12846	-0.11392	-0.11522	0.34925	0.27095	0.22129	-0.10696	-0.09529	-0.08951	0.21597	0.20677	0.20042	-0.48201	-0.28830	-0.16034
40490	0.20502	0.20303	0.21236	-0.12846	-0.11396	-0.11504	0.34455	0.27080	0.22383	-0.10664	-0.09520	-0.08935	0.21513	0.20799	0.20101	-0.48363	-0.28835	-0.16037
40660	0.20506	0.20284	0.21212	-0.12913	-0.11534	-0.11646	0.34992	0.27019	0.22067	-0.10804	-0.09672	-0.09096	0.21597	0.20953	0.20122	-0.48117	-0.28594	-0.15862
40820	0.20420	0.20432	0.21189	-0.12766	-0.11322	-0.11469	0.34971	0.27397	0.22299	-0.10641	-0.09429	-0.09018	0.21472	0.20518	0.19857	-0.48421	-0.28904	-0.16139
40990	0.20666	0.20636	0.21527	-0.12586	-0.11124	-0.11208	0.35201	0.27468	0.22534	-0.10365	-0.09317	-0.08782	0.21904	0.21104	0.20394	-0.47878	-0.28553	-0.15860
41150	0.20576	0.20397	0.21287	-0.12722	-0.11344	-0.11549	0.35062	0.26977	0.22151	-0.10647	-0.09548	-0.08976	0.21734	0.20899	0.20202	-0.47944	-0.28404	-0.15729	31.80	6.1	0.00	-2.04	0.01748	0.01211	0.01531	0.01887	0.01933	0.01511	0.00551	0.01527	0.02027	0.01921	0.01356	0.01723	0.01722	0.01779	0.01389	0.00585	0.01650	0.02209
41320	0.20535	0.20556	0.21380	-0.12632	-0.11270	-0.11372	0.35323	0.27345	0.22429	-0.10555	-0.09425	-0.08929	0.21644	0.20583	0.19865	-0.48108	-0.28862	-0.16140
41480	0.20423	0.20612	0.21322	-0.12604	-0.11124	-0.11194	0.35267	0.27394	0.22437	-0.10369	-0.09360	-0.08779	0.21823	0.20758	0.19860	-0.47844	-0.28609	-0.15925
41640	0.20360	0.20370	0.21149	-0.12904	-0.11486	-0.11563	0.34909	0.26762	0.22186	-0.10791	-0.09659	-0.09027	0.21512	0.20585	0.20008	-0.48228	-0.28791	-0.16058
41810	0.20237	0.20068	0.21053	-0.12944	-0.11472	-0.11544	0.34834	0.27012	0.22081	-0.10681	-0.09658	-0.09031	0.21566	0.20615	0.19768	-0.48237	-0.29031	-0.16190
41970	0.20195	0.20134	0.20965	-0.13066	-0.11622	-0.11826	0.33871	0.26709	0.21887	-0.10923	-0.09815	-0.09229	0.21582	0.20749	0.20127	-0.48011	-0.28630	-0.15903
42140	0.20334	0.20486	0.21417	-0.12704	-0.11351	-0.11489	0.34459	0.27200	0.22227	-0.10658	-0.09596	-0.08952	0.21643	0.21006	0.20063	-0.47929	-0.28640	-0.15794
42300	0.20465	0.20654	0.21539	-0.12517	-0.11062	-0.11177	0.35204	0.27347	0.22643	-0.10406	-0.09313	-0.08772	0.21747	0.20873	0.20181	-0.48026	-0.28640	-0.15917
42470	0.20462	0.20423	0.21434	-0.12733	-0.11242	-0.11361	0.34846	0.27344	0.22444	-0.10463	-0.09453	-0.08804	0.21700	0.20654	0.19794	-0.48095	-0.28743	-0.16014
42630	0.20268	0.20244	0.21046	-0.12906	-0.11558	-0.11706	0.34575	0.26985	0.22043	-0.10799	-0.09724	-0.09045	0.21499	0.20739	0.19828	-0.48303	-0.28962	-0.16107
42800	0.20356	0.20196	0.21045	-0.12885	-0.11479	-0.11614	0.34086	0.26861	0.22164	-0.10800	-0.09669	-0.09026	0.21539	0.20674	0.19885	-0.48171	-0.28902	-0.16079	31.80	6.3	0.00	-2.04	0.01748	0.01211	0.01531	0.01887	0.01933	0.01511	0.00551	0.01527	0.02027	0.01921	0.01356	0.01723	0.01722	0.01779	0.01389	0.00585	0.01650	0.02209
42960	0.20445	0.20323	0.21165	-0.12931	-0.11570	-0.11622	0.34802	0.26874	0.22352	-0.10759	-0.09563	-0.09104	0.21865	0.20938	0.20338	-0.47735	-0.28423	-0.15658
43120	0.20764	0.20575	0.21657	-0.12441	-0.11062	-0.11188	0.35081	0.27392	0.22477	-0.10461	-0.09320	-0.08753	0.21797	0.20604	0.19836	-0.47898	-0.28604	-0.15934
43290	0.20495	0.20463	0.21462	-0.12559	-0.11165	-0.11266	0.35122	0.27362	0.22397	-0.10432	-0.09406	-0.08856	0.21845	0.20739	0.20174	-0.47967	-0.28599	-0.15920
43450	0.20473	0.20044	0.21288	-0.12848	-0.11493	-0.11593	0.34495	0.27013	0.22162	-0.10795	-0.09657	-0.09144	0.21455	0.20209	0.19732	-0.48437	-0.29118	-0.16398
43610	0.20363	0.20245	0.21256	-0.12829	-0.11298	-0.11338	0.35374	0.27358	0.22278	-0.10567	-0.09444	-0.08906	0.21607	0.20709	0.20040	-0.48111	-0.28776	-0.16070
43780	0.20288	0.20126	0.21038	-0.13015	-0.11526	-0.11615	0.34408	0.27007	0.21961	-0.10847	-0.09747	-0.09187	0.21384	0.20219	0.19664	-0.48626	-0.29188	-0.16423
43940	0.20325	0.20337	0.21273	-0.12785	-0.11232	-0.11292	0.35190	0.27531	0.22320	-0.10525	-0.09411	-0.08877	0.21874	0.20681	0.19937	-0.48056	-0.28796	-0.16049
44100	0.20240	0.20283	0.21129	-0.12907	-0.11534	-0.11724	0.34425	0.26923	0.21931	-0.10845	-0.09780	-0.09190	0.21660	0.20737	0.20156	-0.48178	-0.28828	-0.16023
44270	0.20381	0.20318	0.21395	-0.12891	-0.11489	-0.11570	0.34543	0.26829	0.22238	-0.10766	-0.09658	-0.09043	0.21457	0.20451	0.19895	-0.48302	-0.29027	-0.16218
44430	0.20352	0.20175	0.21029	-0.13113	-0.11767	-0.11862	0.34857	0.26704	0.21915	-0.11040	-0.09919	-0.09274	0.21524	0.20930	0.20320	-0.48086	-0.28651	-0.15809	31.86	6.1	0.00	-2.04	0.01748	0.01211	0.01531	0.01887	0.01933	0.01511	0.00551	0.01527	0.02027	0.01921	0.01356	0.01723	0.01722	0.01779	0.01389	0.00585	0.01650	0.02209
44600	0.20571	0.20618	0.21526	-0.12702	-0.11277	-0.11511	0.34334	0.27153	0.22526	-0.10637	-0.09561	-0.08929	0.21517	0.20528	0.19819	-0.48366	-0.29037	-0.16162
44760	0.20496	0.20658	0.21506	-0.12625	-0.11100	-0.11186	0.35656	0.27857	0.22649	-0.10349	-0.09227	-0.08649	0.21913	0.20896	0.20196	-0.47876	-0.28521	-0.15716
44930	0.20538	0.20494	0.21332	-0.12630	-0.11324	-0.11462	0.34934	0.27231	0.22209	-0.10642	-0.09582	-0.08952	0.21677	0.20733	0.19947	-0.48306	-0.28881	-0.16100
45090	0.20237	0.20215	0.21204	-0.12915	-0.11541	-0.11683	0.34712	0.27036	0.22373	-0.10792	-0.09677	-0.09137	0.21437	0.20450	0.19847	-0.48452	-0.29106	-0.16298
45260	0.20636	0.20622	0.21498	-0.12764	-0.11236	-0.11370	0.35634	0.27579	0.22402	-0.10522	-0.09426	-0.08932	0.21894	0.20847	0.19973	-0.47984	-0.28732	-0.16018
45420	0.20656	0.20271	0.21189	-0.12882	-0.11547	-0.11672	0.34794	0.26844	0.22104	-0.10836	-0.09724	-0.09202	0.21597	0.20617	0.19979	-0.48199	-0.28804	-0.16046
45580	0.20471	0.20361	0.21326	-0.12849	-0.11532	-0.11645	0.34714	0.27069	0.22310	-0.10747	-0.09694	-0.09075	0.21719	0.20975	0.20356	-0.47938	-0.28588	-0.15823
45750	0.20527	0.20603	0.21511	-0.12678	-0.11314	-0.11396	0.35019	0.27375	0.22410	-0.10594	-0.09569	-0.08965	0.21529	0.20657	0.20117	-0.48241	-0.28910	-0.16115
45910	0.20443	0.20306	0.21317	-0.12993	-0.11433	-0.11406	0.35465	0.27286	0.22379	-0.10617	-0.09416	-0.08953	0.21682	0.20819	0.20054	-0.48193	-0.28813	-0.16082
46080	0.20542	0.20314	0.21156	-0.12891	-0.11475	-0.11586	0.34383	0.27237	0.22066	-0.10818	-0.09665	-0.09166	0.21790	0.20944	0.20147	-0.48038	-0.28813	-0.16006	31.86	6.1	0.00	-2.04	0.01748	0.01211	0.01531	0.01887	0.01933	0.01511	0.00551	0.01527	0.02027	0.01921	0.01356	0.01723	0.01722	0.01779	0.01389	0.00585	0.01650	0.02209
46240	0.20341	0.20398	0.21382	-0.12759	-0.11342	-0.11556	0.35000	0.27078	0.22201	-0.10745	-0.09593	-0.09049	0.21455	0.20658	0.19876	-0.48238	-0.29052	-0.16255
46410	0.20472	0.20450	0.21469	-0.12741	-0.11309	-0.11406	0.34588	0.27336	0.22420	-0.10586	-0.09558	-0.08935	0.21753	0.20863	0.20128	-0.47987	-0.28831	-0.16055
46570	0.20487	0.20337	0.21290	-0.12959	-0.11630	-0.11721	0.34581	0.27221	0.22077	-0.10893	-0.09743	-0.09187	0.21714	0.20831	0.20179	-0.47967	-0.28703	-0.15852
46740	0.20506	0.20591	0.21453	-0.12725	-0.11353	-0.11496	0.35256	0.27213	0.22533	-0.10718	-0.09589	-0.08977	0.21499	0.20600	0.20126	-0.48360	-0.28943	-0.16216
46900	0.20715	0.20652	0.21716	-0.12645	-0.11209	-0.11305	0.35002	0.27615	0.22774	-0.10469	-0.09428	-0.08779	0.21861	0.21002	0.20147	-0.47918	-0.28647	-0.15905
47070	0.20677	0.20455	0.21468	-0.12798	-0.11510	-0.11655	0.35041	0.26961	0.22233	-0.10777	-0.09669	-0.09053	0.21924	0.21141	0.20321	-0.47794	-0.28330	-0.15569
47230	0.20707	0.20836	0.21449	-0.12488	-0.11153	-0.11315	0.35559	0.27459	0.22479	-0.10536	-0.09434	-0.08876	0.21787	0.20824	0.20039	-0.48078	-0.28791	-0.15998
47390	0.20571	0.20557	0.21520	-0.12658	-0.11162	-0.11287	0.35019	0.27320	0.22377	-0.10486	-0.09470	-0.08888	0.21826	0.20741	0.20109	-0.47969	-0.28684	-0.15971
47560	0.20484	0.20318	0.21333	-0.12850	-0.11470	-0.11668	0.35201	0.26884	0.22072	-0.10822	-0.09685	-0.09198	0.21557	0.20481	0.20113	-0.48074	-0.28870	-0.16156
47720	0.20242	0.20310	0.21211	-0.12979	-0.11525	-0.11622	0.34859	0.26968	0.22200	-0.10812	-0.09765	-0.09152	0.21480	0.20499	0.19768	-0.48278	-0.29030	-0.16293	31.86	6.2	0.00	-2.04	0.01748	0.01211	0.01531	0.01887	0.01933	0.01511	0.00551	0.01527	0.02027	0.01921	0.01356	0.01723	0.01722	0.01779	0.01389	0.00585	0.01650	0.02209
47890	0.20332	0.19963	0.21124	-0.13234	-0.11715	-0.11781	0.34801	0.27039	0.21968	-0.10952	-0.09882	-0.09261	0.21468	0.20713	0.20142	-0.48214	-0.28759	-0.16042
48050	0.20428	0.20364	0.21356	-0.12877	-0.11473	-0.11538	0.35144	0.27292	0.22392	-0.10757	-0.09652	-0.09094	0.21646	0.20797	0.19941	-0.48214	-0.28899	-0.16240
48220	0.20476	0.20410	0.21152	-0.12836	-0.11326	-0.11408	0.34907	0.27465	0.22415	-0.10623	-0.09522	-0.08935	0.21613	0.20653	0.20103	-0.48067	-0.28910	-0.16174
48380	0.20150	0.20286	0.21221	-0.13082	-0.11639	-0.11746	0.34747	0.26787	0.22042	-0.10970	-0.09818	-0.09273	0.21603	0.20803	0.20214	-0.48276	-0.28851	-0.16096
48550	0.20510	0.20479	0.21491	-0.12836	-0.11465	-0.11577	0.34900	0.27066	0.22175	-0.10815	-0.09721	-0.09094	0.21641	0.20966	0.20387	-0.47731	-0.28465	-0.15806
48710	0.20672	0.20713	0.21557	-0.12542	-0.11151	-0.11275	0.35106	0.27854	0.22487	-0.10509	-0.09461	-0.08876	0.21787	0.20919	0.19985	-0.47866	-0.28670	-0.16019
48880	0.20551	0.20348	0.21365	-0.12793	-0.11395	-0.11560	0.34530	0.27017	0.22315	-0.10739	-0.09618	-0.09018	0.21452	0.20855	0.20081	-0.48292	-0.28889	-0.16196
49040	0.20444	0.20405	0.21356	-0.12965	-0.11418	-0.11422	0.34663	0.27349	0.22527	-0.10653	-0.09498	-0.08873	0.21680	0.20665	0.20189	-0.48043	-0.28740	-0.16057
49210	0.20561	0.20451	0.21370	-0.13003	-0.11556	-0.11755	0.34866	0.27090	0.21948	-0.10893	-0.09787	-0.09087	0.21801	0.21056	0.20344	-0.47890	-0.28549	-0.15803
49370	0.20635	0.20647	0.21521	-0.12702	-0.11368	-0.11488	0.35099	0.27232	0.22433	-0.10744	-0.09638	-0.08994	0.21472	0.20641	0.20013	-0.48266	-0.28903	-0.16162	31.75	5.9	0.00	-2.04	0.01748	0.01211	0.01531	0.01887	0.01932	0.01511	0.00551	0.01527	0.02027	0.01921	0.01356	0.01723	0.01722	0.01779	0.01389	0.00585	0.01650	0.02209
49540	0.20698	0.20557	0.21651	-0.12578	-0.11071	-0.11166	0.35082	0.27466	0.22803	-0.10402	-0.09278	-0.08747	0.22144	0.21090	0.20164	-0.47603	-0.28426	-0.15764
49700	0.20490	0.20512	0.21488	-0.12684	-0.11371	-0.11470	0.34842	0.27260	0.22435	-0.10673	-0.09600	-0.09065	0.21611	0.20623	0.20051	-0.48131	-0.28909	-0.16204
49860	0.20351	0.20385	0.21350	-0.12934	-0.11534	-0.11647	0.34697	0.27038	0.22274	-0.10731	-0.09728	-0.09115	0.21693	0.20717	0.20263	-0.48089	-0.28694	-0.16055
50030	0.20381	0.20293	0.21382	-0.12821	-0.11470	-0.11491	0.34821	0.27369	0.22389	-0.10736	-0.09636	-0.09044	0.21585	0.20762	0.20131	-0.48027	-0.28844	-0.16120
50190	0.20261	0.20211	0.21177	-0.13050	-0.11696	-0.11804	0.34545	0.26878	0.22158	-0.10970	-0.09829	-0.09267	0.21696	0.20992	0.20402	-0.47816	-0.28463	-0.15717
50360	0.20662	0.20565	0.21489	-0.12641	-0.11254	-0.11325	0.35479	0.27357	0.22542	-0.10613	-0.09541	-0.08998	0.21616	0.20777	0.20145	-0.48091	-0.28716	-0.16093
50520	0.20437	0.20330	0.21346	-0.12809	-0.11394	-0.11517	0.35259	0.27198	0.22390	-0.10675	-0.09585	-0.08964	0.21710	0.20695	0.20014	-0.48166	-0.28859	-0.16169
50690	0.20468	0.20481	0.21403	-0.12731	-0.11291	-0.11349	0.35726	0.27368	0.22473	-0.10584	-0.09443	-0.08859	0.21783	0.20888	0.20077	-0.47876	-0.28804	-0.16003
50850	0.20314	0.20260	0.21229	-0.12937	-0.11529	-0.11604	0.34915	0.26876	0.22107	-0.10842	-0.09794	-0.09169	0.21650	0.21087	0.20195	-0.47978	-0.28644	-0.15956
51020	0.20498	0.20502	0.21431	-0.12833	-0.11427	-0.11535	0.35585	0.27245	0.22488	-0.10718	-0.09590	-0.08999	0.21815	0.20980	0.20411	-0.47909	-0.28440	-0.15739	31.86	5.9	0.00	-2.04	0.01748	0.01211	0.01531	0.01887	0.01932	0.01511	0.00551	0.01527	0.02027	0.01921	0.01356	0.01723	0.01722	0.01779	0.01389	0.00585	0.01650	0.02209
51180	0.20763	0.20581	0.21579	-0.12491	-0.11143	-0.11285	0.34779	0.27422	0.22589	-0.10554	-0.09438	-0.08805	0.21796	0.20820	0.20177	-0.47971	-0.28662	-0.15993
51350	0.20530	0.20441	0.21423	-0.12862	-0.11463	-0.11602	0.34311	0.27071	0.22207	-0.10707	-0.09676	-0.09012	0.21645	0.20536	0.19919	-0.48044	-0.28751	-0.16018
51510	0.20646	0.20377	0.21334	-0.12840	-0.11443	-0.11605	0.35163	0.26981	0.22266	-0.10823	-0.09700	-0.09062	0.21666	0.20875	0.20247	-0.47759	-0.28425	-0.15685
