WetView ver 7.1	07-18-2018	19:46:33
AC9 Absorption and Attenuation Meter
00000266		; Serial number
2	; structure version number
Reserved
0.000000	0.000000		; Depth calibration
19200			; Baud rate
0.100000			; Path length (meters)
31			; number of temperature calibration bins
				12.59339	13.44920	14.48425	15.49668	16.50852	17.49564	18.50545	19.52458	20.50176	21.48889	22.47318	23.48707	24.50962	25.49370	26.49784	27.51372	28.50746	29.47237	30.47938	31.50214	32.50470	33.49235	34.50337	35.50914	36.50618	37.52058	38.51018	39.51308	40.49994	41.49866	42.47204	; temperature bins
a650	Blue	20.34952		-0.00383	-0.00415	-0.00430	-0.00391	-0.00363	-0.00317	-0.00269	-0.00237	-0.00179	-0.00130	-0.00099	-0.00071	-0.00015	0.00000	0.00004	-0.00001	0.00015	0.00036	0.00058	0.00101	0.00161	0.00132	0.00160	0.00169	0.00242	0.00273	0.00336	0.00365	0.00427	0.00566	0.00670		; offset and temperature correction info
a676	Green	20.51193		-0.00398	-0.00384	-0.00360	-0.00306	-0.00302	-0.00255	-0.00235	-0.00212	-0.00163	-0.00136	-0.00118	-0.00089	-0.00029	0.00000	0.00068	0.00082	0.00099	0.00137	0.00145	0.00212	0.00260	0.00252	0.00321	0.00354	0.00457	0.00535	0.00617	0.00648	0.00742	0.00887	0.01002		; offset and temperature correction info
a715	Brown	20.23230		-0.00421	-0.00394	-0.00391	-0.00291	-0.00264	-0.00192	-0.00204	-0.00179	-0.00188	-0.00239	-0.00180	-0.00187	-0.00099	0.00000	0.00084	0.00162	0.00188	0.00224	0.00321	0.00381	0.00466	0.00528	0.00588	0.00696	0.00859	0.01041	0.01148	0.01282	0.01333	0.01456	0.01617		; offset and temperature correction info
c510	Red	20.40042		-0.00261	-0.00247	-0.00258	-0.00225	-0.00203	-0.00197	-0.00199	-0.00203	-0.00154	-0.00103	-0.00069	-0.00019	-0.00007	0.00000	0.00011	-0.00021	-0.00042	-0.00056	-0.00040	0.00011	0.00036	0.00050	0.00077	0.00079	0.00050	0.00042	0.00043	0.00092	0.00147	0.00200	0.00232		; offset and temperature correction info
c532	Magenta	20.40760		-0.00248	-0.00265	-0.00278	-0.00279	-0.00296	-0.00292	-0.00238	-0.00206	-0.00129	-0.00096	-0.00092	-0.00052	-0.00009	0.00000	0.00007	-0.00049	-0.00136	-0.00107	-0.00079	-0.00065	-0.00074	-0.00105	-0.00152	-0.00192	-0.00236	-0.00269	-0.00252	-0.00233	-0.00172	-0.00128	-0.00067		; offset and temperature correction info
c555	Black	20.50654		-0.00053	-0.00063	-0.00106	-0.00094	-0.00068	-0.00055	-0.00053	-0.00039	-0.00028	-0.00025	-0.00011	-0.00035	-0.00007	0.00000	-0.00037	-0.00055	-0.00036	-0.00014	0.00019	0.00044	0.00032	0.00040	0.00050	0.00028	0.00014	0.00013	0.00030	0.00073	0.00117	0.00176	0.00241		; offset and temperature correction info
a412	LtBlue	17.15231		-0.01972	-0.01823	-0.01612	-0.01381	-0.01272	-0.01080	-0.00959	-0.00866	-0.00710	-0.00532	-0.00354	-0.00148	-0.00028	0.00000	0.00176	0.00297	0.00394	0.00440	0.00453	0.00487	0.00804	0.00856	0.01065	0.01248	0.01388	0.01439	0.01659	0.01881	0.02256	0.02450	0.02719		; offset and temperature correction info
a440	LtGreen	18.00171		-0.00729	-0.00642	-0.00581	-0.00502	-0.00426	-0.00349	-0.00244	-0.00218	-0.00179	-0.00101	-0.00046	-0.00006	0.00036	0.00000	0.00040	0.00045	0.00030	-0.00015	-0.00024	-0.00035	0.00012	-0.00013	-0.00033	-0.00089	-0.00142	-0.00189	-0.00231	-0.00205	-0.00140	-0.00140	-0.00146		; offset and temperature correction info
a488	Yellow	18.86491		-0.00113	-0.00102	-0.00106	-0.00064	-0.00027	-0.00020	-0.00030	-0.00037	-0.00047	-0.00059	-0.00052	-0.00012	0.00008	0.00000	0.00025	0.00012	-0.00013	-0.00043	-0.00065	-0.00076	-0.00025	0.00010	0.00090	0.00111	0.00113	0.00104	0.00073	0.00068	0.00120	0.00186	0.00258		; offset and temperature correction info
c650	Blue	20.46075		-0.00145	-0.00097	-0.00092	-0.00139	-0.00185	-0.00196	-0.00237	-0.00266	-0.00238	-0.00163	-0.00083	-0.00041	-0.00010	0.00000	0.00005	-0.00001	0.00015	0.00034	0.00029	0.00065	0.00101	0.00164	0.00126	0.00156	0.00175	0.00270	0.00287	0.00371	0.00407	0.00473	0.00534		; offset and temperature correction info
c676	Green	20.10118		-0.00170	-0.00144	-0.00149	-0.00177	-0.00188	-0.00194	-0.00198	-0.00196	-0.00177	-0.00156	-0.00140	-0.00091	-0.00033	0.00000	0.00050	0.00092	0.00110	0.00141	0.00167	0.00199	0.00216	0.00265	0.00269	0.00289	0.00315	0.00374	0.00367	0.00408	0.00486	0.00561	0.00646		; offset and temperature correction info
c715	Brown	19.91219		-0.01201	-0.01097	-0.00859	-0.00680	-0.00651	-0.00592	-0.00535	-0.00440	-0.00387	-0.00303	-0.00222	-0.00153	-0.00028	0.00000	0.00093	0.00149	0.00247	0.00322	0.00330	0.00427	0.00373	0.00464	0.00536	0.00551	0.00643	0.00733	0.00779	0.00884	0.00899	0.01021	0.01120		; offset and temperature correction info
a510	Red	19.21192		0.00201	0.00193	0.00158	0.00098	0.00089	0.00049	0.00011	-0.00016	-0.00016	-0.00005	0.00028	0.00025	0.00006	0.00000	0.00035	-0.00022	-0.00023	-0.00080	-0.00144	-0.00154	-0.00153	-0.00204	-0.00220	-0.00219	-0.00190	-0.00128	-0.00069	-0.00018	0.00068	0.00152	0.00241		; offset and temperature correction info
a532	Magenta	19.41084		-0.00097	-0.00072	-0.00060	-0.00081	-0.00062	-0.00071	-0.00040	0.00020	0.00028	0.00043	0.00000	-0.00035	0.00007	0.00000	-0.00011	-0.00059	-0.00080	-0.00098	-0.00137	-0.00162	-0.00163	-0.00130	-0.00073	-0.00018	0.00090	0.00185	0.00175	0.00247	0.00291	0.00327	0.00349		; offset and temperature correction info
a555	Black	19.69776		0.00171	0.00183	0.00183	0.00186	0.00191	0.00170	0.00115	0.00131	0.00097	0.00073	0.00060	0.00013	0.00015	0.00000	0.00014	-0.00029	-0.00066	-0.00082	-0.00116	-0.00139	-0.00134	-0.00167	-0.00119	-0.00093	-0.00048	0.00053	0.00111	0.00095	0.00178	0.00206	0.00273		; offset and temperature correction info
c412	LtBlue	19.91180		-0.02051	-0.01853	-0.01589	-0.01311	-0.01059	-0.00877	-0.00705	-0.00581	-0.00413	-0.00231	-0.00098	-0.00066	-0.00011	0.00000	-0.00013	-0.00085	-0.00170	-0.00170	-0.00302	-0.00330	-0.00429	-0.00551	-0.00626	-0.00775	-0.00978	-0.01181	-0.01113	-0.01108	-0.01116	-0.01192	-0.01291		; offset and temperature correction info
c440	LtGreen	20.06241		-0.01064	-0.00992	-0.00892	-0.00766	-0.00639	-0.00531	-0.00478	-0.00384	-0.00287	-0.00187	-0.00102	-0.00063	-0.00023	0.00000	-0.00007	-0.00053	-0.00090	-0.00119	-0.00169	-0.00197	-0.00226	-0.00257	-0.00260	-0.00289	-0.00394	-0.00470	-0.00481	-0.00493	-0.00520	-0.00580	-0.00620		; offset and temperature correction info
c488	Yellow	20.35984		-0.01125	-0.01082	-0.00966	-0.00833	-0.00726	-0.00661	-0.00579	-0.00500	-0.00389	-0.00278	-0.00167	-0.00113	-0.00041	0.00000	0.00055	0.00121	0.00187	0.00226	0.00222	0.00251	0.00281	0.00359	0.00414	0.00427	0.00401	0.00404	0.00486	0.00563	0.00638	0.00684	0.00718		; offset and temperature correction info
0.003500	0.004000	0.015000	0.020000	0.015000	0.020000	2500.000000	2000.000000	1000.000000	; maxANoise	maxCNoise	maxADifference	maxCDifference	minACounts	minCCounts	minRCounts	maxTempSdev	maxDepthSdev
0			; auxilliary capabilities
1			; acquisition binsize
0	0.18271	0.15855	0.10199	0.91137	0.77506	0.59663	4.42191	2.62819	1.22597	0.30582	0.28212	0.25548	0.91779	0.71088	0.53501	3.76960	2.31248	1.18696	33.13	6.0	0.00	7.65	0.01264	0.01290	0.01614	0.00785	0.00584	0.00640	0.00467	0.01265	0.01678	0.00678	0.00703	0.00872	0.01487	0.01091	0.01193	0.00219	0.00622	0.00871
160	0.18287	0.15881	0.10151	0.91094	0.77530	0.59686	4.42510	2.63078	1.22800	0.30762	0.28396	0.25586	0.91778	0.70753	0.53087	3.76863	2.30971	1.18465
320	0.18118	0.15443	0.09981	0.90793	0.77097	0.59341	4.42953	2.62500	1.22345	0.30361	0.28043	0.25370	0.91581	0.70581	0.53200	3.76895	2.30995	1.18508
490	0.18140	0.15530	0.10131	0.90834	0.77162	0.59476	4.42985	2.62579	1.22682	0.30379	0.28040	0.25442	0.91420	0.70806	0.52688	3.76418	2.30750	1.18284
650	0.18000	0.15503	0.09921	0.90658	0.77061	0.59392	4.42953	2.62355	1.22610	0.30288	0.27967	0.25340	0.91111	0.70298	0.52870	3.76363	2.30620	1.18062
810	0.17714	0.15348	0.10071	0.90548	0.77104	0.59520	4.43458	2.62962	1.22852	0.30545	0.28187	0.25480	0.91431	0.70691	0.53017	3.76700	2.31005	1.18360
980	0.18200	0.15722	0.10069	0.90732	0.77132	0.59335	4.43093	2.62884	1.22583	0.30400	0.28052	0.25358	0.91383	0.70330	0.52953	3.76532	2.30723	1.18212
1140	0.17824	0.15748	0.10114	0.90699	0.77160	0.59564	4.44192	2.62937	1.22705	0.30539	0.28130	0.25491	0.91559	0.70607	0.53123	3.76966	2.30886	1.18369
1300	0.17886	0.15756	0.10120	0.90804	0.77119	0.59377	4.42670	2.62803	1.22576	0.30429	0.28122	0.25310	0.91323	0.70316	0.52775	3.76483	2.30705	1.18133
1470	0.18136	0.15776	0.10175	0.90837	0.77302	0.59616	4.42781	2.62644	1.22878	0.30548	0.28182	0.25507	0.91699	0.70663	0.53087	3.76477	2.30981	1.18502
1630	0.18007	0.15683	0.10032	0.90841	0.77212	0.59336	4.42511	2.62545	1.22613	0.30447	0.28262	0.25433	0.91156	0.70578	0.52975	3.76563	2.30811	1.18341	33.08	6.0	0.00	7.72	0.01264	0.01290	0.01614	0.00785	0.00584	0.00640	0.00467	0.01265	0.01678	0.00678	0.00703	0.00872	0.01487	0.01091	0.01193	0.00219	0.00622	0.00871
1790	0.18090	0.15542	0.10127	0.90865	0.77329	0.59586	4.42561	2.62545	1.22574	0.30640	0.28318	0.25581	0.91533	0.70766	0.53289	3.76802	2.31254	1.18717
1960	0.18260	0.15823	0.10218	0.91037	0.77425	0.59664	4.43373	2.63250	1.22904	0.30678	0.28381	0.25665	0.91908	0.71108	0.53621	3.77155	2.31298	1.18769
2120	0.18367	0.16135	0.10197	0.91277	0.77678	0.59814	4.42515	2.63209	1.23069	0.30869	0.28560	0.25791	0.92129	0.71014	0.53498	3.77399	2.31793	1.19185
2280	0.18387	0.15908	0.10232	0.91304	0.77734	0.59816	4.42404	2.63017	1.22956	0.30894	0.28404	0.25733	0.91861	0.71052	0.53522	3.77068	2.31332	1.18775
2440	0.18201	0.15683	0.10287	0.91249	0.77673	0.59806	4.42590	2.62881	1.23036	0.30840	0.28436	0.25755	0.91696	0.71112	0.53135	3.77160	2.31311	1.18770
2610	0.18148	0.15765	0.09980	0.91025	0.77387	0.59590	4.42801	2.62684	1.22637	0.30560	0.28164	0.25507	0.91768	0.70845	0.53511	3.77399	2.31171	1.18666
2770	0.18033	0.15692	0.09774	0.90894	0.77208	0.59325	4.42121	2.62131	1.22157	0.30409	0.27896	0.25149	0.91047	0.70499	0.52758	3.76319	2.30653	1.18156
2930	0.18096	0.15657	0.10308	0.91132	0.77659	0.59825	4.43499	2.63090	1.22826	0.30950	0.28441	0.25758	0.91807	0.70929	0.53344	3.77627	2.31392	1.18887
3100	0.18281	0.15817	0.10025	0.91051	0.77410	0.59539	4.41282	2.62630	1.22746	0.30536	0.28132	0.25414	0.91373	0.70415	0.52997	3.76460	2.31014	1.18497
3260	0.18325	0.16085	0.10265	0.91235	0.77669	0.59922	4.42590	2.63527	1.23015	0.30883	0.28552	0.25725	0.91759	0.71130	0.53074	3.77173	2.31477	1.18958	33.13	6.2	0.00	7.63	0.01264	0.01290	0.01614	0.00785	0.00584	0.00640	0.00467	0.01265	0.01678	0.00678	0.00703	0.00872	0.01487	0.01091	0.01193	0.00219	0.00622	0.00871
3420	0.18187	0.15475	0.10106	0.91081	0.77411	0.59707	4.43420	2.62637	1.22438	0.30576	0.28258	0.25467	0.91278	0.70758	0.53134	3.76700	2.31067	1.18619
3590	0.17963	0.15473	0.09775	0.90828	0.77007	0.59352	4.42744	2.61982	1.22125	0.30334	0.27950	0.25148	0.91570	0.70945	0.53368	3.77400	2.31487	1.19004
3750	0.18146	0.15759	0.10241	0.91237	0.77523	0.59670	4.42661	2.62803	1.22616	0.30691	0.28304	0.25403	0.91492	0.70639	0.53006	3.76782	2.31016	1.18490
3910	0.18069	0.15525	0.09858	0.90760	0.77005	0.59330	4.42182	2.62556	1.22268	0.30397	0.28096	0.25265	0.91372	0.70835	0.53152	3.76755	2.31218	1.18759
4070	0.18023	0.15809	0.10110	0.90998	0.77348	0.59536	4.42107	2.62737	1.22674	0.30519	0.28254	0.25338	0.91400	0.70434	0.52978	3.76619	2.30919	1.18472
4240	0.17912	0.15549	0.09841	0.90666	0.76836	0.59280	4.41135	2.62213	1.22195	0.30237	0.28036	0.25099	0.91505	0.70499	0.52832	3.76489	2.31021	1.18638
4400	0.18204	0.15687	0.10190	0.91038	0.77404	0.59846	4.42071	2.62579	1.22521	0.30640	0.28316	0.25435	0.91789	0.70767	0.53308	3.77287	2.31343	1.18879
4570	0.18264	0.15908	0.09997	0.91171	0.77379	0.59687	4.42633	2.62662	1.22797	0.30747	0.28379	0.25481	0.91639	0.70643	0.53259	3.76625	2.31297	1.18753
4730	0.18133	0.15855	0.10161	0.91047	0.77342	0.59595	4.43219	2.62550	1.22611	0.30794	0.28337	0.25516	0.91649	0.70686	0.53437	3.76928	2.31312	1.18842
4900	0.18091	0.16034	0.10026	0.91098	0.77265	0.59630	4.42353	2.62927	1.22542	0.30666	0.28220	0.25434	0.91637	0.70836	0.53077	3.77058	2.31096	1.18623	33.08	5.9	0.00	7.60	0.01264	0.01290	0.01614	0.00785	0.00584	0.00640	0.00467	0.01265	0.01678	0.00678	0.00703	0.00872	0.01487	0.01091	0.01193	0.00219	0.00622	0.00872
5060	0.17958	0.15821	0.10175	0.90936	0.77540	0.59961	4.42728	2.63273	1.23154	0.31058	0.28663	0.25874	0.91985	0.71232	0.53480	3.77318	2.31648	1.19053
5220	0.18409	0.15894	0.10170	0.91231	0.77345	0.59775	4.41602	2.62754	1.22602	0.30706	0.28292	0.25595	0.91668	0.70900	0.53172	3.77182	2.31535	1.19093
5390	0.18332	0.15934	0.10212	0.91229	0.77458	0.59647	4.41724	2.62927	1.22690	0.30774	0.28345	0.25562	0.91427	0.70788	0.53202	3.76743	2.31294	1.18805
5550	0.18074	0.15775	0.09915	0.90887	0.77110	0.59396	4.41938	2.62407	1.22346	0.30514	0.28129	0.25423	0.91498	0.70840	0.53388	3.77166	2.31518	1.18930
5710	0.18172	0.16017	0.10156	0.91209	0.77340	0.59724	4.42142	2.62534	1.22666	0.30721	0.28275	0.25640	0.91651	0.70768	0.53245	3.77177	2.31267	1.18864
5880	0.18058	0.15707	0.10079	0.90964	0.77151	0.59479	4.41999	2.62419	1.22447	0.30583	0.28143	0.25412	0.91814	0.71024	0.53476	3.77438	2.31754	1.19353
6040	0.18518	0.15894	0.10272	0.91382	0.77434	0.59823	4.42567	2.62541	1.22690	0.30809	0.28531	0.25686	0.91691	0.70621	0.53488	3.77003	2.31449	1.18946
6210	0.18219	0.15818	0.10139	0.91351	0.77459	0.59826	4.43168	2.62775	1.22865	0.30877	0.28475	0.25827	0.91797	0.70870	0.53044	3.76965	2.31319	1.18850
6370	0.18012	0.15848	0.10180	0.91171	0.77266	0.59736	4.42753	2.62994	1.22568	0.30791	0.28402	0.25670	0.91414	0.70641	0.53145	3.76634	2.31283	1.18761
6530	0.18214	0.15659	0.10280	0.91241	0.77480	0.59836	4.42825	2.62812	1.22643	0.30925	0.28509	0.25810	0.91782	0.70779	0.53279	3.77091	2.31476	1.18969	33.08	6.1	0.00	7.64	0.01264	0.01290	0.01614	0.00785	0.00584	0.00640	0.00467	0.01265	0.01678	0.00678	0.00703	0.00872	0.01487	0.01091	0.01193	0.00219	0.00622	0.00872
6700	0.17968	0.15868	0.09893	0.91146	0.77444	0.59762	4.42227	2.62518	1.22503	0.30846	0.28268	0.25511	0.91460	0.70749	0.52853	3.76788	2.31254	1.18770
6860	0.18282	0.15892	0.10225	0.91317	0.77626	0.59965	4.42864	2.62770	1.22971	0.30981	0.28612	0.25807	0.91923	0.71050	0.53490	3.77297	2.31447	1.18986
7020	0.18156	0.15878	0.10090	0.91204	0.77457	0.59718	4.42814	2.62375	1.22645	0.30809	0.28287	0.25581	0.91533	0.70708	0.53362	3.77335	2.31251	1.18765
7190	0.18210	0.15731	0.10249	0.91335	0.77568	0.59892	4.42335	2.62920	1.23089	0.31112	0.28614	0.25825	0.91767	0.70956	0.53478	3.77802	2.31579	1.19074
7350	0.18274	0.15689	0.10005	0.91242	0.77378	0.59600	4.42685	2.62645	1.22483	0.30765	0.28370	0.25676	0.91462	0.70715	0.53266	3.77330	2.31183	1.18761
7510	0.18068	0.15631	0.09784	0.90779	0.77092	0.59395	4.42224	2.61869	1.22363	0.30578	0.28111	0.25404	0.91840	0.71126	0.53688	3.77406	2.31845	1.19264
7680	0.18413	0.15831	0.10105	0.91332	0.77530	0.59854	4.42628	2.62804	1.22654	0.30890	0.28545	0.25786	0.91863	0.70639	0.53309	3.77346	2.31496	1.18948
7840	0.18122	0.15688	0.10069	0.91205	0.77532	0.59802	4.43172	2.62689	1.22601	0.30931	0.28344	0.25694	0.91712	0.71004	0.53089	3.77357	2.31395	1.18925
8000	0.18066	0.15528	0.10021	0.91065	0.77194	0.59611	4.41945	2.62421	1.22427	0.30613	0.28218	0.25536	0.91287	0.70456	0.52924	3.77384	2.31171	1.18589
8170	0.17876	0.15457	0.10319	0.90970	0.77590	0.60080	4.41414	2.63120	1.23063	0.31266	0.28708	0.25868	0.91787	0.71297	0.53441	3.77515	2.31619	1.19233	33.08	6.2	0.00	7.65	0.01264	0.01290	0.01614	0.00785	0.00584	0.00640	0.00467	0.01265	0.01678	0.00678	0.00703	0.00872	0.01487	0.01091	0.01193	0.00219	0.00622	0.00872
8330	0.18276	0.15764	0.10274	0.91387	0.77579	0.59836	4.41482	2.62636	1.22683	0.30945	0.28453	0.25638	0.91489	0.70664	0.53098	3.77211	2.31315	1.18853
8490	0.18146	0.15410	0.10388	0.91047	0.77467	0.59832	4.41996	2.62973	1.22829	0.31124	0.28475	0.25776	0.91641	0.70868	0.53278	3.77243	2.31307	1.18981
8650	0.18090	0.15636	0.10155	0.91157	0.77427	0.59528	4.42375	2.62297	1.22452	0.30852	0.28335	0.25540	0.91458	0.70507	0.52859	3.77265	2.31067	1.18657
8820	0.18088	0.15587	0.09884	0.90909	0.77172	0.59419	4.42847	2.62445	1.22318	0.30678	0.28189	0.25353	0.91621	0.71003	0.53613	3.77211	2.31552	1.19275
8980	0.18285	0.15760	0.10334	0.91346	0.77590	0.59924	4.42221	2.62814	1.22773	0.31048	0.28557	0.25743	0.91758	0.70850	0.53154	3.77444	2.31344	1.18974
9140	0.17959	0.15810	0.10027	0.91013	0.77143	0.59541	4.41907	2.62507	1.22347	0.30761	0.28184	0.25492	0.92061	0.71271	0.53190	3.77233	2.31596	1.19054
9310	0.18225	0.15639	0.10249	0.91319	0.77487	0.59747	4.42061	2.62572	1.22697	0.30931	0.28467	0.25679	0.91561	0.70787	0.53175	3.77249	2.31218	1.18757
9470	0.18094	0.15569	0.10031	0.90958	0.77141	0.59493	4.42404	2.62569	1.22296	0.30727	0.28237	0.25481	0.91415	0.70832	0.53241	3.77412	2.31420	1.19101
9630	0.18404	0.15689	0.09993	0.91292	0.77520	0.59746	4.42000	2.62851	1.22637	0.30912	0.28350	0.25639	0.91621	0.70854	0.53505	3.77211	2.31315	1.18846
9800	0.18131	0.15551	0.09963	0.91065	0.77165	0.59513	4.42061	2.62318	1.22175	0.30610	0.28071	0.25480	0.91813	0.71214	0.53557	3.77532	2.31614	1.19149	33.08	6.1	0.00	7.76	0.01264	0.01290	0.01614	0.00785	0.00584	0.00640	0.00467	0.01265	0.01678	0.00678	0.00703	0.00872	0.01487	0.01092	0.01193	0.00219	0.00622	0.00872
9960	0.18273	0.15830	0.10279	0.91424	0.77612	0.59858	4.42651	2.62620	1.22687	0.30965	0.28430	0.25662	0.91555	0.70665	0.53128	3.77515	2.31245	1.18740
10130	0.18315	0.15941	0.10188	0.91309	0.77573	0.59996	4.42422	2.62459	1.22887	0.30968	0.28590	0.25758	0.91716	0.70991	0.53243	3.77320	2.31420	1.18936
10290	0.18286	0.15631	0.10048	0.91185	0.77435	0.59812	4.41407	2.62678	1.22711	0.30769	0.28244	0.25568	0.91606	0.70810	0.53518	3.76865	2.31146	1.18756
10450	0.18117	0.15947	0.10272	0.91432	0.77603	0.59898	4.42447	2.62545	1.22751	0.31075	0.28626	0.25815	0.91831	0.70971	0.53707	3.77472	2.31524	1.19009
10620	0.17951	0.15578	0.10190	0.91257	0.77477	0.59737	4.41614	2.62525	1.22698	0.30880	0.28313	0.25622	0.91739	0.70838	0.53134	3.77190	2.31211	1.18720
10780	0.18195	0.15685	0.10278	0.91490	0.77765	0.59989	4.43402	2.63074	1.23085	0.31057	0.28627	0.25872	0.92037	0.71198	0.53582	3.77689	2.31479	1.19051
10940	0.18148	0.15705	0.10074	0.91280	0.77570	0.59692	4.41986	2.62468	1.22532	0.30695	0.28251	0.25618	0.91345	0.70716	0.53125	3.77255	2.31073	1.18651
11110	0.17908	0.15480	0.09997	0.90930	0.77196	0.59435	4.40868	2.62339	1.22329	0.30614	0.28161	0.25473	0.91743	0.71195	0.53722	3.77461	2.31589	1.19234
11270	0.18241	0.15775	0.10168	0.91541	0.77728	0.59944	4.41579	2.62815	1.22683	0.30896	0.28440	0.25718	0.91773	0.71130	0.53281	3.77336	2.31284	1.18844
11430	0.18122	0.15803	0.09906	0.91152	0.77343	0.59513	4.41246	2.62295	1.22154	0.30710	0.28104	0.25527	0.91785	0.71013	0.53534	3.77216	2.31586	1.19108	33.08	6.1	0.00	7.69	0.01264	0.01290	0.01614	0.00785	0.00584	0.00640	0.00467	0.01265	0.01678	0.00678	0.00703	0.00872	0.01487	0.01092	0.01194	0.00219	0.00622	0.00872
11600	0.18239	0.15666	0.10193	0.91449	0.77692	0.59808	4.42662	2.62408	1.22565	0.30809	0.28420	0.25743	0.91691	0.70894	0.53278	3.77221	2.31489	1.19046
11760	0.18174	0.15683	0.10232	0.91325	0.77586	0.59930	4.41114	2.62536	1.22600	0.31039	0.28553	0.25793	0.91495	0.70671	0.53386	3.77346	2.31331	1.18868
11920	0.18312	0.15576	0.10183	0.91295	0.77517	0.59691	4.42819	2.62062	1.22362	0.30730	0.28445	0.25746	0.91481	0.70667	0.53253	3.76766	2.31190	1.18579
12090	0.17810	0.15895	0.10335	0.91105	0.77782	0.60078	4.42608	2.63168	1.23095	0.31221	0.28758	0.26072	0.92089	0.71103	0.53505	3.77726	2.31688	1.19197
12250	0.18303	0.15694	0.10452	0.91544	0.77705	0.59815	4.41925	2.62699	1.22488	0.30884	0.28559	0.25832	0.91432	0.70869	0.53264	3.77004	2.31291	1.18797
12410	0.17911	0.15879	0.10393	0.91264	0.77852	0.60060	4.42984	2.62965	1.22877	0.31197	0.28663	0.26084	0.91769	0.71357	0.53490	3.77460	2.31783	1.19221
12570	0.18248	0.15802	0.10270	0.91437	0.77653	0.59881	4.41782	2.62312	1.22452	0.30939	0.28467	0.25761	0.91331	0.70725	0.53213	3.77037	2.31336	1.18824
12740	0.18039	0.15675	0.10105	0.91116	0.77583	0.59920	4.41446	2.62471	1.22631	0.31034	0.28615	0.25900	0.91557	0.70720	0.53206	3.76961	2.31365	1.18976
12900	0.17916	0.15629	0.09934	0.91234	0.77524	0.59735	4.42397	2.62230	1.22341	0.30821	0.28312	0.25683	0.91498	0.70798	0.53110	3.77048	2.31307	1.18786
13060	0.18062	0.15390	0.09835	0.91226	0.77439	0.59673	4.41621	2.62033	1.22098	0.30755	0.28391	0.25570	0.92035	0.70826	0.53308	3.77756	2.31749	1.19200	33.13	6.1	0.00	7.70	0.01264	0.01290	0.01614	0.00785	0.00584	0.00640	0.00467	0.01265	0.01678	0.00678	0.00703	0.00873	0.01487	0.01092	0.01194	0.00219	0.00622	0.00872
13230	0.18063	0.15723	0.10257	0.91521	0.77753	0.59908	4.41660	2.62783	1.22712	0.30941	0.28478	0.25888	0.91417	0.71001	0.53195	3.77528	2.31457	1.18816
13390	0.17894	0.15581	0.09952	0.91134	0.77471	0.59501	4.43048	2.61960	1.22069	0.30680	0.28220	0.25672	0.91645	0.71054	0.53647	3.77539	2.31772	1.19211
13560	0.18185	0.15708	0.10184	0.91495	0.77740	0.59949	4.42132	2.62809	1.22756	0.30975	0.28658	0.25926	0.91824	0.70920	0.53541	3.77718	2.31319	1.18881
13720	0.18046	0.15680	0.10134	0.91423	0.77744	0.59942	4.41903	2.62592	1.22540	0.30933	0.28662	0.25887	0.91624	0.70947	0.53060	3.77523	2.31507	1.19046
13880	0.18308	0.15878	0.10151	0.91445	0.77770	0.59914	4.42504	2.62468	1.22702	0.30942	0.28516	0.25813	0.91533	0.70620	0.53433	3.77116	2.31317	1.18836
14050	0.18470	0.15784	0.10396	0.91691	0.77972	0.60347	4.42912	2.63266	1.23078	0.31260	0.28923	0.26083	0.92035	0.70997	0.53630	3.77582	2.31650	1.19189
14210	0.18401	0.16010	0.10168	0.91556	0.77829	0.59790	4.42347	2.62479	1.22564	0.30876	0.28614	0.25813	0.91273	0.70752	0.52942	3.77148	2.31300	1.18816
14370	0.18360	0.16045	0.10393	0.91667	0.77972	0.60249	4.44340	2.63001	1.23077	0.31203	0.28889	0.26146	0.91906	0.71197	0.53352	3.78033	2.31710	1.19207
14540	0.18294	0.15856	0.10084	0.91498	0.77863	0.59959	4.42304	2.62527	1.22684	0.30886	0.28501	0.25974	0.91451	0.71019	0.53089	3.77479	2.31243	1.18799
14700	0.18250	0.15810	0.10343	0.91512	0.77920	0.60181	4.43142	2.62831	1.22741	0.31170	0.28685	0.25971	0.91822	0.70981	0.53523	3.77626	2.31537	1.19007	33.13	6.1	0.00	7.72	0.01264	0.01290	0.01614	0.00785	0.00584	0.00640	0.00467	0.01265	0.01678	0.00678	0.00703	0.00873	0.01487	0.01092	0.01194	0.00219	0.00622	0.00872
14860	0.18016	0.15681	0.10156	0.91351	0.77761	0.59983	4.42066	2.62575	1.22661	0.30869	0.28502	0.25920	0.91276	0.70744	0.53210	3.77208	2.31173	1.18755
15020	0.17882	0.15416	0.09760	0.91152	0.77470	0.59757	4.42391	2.62263	1.22312	0.30725	0.28385	0.25625	0.91537	0.71083	0.53515	3.77322	2.31603	1.19092
15190	0.18244	0.15849	0.10112	0.91443	0.77726	0.59988	4.42098	2.62663	1.22529	0.30992	0.28584	0.25862	0.91599	0.70893	0.53389	3.77078	2.31265	1.18850
15350	0.18067	0.15773	0.10169	0.91347	0.77716	0.59887	4.42334	2.62432	1.22669	0.31010	0.28630	0.25823	0.91625	0.70861	0.53410	3.77794	2.31366	1.18995
15520	0.18161	0.15627	0.10123	0.91502	0.77808	0.59922	4.43221	2.62712	1.22660	0.30994	0.28669	0.25966	0.91666	0.70877	0.53236	3.77138	2.31364	1.18914
15680	0.18022	0.15526	0.09954	0.91193	0.77493	0.59745	4.41233	2.62415	1.22228	0.30792	0.28396	0.25635	0.91457	0.70870	0.53291	3.77468	2.31340	1.19048
15840	0.18210	0.15940	0.09930	0.91467	0.77808	0.60128	4.42859	2.62346	1.22584	0.30961	0.28654	0.25828	0.92060	0.70976	0.53482	3.77452	2.31636	1.19140
16010	0.18405	0.15970	0.10347	0.91660	0.77779	0.60146	4.41669	2.62663	1.22659	0.31193	0.28722	0.26073	0.91577	0.70810	0.53279	3.77626	2.31426	1.18967
16170	0.18168	0.15795	0.10249	0.91409	0.77865	0.60099	4.42999	2.62903	1.22590	0.31113	0.28748	0.26037	0.92053	0.70898	0.53735	3.77241	2.31481	1.19095
16340	0.18207	0.15773	0.10161	0.91450	0.77757	0.59996	4.41582	2.62560	1.22634	0.30987	0.28560	0.25923	0.91710	0.70961	0.53359	3.77305	2.31433	1.18992	33.13	6.1	0.00	7.63	0.01264	0.01290	0.01614	0.00785	0.00584	0.00640	0.00467	0.01265	0.01678	0.00678	0.00703	0.00872	0.01487	0.01092	0.01193	0.00219	0.00622	0.00872
16500	0.18115	0.15679	0.10136	0.91461	0.77871	0.60050	4.42847	2.62653	1.22729	0.31160	0.28552	0.26011	0.91759	0.70855	0.53248	3.77288	2.31373	1.19022
16670	0.18173	0.15740	0.09868	0.91331	0.77630	0.59739	4.41743	2.62314	1.22349	0.30819	0.28476	0.25824	0.91899	0.71092	0.53641	3.77652	2.31758	1.19391
16830	0.18441	0.16095	0.10316	0.91723	0.77876	0.60147	4.41046	2.62586	1.22497	0.31208	0.28778	0.26069	0.91582	0.70879	0.53257	3.77467	2.31394	1.19009
16990	0.18454	0.15944	0.10333	0.91604	0.78010	0.60099	4.42007	2.62729	1.22873	0.31184	0.28717	0.26131	0.91613	0.70962	0.53467	3.77158	2.31578	1.19041
17160	0.18233	0.15577	0.10228	0.91434	0.77729	0.59958	4.41439	2.62491	1.22717	0.30983	0.28509	0.25880	0.91510	0.70882	0.53132	3.76789	2.31347	1.18894
17320	0.18209	0.15927	0.10422	0.91590	0.78059	0.60218	4.42154	2.63008	1.23098	0.31245	0.28723	0.26167	0.91848	0.71166	0.53499	3.77630	2.31678	1.19175
17480	0.18285	0.15962	0.10179	0.91547	0.77682	0.59919	4.41257	2.62237	1.22469	0.30976	0.28489	0.25828	0.91530	0.70684	0.53190	3.76898	2.31216	1.18812
17650	0.18220	0.16092	0.10236	0.91580	0.77953	0.60236	4.42272	2.62686	1.22612	0.31207	0.28612	0.26115	0.91944	0.71161	0.53327	3.77630	2.31604	1.19117
17810	0.18223	0.15804	0.10216	0.91464	0.77830	0.59851	4.41864	2.62430	1.22507	0.31056	0.28437	0.25851	0.91413	0.70727	0.53243	3.77191	2.31302	1.18814
17970	0.17995	0.15598	0.09801	0.91081	0.77437	0.59639	4.41528	2.61769	1.22141	0.30617	0.28253	0.25696	0.91812	0.70893	0.53461	3.77391	2.31719	1.19294	33.13	6.1	0.00	7.71	0.01264	0.01290	0.01614	0.00785	0.00584	0.00640	0.00467	0.01265	0.01678	0.00678	0.00703	0.00873	0.01487	0.01092	0.01193	0.00219	0.00622	0.00872
18140	0.18404	0.15863	0.10201	0.91681	0.77977	0.60118	4.42057	2.63007	1.22651	0.31027	0.28565	0.26035	0.91761	0.70808	0.53265	3.77055	2.31390	1.18962
18300	0.18137	0.15752	0.10111	0.91322	0.77636	0.59744	4.41603	2.62150	1.22280	0.30754	0.28385	0.25770	0.91712	0.71097	0.53908	3.77380	2.31776	1.19353
18460	0.18498	0.15988	0.10440	0.91660	0.77865	0.60082	4.42815	2.62582	1.22789	0.31101	0.28639	0.26066	0.91603	0.70886	0.53381	3.77451	2.31606	1.19048
18630	0.18175	0.15855	0.10007	0.91282	0.77613	0.59736	4.41889	2.62315	1.22192	0.30633	0.28266	0.25661	0.91890	0.71210	0.53577	3.77586	2.31882	1.19425
18790	0.18318	0.16035	0.10470	0.91809	0.78044	0.60157	4.42032	2.62393	1.22652	0.31126	0.28564	0.26020	0.91693	0.70954	0.53192	3.77136	2.31532	1.19094
18950	0.18119	0.15656	0.10058	0.91301	0.77722	0.59784	4.41831	2.62041	1.22241	0.30746	0.28364	0.25727	0.91894	0.70940	0.53764	3.77570	2.31882	1.19455
19120	0.18464	0.15962	0.10202	0.91679	0.78072	0.60130	4.42303	2.62618	1.22635	0.31023	0.28699	0.26037	0.92052	0.70982	0.53159	3.77472	2.31709	1.19152
19280	0.18144	0.15877	0.10262	0.91657	0.78033	0.60130	4.41474	2.62334	1.22742	0.31036	0.28613	0.26051	0.91778	0.70808	0.53159	3.77890	2.31539	1.18995
19440	0.18252	0.15742	0.10244	0.91324	0.77748	0.59895	4.43265	2.62270	1.22350	0.30792	0.28414	0.25753	0.91365	0.70538	0.52792	3.76800	2.31292	1.18648
19610	0.17961	0.15852	0.10411	0.91297	0.78101	0.60279	4.42021	2.63095	1.23023	0.31132	0.28754	0.26240	0.91721	0.71046	0.53435	3.77829	2.31885	1.19350	33.08	6.1	0.00	7.72	0.01264	0.01290	0.01614	0.00785	0.00584	0.00640	0.00467	0.01265	0.01678	0.00678	0.00703	0.00872	0.01487	0.01092	0.01193	0.00219	0.00622	0.00872
19770	0.18409	0.15832	0.10406	0.91631	0.77926	0.59975	4.41385	2.62583	1.22365	0.30833	0.28406	0.25870	0.91707	0.70853	0.53167	3.77005	2.31398	1.18906
19930	0.18200	0.15818	0.10381	0.91378	0.77926	0.60159	4.41792	2.62582	1.22864	0.30967	0.28606	0.26061	0.91738	0.71201	0.53705	3.77406	2.31713	1.19122
20090	0.18035	0.15845	0.10058	0.91342	0.77824	0.59821	4.42106	2.62267	1.22294	0.30798	0.28354	0.25634	0.91354	0.70664	0.53003	3.76961	2.31250	1.18777
20260	0.18040	0.15693	0.10117	0.91215	0.77835	0.60002	4.42503	2.62644	1.22702	0.30921	0.28554	0.25945	0.91570	0.70946	0.53241	3.77580	2.31560	1.18930
20420	0.18144	0.15776	0.10139	0.91376	0.77804	0.59837	4.42135	2.62355	1.22429	0.30794	0.28433	0.25822	0.91339	0.70855	0.53233	3.77129	2.31383	1.18843
20590	0.18182	0.15761	0.10262	0.91523	0.77841	0.59965	4.42432	2.62746	1.22763	0.30927	0.28618	0.25978	0.91869	0.70899	0.53374	3.77119	2.31529	1.19047
20750	0.18040	0.15564	0.10114	0.91452	0.77774	0.59944	4.41817	2.62495	1.22696	0.30813	0.28416	0.25816	0.91533	0.70704	0.53114	3.77444	2.31325	1.18890
20910	0.18238	0.15893	0.10256	0.91533	0.78006	0.60127	4.41674	2.62637	1.22827	0.30966	0.28467	0.26019	0.91954	0.70832	0.53406	3.77602	2.31564	1.19131
21080	0.18205	0.15848	0.10272	0.91455	0.77853	0.59992	4.42700	2.62362	1.22768	0.30783	0.28446	0.25877	0.91911	0.70736	0.53318	3.76999	2.31424	1.18915
21240	0.18426	0.15851	0.10445	0.91706	0.78236	0.60300	4.43104	2.62707	1.22942	0.31156	0.28499	0.26115	0.91885	0.71063	0.53475	3.77890	2.31775	1.19262	33.08	6.1	0.00	7.68	0.01264	0.01290	0.01614	0.00785	0.00584	0.00640	0.00467	0.01265	0.01678	0.00678	0.00703	0.00872	0.01487	0.01092	0.01193	0.00219	0.00622	0.00872
21400	0.18156	0.15783	0.09978	0.91442	0.77880	0.59982	4.41838	2.62244	1.22564	0.30873	0.28370	0.25800	0.91332	0.70912	0.53180	3.77288	2.31333	1.18814
21570	0.18061	0.15843	0.10460	0.91688	0.78190	0.60368	4.42332	2.62901	1.22879	0.31255	0.28586	0.26146	0.91626	0.71121	0.53388	3.78026	2.31937	1.19303
21730	0.18360	0.15742	0.10190	0.91596	0.77979	0.60038	4.41985	2.62675	1.22641	0.30882	0.28393	0.25926	0.91489	0.70725	0.53175	3.77271	2.31331	1.18835
21890	0.18129	0.15689	0.10223	0.91509	0.77995	0.60053	4.41467	2.62499	1.22671	0.31026	0.28501	0.26036	0.91783	0.70990	0.53430	3.77510	2.31477	1.18989
22050	0.18201	0.15631	0.10086	0.91385	0.77910	0.59981	4.42231	2.62731	1.22544	0.30893	0.28383	0.25876	0.91408	0.70855	0.53145	3.77179	2.31502	1.18883
22220	0.18072	0.15537	0.09886	0.91191	0.77604	0.59810	4.42510	2.61925	1.22214	0.30731	0.28165	0.25658	0.91628	0.71058	0.53526	3.77456	2.31653	1.19226
22380	0.18194	0.15770	0.10241	0.91639	0.77971	0.59999	4.42446	2.62459	1.22587	0.30854	0.28363	0.25817	0.91709	0.70773	0.53397	3.77277	2.31463	1.19004
22550	0.18135	0.15669	0.10093	0.91287	0.77690	0.59734	4.42071	2.61935	1.22125	0.30621	0.28150	0.25607	0.91642	0.70917	0.53531	3.77597	2.31776	1.19365
22710	0.18463	0.15793	0.10317	0.91610	0.78085	0.60192	4.42568	2.62678	1.22636	0.30972	0.28420	0.25842	0.91628	0.70727	0.53356	3.77277	2.31435	1.19000
22870	0.17978	0.15797	0.10299	0.91459	0.77894	0.59986	4.42220	2.62696	1.22619	0.30961	0.28546	0.25862	0.91829	0.70966	0.53397	3.77401	2.31476	1.18971	33.08	6.1	0.00	7.70	0.01264	0.01290	0.01614	0.00785	0.00584	0.00640	0.00467	0.01265	0.01678	0.00678	0.00703	0.00872	0.01487	0.01092	0.01193	0.00219	0.00622	0.00872
23040	0.18151	0.15801	0.10338	0.91231	0.77625	0.59870	4.42424	2.62200	1.22365	0.30759	0.28330	0.25622	0.91730	0.71171	0.53564	3.77738	2.31824	1.19354
23200	0.18513	0.16133	0.10454	0.91645	0.78076	0.60207	4.42635	2.62705	1.23052	0.31091	0.28577	0.26039	0.91952	0.71434	0.53481	3.77852	2.31569	1.19159
23360	0.18300	0.15887	0.10045	0.91393	0.77593	0.59822	4.41091	2.62201	1.22609	0.30713	0.28231	0.25704	0.91847	0.71262	0.53662	3.77607	2.31550	1.19052
23530	0.18400	0.15994	0.10254	0.91541	0.77852	0.59911	4.42263	2.62585	1.22684	0.30840	0.28291	0.25698	0.91707	0.70969	0.53369	3.77450	2.31252	1.18927
23690	0.18097	0.15624	0.10058	0.91231	0.77551	0.59724	4.41391	2.62333	1.22456	0.30704	0.28122	0.25541	0.91237	0.70806	0.53231	3.76864	2.30931	1.18659
23850	0.17921	0.15616	0.10100	0.91087	0.77594	0.59903	4.42070	2.62547	1.22720	0.30916	0.28407	0.25840	0.91461	0.70933	0.53369	3.77488	2.31459	1.18963
24010	0.18380	0.15653	0.09977	0.91260	0.77574	0.59693	4.40988	2.62257	1.22286	0.30631	0.28190	0.25609	0.91521	0.70864	0.53224	3.77011	2.31102	1.18696
24180	0.17997	0.15463	0.10141	0.91114	0.77487	0.59601	4.41917	2.61816	1.22326	0.30606	0.28134	0.25517	0.91686	0.71134	0.53723	3.77260	2.31585	1.19236
24340	0.18505	0.15787	0.10427	0.91686	0.77850	0.60151	4.42632	2.62530	1.22657	0.30984	0.28470	0.25965	0.91564	0.71063	0.53513	3.77651	2.31434	1.18964
24500	0.18093	0.15422	0.10032	0.91213	0.77442	0.59631	4.41921	2.62145	1.22388	0.30676	0.28170	0.25561	0.91576	0.70911	0.53430	3.77630	2.31637	1.19116	33.08	6.1	0.00	7.67	0.01264	0.01290	0.01614	0.00785	0.00584	0.00640	0.00467	0.01265	0.01678	0.00678	0.00703	0.00873	0.01487	0.01092	0.01194	0.00219	0.00622	0.00872
24670	0.18345	0.15696	0.10173	0.91488	0.77832	0.59980	4.42146	2.62509	1.22726	0.30924	0.28294	0.25788	0.91533	0.71041	0.53437	3.77245	2.31376	1.18976
24830	0.17976	0.15468	0.09941	0.91154	0.77541	0.59687	4.42143	2.62237	1.22204	0.30667	0.28114	0.25633	0.91657	0.71030	0.53610	3.77228	2.31588	1.19082
24990	0.18163	0.15626	0.10049	0.91442	0.77658	0.60013	4.41399	2.62221	1.22714	0.31000	0.28291	0.25849	0.91602	0.70816	0.53339	3.77266	2.31316	1.18873
25160	0.17815	0.15715	0.10197	0.91215	0.77459	0.59662	4.41492	2.62303	1.22367	0.30668	0.28172	0.25583	0.91815	0.71041	0.53675	3.77299	2.31570	1.19135
25320	0.18145	0.15764	0.10221	0.91511	0.77727	0.59943	4.42214	2.62612	1.22692	0.30996	0.28446	0.25882	0.91739	0.71078	0.53443	3.77104	2.31415	1.18909
25490	0.18191	0.15816	0.10326	0.91465	0.77777	0.59940	4.42740	2.62643	1.22692	0.31077	0.28511	0.25901	0.91558	0.70817	0.53433	3.77364	2.31588	1.18897
25650	0.18384	0.15817	0.10162	0.91419	0.77665	0.59938	4.42633	2.62426	1.22526	0.30922	0.28445	0.25835	0.91614	0.70921	0.53281	3.77337	2.31296	1.18836
25810	0.18056	0.16086	0.10356	0.91428	0.77819	0.60076	4.43459	2.62839	1.22820	0.31072	0.28519	0.25943	0.91821	0.71202	0.53399	3.77581	2.31553	1.19066
25980	0.18148	0.15711	0.10078	0.91319	0.77621	0.59818	4.41492	2.62256	1.22393	0.30840	0.28425	0.25763	0.91720	0.70763	0.53205	3.76876	2.31244	1.18838
26140	0.18416	0.16087	0.10242	0.91545	0.77976	0.60024	4.42660	2.62794	1.22874	0.31057	0.28502	0.25818	0.91752	0.71311	0.53453	3.77689	2.31555	1.19118	33.08	6.1	0.00	7.69	0.01264	0.01290	0.01614	0.00785	0.00584	0.00640	0.00467	0.01265	0.01678	0.00678	0.00703	0.00872	0.01487	0.01092	0.01194	0.00219	0.00622	0.00872
26300	0.18218	0.15703	0.10034	0.91345	0.77637	0.59828	4.42181	2.62470	1.22457	0.30750	0.28227	0.25559	0.91500	0.70777	0.53087	3.77076	2.31010	1.18623
26470	0.18228	0.15831	0.10245	0.91405	0.77900	0.60004	4.41863	2.62805	1.22825	0.30946	0.28426	0.25766	0.91606	0.70867	0.53457	3.77347	2.31412	1.18841
26630	0.18073	0.15602	0.09955	0.91201	0.77452	0.59685	4.42070	2.62388	1.22468	0.30793	0.28173	0.25581	0.91458	0.70702	0.53342	3.76838	2.31057	1.18627
26790	0.17786	0.15488	0.09848	0.90910	0.77237	0.59419	4.42285	2.62216	1.22150	0.30492	0.27970	0.25334	0.91737	0.71147	0.53585	3.77293	2.31464	1.19117
26960	0.18108	0.15772	0.10038	0.91251	0.77609	0.59833	4.41584	2.62626	1.22445	0.30772	0.28180	0.25589	0.91824	0.71086	0.53546	3.77374	2.31435	1.18991
27120	0.17998	0.15847	0.10114	0.91186	0.77586	0.59816	4.41595	2.62588	1.22618	0.30758	0.28204	0.25669	0.91622	0.70731	0.53253	3.76951	2.31331	1.18834
27280	0.17951	0.15679	0.09880	0.91051	0.77484	0.59685	4.42134	2.62514	1.22434	0.30661	0.28050	0.25457	0.91649	0.70511	0.53290	3.76832	2.31109	1.18567
27450	0.17618	0.15821	0.10237	0.91095	0.77753	0.60050	4.42567	2.62949	1.23015	0.31089	0.28549	0.25878	0.91943	0.71077	0.53580	3.77651	2.31542	1.19166
27610	0.18374	0.15914	0.10329	0.91377	0.77720	0.59875	4.41913	2.62152	1.22607	0.30807	0.28262	0.25687	0.91607	0.70703	0.53349	3.77309	2.31250	1.18804
27770	0.17868	0.15790	0.10264	0.91218	0.77627	0.60172	4.41275	2.62787	1.22811	0.30952	0.28399	0.25822	0.91725	0.71284	0.53604	3.77488	2.31702	1.19127	33.08	6.2	0.00	7.63	0.01264	0.01290	0.01614	0.00785	0.00584	0.00640	0.00467	0.01265	0.01678	0.00678	0.00703	0.00872	0.01487	0.01092	0.01194	0.00219	0.00622	0.00872
27940	0.18225	0.15774	0.10062	0.91329	0.77600	0.59780	4.41568	2.62209	1.22637	0.30695	0.28231	0.25577	0.91185	0.70885	0.53110	3.77092	2.31172	1.18742
28100	0.17878	0.15611	0.10071	0.91060	0.77528	0.59874	4.41886	2.62689	1.22719	0.30838	0.28206	0.25741	0.91521	0.71024	0.53586	3.77407	2.31332	1.18860
28260	0.17935	0.15790	0.09963	0.91114	0.77429	0.59682	4.41886	2.62187	1.22510	0.30592	0.27968	0.25484	0.91178	0.70700	0.53069	3.77048	2.31259	1.18630
28420	0.17922	0.15452	0.09795	0.90928	0.77037	0.59335	4.41990	2.62042	1.22073	0.30417	0.27815	0.25194	0.91614	0.71260	0.53381	3.77070	2.31613	1.19075
28590	0.18245	0.15741	0.10084	0.91415	0.77695	0.59841	4.41740	2.62463	1.22712	0.30791	0.28233	0.25597	0.91634	0.70740	0.53356	3.76956	2.31275	1.18691
28750	0.18150	0.15699	0.09984	0.90975	0.77192	0.59398	4.42126	2.61924	1.22205	0.30453	0.27877	0.25334	0.91636	0.70907	0.53750	3.77048	2.31584	1.19083
28920	0.18330	0.15771	0.10310	0.91312	0.77654	0.59814	4.41997	2.62450	1.22799	0.30741	0.28175	0.25597	0.91702	0.70840	0.53199	3.76701	2.31277	1.18724
29080	0.18056	0.15924	0.10174	0.91186	0.77548	0.59898	4.41901	2.62602	1.22605	0.30736	0.28210	0.25580	0.91850	0.70976	0.53283	3.77135	2.31452	1.18840
29240	0.18264	0.15957	0.10264	0.91191	0.77457	0.59832	4.41958	2.62389	1.22568	0.30700	0.28050	0.25449	0.91674	0.70769	0.53249	3.77108	2.31152	1.18645
29410	0.18272	0.16063	0.10260	0.91377	0.77682	0.59938	4.42642	2.62700	1.22836	0.30861	0.28306	0.25680	0.91744	0.71490	0.53541	3.77152	2.31490	1.18864	33.13	6.1	0.00	7.65	0.01264	0.01290	0.01614	0.00785	0.00584	0.00640	0.00467	0.01265	0.01678	0.00678	0.00703	0.00872	0.01487	0.01092	0.01193	0.00219	0.00622	0.00872
29570	0.18142	0.15828	0.10048	0.91165	0.77435	0.59710	4.41874	2.62505	1.22488	0.30731	0.28097	0.25473	0.91392	0.70845	0.52907	3.76935	2.31158	1.18598
29730	0.18153	0.15911	0.10238	0.91344	0.77692	0.59872	4.41949	2.62810	1.22911	0.30949	0.28435	0.25678	0.91678	0.71217	0.53358	3.77011	2.31430	1.18829
29900	0.18173	0.15802	0.10026	0.91046	0.77458	0.59640	4.41366	2.62497	1.22423	0.30628	0.28082	0.25466	0.91709	0.70689	0.53361	3.76387	2.31134	1.18513
30060	0.18019	0.15748	0.10272	0.91101	0.77514	0.59873	4.41699	2.62550	1.22842	0.30867	0.28214	0.25603	0.91733	0.71079	0.53156	3.77152	2.31373	1.18855
30220	0.18118	0.15893	0.10206	0.90993	0.77530	0.59752	4.41742	2.62151	1.22459	0.30604	0.28071	0.25404	0.91432	0.70861	0.53251	3.76826	2.31184	1.18515
30390	0.17859	0.15533	0.09902	0.90693	0.77060	0.59384	4.40560	2.62283	1.22256	0.30449	0.27996	0.25255	0.91832	0.71020	0.53139	3.77054	2.31740	1.19123
30550	0.18534	0.15849	0.10396	0.91361	0.77587	0.59953	4.42585	2.62563	1.22725	0.30790	0.28289	0.25551	0.91821	0.70934	0.53310	3.77022	2.31340	1.18822
30710	0.18033	0.15810	0.09969	0.90932	0.77286	0.59470	4.41099	2.61909	1.22241	0.30503	0.27908	0.25298	0.91434	0.71320	0.53519	3.76859	2.31465	1.19065
30880	0.18584	0.16050	0.10314	0.91331	0.77596	0.59873	4.41599	2.62392	1.22778	0.30881	0.28309	0.25486	0.91844	0.70981	0.53492	3.77249	2.31496	1.18900
31040	0.18306	0.15988	0.10282	0.91241	0.77548	0.59796	4.41825	2.62458	1.22811	0.30789	0.28164	0.25541	0.91647	0.70887	0.53274	3.76928	2.31403	1.18812	33.08	6.1	0.00	7.64	0.01264	0.01290	0.01614	0.00785	0.00584	0.00640	0.00467	0.01265	0.01678	0.00678	0.00703	0.00872	0.01487	0.01092	0.01193	0.00219	0.00622	0.00872
31200	0.17884	0.15627	0.10064	0.90967	0.77294	0.59472	4.41732	2.62047	1.22345	0.30515	0.28028	0.25360	0.91516	0.71258	0.53225	3.76901	2.31426	1.18955
31370	0.18376	0.15805	0.10107	0.91202	0.77462	0.59685	4.41897	2.62370	1.22438	0.30625	0.28062	0.25498	0.91513	0.70966	0.53468	3.77021	2.31301	1.18811
31530	0.18108	0.15714	0.10043	0.90954	0.77412	0.59562	4.41721	2.62328	1.22513	0.30513	0.27996	0.25348	0.91338	0.70666	0.52968	3.76815	2.31107	1.18537
31690	0.17961	0.15684	0.10246	0.90891	0.77606	0.60001	4.42068	2.62946	1.22948	0.31008	0.28439	0.25807	0.91887	0.71337	0.53736	3.77080	2.31648	1.19107
31860	0.18123	0.15853	0.10149	0.91132	0.77518	0.59655	4.41689	2.62298	1.22441	0.30692	0.27996	0.25493	0.91581	0.70795	0.53023	3.76614	2.31198	1.18707
32020	0.18003	0.15836	0.10412	0.91089	0.77555	0.59972	4.42583	2.62399	1.22885	0.30955	0.28450	0.25795	0.91990	0.71089	0.53624	3.77238	2.31594	1.19017
32180	0.18288	0.15834	0.10099	0.91185	0.77516	0.59664	4.41746	2.62204	1.22405	0.30627	0.28049	0.25485	0.91379	0.70805	0.53338	3.76370	2.31174	1.18559
32340	0.18333	0.15822	0.10382	0.91247	0.77658	0.59894	4.41918	2.62359	1.22797	0.30867	0.28279	0.25726	0.91507	0.71264	0.53293	3.77238	2.31421	1.18791
32510	0.18079	0.15619	0.10236	0.91091	0.77434	0.59645	4.42754	2.62343	1.22421	0.30648	0.28102	0.25474	0.91284	0.70801	0.53339	3.76598	2.31161	1.18612
32670	0.17771	0.15534	0.09902	0.90825	0.77107	0.59500	4.41771	2.61951	1.22121	0.30406	0.27793	0.25351	0.91645	0.71009	0.53600	3.77140	2.31525	1.19035	33.08	6.1	0.00	7.66	0.01264	0.01290	0.01614	0.00785	0.00584	0.00640	0.00467	0.01265	0.01678	0.00678	0.00703	0.00872	0.01487	0.01092	0.01194	0.00219	0.00622	0.00872
32830	0.18391	0.15852	0.10250	0.91351	0.77641	0.59921	4.43083	2.62600	1.22521	0.30785	0.28134	0.25557	0.91672	0.70839	0.53467	3.76793	2.31252	1.18738
33000	0.17855	0.15831	0.09990	0.90936	0.77178	0.59484	4.41700	2.62021	1.22319	0.30413	0.27883	0.25315	0.91909	0.71176	0.53865	3.76988	2.31777	1.19164
33160	0.18245	0.15893	0.10509	0.91486	0.77764	0.60034	4.42193	2.62377	1.22771	0.30874	0.28200	0.25601	0.91809	0.70811	0.53481	3.76999	2.31419	1.18794
33330	0.18235	0.15818	0.10340	0.91372	0.77594	0.60050	4.42396	2.62387	1.22730	0.30852	0.28246	0.25693	0.91805	0.70795	0.53393	3.76868	2.31413	1.18824
33490	0.18138	0.15737	0.10157	0.91196	0.77370	0.59776	4.41360	2.62274	1.22620	0.30727	0.28036	0.25523	0.91352	0.70784	0.53170	3.76451	2.31033	1.18530
33650	0.17997	0.15555	0.09796	0.90772	0.77108	0.59475	4.42786	2.61808	1.22150	0.30459	0.27747	0.25169	0.91514	0.71243	0.53763	3.77026	2.31677	1.19120
33820	0.18426	0.16165	0.10413	0.91425	0.77717	0.60017	4.42214	2.62733	1.22751	0.30858	0.28355	0.25626	0.91640	0.70995	0.53503	3.76944	2.31398	1.18796
33980	0.17987	0.15725	0.10047	0.91091	0.77293	0.59669	4.41675	2.62188	1.22113	0.30538	0.27866	0.25316	0.91749	0.71331	0.53727	3.77080	2.31692	1.19121
34140	0.18386	0.16083	0.10245	0.91425	0.77602	0.59973	4.42096	2.62329	1.22840	0.30771	0.28154	0.25597	0.91420	0.71066	0.53156	3.76662	2.31241	1.18717
34310	0.17931	0.15596	0.10091	0.91046	0.77324	0.59608	4.41858	2.62038	1.22334	0.30555	0.27994	0.25388	0.91753	0.71000	0.53577	3.77352	2.31639	1.19094	33.08	6.1	0.00	7.64	0.01264	0.01290	0.01614	0.00785	0.00584	0.00640	0.00467	0.01265	0.01678	0.00678	0.00703	0.00872	0.01487	0.01092	0.01193	0.00219	0.00622	0.00872
34470	0.18415	0.16010	0.10324	0.91504	0.77624	0.60006	4.42001	2.62514	1.22738	0.30878	0.28150	0.25725	0.91732	0.70910	0.53311	3.76847	2.31217	1.18744
34630	0.18108	0.15816	0.09938	0.91076	0.77290	0.59584	4.40858	2.62071	1.22254	0.30557	0.28046	0.25401	0.91634	0.70867	0.53728	3.77097	2.31479	1.18905
34800	0.18264	0.15929	0.10092	0.91391	0.77514	0.59835	4.41051	2.62190	1.22463	0.30818	0.28355	0.25614	0.91469	0.70671	0.53181	3.76717	2.31211	1.18572
34960	0.17988	0.15683	0.09896	0.90992	0.77157	0.59520	4.41969	2.62143	1.22026	0.30535	0.27880	0.25194	0.91410	0.70689	0.53530	3.76918	2.31183	1.18723
35120	0.18265	0.15906	0.10333	0.91200	0.77445	0.59805	4.41651	2.62301	1.22391	0.30746	0.28228	0.25420	0.91840	0.71020	0.53563	3.76885	2.31453	1.18939
35290	0.18449	0.15916	0.10255	0.91395	0.77707	0.59952	4.41683	2.62673	1.22540	0.30890	0.28294	0.25655	0.91738	0.70777	0.53200	3.76804	2.31302	1.18706
35450	0.18192	0.15797	0.10117	0.91055	0.77392	0.59748	4.41500	2.62096	1.22330	0.30714	0.28138	0.25588	0.91836	0.71106	0.53704	3.77547	2.31709	1.19154
35620	0.18527	0.16255	0.10567	0.91634	0.77810	0.60075	4.42408	2.62488	1.22919	0.31074	0.28437	0.25770	0.91824	0.71069	0.53807	3.77558	2.31425	1.18982
35780	0.18408	0.16002	0.10342	0.91369	0.77644	0.60039	4.41679	2.62694	1.22838	0.30981	0.28361	0.25798	0.91707	0.70806	0.53131	3.76831	2.31367	1.18720
35940	0.18226	0.15919	0.10119	0.91196	0.77385	0.59812	4.42025	2.62218	1.22643	0.30784	0.28100	0.25596	0.91530	0.70559	0.53153	3.76512	2.31051	1.18457	33.13	6.1	0.00	7.68	0.01264	0.01290	0.01614	0.00785	0.00584	0.00640	0.00467	0.01265	0.01678	0.00678	0.00703	0.00872	0.01487	0.01092	0.01194	0.00219	0.00622	0.00872
36100	0.18253	0.15889	0.10337	0.91213	0.77587	0.59904	4.42136	2.62623	1.22699	0.30997	0.28370	0.25731	0.91466	0.70759	0.53583	3.77147	2.31465	1.18690
36270	0.18382	0.15729	0.10196	0.91128	0.77467	0.59723	4.41825	2.62382	1.22379	0.30758	0.28221	0.25574	0.91611	0.70623	0.53265	3.77028	2.31124	1.18655
36430	0.18287	0.15676	0.10079	0.90926	0.77223	0.59498	4.40664	2.62125	1.22183	0.30482	0.27887	0.25179	0.91580	0.71046	0.53491	3.77033	2.31559	1.19052
36600	0.18588	0.16023	0.10316	0.91457	0.77659	0.59924	4.41903	2.62350	1.22452	0.30851	0.28280	0.25683	0.91615	0.70980	0.53511	3.77152	2.31327	1.18710
36760	0.18416	0.15985	0.10315	0.91338	0.77650	0.59920	4.42225	2.62462	1.22804	0.30890	0.28344	0.25597	0.91723	0.71096	0.53378	3.77196	2.31368	1.18700
36920	0.18207	0.15718	0.10122	0.91061	0.77415	0.59654	4.41532	2.62325	1.22537	0.30729	0.28081	0.25477	0.91407	0.70744	0.53289	3.76518	2.31137	1.18447
37090	0.18239	0.16072	0.10392	0.91314	0.77596	0.59920	4.41032	2.62415	1.22639	0.30968	0.28344	0.25664	0.91672	0.71012	0.53464	3.76849	2.31292	1.18730
37250	0.18269	0.15924	0.10098	0.91091	0.77441	0.59693	4.41118	2.62395	1.22436	0.30747	0.28232	0.25468	0.91459	0.70831	0.53350	3.76539	2.31051	1.18531
37410	0.18411	0.15830	0.10320	0.91293	0.77660	0.59859	4.41821	2.62414	1.22798	0.30919	0.28416	0.25755	0.91739	0.70987	0.53318	3.76680	2.31340	1.18833
37580	0.18230	0.15831	0.10265	0.91260	0.77467	0.59821	4.41036	2.62216	1.22356	0.30678	0.28216	0.25524	0.91776	0.70705	0.53678	3.77001	2.31158	1.18564	33.13	6.0	0.00	7.63	0.01264	0.01290	0.01614	0.00785	0.00584	0.00640	0.00467	0.01265	0.01678	0.00678	0.00703	0.00872	0.01487	0.01092	0.01194	0.00219	0.00622	0.00872
37740	0.18445	0.15950	0.10333	0.91312	0.77644	0.60020	4.41654	2.62417	1.22921	0.31016	0.28431	0.25713	0.91730	0.71043	0.53614	3.77186	2.31561	1.18828
37900	0.18250	0.15744	0.10252	0.91255	0.77472	0.59790	4.41051	2.62636	1.22730	0.30784	0.28227	0.25484	0.91536	0.70804	0.53470	3.76974	2.31269	1.18527
38070	0.18359	0.15826	0.10239	0.91369	0.77641	0.59934	4.42151	2.62801	1.22591	0.30959	0.28253	0.25684	0.91471	0.70812	0.53381	3.77142	2.31403	1.18813
38230	0.18190	0.15891	0.09995	0.91205	0.77487	0.59756	4.41336	2.62363	1.22607	0.30744	0.28186	0.25488	0.91343	0.70976	0.53166	3.76882	2.30989	1.18472
38390	0.18059	0.15409	0.10019	0.90979	0.77267	0.59462	4.42194	2.61888	1.22284	0.30562	0.28058	0.25298	0.91763	0.71298	0.53614	3.77294	2.31682	1.18983
38560	0.18355	0.15948	0.10165	0.91535	0.77568	0.59790	4.41987	2.62404	1.22659	0.30789	0.28266	0.25530	0.91839	0.71089	0.53521	3.77283	2.31400	1.18819
38720	0.18306	0.15833	0.10438	0.91302	0.77503	0.59782	4.42737	2.62553	1.22730	0.30797	0.28370	0.25539	0.91600	0.70830	0.53292	3.76996	2.31342	1.18696
38880	0.18254	0.15836	0.10090	0.91174	0.77407	0.59574	4.41836	2.62087	1.22308	0.30626	0.28014	0.25385	0.91830	0.70807	0.53335	3.77094	2.31359	1.18831
39050	0.18172	0.15706	0.10265	0.91333	0.77556	0.59823	4.41858	2.62372	1.22703	0.30768	0.28176	0.25547	0.91936	0.71057	0.53378	3.77180	2.31265	1.18790
39210	0.18277	0.15559	0.10124	0.91143	0.77504	0.59685	4.40998	2.62105	1.22579	0.30756	0.28081	0.25431	0.91579	0.70852	0.53422	3.77136	2.31531	1.18896	33.08	6.1	0.00	7.68	0.01264	0.01290	0.01614	0.00785	0.00584	0.00640	0.00467	0.01265	0.01678	0.00678	0.00703	0.00872	0.01487	0.01092	0.01194	0.00219	0.00622	0.00872
39370	0.18239	0.15955	0.10339	0.91398	0.77702	0.59785	4.41162	2.62424	1.22712	0.30997	0.28373	0.25565	0.91674	0.70989	0.53219	3.77249	2.31366	1.18696
39540	0.18337	0.15720	0.10031	0.91212	0.77468	0.59584	4.41898	2.61982	1.22494	0.30790	0.28168	0.25479	0.91860	0.70888	0.53670	3.77494	2.31622	1.18978
39700	0.18484	0.16045	0.10358	0.91552	0.77831	0.59901	4.42291	2.62719	1.22886	0.31109	0.28447	0.25752	0.91778	0.71154	0.53608	3.77320	2.31460	1.18819
39860	0.18132	0.15687	0.10131	0.91164	0.77409	0.59611	4.41373	2.61901	1.22401	0.30703	0.28155	0.25421	0.91821	0.70898	0.53655	3.77277	2.31535	1.19071
40030	0.18456	0.15805	0.10270	0.91438	0.77720	0.59950	4.41380	2.62702	1.22718	0.30937	0.28365	0.25703	0.91437	0.70873	0.53253	3.77098	2.31208	1.18661
40190	0.17846	0.15612	0.10106	0.91116	0.77312	0.59513	4.41205	2.61953	1.22220	0.30702	0.28098	0.25361	0.91715	0.70971	0.53438	3.76978	2.31512	1.18937
40350	0.18260	0.15810	0.10324	0.91457	0.77601	0.59882	4.42845	2.62302	1.22590	0.30934	0.28228	0.25538	0.91519	0.70722	0.53505	3.77016	2.31270	1.18615
40520	0.18133	0.15662	0.09967	0.91039	0.77259	0.59415	4.42230	2.61722	1.22170	0.30703	0.27958	0.25317	0.91624	0.70973	0.53693	3.77439	2.31570	1.18994
40680	0.18261	0.15855	0.10272	0.91430	0.77655	0.59906	4.42145	2.62213	1.22543	0.30861	0.28514	0.25612	0.91519	0.70743	0.53225	3.76653	2.31204	1.18577
40850	0.18171	0.15843	0.10281	0.91294	0.77568	0.59858	4.42395	2.62123	1.22811	0.30955	0.28340	0.25709	0.91840	0.70752	0.53410	3.76952	2.31410	1.18762	33.13	6.1	0.00	7.66	0.01264	0.01290	0.01614	0.00785	0.00584	0.00640	0.00467	0.01265	0.01678	0.00678	0.00703	0.00872	0.01487	0.01092	0.01194	0.00219	0.00622	0.00872
41010	0.17980	0.15527	0.10276	0.91176	0.77433	0.59670	4.41027	2.62084	1.22509	0.30849	0.28115	0.25489	0.91485	0.70667	0.53290	3.76854	2.31076	1.18492
41170	0.18168	0.15956	0.10432	0.91405	0.77667	0.59867	4.41784	2.62430	1.22784	0.31038	0.28371	0.25736	0.91579	0.71023	0.53412	3.76735	2.31267	1.18724
41340	0.18195	0.15834	0.10132	0.91204	0.77709	0.59787	4.41691	2.62269	1.22649	0.30869	0.28277	0.25582	0.91331	0.70704	0.53444	3.76529	2.31013	1.18584
41500	0.18394	0.16069	0.10334	0.91457	0.77806	0.59949	4.42428	2.62447	1.22797	0.31068	0.28402	0.25829	0.91990	0.70922	0.53500	3.76762	2.31498	1.18785
41660	0.18060	0.15598	0.10114	0.91228	0.77542	0.59818	4.41466	2.62351	1.22433	0.30978	0.28204	0.25584	0.91610	0.70578	0.53092	3.76827	2.31159	1.18576
41830	0.18151	0.15800	0.10284	0.91421	0.77762	0.59951	4.42807	2.62763	1.22730	0.31099	0.28496	0.25844	0.92063	0.71026	0.53362	3.77098	2.31483	1.18900
41990	0.18302	0.15804	0.10223	0.91302	0.77684	0.59607	4.41316	2.62189	1.22487	0.30825	0.28271	0.25618	0.91718	0.70715	0.53196	3.76833	2.31065	1.18484
42150	0.17971	0.15580	0.10023	0.90984	0.77356	0.59394	4.41406	2.62112	1.22306	0.30618	0.28040	0.25370	0.91623	0.70941	0.53350	3.77077	2.31498	1.18958
42320	0.18273	0.15915	0.10173	0.91352	0.77787	0.59832	4.41741	2.62502	1.22511	0.30972	0.28305	0.25708	0.91671	0.71211	0.53373	3.77142	2.31430	1.18871
42480	0.18240	0.15954	0.10263	0.91271	0.77789	0.59846	4.41925	2.62328	1.22622	0.30944	0.28344	0.25749	0.91653	0.71101	0.53294	3.77305	2.31246	1.18710	33.13	6.1	0.00	7.74	0.01264	0.01290	0.01614	0.00785	0.00584	0.00640	0.00467	0.01265	0.01678	0.00678	0.00703	0.00872	0.01487	0.01091	0.01194	0.00219	0.00622	0.00872
42640	0.18174	0.15774	0.10185	0.91220	0.77558	0.59577	4.40382	2.61844	1.22314	0.30835	0.28211	0.25520	0.91528	0.70932	0.53470	3.76833	2.31392	1.18890
42810	0.18337	0.15957	0.10167	0.91454	0.77767	0.59845	4.42268	2.62349	1.22457	0.30972	0.28305	0.25696	0.91446	0.70658	0.53357	3.77023	2.31298	1.18740
42970	0.18193	0.15778	0.10179	0.91303	0.77644	0.59727	4.41228	2.61926	1.22232	0.30874	0.28263	0.25632	0.91332	0.71086	0.53660	3.77191	2.31574	1.19095
43130	0.18480	0.16012	0.10421	0.91590	0.78086	0.60023	4.41896	2.62247	1.22831	0.31145	0.28572	0.25952	0.91611	0.71024	0.53478	3.77212	2.31529	1.18906
43300	0.18261	0.15907	0.10181	0.91411	0.77762	0.59879	4.41668	2.62442	1.22559	0.31060	0.28540	0.25871	0.91918	0.71244	0.53905	3.77554	2.31980	1.19497
43460	0.18578	0.16074	0.10532	0.91944	0.78330	0.60331	4.41878	2.62475	1.22825	0.31443	0.28756	0.26204	0.91689	0.70803	0.53613	3.77516	2.31891	1.19188
43620	0.18186	0.15659	0.10183	0.91512	0.77858	0.59965	4.41807	2.62178	1.22465	0.31161	0.28455	0.25888	0.91814	0.71334	0.53568	3.77527	2.31862	1.19421
43790	0.18496	0.15777	0.10334	0.91755	0.77994	0.60192	4.41221	2.62113	1.22708	0.31342	0.28621	0.26098	0.91302	0.70805	0.53375	3.77164	2.31443	1.18867
43950	0.18132	0.15713	0.10093	0.91320	0.77720	0.59858	4.41296	2.61887	1.22385	0.31069	0.28468	0.25788	0.91317	0.70468	0.53018	3.76849	2.31327	1.18787
44110	0.18390	0.15842	0.10496	0.91624	0.78030	0.60134	4.41571	2.62650	1.22865	0.31315	0.28750	0.26061	0.91668	0.71234	0.53402	3.77228	2.31707	1.19097	33.13	6.1	0.00	7.64	0.01264	0.01290	0.01614	0.00785	0.00584	0.00640	0.00467	0.01265	0.01678	0.00678	0.00703	0.00872	0.01487	0.01091	0.01193	0.00219	0.00622	0.00871
44280	0.18494	0.15889	0.10270	0.91549	0.77873	0.59973	4.41321	2.62261	1.22646	0.31156	0.28690	0.25921	0.91201	0.70971	0.53149	3.77027	2.31306	1.18700
44440	0.18181	0.15911	0.10391	0.91619	0.78088	0.59973	4.41657	2.62311	1.22788	0.31248	0.28588	0.26084	0.91635	0.70751	0.53456	3.77222	2.31669	1.19052
44600	0.18193	0.15828	0.10124	0.91471	0.77861	0.59753	4.41021	2.62119	1.22397	0.31074	0.28460	0.25881	0.91525	0.70815	0.53120	3.76799	2.31290	1.18734
44760	0.17977	0.15414	0.10153	0.91167	0.77524	0.59579	4.41428	2.62081	1.22056	0.30790	0.28185	0.25626	0.91907	0.70865	0.53636	3.77255	2.31825	1.19318
44930	0.18372	0.16071	0.10330	0.91726	0.78032	0.60013	4.42454	2.62251	1.22752	0.31294	0.28650	0.26057	0.91628	0.70852	0.53267	3.77168	2.31543	1.18948
45090	0.18279	0.15609	0.10083	0.91336	0.77721	0.59830	4.41650	2.62193	1.22321	0.31129	0.28571	0.25870	0.91724	0.71144	0.53750	3.77521	2.32253	1.19546
45260	0.18672	0.16038	0.10585	0.92017	0.78291	0.60400	4.42894	2.62615	1.22867	0.31631	0.28930	0.26302	0.91984	0.71057	0.53600	3.77771	2.31881	1.19339
45420	0.18540	0.16132	0.10502	0.92037	0.78436	0.60495	4.42579	2.62883	1.22735	0.31651	0.29116	0.26330	0.91787	0.71309	0.53520	3.77412	2.31881	1.19367
45580	0.18200	0.16026	0.10236	0.91849	0.78300	0.60440	4.41828	2.62779	1.22854	0.31568	0.29088	0.26314	0.91819	0.71086	0.53722	3.77467	2.32181	1.19536
45750	0.18727	0.16232	0.10714	0.92425	0.78817	0.60923	4.41736	2.63220	1.23595	0.31863	0.29337	0.26662	0.92424	0.71511	0.53970	3.78268	2.32535	1.19953	33.08	6.1	0.00	7.40	0.01264	0.01290	0.01614	0.00785	0.00584	0.00640	0.00467	0.01265	0.01677	0.00678	0.00702	0.00872	0.01487	0.01091	0.01193	0.00219	0.00622	0.00871
45910	0.18663	0.16145	0.10432	0.92395	0.78612	0.60648	4.41987	2.62474	1.23036	0.31504	0.28956	0.26356	0.91542	0.71189	0.53215	3.77606	2.31963	1.19294
46070	0.18266	0.15632	0.10158	0.91752	0.78038	0.59973	4.41801	2.62076	1.22433	0.31043	0.28486	0.25906	0.91445	0.70827	0.53365	3.77600	2.31866	1.19297
46230	0.18217	0.16065	0.10140	0.91881	0.78127	0.60139	4.41526	2.61884	1.22472	0.31261	0.28523	0.26029	0.91328	0.70887	0.53022	3.76879	2.31521	1.19076
46400	0.18233	0.15606	0.10043	0.91732	0.78061	0.60070	4.41826	2.62097	1.22628	0.31253	0.28674	0.25976	0.91904	0.70958	0.53667	3.78089	2.32194	1.19566
46560	0.18576	0.15929	0.10453	0.92173	0.78419	0.60434	4.41047	2.62697	1.22936	0.31505	0.28943	0.26362	0.91826	0.71140	0.53513	3.77714	2.32021	1.19475
46720	0.18491	0.15973	0.10262	0.92058	0.78388	0.60257	4.41783	2.62510	1.22768	0.31364	0.28844	0.26229	0.92051	0.71572	0.53949	3.77818	2.32455	1.19739
46890	0.18656	0.15991	0.10464	0.92268	0.78629	0.60509	4.42094	2.62342	1.22927	0.31538	0.28912	0.26359	0.91879	0.71311	0.53400	3.77606	2.32020	1.19398
47050	0.18141	0.15936	0.10304	0.91935	0.78254	0.60187	4.40833	2.62115	1.22763	0.31309	0.28833	0.26312	0.91595	0.71120	0.53375	3.77818	2.32008	1.19446
47210	0.18329	0.15851	0.10555	0.92068	0.78561	0.60659	4.42051	2.63088	1.23094	0.31806	0.29207	0.26660	0.92176	0.71461	0.53978	3.78415	2.32712	1.20021
47370	0.18558	0.16154	0.10214	0.92125	0.78403	0.60370	4.41761	2.62345	1.22764	0.31400	0.28974	0.26277	0.91583	0.71208	0.53397	3.77848	2.32132	1.19653	33.08	6.3	0.00	7.71	0.01264	0.01290	0.01613	0.00785	0.00583	0.00640	0.00467	0.01265	0.01677	0.00678	0.00702	0.00872	0.01486	0.01091	0.01193	0.00218	0.00622	0.00871
47540	0.18398	0.15824	0.10230	0.92125	0.78229	0.60362	4.40968	2.62354	1.22566	0.31371	0.28729	0.26230	0.91660	0.71307	0.53689	3.77826	2.32280	1.19810
47700	0.18809	0.15983	0.10428	0.92297	0.78614	0.60520	4.41769	2.62471	1.22888	0.31703	0.29107	0.26428	0.91815	0.71107	0.53325	3.77658	2.32133	1.19720
47860	0.18510	0.15819	0.10588	0.92245	0.78500	0.60561	4.41022	2.62256	1.22771	0.31651	0.29118	0.26500	0.91864	0.71277	0.53925	3.77984	2.32472	1.19975
48030	0.18701	0.16184	0.10556	0.92507	0.78703	0.60748	4.42126	2.62613	1.22898	0.31693	0.29064	0.26563	0.91786	0.71168	0.53536	3.77881	2.32018	1.19624
48190	0.18337	0.15966	0.10309	0.92117	0.78294	0.60361	4.41701	2.62268	1.22837	0.31467	0.28872	0.26386	0.91437	0.70777	0.53465	3.77452	2.31758	1.19363
48350	0.18490	0.16053	0.10590	0.92318	0.78611	0.60771	4.42602	2.63002	1.23020	0.31793	0.29184	0.26625	0.91889	0.70837	0.53617	3.77881	2.32246	1.19808
48520	0.18610	0.15925	0.10509	0.92216	0.78447	0.60507	4.41229	2.62576	1.22504	0.31594	0.28984	0.26419	0.91582	0.71063	0.53226	3.77707	2.31828	1.19557
48680	0.18726	0.16278	0.10784	0.92634	0.78927	0.60999	4.43375	2.63020	1.23312	0.32091	0.29388	0.26824	0.92116	0.71583	0.53799	3.78332	2.32447	1.19954
48840	0.18507	0.16022	0.10437	0.92438	0.78469	0.60572	4.42190	2.62604	1.22718	0.31704	0.29107	0.26591	0.91632	0.70991	0.53390	3.77501	2.31984	1.19586
49010	0.18369	0.16008	0.10648	0.92246	0.78422	0.60660	4.42329	2.62709	1.23112	0.31787	0.28961	0.26542	0.91864	0.71169	0.53503	3.77309	2.31813	1.19526	33.13	6.2	0.00	7.63	0.01264	0.01290	0.01613	0.00785	0.00583	0.00640	0.00467	0.01264	0.01677	0.00678	0.00702	0.00872	0.01486	0.01091	0.01193	0.00218	0.00622	0.00871
49170	0.18075	0.15921	0.10308	0.91946	0.78069	0.60193	4.41078	2.62008	1.22464	0.31430	0.28776	0.26232	0.91423	0.70838	0.53132	3.77217	2.31545	1.19154
49330	0.18384	0.15563	0.10012	0.91679	0.77963	0.60106	4.41203	2.62025	1.22293	0.31286	0.28612	0.26147	0.91708	0.71086	0.53620	3.77125	2.32068	1.19564
49490	0.18599	0.16275	0.10394	0.92183	0.78329	0.60530	4.41989	2.62311	1.22887	0.31692	0.28989	0.26409	0.91651	0.71046	0.53278	3.77081	2.31909	1.19550
49660	0.18298	0.15915	0.10285	0.91973	0.78246	0.60384	4.42390	2.62280	1.22669	0.31596	0.28908	0.26337	0.91657	0.71071	0.53685	3.77260	2.32020	1.19621
49820	0.18612	0.16170	0.10580	0.92156	0.78328	0.60515	4.42315	2.62421	1.22914	0.31783	0.29024	0.26486	0.91621	0.70976	0.53526	3.77304	2.31750	1.19342
49990	0.18227	0.15884	0.10253	0.91678	0.77900	0.60222	4.41371	2.61895	1.22342	0.31351	0.28598	0.26131	0.91755	0.70714	0.53493	3.77054	2.31878	1.19435
50150	0.18477	0.16171	0.10410	0.92043	0.78201	0.60404	4.42061	2.61987	1.22870	0.31584	0.28949	0.26457	0.91697	0.71221	0.53392	3.77195	2.32044	1.19621
50310	0.18701	0.16058	0.10438	0.92123	0.78252	0.60520	4.40842	2.62220	1.22692	0.31631	0.28886	0.26294	0.92029	0.71227	0.53707	3.77461	2.31982	1.19683
50480	0.18599	0.16377	0.10452	0.91986	0.78134	0.60358	4.41668	2.62376	1.22945	0.31652	0.28793	0.26370	0.91944	0.71100	0.53632	3.77576	2.31985	1.19598
50640	0.18813	0.16221	0.10628	0.92066	0.78449	0.60658	4.41841	2.62580	1.22933	0.31778	0.28996	0.26581	0.91805	0.71133	0.53685	3.77124	2.32023	1.19508	33.13	6.1	0.00	7.65	0.01264	0.01290	0.01613	0.00785	0.00583	0.00640	0.00467	0.01264	0.01677	0.00678	0.00702	0.00872	0.01486	0.01091	0.01193	0.00218	0.00622	0.00871
50800	0.18332	0.15920	0.10439	0.91873	0.78023	0.60100	4.41316	2.62048	1.22479	0.31331	0.28307	0.25872	0.91431	0.70758	0.53119	3.76614	2.31592	1.19171
50970	0.18491	0.15947	0.10198	0.91721	0.77921	0.60096	4.41898	2.61873	1.22510	0.31376	0.28523	0.26045	0.91461	0.70682	0.53298	3.76885	2.31362	1.19000
51130	0.18300	0.15873	0.10327	0.91566	0.77862	0.59966	4.41341	2.61777	1.22421	0.31387	0.28579	0.26162	0.91481	0.70717	0.53244	3.76853	2.31449	1.18956
51290	0.18168	0.15844	0.10455	0.91466	0.78079	0.60288	4.42227	2.62550	1.22600	0.31575	0.28691	0.26215	0.91503	0.70938	0.53372	3.76891	2.31583	1.19118
51460	0.18185	0.15772	0.10082	0.91617	0.77831	0.59953	4.40337	2.61414	1.22290	0.31380	0.28427	0.25986	0.91307	0.70554	0.53139	3.76500	2.31137	1.18772
51620	0.17978	0.15853	0.10200	0.91362	0.77857	0.60147	4.41755	2.62411	1.22899	0.31468	0.28613	0.26247	0.91719	0.70897	0.53291	3.76902	2.31682	1.19222
51780	0.18136	0.15711	0.10252	0.91528	0.77761	0.59865	4.41909	2.61930	1.22343	0.31080	0.28153	0.25887	0.90913	0.70415	0.52521	3.76413	2.31063	1.18599
51940	0.18123	0.15843	0.10182	0.91433	0.77766	0.60041	4.42517	2.61842	1.22343	0.31392	0.28468	0.26002	0.91572	0.70803	0.52997	3.76723	2.31264	1.18909
52110	0.18145	0.15802	0.10251	0.91560	0.77670	0.59848	4.40837	2.62161	1.22328	0.31286	0.28259	0.25995	0.91343	0.70601	0.53150	3.76429	2.31056	1.18706
52270	0.17751	0.15533	0.09981	0.91109	0.77251	0.59408	4.40875	2.61399	1.21934	0.30881	0.28036	0.25560	0.91440	0.70505	0.53390	3.76342	2.31322	1.18987	33.13	6.1	0.00	7.65	0.01264	0.01289	0.01613	0.00785	0.00583	0.00639	0.00467	0.01264	0.01677	0.00678	0.00702	0.00872	0.01486	0.01091	0.01193	0.00218	0.00622	0.00871
52430	0.18226	0.15748	0.10197	0.91390	0.77636	0.59700	4.40597	2.61839	1.22451	0.31228	0.28408	0.25918	0.91308	0.70515	0.52999	3.75951	2.31021	1.18684
52600	0.18129	0.15650	0.09877	0.91100	0.77241	0.59530	4.41318	2.61350	1.22056	0.30842	0.28037	0.25555	0.91512	0.70804	0.53590	3.76586	2.31627	1.19173
52760	0.18613	0.15935	0.10514	0.91607	0.77860	0.59971	4.40790	2.62245	1.22529	0.31287	0.28480	0.26041	0.91538	0.70822	0.53472	3.76613	2.31234	1.18770
52930	0.18434	0.15968	0.10470	0.91433	0.77789	0.59966	4.41701	2.62423	1.22589	0.31367	0.28325	0.26049	0.91781	0.70846	0.53299	3.76738	2.31318	1.18807
53090	0.18446	0.15825	0.10277	0.91276	0.77487	0.59628	4.40268	2.61955	1.22357	0.31058	0.28105	0.25760	0.91052	0.70691	0.52983	3.75854	2.30852	1.18435
53250	0.18195	0.15579	0.09904	0.90893	0.77259	0.59350	4.41368	2.61371	1.22040	0.30843	0.27918	0.25551	0.91487	0.70919	0.53481	3.76380	2.31463	1.19117
53420	0.18642	0.16041	0.10320	0.91517	0.77822	0.59883	4.42234	2.62512	1.22655	0.31363	0.28434	0.25969	0.91597	0.70756	0.53410	3.76592	2.31219	1.18747
53580	0.18274	0.15701	0.10123	0.91137	0.77385	0.59497	4.40036	2.61735	1.22129	0.30924	0.28175	0.25719	0.91538	0.71147	0.53578	3.76320	2.31676	1.19214
53740	0.18304	0.16135	0.10467	0.91613	0.77824	0.59920	4.41654	2.62019	1.22596	0.31370	0.28523	0.26088	0.91618	0.70717	0.53293	3.76749	2.31257	1.18818
53910	0.18201	0.16042	0.10523	0.91568	0.77889	0.59990	4.41170	2.62595	1.22708	0.31438	0.28456	0.26103	0.91434	0.70834	0.53222	3.76418	2.31445	1.19025	33.13	6.1	0.00	7.67	0.01264	0.01289	0.01613	0.00785	0.00583	0.00640	0.00467	0.01264	0.01677	0.00678	0.00702	0.00872	0.01486	0.01091	0.01193	0.00218	0.00622	0.00871
54070	0.18312	0.15863	0.10355	0.91413	0.77731	0.59831	4.40213	2.61691	1.22353	0.31284	0.28295	0.25960	0.91185	0.70651	0.53234	3.76255	2.31099	1.18760
54230	0.18080	0.15911	0.10029	0.91132	0.77509	0.59625	4.41170	2.61850	1.22218	0.31133	0.28196	0.25804	0.91723	0.71013	0.53509	3.76325	2.31546	1.19151
54400	0.18359	0.15931	0.10380	0.91478	0.77876	0.59862	4.41259	2.62132	1.22344	0.31279	0.28331	0.25980	0.91762	0.70789	0.53332	3.76315	2.31302	1.18861
54560	0.18311	0.15894	0.10214	0.91303	0.77768	0.59797	4.41692	2.62099	1.22624	0.31244	0.28430	0.25968	0.91427	0.70592	0.53310	3.76662	2.31112	1.18712
54720	0.18024	0.15764	0.10148	0.91166	0.77547	0.59612	4.39859	2.61660	1.22168	0.31032	0.28210	0.25775	0.91382	0.70536	0.53016	3.76249	2.31214	1.18739
54890	0.18419	0.15716	0.10207	0.91364	0.77600	0.59714	4.41370	2.62084	1.22336	0.31155	0.28359	0.25855	0.91443	0.70624	0.52930	3.76353	2.31097	1.18656
55050	0.18169	0.15862	0.10183	0.91097	0.77499	0.59659	4.40841	2.61832	1.22223	0.30935	0.28155	0.25768	0.91534	0.70767	0.53335	3.76163	2.31317	1.18870
55210	0.18446	0.15848	0.10329	0.91377	0.77659	0.59711	4.41567	2.61915	1.22362	0.31105	0.28312	0.25850	0.91353	0.70750	0.53256	3.76065	2.31088	1.18699
55380	0.18178	0.15671	0.10261	0.91184	0.77602	0.59602	4.40723	2.61699	1.22190	0.30917	0.28090	0.25689	0.91497	0.70881	0.53456	3.76586	2.31335	1.18962
55540	0.18324	0.15910	0.10296	0.91446	0.77804	0.59898	4.41119	2.61854	1.22531	0.31213	0.28418	0.25890	0.91442	0.70852	0.53396	3.76027	2.31120	1.18692	33.13	6.3	0.00	7.68	0.01264	0.01289	0.01613	0.00785	0.00583	0.00640	0.00467	0.01264	0.01677	0.00678	0.00702	0.00872	0.01486	0.01091	0.01193	0.00218	0.00622	0.00871
55700	0.18188	0.15878	0.10124	0.91105	0.77479	0.59592	4.40859	2.61726	1.22175	0.30948	0.28246	0.25710	0.91517	0.71035	0.53447	3.76494	2.31515	1.19103
55870	0.18283	0.15937	0.10303	0.91502	0.77746	0.59881	4.41648	2.62023	1.22514	0.31098	0.28465	0.25834	0.91348	0.70919	0.53163	3.76309	2.31016	1.18685
56030	0.17953	0.15514	0.09954	0.90951	0.77455	0.59506	4.40805	2.61384	1.22057	0.30806	0.28066	0.25622	0.91286	0.70962	0.53191	3.76494	2.31320	1.18964
56190	0.18222	0.15855	0.10233	0.91281	0.77594	0.59845	4.40141	2.61974	1.22420	0.31071	0.28450	0.25834	0.91418	0.70727	0.52844	3.75973	2.30932	1.18660
56360	0.18105	0.15586	0.09997	0.90908	0.77422	0.59464	4.41119	2.61564	1.21921	0.30774	0.28137	0.25565	0.91600	0.70809	0.53320	3.76244	2.31377	1.18980
56520	0.18460	0.15909	0.10409	0.91407	0.77755	0.59786	4.40809	2.62060	1.22412	0.31060	0.28424	0.25853	0.91247	0.70803	0.53313	3.76369	2.31021	1.18605
56690	0.18235	0.15758	0.10345	0.91355	0.77756	0.59840	4.40062	2.61946	1.22415	0.31167	0.28522	0.25932	0.91552	0.70900	0.53151	3.76407	2.31177	1.18743
56850	0.18235	0.15740	0.10260	0.91255	0.77726	0.59877	4.41155	2.61821	1.22326	0.31115	0.28505	0.25811	0.91181	0.70463	0.53010	3.76081	2.31026	1.18511
57010	0.18130	0.15948	0.10314	0.91331	0.77799	0.59853	4.41956	2.62182	1.22721	0.31308	0.28618	0.25972	0.91660	0.70721	0.53143	3.76581	2.31195	1.18877
57180	0.18199	0.15780	0.10271	0.91209	0.77632	0.59826	4.41125	2.61742	1.22449	0.30912	0.28403	0.25773	0.91327	0.70552	0.53056	3.75852	2.30959	1.18562	33.08	6.0	0.00	7.70	0.01264	0.01289	0.01613	0.00785	0.00583	0.00640	0.00467	0.01264	0.01677	0.00678	0.00702	0.00872	0.01486	0.01091	0.01193	0.00218	0.00622	0.00871
57340	0.18265	0.15819	0.10407	0.91239	0.77882	0.59961	4.41375	2.62144	1.22619	0.31267	0.28668	0.25993	0.91742	0.70911	0.53586	3.76579	2.31227	1.18811
57500	0.18229	0.15621	0.10239	0.91088	0.77671	0.59723	4.40946	2.61945	1.22332	0.30896	0.28410	0.25895	0.91352	0.70830	0.53173	3.76216	2.31042	1.18625
57670	0.18284	0.15899	0.10263	0.91322	0.77843	0.60027	4.41203	2.62197	1.22512	0.31255	0.28562	0.26020	0.91646	0.70805	0.53306	3.76574	2.31282	1.18936
57830	0.18155	0.15644	0.10081	0.91303	0.77703	0.59731	4.40918	2.61888	1.22279	0.30946	0.28345	0.25837	0.91351	0.70454	0.52854	3.75917	2.30977	1.18543
57990	0.18065	0.15359	0.09961	0.90876	0.77532	0.59453	4.40303	2.61363	1.22035	0.30636	0.28234	0.25633	0.91411	0.70910	0.53337	3.76476	2.31359	1.18974
58160	0.18295	0.15732	0.10198	0.91198	0.77688	0.59716	4.41636	2.61995	1.22292	0.30966	0.28391	0.25884	0.91391	0.70821	0.53118	3.76427	2.31182	1.18817
58320	0.18099	0.15899	0.10319	0.91205	0.77708	0.59834	4.41253	2.62117	1.22342	0.31038	0.28430	0.25871	0.91473	0.70916	0.53278	3.76313	2.31200	1.18865
58480	0.18157	0.15703	0.10149	0.91221	0.77697	0.59723	4.40932	2.61883	1.22023	0.30901	0.28300	0.25882	0.91496	0.70906	0.53069	3.76346	2.31193	1.18844
58650	0.18355	0.15743	0.10338	0.91283	0.77691	0.59828	4.41168	2.61821	1.22232	0.30948	0.28321	0.25893	0.91168	0.70506	0.53112	3.76085	2.31083	1.18652
58810	0.18112	0.15659	0.10174	0.91053	0.77525	0.59655	4.41471	2.61762	1.22087	0.30850	0.28228	0.25784	0.91487	0.70835	0.53076	3.76440	2.31449	1.18884	33.13	6.1	0.00	7.67	0.01264	0.01289	0.01613	0.00785	0.00583	0.00640	0.00467	0.01264	0.01677	0.00678	0.00702	0.00872	0.01486	0.01091	0.01193	0.00218	0.00622	0.00871
58970	0.18267	0.15844	0.10318	0.91297	0.77839	0.59738	4.41303	2.62026	1.22326	0.31045	0.28346	0.25865	0.91420	0.70625	0.53101	3.76430	2.31165	1.18795
59140	0.18255	0.15834	0.10182	0.91104	0.77563	0.59695	4.40792	2.61799	1.22034	0.30870	0.28283	0.25698	0.91411	0.70920	0.53270	3.76408	2.31225	1.18928
59300	0.18571	0.15833	0.10254	0.91359	0.77757	0.59846	4.41843	2.61861	1.22440	0.31074	0.28362	0.25963	0.91535	0.70631	0.53088	3.76191	2.31095	1.18711
59460	0.18042	0.15574	0.10269	0.90918	0.77432	0.59565	4.40596	2.61656	1.21864	0.30799	0.28148	0.25719	0.91506	0.70816	0.53525	3.76457	2.31508	1.19114
59630	0.18531	0.16009	0.10465	0.91418	0.77720	0.59849	4.41664	2.61688	1.22372	0.31134	0.28383	0.25938	0.91433	0.70803	0.53242	3.76484	2.31197	1.18706
59790	0.18240	0.16005	0.10362	0.91208	0.77716	0.59917	4.40364	2.62068	1.22310	0.31138	0.28334	0.25941	0.91241	0.70896	0.52901	3.76240	2.31154	1.18701
59960	0.18193	0.15806	0.10381	0.91103	0.77450	0.59724	4.40646	2.61738	1.22154	0.30959	0.28306	0.25809	0.91247	0.70405	0.52938	3.76131	2.31046	1.18490
60120	0.18163	0.15741	0.10439	0.91189	0.77764	0.59914	4.41396	2.61915	1.22413	0.31155	0.28321	0.25927	0.91574	0.70743	0.53015	3.76386	2.31232	1.18741
60280	0.18163	0.15706	0.10225	0.91118	0.77556	0.59735	4.41128	2.61789	1.22225	0.31086	0.28361	0.25802	0.91307	0.70488	0.52858	3.76375	2.30994	1.18565
60450	0.18209	0.15896	0.10406	0.91380	0.77941	0.60197	4.40452	2.62023	1.22593	0.31252	0.28575	0.26067	0.91755	0.70649	0.53486	3.77110	2.31426	1.19009	33.13	6.1	0.00	7.73	0.01264	0.01289	0.01613	0.00785	0.00583	0.00640	0.00467	0.01264	0.01677	0.00678	0.00702	0.00872	0.01486	0.01091	0.01193	0.00218	0.00622	0.00871
60610	0.18418	0.15675	0.10137	0.91216	0.77649	0.59838	4.41281	2.61970	1.22269	0.31188	0.28272	0.25826	0.91152	0.70623	0.53057	3.76839	2.31189	1.18750
60770	0.18258	0.15921	0.10242	0.91212	0.77780	0.60043	4.41177	2.61837	1.22588	0.31248	0.28397	0.25952	0.91670	0.70701	0.53196	3.76621	2.31296	1.18889
60940	0.18015	0.15831	0.10233	0.91150	0.77549	0.59847	4.40409	2.61996	1.22330	0.31152	0.28218	0.25699	0.91366	0.70687	0.52975	3.76524	2.30974	1.18698
61100	0.17931	0.15485	0.10198	0.90933	0.77322	0.59630	4.40259	2.61468	1.21960	0.30939	0.28113	0.25617	0.91658	0.71102	0.53419	3.76942	2.31699	1.19234
61260	0.18415	0.15929	0.10422	0.91484	0.77754	0.60010	4.40648	2.62117	1.22430	0.31297	0.28387	0.25918	0.91259	0.70777	0.53145	3.77072	2.31327	1.18902
61430	0.18392	0.15765	0.10279	0.91455	0.77837	0.60115	4.41245	2.62313	1.22625	0.31371	0.28483	0.26078	0.91781	0.70979	0.52995	3.77061	2.31453	1.19126
61590	0.18325	0.15962	0.10297	0.91294	0.77662	0.59921	4.40166	2.62016	1.22272	0.31092	0.28328	0.25791	0.91415	0.70863	0.53193	3.76746	2.31069	1.18679
61750	0.18063	0.16023	0.10362	0.91266	0.77794	0.60242	4.41209	2.62033	1.22611	0.31381	0.28417	0.26020	0.91412	0.70852	0.53443	3.76969	2.31358	1.18995
61920	0.18185	0.15570	0.10015	0.91106	0.77523	0.59838	4.40888	2.61832	1.22185	0.31032	0.28128	0.25690	0.91232	0.70852	0.53289	3.76860	2.31239	1.18939
62080	0.18312	0.15974	0.10298	0.91298	0.77480	0.59881	4.40903	2.62004	1.22436	0.31087	0.28228	0.25809	0.91427	0.70760	0.53247	3.76588	2.31254	1.18862	33.13	6.2	0.00	7.76	0.01264	0.01289	0.01613	0.00785	0.00583	0.00640	0.00467	0.01264	0.01677	0.00678	0.00702	0.00872	0.01486	0.01091	0.01193	0.00218	0.00622	0.00871
62240	0.18174	0.15698	0.10074	0.91200	0.77308	0.59796	4.39643	2.61955	1.22161	0.31065	0.28158	0.25746	0.90981	0.70565	0.53107	3.76772	2.31014	1.18658
62410	0.18062	0.15720	0.10417	0.91057	0.77551	0.59965	4.40628	2.62155	1.22541	0.31358	0.28426	0.26019	0.91419	0.71022	0.53523	3.76952	2.31499	1.19046
62570	0.18309	0.15745	0.10246	0.91161	0.77295	0.59677	4.40814	2.61753	1.22201	0.31006	0.28226	0.25781	0.91169	0.70657	0.52962	3.76458	2.31152	1.18724
62730	0.18145	0.15646	0.10277	0.90983	0.77481	0.59897	4.41396	2.62046	1.22490	0.31180	0.28389	0.25902	0.91589	0.70633	0.53348	3.76854	2.31403	1.18959
62900	0.18317	0.15879	0.10109	0.91210	0.77447	0.59700	4.41300	2.61912	1.22413	0.31079	0.28234	0.25827	0.91412	0.70657	0.52967	3.76577	2.31056	1.18679
63060	0.18123	0.15551	0.10534	0.90954	0.77481	0.59992	4.41696	2.62292	1.22623	0.31255	0.28551	0.26055	0.91776	0.71060	0.53359	3.76881	2.31473	1.19013
63220	0.18227	0.15670	0.10132	0.91165	0.77465	0.59742	4.40853	2.62065	1.22440	0.31074	0.28256	0.25692	0.91282	0.70424	0.53006	3.76344	2.31087	1.18704
63390	0.18287	0.16102	0.10471	0.91382	0.77805	0.60049	4.41728	2.62335	1.22664	0.31351	0.28453	0.26037	0.91690	0.71013	0.53521	3.76523	2.31680	1.19122
63550	0.18408	0.15690	0.10243	0.91291	0.77527	0.59771	4.41489	2.61983	1.22411	0.31072	0.28374	0.25814	0.91356	0.70663	0.53299	3.76615	2.31254	1.18739
63710	0.18311	0.15909	0.10222	0.91399	0.77673	0.59980	4.41679	2.62076	1.22729	0.31250	0.28366	0.25928	0.91374	0.70833	0.53191	3.76582	2.31395	1.18999	33.13	6.1	0.00	7.67	0.01264	0.01290	0.01613	0.00785	0.00583	0.00640	0.00467	0.01264	0.01677	0.00678	0.00702	0.00872	0.01486	0.01091	0.01193	0.00218	0.00622	0.00871
63870	0.18173	0.15631	0.10318	0.91098	0.77401	0.59706	4.41264	2.61637	1.22341	0.30976	0.28241	0.25707	0.91311	0.70507	0.53022	3.76414	2.31244	1.18718
64040	0.17826	0.15590	0.09799	0.90794	0.76978	0.59396	4.40864	2.61705	1.21959	0.30850	0.27917	0.25467	0.91459	0.70850	0.53918	3.76631	2.31764	1.19291
64200	0.18506	0.16058	0.10265	0.91433	0.77635	0.60013	4.40693	2.61997	1.22587	0.31156	0.28396	0.25873	0.91358	0.70549	0.53241	3.76414	2.31405	1.18921
64370	0.18390	0.15739	0.10260	0.91297	0.77564	0.59943	4.40904	2.61889	1.22528	0.31228	0.28352	0.25893	0.91614	0.70816	0.53286	3.76750	2.31406	1.18923
64530	0.18283	0.15778	0.10209	0.91164	0.77509	0.59630	4.42340	2.61755	1.22311	0.31059	0.28194	0.25672	0.91319	0.70727	0.53175	3.76539	2.31262	1.18894
64690	0.18021	0.15567	0.09815	0.90894	0.77033	0.59496	4.40832	2.61378	1.21984	0.30814	0.27994	0.25455	0.91378	0.70953	0.53333	3.76474	2.31707	1.19195
64860	0.18589	0.16114	0.10357	0.91409	0.77556	0.59925	4.40743	2.61891	1.22419	0.31111	0.28412	0.25947	0.91278	0.70849	0.53202	3.76484	2.31306	1.18857
65020	0.18244	0.15969	0.10432	0.91261	0.77538	0.59886	4.42208	2.62109	1.22531	0.31182	0.28455	0.25916	0.91514	0.70687	0.53380	3.76495	2.31439	1.18864
