WetView ver 7.1	07-20-2019	16:13:04
AC9 Absorption and Attenuation Meter
00000311		; Serial number
2	; structure version number
Reserved
0.000000	0.000000		; Depth calibration
19200			; Baud rate
0.100000			; Path length (meters)
23			; number of temperature calibration bins
				12.61517	13.44096	14.46844	15.49904	16.50682	17.50108	18.49752	19.51783	20.49177	21.49009	22.48286	23.50673	24.54012	25.54812	26.49986	27.49321	28.50960	29.48671	30.47471	31.49432	32.50437	33.48679	34.49133	; temperature bins
a650	Blue	18.61587		0.01156	0.01096	0.01010	0.00930	0.00851	0.00774	0.00661	0.00573	0.00499	0.00402	0.00285	0.00203	0.00096	0.00000	-0.00110	-0.00152	-0.00210	-0.00247	-0.00259	-0.00317	-0.00346	-0.00380	-0.00403		; offset and temperature correction info
a676	Green	18.78942		0.00964	0.00899	0.00863	0.00813	0.00730	0.00639	0.00545	0.00448	0.00385	0.00301	0.00233	0.00165	0.00046	0.00000	-0.00106	-0.00167	-0.00251	-0.00280	-0.00316	-0.00329	-0.00377	-0.00392	-0.00441		; offset and temperature correction info
a715	Brown	18.59217		0.01171	0.01109	0.01043	0.00975	0.00878	0.00789	0.00685	0.00572	0.00469	0.00356	0.00255	0.00160	0.00061	0.00000	-0.00063	-0.00113	-0.00152	-0.00183	-0.00226	-0.00293	-0.00364	-0.00404	-0.00473		; offset and temperature correction info
c510	Red	18.18396		-0.00549	-0.00480	-0.00383	-0.00272	-0.00202	-0.00118	-0.00044	-0.00038	-0.00015	-0.00021	0.00013	0.00007	-0.00007	0.00000	-0.00007	-0.00065	-0.00045	-0.00018	0.00007	0.00039	-0.00001	-0.00002	-0.00045		; offset and temperature correction info
c532	Magenta	18.26528		-0.00721	-0.00645	-0.00581	-0.00518	-0.00465	-0.00345	-0.00281	-0.00270	-0.00182	-0.00141	-0.00108	-0.00072	-0.00022	0.00000	0.00044	0.00030	0.00031	-0.00006	-0.00052	-0.00089	-0.00142	-0.00149	-0.00154		; offset and temperature correction info
c555	Black	18.37125		-0.00430	-0.00419	-0.00381	-0.00319	-0.00286	-0.00254	-0.00205	-0.00196	-0.00138	-0.00137	-0.00067	-0.00051	-0.00030	0.00000	0.00067	0.00087	0.00057	0.00027	-0.00015	-0.00089	-0.00127	-0.00137	-0.00150		; offset and temperature correction info
a412	LtBlue	15.33566		-0.06011	-0.05567	-0.05012	-0.04441	-0.03922	-0.03412	-0.02941	-0.02503	-0.02049	-0.01588	-0.01121	-0.00784	-0.00311	0.00000	0.00273	0.00611	0.00757	0.00871	0.01066	0.01299	0.01539	0.01781	0.02175		; offset and temperature correction info
a440	LtGreen	16.05925		-0.01380	-0.01214	-0.01039	-0.00858	-0.00690	-0.00532	-0.00426	-0.00322	-0.00230	-0.00158	-0.00055	0.00006	0.00001	0.00000	0.00017	0.00016	-0.00094	-0.00222	-0.00363	-0.00486	-0.00567	-0.00651	-0.00782		; offset and temperature correction info
a488	Yellow	16.82827		0.00255	0.00293	0.00331	0.00354	0.00373	0.00378	0.00363	0.00350	0.00291	0.00225	0.00215	0.00142	0.00099	0.00000	-0.00092	-0.00169	-0.00295	-0.00396	-0.00479	-0.00542	-0.00582	-0.00604	-0.00663		; offset and temperature correction info
c650	Blue	18.49287		-0.00570	-0.00516	-0.00456	-0.00403	-0.00346	-0.00232	-0.00132	-0.00122	-0.00073	-0.00066	-0.00035	-0.00016	0.00003	0.00000	0.00044	0.00078	0.00108	0.00057	0.00040	-0.00042	-0.00033	-0.00029	-0.00034		; offset and temperature correction info
c676	Green	18.50570		0.00299	0.00293	0.00287	0.00293	0.00278	0.00294	0.00317	0.00251	0.00243	0.00215	0.00139	0.00123	0.00068	0.00000	-0.00041	-0.00106	-0.00205	-0.00268	-0.00325	-0.00413	-0.00495	-0.00610	-0.00674		; offset and temperature correction info
c715	Brown	17.88888		0.00826	0.00812	0.00773	0.00790	0.00766	0.00758	0.00753	0.00650	0.00571	0.00461	0.00359	0.00222	0.00101	0.00000	-0.00146	-0.00284	-0.00385	-0.00448	-0.00463	-0.00513	-0.00623	-0.00715	-0.00838		; offset and temperature correction info
a510	Red	17.18050		0.00353	0.00364	0.00354	0.00361	0.00381	0.00381	0.00356	0.00332	0.00277	0.00229	0.00176	0.00116	0.00036	0.00000	-0.00014	-0.00069	-0.00088	-0.00147	-0.00150	-0.00129	-0.00120	-0.00134	-0.00091		; offset and temperature correction info
a532	Magenta	17.40228		0.00550	0.00548	0.00526	0.00479	0.00464	0.00422	0.00393	0.00328	0.00253	0.00212	0.00136	0.00085	0.00039	0.00000	-0.00059	-0.00146	-0.00188	-0.00262	-0.00330	-0.00393	-0.00491	-0.00540	-0.00605		; offset and temperature correction info
a555	Black	17.72308		0.00849	0.00832	0.00800	0.00760	0.00724	0.00655	0.00580	0.00495	0.00435	0.00347	0.00252	0.00153	0.00049	0.00000	-0.00050	-0.00155	-0.00214	-0.00306	-0.00350	-0.00411	-0.00470	-0.00539	-0.00570		; offset and temperature correction info
c412	LtBlue	16.72802		-0.05949	-0.05458	-0.04744	-0.04134	-0.03547	-0.03064	-0.02511	-0.02047	-0.01574	-0.01163	-0.00761	-0.00442	-0.00204	0.00000	0.00100	0.00051	-0.00043	-0.00239	-0.00475	-0.00629	-0.00827	-0.00955	-0.01337		; offset and temperature correction info
c440	LtGreen	17.42637		-0.02723	-0.02503	-0.02216	-0.01930	-0.01691	-0.01394	-0.01125	-0.00926	-0.00732	-0.00582	-0.00401	-0.00226	-0.00093	0.00000	0.00082	0.00123	0.00133	0.00097	0.00038	-0.00003	-0.00022	-0.00023	-0.00125		; offset and temperature correction info
c488	Yellow	18.03666		-0.00640	-0.00554	-0.00465	-0.00357	-0.00276	-0.00154	-0.00067	-0.00031	-0.00014	-0.00012	0.00046	0.00032	0.00020	0.00000	0.00001	-0.00024	-0.00060	-0.00084	-0.00126	-0.00180	-0.00276	-0.00304	-0.00427		; offset and temperature correction info
0.003500	0.004000	0.015000	0.020000	0.015000	0.020000	2500.000000	2000.000000	1000.000000	; maxANoise	maxCNoise	maxADifference	maxCDifference	minACounts	minCCounts	minRCounts	maxTempSdev	maxDepthSdev
0			; auxilliary capabilities
1			; acquisition binsize
0	1.13412	1.11709	1.04871	6.68965	6.55910	6.35678	4.12260	2.88232	1.93919	6.16107	6.13759	6.06667	1.69930	1.51196	1.37761	8.77920	7.70968	6.88465	33.24	6.1	0.00	-2.04	0.01737	0.01202	0.01520	0.01827	0.01889	0.01477	0.00547	0.01517	0.02013	0.01863	0.01293	0.01646	0.01711	0.01769	0.01382	0.00569	0.01605	0.02147
160	1.13205	1.11720	1.05089	6.68876	6.55899	6.35699	4.12342	2.88191	1.93880	6.16123	6.13720	6.06578	1.69890	1.51269	1.37917	8.77892	7.71035	6.88510
330	1.13459	1.11532	1.04865	6.68952	6.55876	6.35733	4.11968	2.87961	1.93753	6.16085	6.13777	6.06515	1.69795	1.51362	1.37886	8.77991	7.71249	6.88600
490	1.13500	1.11779	1.05088	6.68998	6.55922	6.35744	4.12175	2.88186	1.94171	6.16093	6.13789	6.06495	1.69883	1.51318	1.37867	8.77547	7.71080	6.88347
660	1.13614	1.11862	1.04806	6.69146	6.56225	6.36031	4.12157	2.88420	1.94332	6.16299	6.14157	6.06801	1.70044	1.51416	1.37931	8.78138	7.71318	6.88726
820	1.13502	1.11616	1.04836	6.68988	6.55955	6.35741	4.11684	2.87933	1.93959	6.16054	6.13839	6.06658	1.69962	1.51155	1.37822	8.77661	7.71024	6.88519
990	1.13355	1.11589	1.04885	6.68985	6.56023	6.35811	4.11805	2.88223	1.94044	6.16098	6.13749	6.06593	1.69953	1.51547	1.37963	8.77533	7.71065	6.88440
1150	1.13411	1.11597	1.04877	6.68999	6.55785	6.35684	4.12040	2.88187	1.94103	6.16007	6.13755	6.06585	1.69800	1.51353	1.37719	8.78062	7.71203	6.88613
1320	1.13562	1.11651	1.04882	6.69057	6.55905	6.35687	4.13104	2.88066	1.93846	6.15994	6.13870	6.06555	1.69875	1.51404	1.37887	8.77528	7.71084	6.88564
1480	1.13347	1.11733	1.05020	6.69036	6.55925	6.35756	4.11972	2.88317	1.94253	6.16065	6.13863	6.06686	1.70009	1.51496	1.37858	8.77552	7.71128	6.88505
1650	1.13524	1.11751	1.04990	6.68960	6.55772	6.35558	4.11502	2.87995	1.93843	6.15869	6.13650	6.06490	1.70010	1.51482	1.38029	8.77847	7.71107	6.88668	33.24	6.1	0.00	-2.04	0.01737	0.01202	0.01520	0.01827	0.01889	0.01477	0.00547	0.01517	0.02013	0.01863	0.01293	0.01646	0.01711	0.01769	0.01382	0.00569	0.01605	0.02147
1810	1.13570	1.11686	1.05050	6.69071	6.56004	6.35672	4.11449	2.88292	1.94010	6.16198	6.13711	6.06597	1.69940	1.51362	1.37722	8.77809	7.70954	6.88393
1980	1.13671	1.12091	1.05266	6.69079	6.56189	6.36076	4.11296	2.88552	1.94175	6.16349	6.14082	6.06797	1.69989	1.51498	1.37880	8.78173	7.71291	6.88653
2140	1.13548	1.11855	1.04857	6.69189	6.55997	6.35712	4.11534	2.87952	1.93813	6.16108	6.13891	6.06641	1.69912	1.51212	1.37749	8.77786	7.71119	6.88569
2310	1.13514	1.11450	1.04892	6.69053	6.55839	6.35741	4.12064	2.88000	1.93898	6.15971	6.13821	6.06616	1.69856	1.51430	1.38104	8.77748	7.71103	6.88644
2470	1.13516	1.11839	1.05033	6.69140	6.55959	6.35743	4.11776	2.88447	1.94159	6.16087	6.13881	6.06674	1.69961	1.51327	1.37836	8.78055	7.70958	6.88521
2640	1.13510	1.11722	1.05252	6.69228	6.56123	6.36002	4.11381	2.88364	1.94185	6.16191	6.14141	6.06754	1.70090	1.51352	1.37871	8.77880	7.71208	6.88628
2800	1.13584	1.11631	1.04930	6.69012	6.55899	6.35574	4.12249	2.88100	1.93831	6.15978	6.13770	6.06570	1.70061	1.51597	1.38110	8.78111	7.71327	6.88779
2970	1.13593	1.11912	1.05110	6.69288	6.56036	6.35864	4.11211	2.88414	1.94133	6.16106	6.13912	6.06734	1.70113	1.51228	1.37856	8.78234	7.71141	6.88576
3130	1.13714	1.11777	1.05234	6.69173	6.55985	6.35906	4.12220	2.88438	1.94334	6.16128	6.13988	6.06751	1.70126	1.51422	1.37973	8.77639	7.71048	6.88556
3300	1.13666	1.11805	1.05155	6.69105	6.56062	6.35952	4.12785	2.88186	1.94187	6.16186	6.14017	6.06734	1.70042	1.51523	1.37734	8.77943	7.71256	6.88471	33.19	6.2	0.00	-2.04	0.01737	0.01202	0.01520	0.01827	0.01889	0.01477	0.00547	0.01517	0.02013	0.01863	0.01293	0.01646	0.01711	0.01769	0.01382	0.00569	0.01605	0.02147
3460	1.13433	1.11788	1.04662	6.69078	6.55716	6.35449	4.11448	2.88089	1.93772	6.15858	6.13642	6.06444	1.69971	1.51188	1.37862	8.77669	7.71145	6.88570
3630	1.13420	1.11691	1.05015	6.69169	6.55849	6.35678	4.11700	2.88125	1.93934	6.16035	6.13799	6.06616	1.70286	1.51634	1.38227	8.78510	7.71670	6.89058
3790	1.13958	1.12096	1.05349	6.69621	6.56399	6.36218	4.12572	2.88512	1.94465	6.16355	6.14193	6.06906	1.70299	1.51500	1.38083	8.77934	7.71312	6.88805
3960	1.13628	1.11726	1.04938	6.69209	6.56042	6.35803	4.11295	2.88264	1.93826	6.16006	6.13791	6.06575	1.69830	1.51255	1.37606	8.77471	7.70815	6.88324
4120	1.13535	1.11602	1.04971	6.69062	6.55957	6.35684	4.11771	2.88212	1.94083	6.15946	6.13861	6.06650	1.70089	1.51423	1.37633	8.77424	7.70985	6.88388
4280	1.13576	1.11683	1.04805	6.68945	6.55776	6.35571	4.11508	2.88391	1.94006	6.15869	6.13781	6.06478	1.70120	1.51246	1.37824	8.77835	7.71119	6.88618
4450	1.13488	1.11737	1.04992	6.69158	6.55911	6.35674	4.12494	2.88218	1.94094	6.15982	6.13836	6.06604	1.70006	1.51370	1.37760	8.77428	7.70921	6.88466
4610	1.13580	1.11433	1.05275	6.69146	6.56092	6.35727	4.12088	2.88424	1.94292	6.16116	6.14106	6.06617	1.70144	1.51616	1.38029	8.77754	7.71069	6.88641
4780	1.13456	1.11637	1.04753	6.69088	6.55874	6.35492	4.11871	2.87981	1.93952	6.15867	6.13710	6.06459	1.70099	1.51608	1.38191	8.77877	7.71259	6.88851
4950	1.13767	1.11858	1.05086	6.69314	6.56089	6.35857	4.12410	2.88378	1.94273	6.16052	6.13905	6.06638	1.70060	1.51508	1.37849	8.77700	7.71037	6.88564	33.24	6.1	0.00	-2.04	0.01737	0.01202	0.01520	0.01827	0.01889	0.01477	0.00547	0.01517	0.02013	0.01863	0.01293	0.01646	0.01711	0.01769	0.01382	0.00569	0.01605	0.02147
5110	1.13522	1.11627	1.05215	6.69174	6.56119	6.35876	4.12235	2.88151	1.94309	6.16049	6.14024	6.06686	1.70004	1.51333	1.37733	8.77426	7.70971	6.88518
5280	1.13621	1.11747	1.05366	6.69300	6.56093	6.35885	4.12043	2.88627	1.94189	6.16146	6.14039	6.06874	1.70117	1.51525	1.38084	8.77889	7.71146	6.88571
5440	1.13439	1.11655	1.05037	6.69037	6.55834	6.35558	4.11649	2.88301	1.94076	6.15884	6.13847	6.06577	1.70155	1.51492	1.38082	8.77898	7.71191	6.88789
5610	1.13702	1.11833	1.05174	6.69356	6.56087	6.35779	4.11965	2.88437	1.94212	6.16142	6.13995	6.06723	1.70078	1.51422	1.37887	8.77908	7.71118	6.88617
5770	1.13559	1.11810	1.05051	6.69178	6.55992	6.35801	4.11983	2.88514	1.94138	6.16062	6.14040	6.06672	1.70243	1.51383	1.38007	8.77771	7.70940	6.88584
5940	1.13626	1.12200	1.05099	6.69282	6.56082	6.35821	4.12399	2.88520	1.94217	6.16095	6.14078	6.06829	1.70166	1.51217	1.37879	8.77785	7.71065	6.88554
6100	1.13478	1.11594	1.05051	6.69088	6.55866	6.35656	4.12684	2.88207	1.93995	6.15963	6.13817	6.06588	1.70212	1.51308	1.38070	8.77884	7.71141	6.88628
6270	1.13543	1.11730	1.05191	6.69139	6.55947	6.35705	4.11780	2.88015	1.94364	6.16056	6.13992	6.06686	1.70340	1.51869	1.38238	8.78314	7.71596	6.89020
6430	1.13841	1.12146	1.05312	6.69699	6.56375	6.36224	4.11930	2.88695	1.94531	6.16363	6.14324	6.06904	1.70293	1.51570	1.38098	8.77946	7.71272	6.88749
6600	1.13447	1.11808	1.04923	6.69255	6.56051	6.35781	4.12497	2.88094	1.93977	6.15946	6.13917	6.06630	1.70052	1.51153	1.37881	8.77310	7.70920	6.88376	33.24	6.1	0.00	-2.04	0.01737	0.01202	0.01520	0.01827	0.01889	0.01477	0.00547	0.01517	0.02013	0.01863	0.01293	0.01646	0.01711	0.01769	0.01382	0.00569	0.01605	0.02147
6760	1.13214	1.11474	1.04911	6.69147	6.55941	6.35697	4.12283	2.88290	1.94084	6.16034	6.13921	6.06657	1.70073	1.51397	1.37696	8.77328	7.71065	6.88515
6920	1.13414	1.11725	1.04760	6.69117	6.55884	6.35565	4.12102	2.87960	1.94008	6.15962	6.13847	6.06557	1.70057	1.51346	1.38021	8.77881	7.71059	6.88677
7090	1.13438	1.11727	1.05069	6.69158	6.56009	6.35790	4.11565	2.88016	1.94088	6.15958	6.13901	6.06595	1.69865	1.51249	1.37733	8.77480	7.70994	6.88471
7250	1.13662	1.12053	1.05198	6.69320	6.56106	6.35834	4.12280	2.88604	1.94245	6.16202	6.14100	6.06897	1.70130	1.51364	1.37966	8.77574	7.71079	6.88584
7420	1.13555	1.11709	1.04898	6.69105	6.55822	6.35551	4.12269	2.87747	1.93763	6.15834	6.13724	6.06513	1.69977	1.51577	1.38103	8.77720	7.71157	6.88795
7580	1.13745	1.11981	1.04976	6.69360	6.56025	6.35832	4.10900	2.87983	1.94098	6.16055	6.13916	6.06663	1.69952	1.51307	1.37869	8.77928	7.70963	6.88563
7750	1.13591	1.11885	1.04965	6.69199	6.55998	6.35747	4.11785	2.88260	1.94108	6.15989	6.13886	6.06635	1.69960	1.51362	1.37616	8.77461	7.71077	6.88481
7920	1.13346	1.11941	1.05060	6.69215	6.55996	6.35825	4.12294	2.88442	1.94267	6.16076	6.14068	6.06794	1.70188	1.51322	1.37874	8.77484	7.71044	6.88551
8080	1.13438	1.11767	1.04762	6.69092	6.55816	6.35562	4.11650	2.87938	1.93869	6.15916	6.13742	6.06424	1.70014	1.51518	1.37797	8.77706	7.71104	6.88669
8250	1.13514	1.11509	1.05015	6.69264	6.55961	6.35663	4.11513	2.88067	1.93929	6.15985	6.13891	6.06720	1.70017	1.51323	1.37695	8.77927	7.70983	6.88493	33.24	6.1	0.00	-2.04	0.01737	0.01202	0.01520	0.01827	0.01889	0.01477	0.00547	0.01517	0.02013	0.01863	0.01293	0.01646	0.01711	0.01769	0.01381	0.00569	0.01606	0.02147
8410	1.13324	1.11775	1.05000	6.69214	6.55964	6.35664	4.11555	2.87907	1.93922	6.16007	6.13875	6.06693	1.69869	1.51290	1.37853	8.77899	7.71019	6.88450
8580	1.13468	1.11715	1.05208	6.69167	6.55921	6.35797	4.11747	2.88001	1.94045	6.16037	6.13809	6.06782	1.69998	1.51344	1.37836	8.77714	7.70973	6.88417
8740	1.13274	1.11539	1.04809	6.69030	6.55773	6.35475	4.10887	2.87825	1.93621	6.15891	6.13678	6.06522	1.69912	1.51393	1.37674	8.77625	7.70976	6.88434
8910	1.13452	1.11641	1.04889	6.69093	6.55796	6.35658	4.11957	2.87975	1.93888	6.15926	6.13809	6.06581	1.70147	1.51789	1.38198	8.78031	7.71413	6.88980
9070	1.13730	1.11904	1.05216	6.69636	6.56310	6.36043	4.11850	2.88573	1.94235	6.16232	6.14118	6.06913	1.70295	1.51381	1.37859	8.78220	7.71224	6.88745
9240	1.13598	1.11766	1.04973	6.69238	6.55882	6.35691	4.11179	2.87927	1.93724	6.15923	6.13802	6.06627	1.69782	1.51061	1.37557	8.77662	7.70880	6.88446
9400	1.13182	1.11893	1.04984	6.69125	6.55924	6.35681	4.11442	2.88242	1.93865	6.15932	6.13793	6.06658	1.69762	1.51077	1.37637	8.77752	7.70908	6.88422
9560	1.13249	1.11519	1.04853	6.68955	6.55726	6.35503	4.11381	2.87589	1.93716	6.15834	6.13742	6.06525	1.70037	1.51340	1.37668	8.77492	7.70887	6.88524
9730	1.13376	1.11793	1.04954	6.69052	6.55828	6.35721	4.12185	2.87903	1.93978	6.15948	6.13848	6.06691	1.69942	1.51111	1.37758	8.77393	7.70780	6.88286
9900	1.13583	1.11610	1.04845	6.69102	6.55991	6.35832	4.11433	2.87875	1.93948	6.16095	6.13898	6.06725	1.69865	1.51064	1.37759	8.77931	7.71131	6.88492	33.19	6.2	0.00	-2.04	0.01737	0.01202	0.01520	0.01827	0.01890	0.01477	0.00547	0.01517	0.02013	0.01863	0.01293	0.01646	0.01711	0.01769	0.01381	0.00569	0.01606	0.02147
10060	1.13245	1.11374	1.04716	6.68971	6.55637	6.35465	4.11852	2.87909	1.93577	6.15720	6.13518	6.06431	1.70029	1.51373	1.38053	8.78078	7.71334	6.88729
10220	1.13433	1.11778	1.04924	6.69171	6.55915	6.35754	4.11792	2.88000	1.93784	6.15894	6.13961	6.06680	1.69724	1.51264	1.37488	8.77964	7.71174	6.88594
10390	1.13313	1.11356	1.04859	6.69084	6.55903	6.35733	4.11753	2.87787	1.93920	6.16041	6.13822	6.06664	1.69750	1.51212	1.37450	8.77681	7.71020	6.88483
10550	1.13246	1.11591	1.04968	6.69044	6.55765	6.35659	4.11706	2.88119	1.93853	6.15819	6.13846	6.06542	1.69786	1.51278	1.37564	8.77790	7.70987	6.88475
10720	1.13362	1.11614	1.04824	6.69030	6.55689	6.35631	4.11564	2.87575	1.93873	6.15763	6.13755	6.06541	1.69899	1.51308	1.37884	8.77402	7.71184	6.88661
10890	1.13460	1.11826	1.04825	6.69051	6.55841	6.35667	4.11372	2.88320	1.93995	6.15801	6.13806	6.06553	1.69838	1.50942	1.37473	8.77473	7.70824	6.88302
11050	1.13452	1.11877	1.05064	6.69344	6.56118	6.36046	4.12215	2.88526	1.94085	6.16182	6.14103	6.06872	1.70195	1.51334	1.37762	8.78352	7.71467	6.88807
11210	1.13536	1.11643	1.04805	6.69164	6.55916	6.35745	4.12250	2.87951	1.93885	6.15874	6.13855	6.06507	1.69702	1.50951	1.37555	8.77591	7.70876	6.88304
11380	1.13186	1.11378	1.04815	6.68809	6.55668	6.35473	4.11653	2.87887	1.93464	6.15659	6.13578	6.06401	1.69830	1.50835	1.37647	8.77927	7.70955	6.88459
11540	1.13321	1.11551	1.04764	6.68954	6.55699	6.35454	4.11016	2.87623	1.93528	6.15711	6.13694	6.06452	1.69720	1.51054	1.37734	8.77269	7.70969	6.88453	33.19	6.1	0.00	-2.04	0.01737	0.01202	0.01520	0.01827	0.01890	0.01477	0.00547	0.01517	0.02013	0.01863	0.01293	0.01646	0.01711	0.01769	0.01381	0.00569	0.01606	0.02147
11710	1.13210	1.11460	1.04886	6.68992	6.55747	6.35708	4.11919	2.88097	1.93686	6.15867	6.13799	6.06587	1.69803	1.50880	1.37507	8.77467	7.70958	6.88438
11870	1.13105	1.11494	1.04610	6.69066	6.55861	6.35698	4.11737	2.87960	1.93780	6.15999	6.13866	6.06592	1.69707	1.51212	1.37641	8.77443	7.70977	6.88463
12040	1.13187	1.11293	1.04638	6.69091	6.55802	6.35550	4.11179	2.87676	1.93543	6.15808	6.13782	6.06527	1.69784	1.51220	1.37745	8.77920	7.71187	6.88698
12200	1.13557	1.11601	1.04920	6.69241	6.55955	6.35733	4.11631	2.88489	1.93992	6.15892	6.13984	6.06643	1.69915	1.51158	1.37385	8.77547	7.71028	6.88426
12370	1.13268	1.11516	1.04893	6.69308	6.56017	6.35891	4.11969	2.88151	1.93939	6.16011	6.13909	6.06838	1.69860	1.51309	1.37447	8.77897	7.71083	6.88577
12530	1.13182	1.11445	1.04619	6.69059	6.55653	6.35453	4.11745	2.87729	1.93514	6.15670	6.13658	6.06386	1.69875	1.51162	1.37837	8.77925	7.71148	6.88655
12700	1.13448	1.11506	1.04917	6.69074	6.55852	6.35593	4.11940	2.88000	1.93628	6.15838	6.13708	6.06518	1.69501	1.51082	1.37263	8.77155	7.70736	6.88209
12860	1.13257	1.11419	1.04824	6.69012	6.55845	6.35762	4.11702	2.88020	1.93779	6.15922	6.13694	6.06533	1.69776	1.50973	1.37354	8.77528	7.70804	6.88377
13020	1.13129	1.11323	1.04543	6.68752	6.55548	6.35334	4.11382	2.87591	1.93447	6.15592	6.13413	6.06441	1.69546	1.50894	1.37450	8.77486	7.70906	6.88433
13190	1.13259	1.11284	1.04826	6.68929	6.55694	6.35665	4.11868	2.87756	1.93563	6.15755	6.13681	6.06465	1.69659	1.50715	1.37457	8.77129	7.70803	6.88246	33.19	6.1	0.00	-2.04	0.01737	0.01202	0.01520	0.01828	0.01890	0.01477	0.00547	0.01517	0.02013	0.01863	0.01293	0.01646	0.01710	0.01769	0.01381	0.00569	0.01606	0.02147
13350	1.13129	1.11478	1.04888	6.68835	6.55740	6.35605	4.11889	2.87699	1.93653	6.15814	6.13748	6.06472	1.69621	1.51030	1.37344	8.77577	7.70846	6.88308
13520	1.13245	1.11396	1.04611	6.68981	6.55732	6.35641	4.10958	2.87782	1.93709	6.15701	6.13693	6.06526	1.69638	1.50889	1.37471	8.77587	7.70775	6.88341
13680	1.13190	1.11350	1.04791	6.68928	6.55714	6.35551	4.11722	2.87601	1.93512	6.15783	6.13669	6.06442	1.69541	1.50890	1.37338	8.77313	7.70713	6.88220
13850	1.13180	1.11493	1.04785	6.69028	6.55713	6.35725	4.11132	2.88108	1.93768	6.15850	6.13764	6.06550	1.69812	1.51070	1.37443	8.77407	7.70783	6.88284
14010	1.13118	1.11333	1.04709	6.68855	6.55590	6.35309	4.11608	2.87501	1.93582	6.15636	6.13430	6.06281	1.69621	1.51055	1.37518	8.77459	7.70930	6.88461
14180	1.13181	1.11427	1.04697	6.68983	6.55713	6.35577	4.11964	2.87947	1.93859	6.15820	6.13697	6.06473	1.69995	1.51230	1.37692	8.77851	7.71093	6.88591
14340	1.13456	1.11665	1.04894	6.69308	6.56053	6.35771	4.12391	2.88080	1.93712	6.15893	6.13813	6.06712	1.69653	1.50965	1.37528	8.77643	7.70891	6.88380
14510	1.13213	1.11515	1.04594	6.69009	6.55619	6.35641	4.11132	2.87401	1.93505	6.15629	6.13633	6.06368	1.69491	1.51123	1.37332	8.77355	7.70839	6.88288
14670	1.13035	1.11324	1.04680	6.68932	6.55663	6.35412	4.11370	2.87589	1.93428	6.15639	6.13490	6.06315	1.69764	1.51219	1.37859	8.77785	7.71235	6.88655
14840	1.13281	1.11361	1.04735	6.69414	6.55963	6.35948	4.11896	2.88116	1.93755	6.15979	6.13866	6.06610	1.69740	1.51065	1.37395	8.77645	7.71004	6.88422	33.19	6.0	0.00	-2.04	0.01737	0.01202	0.01520	0.01828	0.01890	0.01477	0.00547	0.01517	0.02013	0.01863	0.01293	0.01646	0.01710	0.01769	0.01381	0.00569	0.01606	0.02147
15000	1.12863	1.11223	1.04745	6.68997	6.55744	6.35752	4.11594	2.87761	1.93704	6.15830	6.13608	6.06543	1.69817	1.50759	1.37381	8.77230	7.70864	6.88299
15160	1.12931	1.11145	1.04352	6.68857	6.55594	6.35417	4.10645	2.87189	1.93312	6.15526	6.13405	6.06271	1.69491	1.50826	1.37360	8.77286	7.70613	6.88216
15330	1.12850	1.11173	1.04462	6.68793	6.55584	6.35400	4.11370	2.87341	1.93183	6.15615	6.13576	6.06377	1.69471	1.50881	1.37410	8.77253	7.70584	6.88062
15490	1.12794	1.11061	1.04349	6.68706	6.55325	6.35233	4.10517	2.87225	1.93191	6.15469	6.13311	6.06341	1.69638	1.50968	1.37704	8.77423	7.70985	6.88579
15660	1.13108	1.11304	1.04544	6.68995	6.55755	6.35386	4.11854	2.87556	1.93561	6.15706	6.13677	6.06493	1.69543	1.50818	1.37519	8.77008	7.70485	6.88155
15820	1.13249	1.11492	1.04962	6.68916	6.55733	6.35702	4.11534	2.87696	1.93808	6.15829	6.13909	6.06555	1.69607	1.51017	1.37324	8.77244	7.70819	6.88334
15990	1.13014	1.11140	1.04466	6.68802	6.55424	6.35305	4.11018	2.87144	1.93308	6.15584	6.13567	6.06374	1.69600	1.51081	1.37541	8.77390	7.70906	6.88500
16150	1.13158	1.11351	1.04502	6.68962	6.55728	6.35540	4.10837	2.87710	1.93487	6.15856	6.13711	6.06482	1.69463	1.50850	1.37259	8.77173	7.70657	6.88147
16310	1.13009	1.11216	1.04876	6.69042	6.55931	6.35744	4.11075	2.87961	1.93735	6.16006	6.13941	6.06687	1.69608	1.50893	1.37529	8.77683	7.70926	6.88389
16480	1.13030	1.11171	1.04459	6.68858	6.55524	6.35471	4.11397	2.87043	1.93113	6.15595	6.13502	6.06307	1.69322	1.50813	1.37292	8.77221	7.70872	6.88372	33.24	6.1	0.00	-2.04	0.01737	0.01202	0.01520	0.01828	0.01890	0.01477	0.00547	0.01517	0.02012	0.01863	0.01293	0.01646	0.01710	0.01769	0.01381	0.00569	0.01606	0.02147
16640	1.13107	1.11232	1.04553	6.68923	6.55639	6.35601	4.11820	2.87497	1.93363	6.15826	6.13668	6.06522	1.69446	1.50523	1.37194	8.76962	7.70675	6.88270
16810	1.12780	1.11353	1.04594	6.68944	6.55689	6.35555	4.10821	2.87889	1.93266	6.15740	6.13583	6.06504	1.69425	1.50822	1.36975	8.77401	7.70727	6.88199
16970	1.12889	1.11211	1.04635	6.68786	6.55706	6.35443	4.11226	2.87616	1.93236	6.15669	6.13650	6.06440	1.69386	1.50663	1.37242	8.77490	7.70817	6.88370
17140	1.12842	1.11081	1.04507	6.68959	6.55715	6.35513	4.11308	2.87367	1.93562	6.15715	6.13575	6.06460	1.69557	1.50870	1.37420	8.77419	7.70967	6.88351
17300	1.13175	1.11589	1.04721	6.68878	6.55664	6.35499	4.11600	2.87990	1.93720	6.15715	6.13730	6.06486	1.69501	1.50842	1.37151	8.77632	7.70734	6.88182
17470	1.12994	1.11442	1.04664	6.68820	6.55595	6.35589	4.11603	2.87939	1.93672	6.15838	6.13765	6.06531	1.69658	1.51132	1.37410	8.77339	7.70735	6.88249
17630	1.13209	1.11436	1.04625	6.68724	6.55506	6.35217	4.11219	2.87551	1.93360	6.15593	6.13369	6.06210	1.69758	1.51132	1.37537	8.77608	7.70893	6.88419
17800	1.13226	1.11393	1.04753	6.68972	6.55679	6.35391	4.11404	2.87817	1.93647	6.15621	6.13557	6.06399	1.69544	1.50675	1.37200	8.76995	7.70521	6.87994
17960	1.12879	1.11320	1.04840	6.68626	6.55587	6.35461	4.11486	2.87662	1.93705	6.15755	6.13621	6.06451	1.69732	1.51159	1.37471	8.77212	7.70695	6.88175
18130	1.13005	1.11399	1.04590	6.68775	6.55316	6.35238	4.10637	2.87317	1.93258	6.15530	6.13300	6.06134	1.69618	1.51101	1.37432	8.77330	7.70873	6.88467	33.24	6.1	0.00	-2.04	0.01737	0.01201	0.01520	0.01828	0.01890	0.01477	0.00547	0.01517	0.02012	0.01863	0.01293	0.01646	0.01710	0.01769	0.01381	0.00569	0.01606	0.02147
18290	1.13269	1.11334	1.04690	6.68919	6.55567	6.35371	4.11945	2.87450	1.93452	6.15497	6.13388	6.06331	1.69540	1.50853	1.37215	8.77155	7.70547	6.87979
18450	1.13075	1.11156	1.04697	6.68739	6.55610	6.35498	4.11376	2.87354	1.93459	6.15790	6.13671	6.06379	1.69614	1.50783	1.37443	8.77358	7.70641	6.88249
18620	1.13060	1.11086	1.04447	6.68560	6.55326	6.35148	4.10346	2.87224	1.93176	6.15378	6.13304	6.06156	1.69583	1.50971	1.37607	8.77868	7.70836	6.88228
18780	1.12918	1.11276	1.04640	6.68813	6.55468	6.35268	4.11405	2.87590	1.93249	6.15544	6.13535	6.06368	1.69390	1.50618	1.36905	8.76943	7.70434	6.87939
18950	1.13158	1.11243	1.04837	6.68917	6.55624	6.35444	4.11448	2.87637	1.93420	6.15727	6.13695	6.06431	1.69477	1.50921	1.37353	8.77236	7.70649	6.88086
19110	1.12956	1.11190	1.04330	6.68512	6.55283	6.35171	4.10577	2.87410	1.93095	6.15382	6.13163	6.06052	1.69679	1.51204	1.37814	8.76948	7.70697	6.88160
19280	1.13235	1.11491	1.04742	6.68663	6.55440	6.35324	4.11689	2.87895	1.93504	6.15580	6.13444	6.06262	1.69601	1.50838	1.37525	8.76684	7.70402	6.87818
19440	1.13406	1.11570	1.04803	6.68814	6.55684	6.35706	4.11739	2.88176	1.93921	6.15739	6.13643	6.06430	1.69868	1.51038	1.37422	8.77273	7.70625	6.88250
19610	1.13076	1.11230	1.04593	6.68749	6.55398	6.35324	4.11195	2.87436	1.93482	6.15450	6.13301	6.06133	1.69833	1.51142	1.37735	8.77349	7.70829	6.88313
19770	1.13280	1.11382	1.04696	6.68865	6.55600	6.35291	4.11500	2.87443	1.93577	6.15616	6.13540	6.06279	1.69729	1.50754	1.37287	8.76753	7.70378	6.88018	33.24	6.0	0.00	-2.04	0.01737	0.01201	0.01520	0.01828	0.01890	0.01478	0.00547	0.01517	0.02012	0.01863	0.01293	0.01647	0.01710	0.01768	0.01381	0.00570	0.01606	0.02148
19930	1.12998	1.11329	1.04646	6.68826	6.55617	6.35557	4.10683	2.87708	1.93595	6.15737	6.13607	6.06452	1.69706	1.50894	1.37306	8.77498	7.70745	6.88069
20100	1.12832	1.11191	1.04649	6.68664	6.55252	6.35111	4.10647	2.86900	1.93134	6.15287	6.13199	6.06055	1.69361	1.50785	1.37162	8.77135	7.70369	6.87973
20260	1.12857	1.11079	1.04430	6.68587	6.55417	6.35277	4.10928	2.87298	1.93215	6.15495	6.13354	6.06183	1.69443	1.50723	1.37124	8.76616	7.70285	6.87717
20430	1.12845	1.11201	1.04808	6.68389	6.55618	6.35545	4.11454	2.88029	1.93621	6.15784	6.13695	6.06588	1.69781	1.51073	1.37610	8.77413	7.70889	6.88334
20590	1.13013	1.11234	1.04447	6.68785	6.55491	6.35336	4.10917	2.87552	1.93411	6.15556	6.13460	6.06313	1.69963	1.51270	1.37565	8.77380	7.70830	6.88295
20760	1.13128	1.11431	1.04786	6.68983	6.55674	6.35584	4.11106	2.87419	1.93354	6.15786	6.13631	6.06516	1.69798	1.50950	1.37320	8.77116	7.70695	6.88239
20920	1.12911	1.11383	1.04458	6.68720	6.55454	6.35325	4.11276	2.87448	1.93419	6.15581	6.13448	6.06380	1.69450	1.50863	1.37116	8.77017	7.70500	6.87993
21080	1.12711	1.11036	1.04444	6.68520	6.55369	6.35153	4.10704	2.87499	1.93238	6.15393	6.13331	6.06143	1.69241	1.50423	1.37037	8.76880	7.70299	6.87805
21250	1.12921	1.11293	1.04589	6.68671	6.55595	6.35587	4.10601	2.87436	1.93559	6.15684	6.13519	6.06447	1.69720	1.50936	1.37365	8.77078	7.70685	6.88127
21410	1.13050	1.10906	1.04462	6.68464	6.55294	6.35210	4.10057	2.87232	1.93030	6.15387	6.13256	6.06168	1.69308	1.50777	1.37045	8.76985	7.70578	6.88236	33.24	6.1	0.00	-2.04	0.01737	0.01201	0.01520	0.01828	0.01890	0.01478	0.00547	0.01516	0.02012	0.01863	0.01293	0.01647	0.01710	0.01768	0.01381	0.00570	0.01606	0.02148
21580	1.13062	1.11115	1.04471	6.68691	6.55394	6.35314	4.11468	2.87529	1.93494	6.15462	6.13410	6.06248	1.69402	1.50600	1.37183	8.77202	7.70379	6.87908
21740	1.12770	1.11160	1.04643	6.68657	6.55441	6.35394	4.11198	2.87820	1.93572	6.15602	6.13464	6.06393	1.69399	1.50895	1.37144	8.77225	7.70497	6.88067
21910	1.12846	1.11115	1.04296	6.68536	6.55267	6.35201	4.10878	2.87186	1.93046	6.15434	6.13309	6.06008	1.69417	1.50836	1.37211	8.77150	7.70689	6.88338
22070	1.13076	1.11164	1.04644	6.68778	6.55468	6.35379	4.11514	2.87627	1.93299	6.15621	6.13494	6.06436	1.69225	1.50669	1.37096	8.76782	7.70458	6.88029
22240	1.12951	1.11247	1.04632	6.68731	6.55547	6.35424	4.10927	2.87862	1.93570	6.15692	6.13503	6.06360	1.69393	1.50748	1.37195	8.77004	7.70490	6.88128
22400	1.12968	1.10801	1.04313	6.68556	6.55221	6.35183	4.10821	2.87352	1.93084	6.15400	6.13234	6.06100	1.69631	1.51139	1.37344	8.77060	7.70677	6.88259
22570	1.12962	1.11269	1.04699	6.68820	6.55523	6.35419	4.10327	2.87408	1.93346	6.15611	6.13602	6.06296	1.69341	1.50898	1.37199	8.77013	7.70345	6.87973
22730	1.12855	1.11242	1.04385	6.68671	6.55513	6.35345	4.11852	2.87457	1.93287	6.15567	6.13496	6.06345	1.69296	1.50849	1.37059	8.77046	7.70458	6.88119
22900	1.12955	1.11110	1.04545	6.68718	6.55460	6.35292	4.10945	2.87571	1.93442	6.15512	6.13443	6.06340	1.69329	1.50674	1.37138	8.77372	7.70482	6.87961
23060	1.12821	1.11226	1.04311	6.68541	6.55239	6.35189	4.10988	2.87286	1.93199	6.15475	6.13311	6.06275	1.69133	1.50666	1.37372	8.77030	7.70769	6.88256	33.24	6.0	0.00	-2.04	0.01736	0.01201	0.01520	0.01828	0.01890	0.01478	0.00547	0.01516	0.02012	0.01863	0.01293	0.01647	0.01710	0.01768	0.01381	0.00570	0.01606	0.02148
23230	1.12917	1.11202	1.04646	6.68715	6.55444	6.35365	4.11383	2.87376	1.93265	6.15540	6.13430	6.06266	1.69611	1.51178	1.37646	8.77370	7.71054	6.88644
23390	1.13250	1.11537	1.04809	6.69160	6.55834	6.35693	4.11589	2.87956	1.93829	6.15868	6.13709	6.06644	1.69585	1.50990	1.37324	8.77257	7.70849	6.88285
23550	1.13072	1.11027	1.04646	6.68831	6.55518	6.35361	4.11390	2.87259	1.93082	6.15523	6.13443	6.06312	1.69243	1.50620	1.36973	8.76818	7.70481	6.87985
23720	1.12835	1.11083	1.04503	6.68525	6.55363	6.35259	4.11013	2.87096	1.93123	6.15560	6.13389	6.06242	1.69322	1.50549	1.37051	8.76747	7.70535	6.88056
23880	1.12872	1.11216	1.04606	6.68606	6.55309	6.35243	4.11262	2.87683	1.93249	6.15423	6.13466	6.06264	1.69451	1.50618	1.37110	8.77002	7.70428	6.88118
24050	1.12931	1.11237	1.04602	6.68546	6.55387	6.35331	4.11774	2.87493	1.93218	6.15442	6.13402	6.06301	1.69197	1.50571	1.37206	8.76757	7.70418	6.88033
24210	1.13069	1.11357	1.04669	6.68776	6.55453	6.35479	4.12226	2.87260	1.93487	6.15718	6.13502	6.06445	1.69430	1.50453	1.37268	8.76813	7.70544	6.88150
24380	1.12764	1.11138	1.04462	6.68606	6.55359	6.35288	4.10622	2.87201	1.93101	6.15446	6.13379	6.06186	1.69359	1.50702	1.37230	8.77148	7.70793	6.88269
24540	1.12968	1.11148	1.04644	6.68804	6.55511	6.35416	4.11194	2.87569	1.93353	6.15630	6.13594	6.06352	1.69283	1.50762	1.37132	8.76658	7.70491	6.88028
24710	1.12916	1.11227	1.04727	6.68920	6.55786	6.35719	4.11726	2.87653	1.93575	6.15842	6.13862	6.06649	1.69229	1.50571	1.37277	8.77438	7.70813	6.88286	33.19	6.2	0.00	-2.04	0.01736	0.01201	0.01520	0.01828	0.01890	0.01478	0.00547	0.01516	0.02012	0.01863	0.01293	0.01647	0.01710	0.01768	0.01381	0.00570	0.01606	0.02148
24870	1.12882	1.10974	1.04609	6.68761	6.55430	6.35319	4.10204	2.86965	1.93075	6.15518	6.13510	6.06273	1.69314	1.50784	1.37395	8.77169	7.70934	6.88425
25040	1.12969	1.11146	1.04499	6.68975	6.55609	6.35527	4.10897	2.87314	1.93144	6.15747	6.13568	6.06263	1.69295	1.50698	1.36874	8.76816	7.70391	6.88029
25200	1.12790	1.11268	1.04660	6.68865	6.55620	6.35570	4.11328	2.87476	1.93528	6.15747	6.13663	6.06450	1.69359	1.50615	1.37127	8.77193	7.70685	6.88189
25370	1.12949	1.11052	1.04514	6.68728	6.55408	6.35175	4.10670	2.86982	1.92787	6.15512	6.13363	6.06172	1.69385	1.50553	1.37002	8.76971	7.70573	6.88239
25530	1.12807	1.11184	1.04514	6.68672	6.55281	6.35283	4.10606	2.87136	1.93012	6.15513	6.13509	6.06273	1.69155	1.50304	1.36936	8.76797	7.70277	6.87836
25690	1.12772	1.10987	1.04259	6.68619	6.55494	6.35311	4.10311	2.87309	1.93282	6.15598	6.13466	6.06385	1.69258	1.50488	1.37093	8.76882	7.70492	6.88031
25860	1.12596	1.10837	1.04300	6.68529	6.55217	6.35126	4.10414	2.87079	1.92896	6.15304	6.13334	6.06207	1.69232	1.50734	1.37294	8.77278	7.70895	6.88354
26020	1.13107	1.11316	1.04661	6.69002	6.55745	6.35584	4.11961	2.87542	1.93360	6.15778	6.13814	6.06549	1.69313	1.50561	1.37130	8.77217	7.70869	6.88246
26190	1.12753	1.11257	1.04517	6.68864	6.55587	6.35468	4.11345	2.87627	1.93138	6.15796	6.13615	6.06471	1.69369	1.50610	1.37082	8.77085	7.70714	6.88157
26350	1.12712	1.10833	1.04334	6.68591	6.55277	6.35114	4.10934	2.86861	1.92910	6.15437	6.13222	6.06226	1.68859	1.50068	1.36777	8.76638	7.70292	6.87842	33.19	6.0	0.00	-2.04	0.01736	0.01201	0.01520	0.01828	0.01890	0.01478	0.00546	0.01516	0.02012	0.01863	0.01293	0.01647	0.01710	0.01768	0.01381	0.00570	0.01606	0.02148
26510	1.12435	1.11004	1.04557	6.68429	6.55413	6.35382	4.11378	2.87277	1.93035	6.15716	6.13587	6.06427	1.69047	1.50382	1.36942	8.77365	7.70614	6.88072
26680	1.12743	1.10846	1.04336	6.68583	6.55333	6.35261	4.10774	2.86959	1.93069	6.15456	6.13417	6.06182	1.68926	1.50261	1.36694	8.76949	7.70224	6.87717
26840	1.12585	1.11156	1.04541	6.68450	6.55481	6.35540	4.11510	2.87713	1.93211	6.15837	6.13789	6.06612	1.69332	1.50707	1.37154	8.77190	7.70845	6.88369
27010	1.12763	1.11148	1.04520	6.68722	6.55433	6.35255	4.11236	2.87241	1.92935	6.15609	6.13346	6.06347	1.69367	1.50849	1.37154	8.77157	7.70884	6.88527
27170	1.12833	1.10985	1.04605	6.68975	6.55717	6.35405	4.11556	2.87433	1.93231	6.15619	6.13612	6.06454	1.69202	1.50156	1.36983	8.76940	7.70554	6.88028
27330	1.12667	1.10954	1.04544	6.68831	6.55708	6.35534	4.11389	2.87651	1.93250	6.15943	6.13627	6.06485	1.69393	1.50672	1.37058	8.77058	7.70692	6.88109
27500	1.12771	1.10787	1.04402	6.68639	6.55298	6.35155	4.10749	2.87044	1.92696	6.15471	6.13405	6.06240	1.69151	1.50562	1.36891	8.76732	7.70582	6.88157
27660	1.12757	1.11059	1.04508	6.68686	6.55329	6.35271	4.10632	2.87164	1.93068	6.15555	6.13444	6.06327	1.69054	1.50340	1.37143	8.77081	7.70654	6.88068
27830	1.12666	1.10905	1.04338	6.68653	6.55513	6.35308	4.09925	2.87122	1.93108	6.15562	6.13433	6.06304	1.69140	1.50496	1.37074	8.76921	7.70647	6.88166
27990	1.12950	1.10957	1.04349	6.68703	6.55427	6.35326	4.10344	2.87299	1.93002	6.15583	6.13405	6.06260	1.69043	1.50636	1.36801	8.76771	7.70271	6.87954	33.24	5.9	0.00	-2.04	0.01736	0.01201	0.01520	0.01828	0.01890	0.01478	0.00546	0.01516	0.02012	0.01863	0.01293	0.01647	0.01709	0.01768	0.01381	0.00570	0.01606	0.02148
28160	1.12811	1.11254	1.04554	6.68958	6.55807	6.35615	4.11194	2.87732	1.93294	6.15938	6.13887	6.06738	1.69422	1.50653	1.37258	8.77545	7.71017	6.88417
28320	1.12979	1.10997	1.04489	6.68760	6.55501	6.35332	4.10256	2.87057	1.93039	6.15594	6.13507	6.06411	1.69285	1.50818	1.37211	8.77446	7.71217	6.88499
28480	1.13022	1.11198	1.04601	6.68972	6.55640	6.35476	4.10512	2.87097	1.93169	6.15722	6.13573	6.06470	1.69122	1.50452	1.36786	8.77474	7.70663	6.88151
28650	1.12781	1.11109	1.04522	6.68821	6.55599	6.35468	4.11475	2.87329	1.92986	6.15870	6.13587	6.06477	1.69200	1.50347	1.37104	8.77040	7.70696	6.88211
28810	1.12601	1.10826	1.04210	6.68504	6.55241	6.35153	4.10664	2.86923	1.92711	6.15439	6.13244	6.06262	1.68868	1.50261	1.36671	8.76634	7.70312	6.87795
28970	1.12610	1.11003	1.04405	6.68685	6.55403	6.35308	4.11297	2.87143	1.93115	6.15550	6.13468	6.06388	1.69014	1.50343	1.36737	8.76780	7.70486	6.88024
29140	1.12601	1.11064	1.04308	6.68432	6.55285	6.35191	4.11518	2.87013	1.93050	6.15404	6.13380	6.06139	1.69085	1.50613	1.37073	8.77158	7.70741	6.88183
29300	1.12716	1.11021	1.04452	6.68851	6.55499	6.35510	4.11454	2.87157	1.93286	6.15628	6.13542	6.06495	1.69218	1.50501	1.36921	8.77257	7.70680	6.88147
29460	1.12473	1.10611	1.04183	6.68459	6.55204	6.35051	4.11180	2.86994	1.92866	6.15419	6.13221	6.06178	1.69118	1.50554	1.37055	8.77441	7.70991	6.88463
29630	1.12899	1.10913	1.04304	6.69060	6.55517	6.35484	4.10422	2.87372	1.93045	6.15652	6.13494	6.06484	1.69063	1.50462	1.37053	8.77378	7.70752	6.88189	33.24	6.3	0.00	-2.04	0.01736	0.01201	0.01520	0.01828	0.01890	0.01478	0.00546	0.01516	0.02011	0.01863	0.01293	0.01647	0.01709	0.01768	0.01381	0.00570	0.01606	0.02148
29790	1.12377	1.10840	1.04093	6.68465	6.55155	6.35026	4.11553	2.86536	1.92731	6.15298	6.13166	6.06084	1.69208	1.50552	1.37337	8.77350	7.70851	6.88386
29960	1.12964	1.11220	1.04526	6.68918	6.55629	6.35457	4.11208	2.87327	1.93063	6.15756	6.13634	6.06475	1.69122	1.50450	1.36884	8.77407	7.70764	6.88299
30120	1.12560	1.10785	1.04303	6.68713	6.55361	6.35299	4.10468	2.87203	1.92910	6.15616	6.13567	6.06482	1.69062	1.50254	1.36827	8.77227	7.70664	6.88160
30280	1.12593	1.10810	1.04253	6.68500	6.55224	6.35119	4.10483	2.86638	1.92691	6.15446	6.13292	6.06257	1.68658	1.50026	1.36501	8.76907	7.70282	6.87791
30450	1.12574	1.10805	1.04251	6.68647	6.55373	6.35264	4.11069	2.87225	1.93148	6.15528	6.13526	6.06480	1.68941	1.50323	1.37025	8.77024	7.70716	6.88102
30610	1.12534	1.10808	1.04232	6.68532	6.55155	6.35126	4.11073	2.87156	1.92928	6.15402	6.13297	6.06305	1.68893	1.50367	1.36673	8.76831	7.70338	6.87828
30770	1.12839	1.11040	1.04637	6.68796	6.55519	6.35619	4.11574	2.87504	1.93118	6.15783	6.13690	6.06495	1.69383	1.50674	1.37094	8.76859	7.70720	6.88280
30940	1.12569	1.10993	1.04193	6.68627	6.55279	6.35157	4.10170	2.86860	1.92588	6.15370	6.13327	6.06203	1.69168	1.50694	1.36999	8.77199	7.70787	6.88219
31100	1.12680	1.10962	1.04263	6.68707	6.55347	6.35239	4.10845	2.87058	1.92920	6.15557	6.13319	6.06233	1.68871	1.50078	1.36739	8.76987	7.70429	6.87892
31270	1.12654	1.10826	1.04344	6.68583	6.55340	6.35385	4.10859	2.86931	1.92808	6.15509	6.13465	6.06308	1.68832	1.50337	1.36855	8.77002	7.70605	6.88009	33.24	6.1	0.00	-2.04	0.01736	0.01201	0.01520	0.01828	0.01890	0.01478	0.00546	0.01516	0.02011	0.01863	0.01293	0.01647	0.01709	0.01768	0.01381	0.00570	0.01606	0.02148
31430	1.12451	1.11020	1.04117	6.68622	6.55355	6.35231	4.10984	2.86858	1.92817	6.15516	6.13410	6.06375	1.68956	1.50282	1.36790	8.76856	7.70519	6.87999
31600	1.12891	1.11201	1.04500	6.68914	6.55690	6.35581	4.11144	2.87215	1.93291	6.15730	6.13807	6.06618	1.69178	1.50576	1.37130	8.77497	7.71026	6.88374
31760	1.12748	1.10742	1.04222	6.68673	6.55438	6.35264	4.10799	2.86701	1.92793	6.15455	6.13357	6.06218	1.69247	1.50571	1.37088	8.77134	7.70766	6.88311
31920	1.12590	1.10923	1.04245	6.68758	6.55398	6.35396	4.11624	2.86944	1.92822	6.15528	6.13485	6.06337	1.68931	1.50456	1.36649	8.76941	7.70296	6.87952
32090	1.12560	1.11004	1.04572	6.68712	6.55434	6.35498	4.11183	2.87029	1.93102	6.15723	6.13567	6.06453	1.69104	1.50174	1.36949	8.76941	7.70674	6.88097
32250	1.12591	1.10873	1.04164	6.68511	6.55276	6.35270	4.10898	2.86857	1.92774	6.15511	6.13393	6.06292	1.68739	1.50088	1.36398	8.76610	7.70260	6.87799
32410	1.12649	1.11015	1.04318	6.68756	6.55407	6.35542	4.10433	2.87102	1.92814	6.15754	6.13640	6.06628	1.69151	1.50532	1.36781	8.77417	7.70939	6.88271
32580	1.12439	1.10828	1.04013	6.68609	6.55231	6.35151	4.09715	2.86668	1.92715	6.15413	6.13477	6.06290	1.68802	1.50321	1.36734	8.76601	7.70456	6.87913
32740	1.12476	1.10708	1.04144	6.68332	6.55153	6.35111	4.10457	2.86500	1.92600	6.15405	6.13359	6.06210	1.68884	1.50270	1.36817	8.76983	7.70595	6.88022
32910	1.12572	1.10963	1.04186	6.68568	6.55176	6.35252	4.10522	2.86558	1.92775	6.15505	6.13367	6.06283	1.68824	1.50151	1.36722	8.76411	7.70469	6.87927	33.24	6.2	0.00	-2.04	0.01736	0.01201	0.01519	0.01828	0.01890	0.01478	0.00546	0.01516	0.02011	0.01863	0.01293	0.01647	0.01709	0.01768	0.01381	0.00570	0.01606	0.02148
33070	1.12446	1.10699	1.04224	6.68401	6.55162	6.35050	4.10547	2.86857	1.92660	6.15338	6.13191	6.06156	1.69116	1.50563	1.37172	8.76977	7.70830	6.88376
33240	1.12701	1.11176	1.04414	6.68767	6.55552	6.35433	4.10881	2.87086	1.92929	6.15684	6.13534	6.06342	1.69018	1.50341	1.36950	8.77147	7.70654	6.87973
33400	1.12392	1.10734	1.04162	6.68482	6.55161	6.35259	4.10295	2.86726	1.92826	6.15495	6.13439	6.06178	1.68705	1.50264	1.36903	8.76981	7.70435	6.87890
33570	1.12475	1.10450	1.04074	6.68289	6.54910	6.34922	4.09553	2.86506	1.92309	6.15155	6.13123	6.06058	1.69053	1.50567	1.37021	8.77184	7.70753	6.88311
33730	1.12619	1.10916	1.04308	6.68693	6.55394	6.35280	4.11152	2.86935	1.92975	6.15556	6.13477	6.06397	1.68778	1.50290	1.36766	8.77184	7.70428	6.87939
33890	1.12566	1.10949	1.04608	6.68770	6.55527	6.35577	4.11312	2.87158	1.93232	6.15763	6.13776	6.06596	1.69241	1.50430	1.36776	8.77194	7.70719	6.88215
34060	1.12541	1.10790	1.04221	6.68496	6.55158	6.35209	4.10480	2.86670	1.92568	6.15420	6.13360	6.06156	1.68952	1.50500	1.36787	8.77033	7.70527	6.88214
34220	1.12653	1.10844	1.04196	6.68553	6.55135	6.35205	4.10295	2.86784	1.92624	6.15468	6.13360	6.06328	1.68646	1.50134	1.36578	8.76981	7.70249	6.87734
34390	1.12339	1.10606	1.04226	6.68327	6.55203	6.35252	4.10842	2.86907	1.92800	6.15500	6.13338	6.06280	1.68801	1.50196	1.36661	8.76764	7.70346	6.87789
34550	1.12346	1.10503	1.04089	6.68373	6.55180	6.35166	4.09761	2.86989	1.92584	6.15450	6.13315	6.06283	1.68791	1.50170	1.36640	8.76664	7.70164	6.87681	33.24	5.9	0.00	-2.04	0.01736	0.01201	0.01519	0.01828	0.01890	0.01478	0.00546	0.01516	0.02011	0.01863	0.01293	0.01647	0.01709	0.01768	0.01381	0.00570	0.01606	0.02148
34720	1.12533	1.10784	1.04471	6.68658	6.55365	6.35318	4.11240	2.87241	1.93053	6.15751	6.13535	6.06517	1.69213	1.50574	1.37079	8.76711	7.70559	6.88189
34880	1.12543	1.10599	1.04148	6.68348	6.55153	6.35088	4.10617	2.86720	1.92434	6.15477	6.13205	6.06214	1.68924	1.50297	1.37002	8.76999	7.70431	6.88113
35040	1.12375	1.10735	1.04286	6.68391	6.55025	6.35025	4.10756	2.86588	1.92621	6.15360	6.13241	6.06212	1.68875	1.50014	1.36592	8.76772	7.70037	6.87570
35210	1.12498	1.10925	1.04231	6.68248	6.55038	6.34993	4.10948	2.86840	1.92773	6.15398	6.13145	6.06232	1.68931	1.50086	1.36670	8.76334	7.70094	6.87661
35370	1.12448	1.10492	1.04106	6.68153	6.54911	6.34956	4.10976	2.86608	1.92799	6.15482	6.13076	6.06215	1.68676	1.50252	1.36541	8.76904	7.70194	6.87654
35540	1.12532	1.10834	1.04345	6.68378	6.55394	6.35231	4.10749	2.86865	1.93090	6.15658	6.13451	6.06381	1.68910	1.50205	1.36759	8.77192	7.70522	6.87999
35700	1.12379	1.10869	1.04025	6.68294	6.54922	6.35034	4.11147	2.86856	1.92510	6.15282	6.13018	6.06030	1.68630	1.50133	1.36551	8.76551	7.70212	6.87650
35860	1.12212	1.10593	1.03873	6.68127	6.54860	6.34779	4.10063	2.86419	1.92352	6.15214	6.13034	6.05824	1.68796	1.50295	1.36836	8.76541	7.70361	6.87894
36030	1.12528	1.10723	1.04140	6.68363	6.55075	6.35021	4.11684	2.86780	1.92818	6.15405	6.13180	6.06131	1.68636	1.50082	1.36777	8.76914	7.70114	6.87654
36190	1.12246	1.10628	1.04073	6.68124	6.54972	6.35069	4.10944	2.87008	1.92676	6.15443	6.13159	6.06113	1.68786	1.50186	1.36516	8.76773	7.70216	6.87762	33.19	6.2	0.00	-2.04	0.01736	0.01201	0.01519	0.01828	0.01890	0.01478	0.00546	0.01516	0.02011	0.01863	0.01293	0.01647	0.01709	0.01768	0.01381	0.00570	0.01606	0.02148
36360	1.12334	1.10621	1.04054	6.68265	6.55061	6.34887	4.10443	2.86550	1.92587	6.15235	6.13144	6.06082	1.68704	1.50307	1.36846	8.76939	7.70301	6.87856
36520	1.12529	1.10565	1.04333	6.68465	6.55127	6.35111	4.10592	2.86638	1.92752	6.15373	6.13349	6.06209	1.68768	1.50014	1.36590	8.76491	7.70035	6.87584
36690	1.12464	1.10609	1.04153	6.68413	6.55333	6.35164	4.10379	2.86772	1.92851	6.15449	6.13393	6.06408	1.68841	1.50197	1.36579	8.76953	7.70319	6.87881
36850	1.12292	1.10498	1.04082	6.68198	6.55020	6.34923	4.11012	2.86243	1.92359	6.15222	6.13129	6.05980	1.68701	1.50308	1.37093	8.76656	7.70211	6.88011
37020	1.12393	1.10679	1.04094	6.68336	6.55076	6.35145	4.10112	2.86532	1.92581	6.15287	6.13192	6.06043	1.68700	1.50006	1.36622	8.76307	7.69912	6.87455
37180	1.12482	1.10756	1.04318	6.68571	6.55305	6.35277	4.10745	2.86766	1.92936	6.15579	6.13456	6.06346	1.68797	1.50288	1.36904	8.76641	7.70295	6.87882
37350	1.12440	1.10623	1.04017	6.68235	6.54976	6.34878	4.10646	2.86539	1.92628	6.15163	6.13055	6.06024	1.68938	1.50304	1.36932	8.77170	7.70434	6.88014
37510	1.12522	1.10681	1.04106	6.68519	6.55250	6.35145	4.09999	2.86809	1.92640	6.15381	6.13212	6.06092	1.68764	1.50098	1.36514	8.76811	7.70117	6.87683
37670	1.12533	1.10483	1.04302	6.68424	6.55302	6.35198	4.10838	2.87119	1.92656	6.15468	6.13259	6.06380	1.68941	1.50157	1.36847	8.76788	7.70366	6.87889
37840	1.12287	1.10504	1.03951	6.68287	6.55016	6.35010	4.09755	2.86428	1.92466	6.15185	6.12989	6.05949	1.68587	1.50019	1.36441	8.76391	7.70118	6.87691	33.24	6.1	0.00	-2.04	0.01736	0.01201	0.01519	0.01828	0.01890	0.01478	0.00546	0.01516	0.02011	0.01864	0.01293	0.01647	0.01709	0.01768	0.01381	0.00570	0.01606	0.02148
38000	1.12118	1.10281	1.04034	6.68083	6.54936	6.34917	4.09691	2.86223	1.92470	6.15209	6.13110	6.06003	1.68436	1.50027	1.36275	8.76175	7.70061	6.87543
38170	1.12258	1.10447	1.03960	6.68007	6.54796	6.34802	4.10061	2.86057	1.92190	6.15046	6.12949	6.05849	1.68727	1.50145	1.36814	8.76552	7.70357	6.87832
38330	1.12318	1.10700	1.04083	6.68329	6.55146	6.35042	4.10619	2.86789	1.92641	6.15440	6.13222	6.06224	1.68695	1.49882	1.36485	8.76438	7.70034	6.87564
38500	1.12368	1.10863	1.04256	6.68403	6.55309	6.35205	4.09791	2.86782	1.92721	6.15502	6.13218	6.06142	1.68758	1.50168	1.36635	8.76971	7.70197	6.87758
38660	1.12250	1.10658	1.03949	6.68185	6.54836	6.34800	4.10029	2.86409	1.92393	6.15184	6.13128	6.05980	1.68567	1.49987	1.36616	8.76306	7.69869	6.87549
38830	1.12375	1.10498	1.04043	6.68111	6.54867	6.34869	4.09769	2.86439	1.92448	6.15127	6.12984	6.06002	1.68872	1.50505	1.37103	8.76797	7.70406	6.88134
38990	1.12651	1.10743	1.04362	6.68607	6.55392	6.35284	4.10451	2.86918	1.92954	6.15538	6.13448	6.06308	1.68831	1.50249	1.36572	8.76773	7.70326	6.87835
39150	1.12586	1.10511	1.04092	6.68270	6.55005	6.34941	4.10551	2.86636	1.92362	6.15247	6.13122	6.06175	1.68506	1.50098	1.36435	8.76523	7.70002	6.87505
39320	1.12312	1.10619	1.03858	6.67981	6.54693	6.34815	4.10313	2.86347	1.92440	6.15087	6.12955	6.05807	1.68701	1.50353	1.36693	8.76844	7.70671	6.87988
39480	1.12684	1.10857	1.04244	6.68379	6.55269	6.35187	4.10774	2.86663	1.92663	6.15406	6.13380	6.06283	1.68708	1.50043	1.36694	8.76734	7.70274	6.87815	33.24	6.1	0.00	-2.04	0.01736	0.01201	0.01519	0.01828	0.01890	0.01478	0.00546	0.01516	0.02011	0.01864	0.01293	0.01647	0.01709	0.01768	0.01381	0.00570	0.01606	0.02148
39650	1.12499	1.10554	1.04075	6.68157	6.54874	6.34901	4.11229	2.86241	1.92326	6.15166	6.13141	6.06115	1.68557	1.50160	1.36345	8.76385	7.70035	6.87558
39810	1.12285	1.10310	1.03758	6.68015	6.54688	6.34823	4.10216	2.86244	1.92318	6.14973	6.12931	6.05836	1.68686	1.50431	1.36914	8.77041	7.70517	6.88107
39980	1.12610	1.10931	1.04197	6.68480	6.55261	6.35222	4.10361	2.86594	1.92709	6.15383	6.13348	6.06217	1.68576	1.50004	1.36695	8.77036	7.70208	6.87751
40140	1.12232	1.10616	1.04078	6.68119	6.54924	6.34835	4.09875	2.86291	1.92681	6.15210	6.13142	6.06031	1.68445	1.49759	1.36445	8.76281	7.70011	6.87526
40310	1.12363	1.10506	1.04326	6.68266	6.55051	6.35030	4.10457	2.86917	1.92743	6.15388	6.13308	6.06238	1.68712	1.49964	1.36533	8.77092	7.70272	6.87747
40470	1.12266	1.10684	1.03998	6.68040	6.54830	6.34835	4.10493	2.86370	1.92361	6.15140	6.13037	6.05966	1.68667	1.50164	1.36379	8.76597	7.70232	6.87691
40640	1.12467	1.10510	1.04242	6.68165	6.55112	6.35023	4.10066	2.86430	1.92448	6.15289	6.13228	6.06085	1.68592	1.49952	1.36605	8.76423	7.69927	6.87512
40800	1.12215	1.10669	1.04004	6.68293	6.55094	6.35128	4.10102	2.86637	1.92749	6.15393	6.13296	6.06272	1.68760	1.50026	1.36432	8.76310	7.70069	6.87564
40970	1.12106	1.10578	1.03914	6.68010	6.54774	6.34810	4.09786	2.86375	1.92327	6.15021	6.12934	6.05896	1.68526	1.50007	1.36632	8.76418	7.70073	6.87707
41130	1.12409	1.10639	1.04060	6.68106	6.54990	6.35035	4.10462	2.86496	1.92426	6.15364	6.13221	6.06134	1.68498	1.49903	1.36356	8.76340	7.69932	6.87488	33.24	5.9	0.00	-2.04	0.01736	0.01201	0.01519	0.01828	0.01890	0.01478	0.00546	0.01516	0.02011	0.01864	0.01293	0.01647	0.01709	0.01768	0.01381	0.00570	0.01606	0.02148
41300	1.12449	1.10830	1.04294	6.68480	6.55364	6.35242	4.10878	2.87059	1.92719	6.15470	6.13416	6.06268	1.68854	1.50386	1.36624	8.76632	7.70305	6.87726
41460	1.12461	1.10507	1.03973	6.68245	6.55024	6.34856	4.10419	2.86298	1.92371	6.15168	6.13109	6.06047	1.68486	1.50000	1.36420	8.76354	7.69978	6.87444
41630	1.12213	1.10432	1.03979	6.68033	6.54855	6.34772	4.10824	2.86557	1.92423	6.15192	6.13097	6.05990	1.68378	1.50030	1.36288	8.76175	7.69964	6.87437
41790	1.12148	1.10333	1.04068	6.67943	6.54779	6.34816	4.10128	2.86542	1.92467	6.15154	6.13237	6.05953	1.68376	1.49947	1.36340	8.76614	7.69940	6.87565
41960	1.12372	1.10402	1.03883	6.68033	6.54864	6.34773	4.10103	2.86651	1.92405	6.15141	6.13109	6.06066	1.68429	1.50028	1.36250	8.76194	7.70046	6.87545
42120	1.12181	1.10357	1.04091	6.68044	6.54981	6.34970	4.09488	2.86570	1.92499	6.15226	6.13262	6.06123	1.68670	1.50037	1.36337	8.76599	7.70004	6.87573
42290	1.12181	1.10378	1.03855	6.67998	6.54721	6.34698	4.10526	2.86369	1.92323	6.15035	6.12930	6.05927	1.68483	1.50118	1.36820	8.76401	7.70180	6.87799
42450	1.12485	1.10649	1.04115	6.68168	6.55031	6.34904	4.10337	2.86609	1.92604	6.15166	6.13019	6.06001	1.68453	1.49872	1.36602	8.76656	7.70090	6.87536
42620	1.12149	1.10446	1.04082	6.68043	6.54905	6.34973	4.09900	2.86360	1.92434	6.15258	6.13099	6.06072	1.68298	1.49817	1.36532	8.76425	7.69898	6.87463
42780	1.12190	1.10389	1.03971	6.68131	6.55030	6.35022	4.10084	2.86452	1.92460	6.15297	6.13220	6.06185	1.68313	1.49714	1.36449	8.76324	7.70067	6.87581	33.24	6.2	0.00	-2.04	0.01736	0.01201	0.01519	0.01828	0.01890	0.01478	0.00546	0.01516	0.02011	0.01864	0.01293	0.01647	0.01709	0.01768	0.01381	0.00570	0.01606	0.02148
42950	1.12224	1.10477	1.03889	6.67965	6.54756	6.34712	4.09662	2.86198	1.92215	6.15042	6.13015	6.05852	1.68462	1.49874	1.36673	8.76668	7.70218	6.87883
43110	1.12440	1.10504	1.04196	6.68224	6.55048	6.34941	4.10639	2.86611	1.92364	6.15309	6.13224	6.06094	1.68493	1.50004	1.36440	8.76135	7.69932	6.87517
43280	1.12328	1.10475	1.03874	6.67972	6.54875	6.34879	4.10017	2.86516	1.92422	6.15263	6.13058	6.05963	1.68338	1.49859	1.36386	8.76093	7.69863	6.87452
43440	1.12147	1.10377	1.04058	6.68085	6.54915	6.35088	4.10443	2.86544	1.92306	6.15379	6.13207	6.06118	1.68464	1.49812	1.36440	8.76357	7.69970	6.87555
43610	1.12100	1.10548	1.03797	6.67892	6.54840	6.34808	4.10621	2.86351	1.92160	6.15200	6.13040	6.05965	1.68454	1.49893	1.36531	8.76083	7.70065	6.87595
43770	1.12368	1.10634	1.03915	6.68061	6.55009	6.35110	4.10330	2.86618	1.92456	6.15315	6.13173	6.06160	1.68528	1.49687	1.36369	8.76357	7.69821	6.87456
43940	1.12238	1.10466	1.04099	6.68163	6.55107	6.34974	4.10767	2.86951	1.92662	6.15381	6.13268	6.06301	1.68864	1.50148	1.36579	8.76470	7.69988	6.87482
44100	1.12230	1.10287	1.03833	6.67940	6.54895	6.34741	4.10060	2.86204	1.92568	6.15063	6.13018	6.05950	1.68491	1.49847	1.36145	8.76470	7.69931	6.87389
44270	1.12080	1.10331	1.03842	6.67938	6.54714	6.34675	4.09814	2.86238	1.92093	6.15029	6.12899	6.05875	1.68737	1.50238	1.36815	8.76545	7.70286	6.87820
44430	1.12518	1.10525	1.04111	6.68276	6.55159	6.35097	4.10371	2.86919	1.92545	6.15455	6.13265	6.06259	1.68733	1.50137	1.36524	8.76745	7.70196	6.87692	33.24	6.0	0.00	-2.04	0.01736	0.01201	0.01519	0.01828	0.01890	0.01478	0.00546	0.01516	0.02011	0.01864	0.01293	0.01647	0.01709	0.01768	0.01381	0.00570	0.01606	0.02148
44590	1.12172	1.10297	1.04055	6.68067	6.55065	6.35036	4.10172	2.86595	1.92489	6.15449	6.13244	6.06224	1.68614	1.49824	1.36648	8.77089	7.70133	6.87693
44760	1.12035	1.10400	1.03737	6.67949	6.54738	6.34731	4.09078	2.86218	1.92222	6.15017	6.13044	6.06063	1.68478	1.49840	1.36317	8.76971	7.70148	6.87728
44920	1.12294	1.10470	1.03909	6.68181	6.54944	6.34880	4.10226	2.86071	1.92163	6.15243	6.13153	6.06093	1.68281	1.49515	1.36009	8.76533	7.69858	6.87369
45090	1.11992	1.10045	1.03652	6.67705	6.54611	6.34444	4.09316	2.85942	1.92144	6.14826	6.12772	6.05699	1.68594	1.49940	1.36654	8.76778	7.70359	6.87811
45250	1.12281	1.10640	1.04000	6.68214	6.54989	6.34914	4.09771	2.86297	1.92397	6.15236	6.13028	6.05977	1.68409	1.49875	1.36323	8.76401	7.69895	6.87453
45410	1.12274	1.10267	1.03892	6.68048	6.54971	6.35002	4.09295	2.86381	1.92315	6.15285	6.13066	6.06068	1.68352	1.49770	1.36212	8.76641	7.70044	6.87402
45580	1.12135	1.10292	1.03727	6.67780	6.54664	6.34505	4.09845	2.86320	1.92004	6.14972	6.12807	6.05772	1.68414	1.49891	1.36504	8.76151	7.69897	6.87445
45740	1.12048	1.10363	1.03869	6.67921	6.54700	6.34809	4.09849	2.86301	1.92356	6.15077	6.12948	6.05776	1.68385	1.49592	1.36160	8.76278	7.69769	6.87264
45910	1.12246	1.10472	1.03949	6.67920	6.54921	6.34836	4.10343	2.86178	1.92297	6.15287	6.13101	6.06029	1.68168	1.49838	1.36045	8.76250	7.69931	6.87485
46070	1.12116	1.10336	1.03676	6.67873	6.54707	6.34665	4.09936	2.86161	1.92217	6.15117	6.12839	6.05902	1.68385	1.49671	1.36603	8.76385	7.70054	6.87564	33.24	6.1	0.00	-2.04	0.01736	0.01201	0.01519	0.01828	0.01890	0.01478	0.00546	0.01516	0.02011	0.01864	0.01293	0.01647	0.01709	0.01768	0.01380	0.00570	0.01606	0.02148
46240	1.12187	1.10602	1.03852	6.68067	6.54836	6.34800	4.10163	2.86453	1.92126	6.15214	6.13012	6.06066	1.68430	1.49552	1.36079	8.75993	7.69851	6.87336
46400	1.12157	1.10384	1.04082	6.68075	6.54978	6.34963	4.10419	2.86593	1.92404	6.15347	6.13211	6.06027	1.68439	1.49905	1.36237	8.76488	7.69979	6.87616
46570	1.12116	1.10374	1.03838	6.67830	6.54713	6.34672	4.09030	2.85825	1.91938	6.15040	6.12701	6.05766	1.68397	1.49839	1.36372	8.76295	7.69980	6.87690
46730	1.12122	1.10563	1.03943	6.68118	6.54894	6.34792	4.09929	2.86287	1.92284	6.15053	6.12962	6.05942	1.68168	1.49363	1.36227	8.75937	7.69734	6.87312
46900	1.12184	1.10685	1.04250	6.68197	6.55172	6.35047	4.10391	2.86496	1.92727	6.15446	6.13326	6.06234	1.68723	1.50060	1.36535	8.76578	7.70199	6.87797
47060	1.12153	1.10445	1.03931	6.68080	6.55012	6.34857	4.09357	2.86072	1.92179	6.15082	6.12940	6.05879	1.68319	1.49537	1.36162	8.76422	7.69800	6.87320
47230	1.11852	1.10107	1.03579	6.67867	6.54737	6.34512	4.09481	2.85835	1.91956	6.14975	6.12820	6.05785	1.68322	1.50149	1.36604	8.76427	7.70160	6.87861
47390	1.12439	1.10543	1.04148	6.68360	6.55119	6.35052	4.10181	2.86416	1.92221	6.15366	6.13185	6.06099	1.68276	1.49817	1.36056	8.76658	7.70124	6.87535
47550	1.11940	1.10244	1.03761	6.67967	6.54970	6.34943	4.10519	2.86449	1.92236	6.15266	6.12982	6.05983	1.68223	1.49792	1.36091	8.76215	7.69914	6.87488
47720	1.11920	1.10167	1.03626	6.67778	6.54500	6.34577	4.09695	2.85876	1.91957	6.15024	6.12798	6.05773	1.68197	1.49604	1.36436	8.76088	7.69890	6.87486	33.24	6.1	0.00	-2.04	0.01736	0.01201	0.01519	0.01828	0.01890	0.01478	0.00546	0.01516	0.02011	0.01864	0.01293	0.01647	0.01709	0.01768	0.01380	0.00570	0.01606	0.02148
47880	1.11973	1.10326	1.03719	6.67891	6.54729	6.34630	4.09446	2.86275	1.92061	6.15068	6.12769	6.05805	1.68160	1.49574	1.36339	8.76106	7.69842	6.87258
48050	1.11791	1.10025	1.03555	6.67776	6.54476	6.34543	4.09976	2.85612	1.92076	6.14909	6.12666	6.05746	1.68307	1.49871	1.36515	8.76502	7.70398	6.87941
48210	1.12261	1.10293	1.04079	6.68294	6.55082	6.35075	4.09620	2.86450	1.92284	6.15283	6.13079	6.06050	1.68403	1.49879	1.36240	8.76573	7.70065	6.87484
48370	1.12102	1.10299	1.03965	6.68207	6.55108	6.35040	4.10669	2.86486	1.92341	6.15454	6.13283	6.06106	1.68250	1.49741	1.36330	8.76771	7.70134	6.87656
48540	1.12193	1.10229	1.03630	6.67930	6.54763	6.34713	4.09659	2.85744	1.91864	6.14997	6.12864	6.05731	1.68289	1.49694	1.36172	8.76366	7.70075	6.87624
48700	1.12212	1.10370	1.03740	6.67992	6.54814	6.34733	4.10025	2.86133	1.92157	6.15070	6.12861	6.05881	1.67999	1.49486	1.35927	8.76474	7.69726	6.87205
48870	1.11896	1.10044	1.03845	6.67967	6.54865	6.34871	4.09787	2.86289	1.92125	6.15227	6.13108	6.05932	1.68285	1.49554	1.36166	8.76394	7.69971	6.87367
49030	1.11972	1.10003	1.03812	6.67924	6.54685	6.34602	4.09262	2.85749	1.91952	6.15037	6.13019	6.05901	1.68074	1.49456	1.36146	8.76210	7.69649	6.87183
49200	1.12058	1.10519	1.03905	6.68065	6.55124	6.35047	4.09940	2.86533	1.92532	6.15393	6.13204	6.06274	1.68395	1.49834	1.36182	8.76498	7.70078	6.87626
49360	1.11966	1.10012	1.03563	6.68022	6.54757	6.34743	4.09320	2.85929	1.91899	6.14947	6.12883	6.05844	1.68056	1.49844	1.36309	8.76556	7.70133	6.87630	33.24	6.1	0.00	-2.04	0.01736	0.01201	0.01519	0.01828	0.01890	0.01478	0.00546	0.01516	0.02011	0.01864	0.01293	0.01647	0.01709	0.01768	0.01380	0.00570	0.01606	0.02148
49520	1.12176	1.10451	1.03633	6.68010	6.54744	6.34765	4.09619	2.86169	1.92042	6.15080	6.12904	6.05938	1.68160	1.49604	1.35829	8.76028	7.69730	6.87229
49690	1.11903	1.10396	1.03980	6.68041	6.54932	6.34932	4.10454	2.86363	1.92463	6.15363	6.13162	6.06136	1.68416	1.49530	1.36341	8.76726	7.70256	6.87541
49850	1.12046	1.10138	1.03732	6.68014	6.54730	6.34606	4.10031	2.85710	1.92129	6.14966	6.12905	6.05756	1.68224	1.49484	1.36040	8.76538	7.70013	6.87435
50020	1.12002	1.10053	1.03639	6.67917	6.54761	6.34685	4.10283	2.86285	1.92010	6.15130	6.13016	6.05881	1.68200	1.49609	1.36226	8.76547	7.69818	6.87412
50180	1.12020	1.10138	1.03786	6.67924	6.54795	6.34764	4.09711	2.86005	1.92137	6.15140	6.12988	6.05850	1.68198	1.49710	1.36246	8.76071	7.69868	6.87307
50350	1.12063	1.10202	1.03712	6.67942	6.54750	6.34711	4.09629	2.86104	1.92288	6.15045	6.12984	6.05823	1.68295	1.49496	1.36174	8.76226	7.69868	6.87350
50510	1.12057	1.10442	1.03605	6.67882	6.54695	6.34620	4.10507	2.86204	1.92062	6.14974	6.12833	6.05777	1.68026	1.49710	1.36093	8.76278	7.69904	6.87412
50680	1.11893	1.10114	1.03723	6.67960	6.54756	6.34756	4.09867	2.86161	1.92188	6.15157	6.12920	6.05874	1.68281	1.49525	1.36399	8.76137	7.69706	6.87196
50840	1.11750	1.10406	1.03855	6.67845	6.54770	6.34808	4.10390	2.86421	1.92489	6.15202	6.13048	6.05923	1.68359	1.49813	1.36121	8.76401	7.69889	6.87321
51010	1.12038	1.10157	1.03753	6.67761	6.54593	6.34487	4.09816	2.85689	1.92113	6.14958	6.12679	6.05755	1.68268	1.49929	1.36270	8.76648	7.70381	6.87870	33.24	6.1	0.00	-2.04	0.01736	0.01201	0.01519	0.01828	0.01890	0.01478	0.00546	0.01516	0.02011	0.01864	0.01293	0.01647	0.01709	0.01768	0.01380	0.00570	0.01606	0.02148
51170	1.12182	1.10509	1.03942	6.68253	6.55086	6.34949	4.09827	2.86244	1.92267	6.15326	6.13250	6.06062	1.68296	1.49537	1.36312	8.76332	7.69984	6.87447
51340	1.11829	1.10317	1.03623	6.67987	6.54809	6.34735	4.09000	2.85897	1.92116	6.15057	6.12857	6.05934	1.68112	1.49506	1.36081	8.76299	7.69956	6.87381
51500	1.12141	1.10135	1.03768	6.68052	6.54926	6.34822	4.09444	2.86185	1.92154	6.15214	6.13019	6.06068	1.68204	1.49606	1.35956	8.76384	7.69970	6.87460
51670	1.11985	1.10031	1.03521	6.67936	6.54590	6.34601	4.09355	2.85648	1.91794	6.14896	6.12842	6.05783	1.68138	1.49634	1.36302	8.76346	7.70056	6.87706
51830	1.12129	1.10244	1.03677	6.68106	6.54879	6.34818	4.09220	2.85948	1.92164	6.15197	6.13013	6.05924	1.67995	1.49524	1.35923	8.76558	7.69810	6.87311
52000	1.12029	1.10467	1.03959	6.68197	6.55163	6.35110	4.09891	2.86568	1.92423	6.15544	6.13252	6.06173	1.68459	1.49773	1.36190	8.76728	7.70189	6.87733
52160	1.11860	1.10323	1.03889	6.68081	6.54926	6.34796	4.10549	2.86092	1.91979	6.15270	6.13051	6.06017	1.68117	1.49214	1.36035	8.76026	7.69910	6.87431
52330	1.11817	1.10112	1.03559	6.68030	6.54746	6.34774	4.09287	2.85897	1.91907	6.15165	6.12984	6.05988	1.68091	1.49521	1.36181	8.76563	7.70090	6.87567
52490	1.11870	1.09900	1.03694	6.68068	6.54867	6.34759	4.09262	2.85737	1.91863	6.15141	6.13007	6.06031	1.68078	1.49678	1.36107	8.76243	7.69949	6.87421
52660	1.11821	1.10151	1.03743	6.68067	6.54932	6.34811	4.10195	2.85881	1.92124	6.15224	6.12895	6.05940	1.68046	1.49645	1.35902	8.76379	7.69871	6.87392	33.24	6.1	0.00	-2.04	0.01736	0.01201	0.01519	0.01828	0.01890	0.01478	0.00546	0.01516	0.02011	0.01864	0.01293	0.01647	0.01709	0.01768	0.01380	0.00570	0.01606	0.02148
52820	1.11746	1.09947	1.03629	6.67949	6.54699	6.34657	4.09417	2.85763	1.91725	6.15021	6.12789	6.05856	1.67957	1.49482	1.36248	8.76544	7.70057	6.87502
52990	1.11927	1.10117	1.03458	6.68102	6.54909	6.34672	4.09410	2.85877	1.91862	6.15084	6.12872	6.05815	1.68123	1.49655	1.36247	8.76431	7.70310	6.87834
53150	1.12025	1.10364	1.03762	6.68390	6.55101	6.34958	4.10248	2.86152	1.92150	6.15290	6.13059	6.06122	1.68176	1.49708	1.36108	8.76831	7.70019	6.87534
53320	1.12001	1.10287	1.03708	6.68053	6.54857	6.34780	4.09832	2.86107	1.91988	6.15165	6.13016	6.05976	1.68003	1.49365	1.36247	8.76426	7.69892	6.87310
53480	1.11856	1.10236	1.03781	6.67900	6.54812	6.34714	4.09332	2.86137	1.92122	6.15179	6.13056	6.06028	1.68333	1.49450	1.35926	8.76360	7.70032	6.87457
53650	1.11847	1.09855	1.03599	6.67897	6.54694	6.34668	4.09438	2.85513	1.91667	6.14945	6.12799	6.05814	1.68128	1.49292	1.36258	8.76294	7.70305	6.87726
53810	1.12105	1.10382	1.03726	6.68186	6.54969	6.34840	4.09438	2.86165	1.91982	6.15217	6.13075	6.05991	1.67956	1.49300	1.35802	8.76355	7.69976	6.87379
53980	1.11888	1.10310	1.03970	6.68321	6.55189	6.35027	4.09800	2.86244	1.92311	6.15382	6.13293	6.06026	1.68273	1.49574	1.36158	8.76794	7.70171	6.87735
54140	1.11865	1.10152	1.03691	6.68195	6.54979	6.34749	4.09474	2.85800	1.91946	6.15084	6.12968	6.05948	1.67884	1.49354	1.35971	8.76539	7.69841	6.87389
54310	1.11627	1.10156	1.03751	6.67839	6.54722	6.34642	4.09501	2.85722	1.91706	6.14910	6.12798	6.05758	1.67848	1.49435	1.35918	8.76372	7.69959	6.87447	33.24	6.1	0.00	-2.04	0.01736	0.01201	0.01519	0.01828	0.01890	0.01478	0.00546	0.01516	0.02011	0.01864	0.01293	0.01647	0.01709	0.01768	0.01380	0.00570	0.01606	0.02148
54470	1.11822	1.10059	1.03465	6.68156	6.54934	6.34826	4.08858	2.85840	1.92085	6.15084	6.13024	6.05902	1.68060	1.49333	1.35989	8.76278	7.69918	6.87474
54630	1.11944	1.10079	1.03637	6.68131	6.54942	6.34889	4.09434	2.85840	1.92078	6.15175	6.13079	6.05996	1.67896	1.49467	1.35984	8.76249	7.69942	6.87521
54800	1.11730	1.09836	1.03480	6.68048	6.54906	6.34877	4.09047	2.85829	1.92049	6.15095	6.12937	6.05937	1.68048	1.49390	1.35982	8.75976	7.70007	6.87509
54960	1.11791	1.10037	1.03553	6.68014	6.54951	6.34855	4.09650	2.85775	1.91869	6.15088	6.12957	6.05907	1.67873	1.49477	1.36053	8.76301	7.69795	6.87405
55130	1.11867	1.10362	1.03658	6.68242	6.55150	6.35055	4.09931	2.86180	1.92321	6.15268	6.13167	6.06180	1.68252	1.49593	1.35976	8.76693	7.70266	6.87715
55290	1.11740	1.09949	1.03554	6.68155	6.54958	6.34861	4.09047	2.85727	1.91787	6.15137	6.12929	6.05863	1.67997	1.49400	1.35978	8.76749	7.69937	6.87513
55460	1.11644	1.09977	1.03668	6.68112	6.54862	6.34949	4.09895	2.85927	1.91884	6.15022	6.12921	6.05889	1.68295	1.49630	1.36391	8.76853	7.70348	6.87965
55620	1.12111	1.10302	1.03909	6.68427	6.55195	6.35132	4.10329	2.86081	1.92134	6.15248	6.13146	6.06117	1.68100	1.49447	1.36107	8.76546	7.70352	6.87717
55790	1.11760	1.10026	1.03522	6.68151	6.54829	6.34824	4.09700	2.85595	1.91963	6.15000	6.12809	6.05890	1.67819	1.49305	1.35853	8.76697	7.69893	6.87475
55950	1.11699	1.09981	1.03615	6.68016	6.54683	6.34878	4.09117	2.85596	1.91649	6.15020	6.12846	6.05807	1.68294	1.49608	1.36051	8.76628	7.70423	6.87927	33.30	6.1	0.00	-2.04	0.01736	0.01201	0.01519	0.01828	0.01890	0.01478	0.00546	0.01516	0.02011	0.01864	0.01293	0.01647	0.01709	0.01768	0.01380	0.00570	0.01606	0.02148
56120	1.12027	1.10186	1.03971	6.68415	6.55235	6.35163	4.10048	2.86156	1.92152	6.15288	6.13096	6.06061	1.68054	1.49387	1.35928	8.76746	7.70021	6.87585
56280	1.11723	1.10124	1.03634	6.68119	6.54948	6.34960	4.10137	2.86144	1.92033	6.15142	6.13055	6.06007	1.68076	1.49376	1.35935	8.76435	7.70071	6.87493
56440	1.11580	1.09757	1.03338	6.67934	6.54671	6.34598	4.09139	2.85374	1.91696	6.14896	6.12810	6.05732	1.67845	1.49319	1.35806	8.76039	7.69873	6.87489
56610	1.11938	1.09813	1.03579	6.67925	6.54711	6.34564	4.09419	2.85572	1.91845	6.14924	6.12870	6.05865	1.67778	1.49284	1.35877	8.75963	7.69861	6.87447
56770	1.11726	1.10053	1.03353	6.67916	6.54582	6.34547	4.09444	2.85566	1.91489	6.14813	6.12667	6.05651	1.68066	1.49712	1.36122	8.76326	7.70256	6.87818
56940	1.12047	1.10124	1.03508	6.68300	6.54996	6.34977	4.08808	2.85938	1.91984	6.15152	6.12952	6.05898	1.67824	1.49095	1.35559	8.76091	7.69837	6.87317
57100	1.11624	1.10040	1.03583	6.67938	6.54879	6.34861	4.09675	2.85746	1.91920	6.15100	6.12845	6.05893	1.67991	1.49299	1.35789	8.76270	7.69917	6.87353
57270	1.11597	1.09990	1.03588	6.67972	6.54768	6.34782	4.09526	2.85722	1.91704	6.14991	6.12896	6.05900	1.67850	1.49426	1.35810	8.76124	7.69859	6.87450
57430	1.11665	1.09991	1.03526	6.67950	6.54769	6.34710	4.09813	2.85763	1.91785	6.15076	6.12861	6.05764	1.67923	1.49508	1.36194	8.76303	7.69873	6.87489
57600	1.11969	1.10038	1.03544	6.67947	6.54794	6.34759	4.09453	2.85938	1.91819	6.15093	6.12829	6.06042	1.67820	1.49306	1.35820	8.76101	7.69701	6.87327	33.19	6.0	0.00	-2.04	0.01736	0.01201	0.01519	0.01828	0.01890	0.01478	0.00546	0.01516	0.02011	0.01864	0.01293	0.01647	0.01709	0.01768	0.01380	0.00570	0.01606	0.02148
57760	1.11800	1.10226	1.03736	6.68139	6.54916	6.35020	4.09027	2.85932	1.92185	6.15199	6.13081	6.06106	1.67937	1.49416	1.35929	8.76865	7.70046	6.87534
57930	1.11832	1.10049	1.03498	6.68002	6.54713	6.34666	4.09027	2.85454	1.91708	6.14892	6.12779	6.05808	1.68192	1.49486	1.35956	8.76719	7.70154	6.87730
58090	1.12098	1.10151	1.03545	6.68236	6.54928	6.34942	4.10185	2.85897	1.91995	6.15204	6.12852	6.05925	1.68111	1.49289	1.35892	8.76559	7.69929	6.87430
58260	1.11738	1.10011	1.03495	6.67904	6.54679	6.34829	4.09201	2.85714	1.91643	6.15059	6.12757	6.05913	1.67928	1.49324	1.35809	8.76111	7.69950	6.87590
58420	1.11775	1.10343	1.03404	6.68025	6.54835	6.34806	4.09460	2.85716	1.91942	6.15155	6.12867	6.05891	1.67961	1.49416	1.35856	8.76191	7.69809	6.87323
58590	1.11440	1.09854	1.03721	6.67806	6.54742	6.34839	4.09833	2.86175	1.92027	6.15241	6.13031	6.06190	1.68149	1.49413	1.35896	8.76309	7.69962	6.87525
58750	1.11833	1.09858	1.03357	6.67881	6.54594	6.34673	4.08934	2.85510	1.91650	6.14879	6.12674	6.05827	1.67875	1.49545	1.36046	8.76398	7.69974	6.87629
58920	1.11808	1.10059	1.03733	6.68072	6.54838	6.34896	4.09705	2.85578	1.91956	6.15110	6.12870	6.05895	1.67760	1.49464	1.35931	8.76295	7.69894	6.87331
59080	1.11643	1.10030	1.03558	6.67856	6.54895	6.34881	4.09662	2.86035	1.91956	6.15281	6.12980	6.06127	1.68049	1.49538	1.35835	8.76233	7.69945	6.87573
59250	1.11657	1.09992	1.03475	6.67917	6.54633	6.34523	4.08964	2.85427	1.91782	6.14958	6.12782	6.05770	1.68159	1.49577	1.36034	8.76622	7.70207	6.87801	33.24	6.1	0.00	-2.04	0.01736	0.01201	0.01519	0.01828	0.01890	0.01478	0.00546	0.01516	0.02011	0.01864	0.01293	0.01647	0.01709	0.01768	0.01380	0.00570	0.01606	0.02148
59410	1.11721	1.10074	1.03636	6.68133	6.54843	6.34791	4.10026	2.85751	1.91925	6.15045	6.12801	6.05790	1.68063	1.49507	1.35887	8.75514	7.69819	6.87325
59570	1.11707	1.09987	1.03823	6.68117	6.54931	6.34899	4.10498	2.85988	1.91953	6.15172	6.12948	6.06077	1.67955	1.49420	1.36031	8.76320	7.69911	6.87506
59740	1.11684	1.09853	1.03288	6.67876	6.54561	6.34535	4.09727	2.85514	1.91536	6.14868	6.12582	6.05668	1.67808	1.49392	1.35930	8.75967	7.69963	6.87481
59900	1.11758	1.10042	1.03243	6.67861	6.54531	6.34647	4.09820	2.85580	1.91717	6.14980	6.12629	6.05631	1.67754	1.49273	1.35843	8.75740	7.69655	6.87213
60070	1.11445	1.09777	1.03430	6.67915	6.54708	6.34772	4.09645	2.85762	1.91643	6.15075	6.12726	6.05905	1.67984	1.49079	1.35821	8.76462	7.69795	6.87341
60230	1.11546	1.09726	1.03350	6.67858	6.54622	6.34721	4.08879	2.85784	1.91759	6.14949	6.12830	6.05739	1.67817	1.49434	1.36004	8.76259	7.69809	6.87462
60400	1.11684	1.10105	1.03430	6.67901	6.54782	6.34844	4.09688	2.85733	1.91809	6.15072	6.12991	6.05979	1.67824	1.49413	1.35904	8.76245	7.69828	6.87298
60560	1.11625	1.10223	1.03493	6.67923	6.54853	6.34982	4.09788	2.85907	1.91765	6.15149	6.12939	6.05931	1.67922	1.49226	1.35658	8.76339	7.69837	6.87346
60730	1.11608	1.09954	1.03588	6.67732	6.54443	6.34562	4.09216	2.85456	1.91536	6.14872	6.12622	6.05658	1.67866	1.49275	1.35814	8.76509	7.70045	6.87623
60890	1.11568	1.09991	1.03432	6.68044	6.54750	6.34735	4.09438	2.86020	1.91648	6.15111	6.12818	6.05863	1.67795	1.49221	1.35572	8.76628	7.69874	6.87340	33.24	5.9	0.00	-2.04	0.01736	0.01201	0.01519	0.01828	0.01890	0.01478	0.00546	0.01516	0.02011	0.01863	0.01293	0.01647	0.01709	0.01768	0.01380	0.00570	0.01606	0.02148
61060	1.11657	1.10066	1.03688	6.68192	6.54986	6.34962	4.10149	2.86112	1.92171	6.15322	6.13010	6.06050	1.68222	1.49400	1.36022	8.76453	7.70299	6.87621
61220	1.11746	1.09936	1.03567	6.68184	6.54837	6.34810	4.09488	2.85390	1.91742	6.15146	6.12874	6.05908	1.67661	1.48976	1.35543	8.76057	7.69815	6.87324
61390	1.11448	1.09764	1.03375	6.67915	6.54726	6.34865	4.08860	2.85598	1.91580	6.15184	6.12807	6.05917	1.67775	1.49162	1.35761	8.76359	7.69821	6.87384
61550	1.11415	1.09762	1.03385	6.67939	6.54711	6.34665	4.09602	2.85574	1.91466	6.14969	6.12706	6.05634	1.67879	1.49057	1.35653	8.76053	7.69864	6.87319
61710	1.11704	1.09743	1.03514	6.67875	6.54707	6.34629	4.08498	2.85739	1.91657	6.15039	6.12708	6.05876	1.67957	1.49217	1.35713	8.76265	7.69866	6.87400
61880	1.11564	1.09971	1.03645	6.67970	6.54684	6.34755	4.09311	2.85716	1.91755	6.15026	6.12729	6.05812	1.67809	1.49132	1.35927	8.76024	7.69902	6.87389
62040	1.11557	1.09775	1.03317	6.67858	6.54564	6.34656	4.08171	2.85422	1.91595	6.14874	6.12606	6.05726	1.68012	1.49295	1.36016	8.76255	7.70033	6.87540
62210	1.11469	1.09907	1.03265	6.68072	6.54884	6.34747	4.09303	2.85667	1.91866	6.15095	6.12775	6.05895	1.67702	1.49156	1.35677	8.76114	7.69752	6.87185
62380	1.11650	1.10082	1.03476	6.68114	6.54896	6.34928	4.10046	2.86128	1.91952	6.15204	6.13103	6.06033	1.67923	1.49474	1.35814	8.75996	7.69995	6.87529
62540	1.11364	1.09974	1.03372	6.67937	6.54612	6.34728	4.09408	2.85159	1.91527	6.14978	6.12695	6.05720	1.67951	1.49660	1.36140	8.76492	7.70327	6.87785	33.24	6.1	0.00	-2.04	0.01736	0.01201	0.01519	0.01828	0.01890	0.01478	0.00546	0.01516	0.02011	0.01864	0.01293	0.01647	0.01709	0.01768	0.01380	0.00570	0.01606	0.02148
62700	1.11915	1.10206	1.03572	6.68282	6.54947	6.34912	4.09238	2.85539	1.91949	6.15307	6.13028	6.06094	1.67900	1.49362	1.35835	8.76402	7.70108	6.87503
62870	1.11610	1.09788	1.03479	6.68006	6.54717	6.34783	4.08972	2.85859	1.91663	6.15110	6.12791	6.05903	1.67568	1.49083	1.35702	8.76450	7.69794	6.87392
63030	1.11502	1.09904	1.03301	6.67968	6.54695	6.34723	4.09256	2.85866	1.91622	6.15139	6.12897	6.05911	1.67889	1.49313	1.35810	8.76478	7.69949	6.87473
63200	1.11545	1.09958	1.03596	6.67989	6.54751	6.34734	4.09632	2.85938	1.91591	6.15097	6.12857	6.05721	1.67778	1.49118	1.35701	8.76464	7.70149	6.87557
63360	1.11733	1.09868	1.03549	6.67966	6.54772	6.34723	4.08759	2.85466	1.91780	6.15065	6.12744	6.05911	1.67744	1.49142	1.35640	8.76487	7.69765	6.87155
63530	1.11551	1.09948	1.03578	6.68045	6.54859	6.34976	4.09277	2.85951	1.92009	6.15327	6.12887	6.06021	1.67911	1.49250	1.35684	8.76096	7.70007	6.87503
63690	1.11342	1.09775	1.03258	6.67866	6.54612	6.34571	4.08624	2.85507	1.91306	6.14972	6.12662	6.05709	1.67686	1.49080	1.35602	8.76091	7.69749	6.87427
63860	1.11543	1.10078	1.03424	6.67946	6.54838	6.34740	4.09874	2.85670	1.91679	6.15062	6.12829	6.05818	1.67667	1.49169	1.35712	8.76124	7.69793	6.87353
64020	1.11631	1.09866	1.03380	6.67912	6.54632	6.34627	4.09717	2.85796	1.91445	6.14982	6.12798	6.05832	1.67942	1.49355	1.36105	8.76200	7.69996	6.87503
64190	1.11597	1.09748	1.03484	6.68086	6.54765	6.34820	4.08957	2.85531	1.91779	6.15156	6.12809	6.05882	1.67864	1.49202	1.35718	8.76378	7.69648	6.87244	33.24	6.0	0.00	-2.04	0.01736	0.01201	0.01519	0.01828	0.01890	0.01478	0.00546	0.01516	0.02011	0.01864	0.01293	0.01647	0.01709	0.01768	0.01380	0.00570	0.01606	0.02148
64350	1.11249	1.09950	1.03435	6.67802	6.54899	6.34961	4.09589	2.85752	1.91783	6.15214	6.13050	6.06054	1.67833	1.49063	1.35665	8.76382	7.70076	6.87522
64520	1.11588	1.09824	1.03269	6.68016	6.54738	6.34713	4.09326	2.85365	1.91410	6.15076	6.12806	6.05773	1.67956	1.49419	1.35764	8.76774	7.70338	6.87793
64680	1.11776	1.09950	1.03337	6.68233	6.55089	6.34873	4.08996	2.85749	1.91487	6.15251	6.13005	6.05999	1.67811	1.49088	1.35533	8.75958	7.69985	6.87468
64850	1.11447	1.09931	1.03528	6.67910	6.54677	6.34774	4.08638	2.85703	1.91474	6.15017	6.12817	6.05842	1.67595	1.49049	1.35655	8.76335	7.69762	6.87374
65010	1.11460	1.09733	1.03104	6.67798	6.54505	6.34383	4.08354	2.85064	1.91251	6.14953	6.12758	6.05651	1.67749	1.49398	1.35865	8.76458	7.70370	6.87868
65180	1.11788	1.10158	1.03582	6.68265	6.55060	6.34923	4.09131	2.85881	1.91843	6.15294	6.12955	6.06040	1.67825	1.49214	1.35571	8.76519	7.70031	6.87430
65340	1.11514	1.09704	1.03288	6.67913	6.54710	6.34715	4.08904	2.85310	1.91557	6.15130	6.12806	6.05867	1.67510	1.48965	1.35503	8.75958	7.69642	6.87304
65510	1.11427	1.09817	1.03376	6.68036	6.54815	6.34833	4.09575	2.85827	1.91663	6.15221	6.13031	6.05970	1.67758	1.49047	1.35787	8.76170	7.70051	6.87403
65670	1.11599	1.09745	1.03128	6.67893	6.54712	6.34600	4.08922	2.85514	1.91455	6.15072	6.12829	6.05862	1.67718	1.49109	1.35915	8.76038	7.69959	6.87403
65840	1.11520	1.09961	1.03340	6.67972	6.54783	6.34731	4.09251	2.85606	1.91566	6.15094	6.12853	6.05846	1.67654	1.48847	1.35597	8.76025	7.69704	6.87259	33.24	6.0	0.00	-2.04	0.01736	0.01201	0.01519	0.01828	0.01890	0.01478	0.00546	0.01516	0.02011	0.01864	0.01293	0.01647	0.01709	0.01768	0.01380	0.00570	0.01606	0.02148
66000	1.11472	1.10074	1.03389	6.67953	6.54872	6.34814	4.09102	2.85524	1.91608	6.15182	6.13000	6.05953	1.67698	1.49079	1.35803	8.76454	7.69925	6.87342
66170	1.11301	1.09681	1.03255	6.67752	6.54471	6.34395	4.08541	2.85313	1.91547	6.14883	6.12719	6.05624	1.67685	1.49176	1.35949	8.76473	7.70045	6.87501
66330	1.11377	1.09976	1.03430	6.68075	6.54801	6.34717	4.08939	2.85522	1.91664	6.15079	6.12905	6.05910	1.67589	1.49141	1.35541	8.76275	7.69748	6.87256
66500	1.11622	1.09951	1.03411	6.68058	6.54927	6.34940	4.09876	2.85934	1.91954	6.15298	6.12978	6.06041	1.67839	1.49220	1.35762	8.76760	7.70096	6.87665
66660	1.11518	1.09782	1.03059	6.68038	6.54716	6.34753	4.09049	2.85457	1.91493	6.15111	6.12918	6.05919	1.67609	1.48942	1.35823	8.76279	7.69836	6.87366
66820	1.11421	1.09492	1.03048	6.67856	6.54647	6.34667	4.08520	2.85086	1.91421	6.15042	6.12750	6.05761	1.67785	1.49185	1.35963	8.76680	7.70256	6.87728
66990	1.11710	1.09911	1.03243	6.68244	6.55041	6.34919	4.09752	2.85746	1.91666	6.15223	6.13029	6.06072	1.67705	1.49238	1.35656	8.76199	7.69920	6.87392
67150	1.11240	1.09869	1.03270	6.67949	6.54917	6.34977	4.09230	2.85350	1.91541	6.15291	6.13102	6.06154	1.67879	1.49020	1.35565	8.76770	7.69933	6.87418
67320	1.11403	1.09649	1.03161	6.67878	6.54604	6.34543	4.09038	2.85021	1.91318	6.14894	6.12758	6.05693	1.67659	1.49120	1.35663	8.76152	7.70020	6.87523
67480	1.11536	1.09855	1.03331	6.68073	6.54849	6.34680	4.08996	2.85381	1.91500	6.15066	6.12893	6.05880	1.67710	1.48864	1.35568	8.76137	7.69723	6.87143	33.24	6.1	0.00	-2.04	0.01736	0.01201	0.01519	0.01828	0.01890	0.01478	0.00546	0.01516	0.02011	0.01863	0.01293	0.01647	0.01709	0.01768	0.01380	0.00570	0.01606	0.02148
67650	1.11375	1.09683	1.03248	6.67975	6.54767	6.34706	4.08464	2.85392	1.91498	6.15068	6.12956	6.05823	1.67592	1.48998	1.35473	8.76298	7.69853	6.87317
67810	1.11334	1.09523	1.03148	6.67997	6.54743	6.34774	4.09525	2.85699	1.91579	6.14970	6.12773	6.05808	1.67496	1.48849	1.35503	8.75921	7.69597	6.87099
67970	1.11616	1.10013	1.03497	6.68162	6.55081	6.35045	4.09735	2.86081	1.91819	6.15358	6.13136	6.06104	1.67833	1.49409	1.35704	8.76175	7.70088	6.87566
68140	1.11674	1.09808	1.03167	6.67966	6.54720	6.34598	4.09575	2.85418	1.91450	6.15002	6.12912	6.05803	1.67839	1.49087	1.35797	8.76331	7.70267	6.87733
68300	1.11748	1.09855	1.03359	6.68220	6.54902	6.34791	4.09383	2.85541	1.91592	6.15006	6.12857	6.05942	1.67709	1.48754	1.35623	8.76397	7.69813	6.87241
68470	1.11408	1.09709	1.03376	6.68006	6.54819	6.34810	4.10129	2.85546	1.91538	6.15063	6.12968	6.05888	1.67507	1.48888	1.35613	8.76420	7.69794	6.87238
68630	1.11279	1.09545	1.03121	6.67839	6.54530	6.34460	4.09227	2.85334	1.91227	6.14965	6.12654	6.05685	1.67241	1.48731	1.35107	8.75775	7.69524	6.86967
68790	1.11329	1.09861	1.03246	6.67974	6.54730	6.34781	4.09209	2.85505	1.91600	6.15110	6.12949	6.05915	1.67628	1.49075	1.35659	8.76689	7.69752	6.87280
68960	1.11263	1.09511	1.02954	6.67796	6.54555	6.34569	4.08397	2.85201	1.91062	6.14905	6.12701	6.05772	1.67555	1.48910	1.35538	8.75869	7.69656	6.87297
69120	1.11233	1.09349	1.03262	6.67906	6.54748	6.34634	4.09297	2.85352	1.91435	6.15038	6.12916	6.05807	1.67287	1.48858	1.35537	8.76147	7.69755	6.87230	33.19	6.1	0.00	-2.04	0.01736	0.01201	0.01519	0.01828	0.01890	0.01478	0.00546	0.01516	0.02011	0.01863	0.01293	0.01647	0.01709	0.01768	0.01380	0.00570	0.01606	0.02148
69290	1.11146	1.09690	1.03298	6.68029	6.54845	6.34797	4.08764	2.85462	1.91549	6.15114	6.12925	6.05919	1.67534	1.48833	1.35367	8.76652	7.69823	6.87278
69450	1.11292	1.09594	1.03285	6.68007	6.54740	6.34568	4.08732	2.85379	1.91490	6.15088	6.12784	6.05915	1.67514	1.48823	1.35549	8.76119	7.69893	6.87300
69620	1.11489	1.09883	1.03138	6.67982	6.54742	6.34763	4.09460	2.85404	1.91429	6.15131	6.12889	6.05921	1.67351	1.48921	1.35436	8.76850	7.69971	6.87469
69780	1.11489	1.09629	1.03200	6.68146	6.54898	6.34958	4.09318	2.85667	1.91577	6.15159	6.12940	6.05986	1.67550	1.48843	1.35321	8.76223	7.69763	6.87385
69950	1.11040	1.09536	1.03245	6.67925	6.54882	6.34975	4.09989	2.85996	1.91678	6.15376	6.13085	6.06179	1.67685	1.49002	1.35708	8.76638	7.69930	6.87499
70110	1.11397	1.09541	1.03134	6.68019	6.54763	6.34609	4.08101	2.85284	1.91356	6.15004	6.12917	6.05856	1.67548	1.49073	1.35636	8.76614	7.70011	6.87580
70280	1.11550	1.09713	1.03108	6.68122	6.54880	6.34976	4.08938	2.85729	1.91450	6.15140	6.12971	6.05926	1.67480	1.48983	1.35489	8.75794	7.69720	6.87310
70440	1.11314	1.09520	1.03122	6.67911	6.54864	6.34853	4.08725	2.85316	1.91523	6.15240	6.12966	6.06134	1.67474	1.48944	1.35455	8.76600	7.69987	6.87362
70600	1.11235	1.09334	1.02906	6.67924	6.54560	6.34518	4.08477	2.85260	1.91262	6.14949	6.12622	6.05633	1.67437	1.48939	1.35439	8.75719	7.69966	6.87360
70770	1.11037	1.09541	1.02940	6.67984	6.54662	6.34654	4.08936	2.85227	1.91407	6.15122	6.12830	6.05900	1.67376	1.48883	1.35486	8.76101	7.69590	6.87142	33.24	6.0	0.00	-2.04	0.01736	0.01201	0.01519	0.01828	0.01890	0.01478	0.00546	0.01516	0.02011	0.01864	0.01293	0.01647	0.01709	0.01768	0.01380	0.00570	0.01606	0.02148
70930	1.11415	1.09566	1.03243	6.68013	6.54754	6.34672	4.08287	2.85402	1.91389	6.15180	6.12937	6.05958	1.67519	1.48939	1.35425	8.76256	7.69788	6.87376
71100	1.11239	1.09273	1.02925	6.67772	6.54408	6.34451	4.08645	2.84976	1.91139	6.14909	6.12619	6.05682	1.67513	1.48974	1.35843	8.76431	7.69958	6.87553
71260	1.11441	1.09644	1.02958	6.68076	6.54845	6.34743	4.08755	2.85340	1.91335	6.15183	6.12810	6.05992	1.67411	1.48779	1.35376	8.76068	7.69743	6.87213
71430	1.11378	1.09706	1.03346	6.68087	6.54917	6.34958	4.09682	2.85717	1.91719	6.15370	6.13219	6.06211	1.67676	1.49054	1.35557	8.76233	7.69997	6.87518
71590	1.11294	1.09476	1.02907	6.68052	6.54750	6.34654	4.08929	2.85171	1.91157	6.15052	6.12726	6.05934	1.67541	1.49200	1.35698	8.76247	7.70054	6.87607
71760	1.11407	1.09474	1.03189	6.68142	6.54821	6.34685	4.09458	2.85322	1.91389	6.15129	6.12872	6.05922	1.67329	1.48668	1.35157	8.76049	7.69826	6.87245
71920	1.11382	1.09720	1.03214	6.68208	6.54934	6.35037	4.09760	2.85717	1.91613	6.15369	6.13143	6.06153	1.67663	1.48903	1.35636	8.76360	7.70004	6.87633
72090	1.11279	1.09410	1.02704	6.68017	6.54692	6.34688	4.08684	2.85072	1.90967	6.15019	6.12723	6.05899	1.67613	1.49026	1.35635	8.76450	7.70040	6.87672
72250	1.11423	1.09429	1.03092	6.68121	6.54724	6.34711	4.08482	2.85119	1.91256	6.15099	6.12792	6.05927	1.67574	1.48652	1.35221	8.76369	7.69789	6.87272
72420	1.11223	1.09683	1.02886	6.67891	6.54725	6.34653	4.08914	2.85315	1.91209	6.15156	6.12783	6.05937	1.67341	1.48863	1.35392	8.76198	7.69733	6.87237	33.24	6.1	0.00	-2.04	0.01736	0.01201	0.01519	0.01828	0.01890	0.01478	0.00546	0.01516	0.02011	0.01864	0.01293	0.01647	0.01709	0.01768	0.01380	0.00570	0.01606	0.02148
72580	1.11000	1.09342	1.02939	6.67870	6.54701	6.34552	4.09159	2.85283	1.91307	6.14997	6.12757	6.05832	1.67562	1.48706	1.35297	8.75906	7.69869	6.87386
72740	1.11179	1.09476	1.02995	6.68005	6.54689	6.34598	4.08694	2.85319	1.91314	6.15062	6.12811	6.05785	1.67267	1.48752	1.35161	8.76189	7.69795	6.87373
72910	1.11341	1.09481	1.02899	6.68019	6.54694	6.34722	4.09717	2.85047	1.91322	6.15180	6.12750	6.05875	1.67353	1.48915	1.35331	8.75939	7.69802	6.87312
73070	1.11071	1.09478	1.02839	6.67988	6.54689	6.34750	4.09021	2.85599	1.91534	6.15171	6.12864	6.05964	1.67199	1.48995	1.35449	8.76109	7.69892	6.87422
73240	1.11198	1.09501	1.03046	6.67983	6.54648	6.34672	4.09173	2.85127	1.91210	6.15036	6.12778	6.05809	1.67363	1.49026	1.35676	8.76377	7.70233	6.87613
73400	1.11474	1.09594	1.03059	6.68160	6.54930	6.34820	4.10246	2.85299	1.91387	6.15196	6.13044	6.06069	1.67299	1.48876	1.35287	8.76250	7.69754	6.87322
