WetView ver 7.1	07-19-2018	16:59:57
AC9 Absorption and Attenuation Meter
00000266		; Serial number
2	; structure version number
Reserved
0.000000	0.000000		; Depth calibration
19200			; Baud rate
0.100000			; Path length (meters)
31			; number of temperature calibration bins
				12.59339	13.44920	14.48425	15.49668	16.50852	17.49564	18.50545	19.52458	20.50176	21.48889	22.47318	23.48707	24.50962	25.49370	26.49784	27.51372	28.50746	29.47237	30.47938	31.50214	32.50470	33.49235	34.50337	35.50914	36.50618	37.52058	38.51018	39.51308	40.49994	41.49866	42.47204	; temperature bins
a650	Blue	20.34952		-0.00383	-0.00415	-0.00430	-0.00391	-0.00363	-0.00317	-0.00269	-0.00237	-0.00179	-0.00130	-0.00099	-0.00071	-0.00015	0.00000	0.00004	-0.00001	0.00015	0.00036	0.00058	0.00101	0.00161	0.00132	0.00160	0.00169	0.00242	0.00273	0.00336	0.00365	0.00427	0.00566	0.00670		; offset and temperature correction info
a676	Green	20.51193		-0.00398	-0.00384	-0.00360	-0.00306	-0.00302	-0.00255	-0.00235	-0.00212	-0.00163	-0.00136	-0.00118	-0.00089	-0.00029	0.00000	0.00068	0.00082	0.00099	0.00137	0.00145	0.00212	0.00260	0.00252	0.00321	0.00354	0.00457	0.00535	0.00617	0.00648	0.00742	0.00887	0.01002		; offset and temperature correction info
a715	Brown	20.23230		-0.00421	-0.00394	-0.00391	-0.00291	-0.00264	-0.00192	-0.00204	-0.00179	-0.00188	-0.00239	-0.00180	-0.00187	-0.00099	0.00000	0.00084	0.00162	0.00188	0.00224	0.00321	0.00381	0.00466	0.00528	0.00588	0.00696	0.00859	0.01041	0.01148	0.01282	0.01333	0.01456	0.01617		; offset and temperature correction info
c510	Red	20.40042		-0.00261	-0.00247	-0.00258	-0.00225	-0.00203	-0.00197	-0.00199	-0.00203	-0.00154	-0.00103	-0.00069	-0.00019	-0.00007	0.00000	0.00011	-0.00021	-0.00042	-0.00056	-0.00040	0.00011	0.00036	0.00050	0.00077	0.00079	0.00050	0.00042	0.00043	0.00092	0.00147	0.00200	0.00232		; offset and temperature correction info
c532	Magenta	20.40760		-0.00248	-0.00265	-0.00278	-0.00279	-0.00296	-0.00292	-0.00238	-0.00206	-0.00129	-0.00096	-0.00092	-0.00052	-0.00009	0.00000	0.00007	-0.00049	-0.00136	-0.00107	-0.00079	-0.00065	-0.00074	-0.00105	-0.00152	-0.00192	-0.00236	-0.00269	-0.00252	-0.00233	-0.00172	-0.00128	-0.00067		; offset and temperature correction info
c555	Black	20.50654		-0.00053	-0.00063	-0.00106	-0.00094	-0.00068	-0.00055	-0.00053	-0.00039	-0.00028	-0.00025	-0.00011	-0.00035	-0.00007	0.00000	-0.00037	-0.00055	-0.00036	-0.00014	0.00019	0.00044	0.00032	0.00040	0.00050	0.00028	0.00014	0.00013	0.00030	0.00073	0.00117	0.00176	0.00241		; offset and temperature correction info
a412	LtBlue	17.15231		-0.01972	-0.01823	-0.01612	-0.01381	-0.01272	-0.01080	-0.00959	-0.00866	-0.00710	-0.00532	-0.00354	-0.00148	-0.00028	0.00000	0.00176	0.00297	0.00394	0.00440	0.00453	0.00487	0.00804	0.00856	0.01065	0.01248	0.01388	0.01439	0.01659	0.01881	0.02256	0.02450	0.02719		; offset and temperature correction info
a440	LtGreen	18.00171		-0.00729	-0.00642	-0.00581	-0.00502	-0.00426	-0.00349	-0.00244	-0.00218	-0.00179	-0.00101	-0.00046	-0.00006	0.00036	0.00000	0.00040	0.00045	0.00030	-0.00015	-0.00024	-0.00035	0.00012	-0.00013	-0.00033	-0.00089	-0.00142	-0.00189	-0.00231	-0.00205	-0.00140	-0.00140	-0.00146		; offset and temperature correction info
a488	Yellow	18.86491		-0.00113	-0.00102	-0.00106	-0.00064	-0.00027	-0.00020	-0.00030	-0.00037	-0.00047	-0.00059	-0.00052	-0.00012	0.00008	0.00000	0.00025	0.00012	-0.00013	-0.00043	-0.00065	-0.00076	-0.00025	0.00010	0.00090	0.00111	0.00113	0.00104	0.00073	0.00068	0.00120	0.00186	0.00258		; offset and temperature correction info
c650	Blue	20.46075		-0.00145	-0.00097	-0.00092	-0.00139	-0.00185	-0.00196	-0.00237	-0.00266	-0.00238	-0.00163	-0.00083	-0.00041	-0.00010	0.00000	0.00005	-0.00001	0.00015	0.00034	0.00029	0.00065	0.00101	0.00164	0.00126	0.00156	0.00175	0.00270	0.00287	0.00371	0.00407	0.00473	0.00534		; offset and temperature correction info
c676	Green	20.10118		-0.00170	-0.00144	-0.00149	-0.00177	-0.00188	-0.00194	-0.00198	-0.00196	-0.00177	-0.00156	-0.00140	-0.00091	-0.00033	0.00000	0.00050	0.00092	0.00110	0.00141	0.00167	0.00199	0.00216	0.00265	0.00269	0.00289	0.00315	0.00374	0.00367	0.00408	0.00486	0.00561	0.00646		; offset and temperature correction info
c715	Brown	19.91219		-0.01201	-0.01097	-0.00859	-0.00680	-0.00651	-0.00592	-0.00535	-0.00440	-0.00387	-0.00303	-0.00222	-0.00153	-0.00028	0.00000	0.00093	0.00149	0.00247	0.00322	0.00330	0.00427	0.00373	0.00464	0.00536	0.00551	0.00643	0.00733	0.00779	0.00884	0.00899	0.01021	0.01120		; offset and temperature correction info
a510	Red	19.21192		0.00201	0.00193	0.00158	0.00098	0.00089	0.00049	0.00011	-0.00016	-0.00016	-0.00005	0.00028	0.00025	0.00006	0.00000	0.00035	-0.00022	-0.00023	-0.00080	-0.00144	-0.00154	-0.00153	-0.00204	-0.00220	-0.00219	-0.00190	-0.00128	-0.00069	-0.00018	0.00068	0.00152	0.00241		; offset and temperature correction info
a532	Magenta	19.41084		-0.00097	-0.00072	-0.00060	-0.00081	-0.00062	-0.00071	-0.00040	0.00020	0.00028	0.00043	0.00000	-0.00035	0.00007	0.00000	-0.00011	-0.00059	-0.00080	-0.00098	-0.00137	-0.00162	-0.00163	-0.00130	-0.00073	-0.00018	0.00090	0.00185	0.00175	0.00247	0.00291	0.00327	0.00349		; offset and temperature correction info
a555	Black	19.69776		0.00171	0.00183	0.00183	0.00186	0.00191	0.00170	0.00115	0.00131	0.00097	0.00073	0.00060	0.00013	0.00015	0.00000	0.00014	-0.00029	-0.00066	-0.00082	-0.00116	-0.00139	-0.00134	-0.00167	-0.00119	-0.00093	-0.00048	0.00053	0.00111	0.00095	0.00178	0.00206	0.00273		; offset and temperature correction info
c412	LtBlue	19.91180		-0.02051	-0.01853	-0.01589	-0.01311	-0.01059	-0.00877	-0.00705	-0.00581	-0.00413	-0.00231	-0.00098	-0.00066	-0.00011	0.00000	-0.00013	-0.00085	-0.00170	-0.00170	-0.00302	-0.00330	-0.00429	-0.00551	-0.00626	-0.00775	-0.00978	-0.01181	-0.01113	-0.01108	-0.01116	-0.01192	-0.01291		; offset and temperature correction info
c440	LtGreen	20.06241		-0.01064	-0.00992	-0.00892	-0.00766	-0.00639	-0.00531	-0.00478	-0.00384	-0.00287	-0.00187	-0.00102	-0.00063	-0.00023	0.00000	-0.00007	-0.00053	-0.00090	-0.00119	-0.00169	-0.00197	-0.00226	-0.00257	-0.00260	-0.00289	-0.00394	-0.00470	-0.00481	-0.00493	-0.00520	-0.00580	-0.00620		; offset and temperature correction info
c488	Yellow	20.35984		-0.01125	-0.01082	-0.00966	-0.00833	-0.00726	-0.00661	-0.00579	-0.00500	-0.00389	-0.00278	-0.00167	-0.00113	-0.00041	0.00000	0.00055	0.00121	0.00187	0.00226	0.00222	0.00251	0.00281	0.00359	0.00414	0.00427	0.00401	0.00404	0.00486	0.00563	0.00638	0.00684	0.00718		; offset and temperature correction info
0.003500	0.004000	0.015000	0.020000	0.015000	0.020000	2500.000000	2000.000000	1000.000000	; maxANoise	maxCNoise	maxADifference	maxCDifference	minACounts	minCCounts	minRCounts	maxTempSdev	maxDepthSdev
0			; auxilliary capabilities
1			; acquisition binsize
0	0.07746	0.08690	0.05425	0.26443	0.33237	0.29094	0.63725	0.38114	0.21776	0.29932	0.31438	0.30410	0.17267	0.16506	0.12784	0.04213	0.15342	0.27540	26.88	6.2	0.00	7.50	0.01272	0.01290	0.01658	0.00786	0.00585	0.00641	0.00468	0.01266	0.01685	0.00681	0.00701	0.00895	0.01490	0.01096	0.01197	0.00219	0.00623	0.00875
160	0.07889	0.08765	0.05424	0.26360	0.33146	0.28969	0.64371	0.38091	0.21610	0.29778	0.31269	0.30235	0.17307	0.16600	0.12905	0.04287	0.15427	0.27795
330	0.08033	0.08918	0.05701	0.26660	0.33439	0.29181	0.64578	0.38334	0.21880	0.29985	0.31467	0.30392	0.17232	0.16613	0.13190	0.04176	0.15443	0.27697
490	0.08068	0.08850	0.05872	0.26527	0.33417	0.29316	0.64432	0.38656	0.21976	0.30034	0.31470	0.30495	0.17233	0.16519	0.12950	0.03885	0.15341	0.27625
650	0.08077	0.08870	0.05659	0.26411	0.33199	0.29077	0.64148	0.38091	0.21693	0.29831	0.31418	0.30341	0.17493	0.16596	0.13116	0.04440	0.15819	0.27999
820	0.08272	0.09179	0.05814	0.26878	0.33651	0.29420	0.64547	0.38570	0.22087	0.30176	0.31578	0.30602	0.17568	0.17000	0.13073	0.04530	0.15667	0.27920
980	0.08167	0.08839	0.05654	0.26669	0.33359	0.29245	0.64106	0.38306	0.21954	0.29998	0.31375	0.30460	0.17193	0.16461	0.12903	0.04306	0.15325	0.27615
1150	0.07834	0.08846	0.05699	0.26522	0.33355	0.29340	0.63200	0.38269	0.21705	0.29951	0.31416	0.30451	0.17029	0.16308	0.12801	0.03904	0.15194	0.27431
1310	0.07855	0.08800	0.05611	0.26332	0.33456	0.29459	0.63630	0.38521	0.22083	0.30259	0.31655	0.30674	0.17249	0.16562	0.13008	0.04343	0.15454	0.27724
1470	0.08027	0.08849	0.05541	0.26453	0.33185	0.29094	0.63935	0.38153	0.21775	0.29887	0.31321	0.30372	0.17068	0.16400	0.12619	0.04127	0.15137	0.27519
1640	0.08130	0.09198	0.05799	0.26806	0.33623	0.29509	0.64269	0.38836	0.22104	0.30240	0.31701	0.30745	0.17500	0.16709	0.13249	0.04434	0.15751	0.27901	26.82	6.1	0.00	7.30	0.01272	0.01290	0.01658	0.00786	0.00585	0.00641	0.00468	0.01266	0.01685	0.00681	0.00701	0.00895	0.01490	0.01096	0.01197	0.00219	0.00623	0.00875
1800	0.08136	0.08907	0.05678	0.26806	0.33448	0.29343	0.63729	0.38295	0.21755	0.29935	0.31299	0.30371	0.17064	0.16440	0.12773	0.03618	0.15162	0.27552
1960	0.08081	0.08977	0.05858	0.26899	0.33662	0.29629	0.63912	0.38690	0.21960	0.30315	0.31709	0.30688	0.17151	0.16785	0.13160	0.04080	0.15594	0.27819
2130	0.07962	0.08941	0.05395	0.26676	0.33400	0.29239	0.63023	0.38095	0.21678	0.30034	0.31405	0.30543	0.16955	0.16364	0.12572	0.03726	0.15225	0.27508
2290	0.07921	0.08932	0.05651	0.26747	0.33539	0.29433	0.64057	0.38284	0.22239	0.30173	0.31611	0.30756	0.17254	0.16611	0.13033	0.04278	0.15665	0.27922
2450	0.07940	0.08959	0.05310	0.26745	0.33477	0.29391	0.64321	0.38196	0.21510	0.29927	0.31363	0.30527	0.16895	0.16270	0.12629	0.03563	0.15176	0.27526
2620	0.08144	0.08759	0.05707	0.26704	0.33507	0.29425	0.63893	0.38516	0.21806	0.30158	0.31485	0.30702	0.17110	0.16452	0.12881	0.03801	0.15341	0.27713
2780	0.07825	0.08889	0.05494	0.26737	0.33369	0.29381	0.63702	0.38109	0.21669	0.30017	0.31446	0.30598	0.16904	0.16151	0.12633	0.03816	0.15260	0.27612
2940	0.07991	0.08744	0.05707	0.26698	0.33499	0.29367	0.64690	0.38457	0.21840	0.30116	0.31571	0.30711	0.17199	0.16651	0.12775	0.03935	0.15418	0.27808
3110	0.07884	0.08848	0.05582	0.26722	0.33426	0.29242	0.63956	0.37980	0.21690	0.30020	0.31427	0.30646	0.17006	0.16638	0.12579	0.03805	0.15338	0.27674
3270	0.08029	0.08809	0.05704	0.26864	0.33618	0.29508	0.63930	0.38229	0.21844	0.30145	0.31594	0.30595	0.17155	0.16494	0.12872	0.04007	0.15480	0.27889	26.82	6.1	0.00	7.31	0.01272	0.01290	0.01658	0.00786	0.00585	0.00641	0.00468	0.01266	0.01685	0.00681	0.00701	0.00895	0.01490	0.01096	0.01197	0.00219	0.00623	0.00875
3430	0.08065	0.08964	0.05674	0.26686	0.33452	0.29357	0.63309	0.38020	0.21638	0.30065	0.31519	0.30655	0.16909	0.16389	0.12754	0.03720	0.15231	0.27563
3600	0.07999	0.09168	0.06002	0.26925	0.33618	0.29598	0.64006	0.38736	0.22063	0.30410	0.31807	0.30973	0.17269	0.16753	0.13441	0.04510	0.15918	0.28254
3760	0.08080	0.08860	0.05495	0.26819	0.33332	0.29210	0.63434	0.38102	0.21607	0.29996	0.31386	0.30625	0.17246	0.16394	0.12922	0.03925	0.15351	0.27738
3920	0.08036	0.09177	0.05770	0.27083	0.33828	0.29662	0.64114	0.38807	0.22170	0.30318	0.31833	0.30938	0.17316	0.16841	0.13217	0.04316	0.15758	0.28139
4090	0.07778	0.08850	0.05518	0.26869	0.33451	0.29258	0.64116	0.37936	0.21758	0.30110	0.31495	0.30648	0.16891	0.16567	0.13052	0.04126	0.15702	0.28071
4250	0.07932	0.08852	0.05513	0.26935	0.33630	0.29564	0.64432	0.38390	0.21959	0.30334	0.31757	0.30882	0.17083	0.16394	0.13039	0.04003	0.15655	0.28030
4410	0.07824	0.08721	0.05598	0.26686	0.33332	0.29137	0.63087	0.38201	0.21592	0.29904	0.31229	0.30591	0.16765	0.16212	0.12568	0.03597	0.15279	0.27638
4570	0.07527	0.08704	0.05778	0.26537	0.33451	0.29405	0.64253	0.38260	0.21931	0.30165	0.31488	0.30799	0.17282	0.16552	0.13031	0.04037	0.15572	0.27942
4740	0.07899	0.08856	0.05488	0.26907	0.33582	0.29423	0.63055	0.38120	0.21562	0.30166	0.31486	0.30663	0.16739	0.16288	0.12944	0.03553	0.15218	0.27575
4900	0.07923	0.08821	0.05284	0.26536	0.33199	0.29103	0.63580	0.38027	0.21328	0.29926	0.31274	0.30456	0.17332	0.16724	0.13196	0.04613	0.15801	0.28198	26.88	6.1	0.00	7.37	0.01272	0.01290	0.01658	0.00786	0.00585	0.00641	0.00468	0.01266	0.01685	0.00681	0.00701	0.00895	0.01490	0.01096	0.01197	0.00219	0.00623	0.00875
5070	0.08181	0.09095	0.05851	0.27077	0.33730	0.29629	0.64077	0.38568	0.21987	0.30468	0.31819	0.30979	0.17267	0.16742	0.13228	0.04471	0.15807	0.28092
5230	0.08161	0.09029	0.05362	0.26880	0.33619	0.29586	0.64050	0.38266	0.22054	0.30293	0.31636	0.30869	0.17101	0.16520	0.12892	0.04363	0.15595	0.28018
5390	0.08079	0.08797	0.05674	0.26810	0.33603	0.29468	0.63683	0.38165	0.21549	0.30159	0.31399	0.30633	0.17052	0.16373	0.12734	0.03678	0.15153	0.27594
5560	0.07768	0.08546	0.05367	0.26539	0.33195	0.29144	0.63727	0.37889	0.21358	0.29956	0.31393	0.30531	0.17293	0.16788	0.13108	0.04676	0.15850	0.28270
5720	0.08303	0.09140	0.05660	0.27137	0.33729	0.29629	0.64038	0.38346	0.22062	0.30413	0.31798	0.30923	0.17129	0.16490	0.13044	0.04411	0.15726	0.28136
5880	0.08036	0.09097	0.05690	0.27100	0.33826	0.29654	0.63913	0.38437	0.21862	0.30399	0.31670	0.30876	0.17136	0.16485	0.13037	0.04225	0.15621	0.27951
6050	0.07976	0.08917	0.05515	0.26814	0.33586	0.29581	0.63598	0.38077	0.21623	0.30341	0.31624	0.30807	0.17033	0.16525	0.12694	0.03920	0.15266	0.27637
6210	0.07935	0.09091	0.05690	0.26941	0.33756	0.29756	0.63976	0.38439	0.21891	0.30514	0.31843	0.31046	0.17241	0.16675	0.12982	0.04631	0.15699	0.28031
6370	0.07884	0.08965	0.05492	0.26777	0.33395	0.29456	0.63585	0.38247	0.21505	0.30275	0.31581	0.30804	0.16857	0.16266	0.12871	0.04113	0.15314	0.27827
6540	0.08082	0.09138	0.05732	0.27017	0.33817	0.29696	0.64468	0.38446	0.22092	0.30462	0.31921	0.31097	0.17400	0.16648	0.13285	0.04588	0.15892	0.28304	26.88	6.2	0.00	7.34	0.01272	0.01290	0.01658	0.00786	0.00585	0.00641	0.00468	0.01266	0.01685	0.00681	0.00701	0.00895	0.01490	0.01096	0.01197	0.00219	0.00623	0.00875
6700	0.08111	0.09076	0.05662	0.27054	0.33678	0.29474	0.63372	0.37904	0.21542	0.30167	0.31443	0.30721	0.16985	0.16471	0.12652	0.04103	0.15331	0.27793
6860	0.07974	0.09015	0.05547	0.27134	0.33867	0.29886	0.64152	0.38506	0.22048	0.30620	0.31866	0.31042	0.17037	0.16692	0.12927	0.04494	0.15629	0.28073
7030	0.08142	0.08772	0.05479	0.26898	0.33450	0.29512	0.63964	0.38067	0.21599	0.30265	0.31593	0.30787	0.16875	0.16468	0.12584	0.04044	0.15318	0.27707
7190	0.07921	0.08893	0.05601	0.26875	0.33553	0.29580	0.64822	0.38304	0.22020	0.30418	0.31769	0.30968	0.17024	0.16641	0.13205	0.04438	0.15792	0.28075
7350	0.07947	0.08813	0.05488	0.26870	0.33436	0.29343	0.64233	0.37998	0.21598	0.30232	0.31551	0.30798	0.16822	0.16040	0.12377	0.04107	0.15463	0.27708
7520	0.07757	0.08731	0.05453	0.26682	0.33447	0.29233	0.63170	0.37765	0.21493	0.30070	0.31458	0.30657	0.17313	0.16937	0.12999	0.04625	0.15907	0.28362
7680	0.08266	0.09008	0.05737	0.27221	0.33928	0.29638	0.64441	0.38496	0.21932	0.30527	0.31865	0.30976	0.17158	0.16340	0.12706	0.04159	0.15612	0.27825
7840	0.07980	0.09110	0.05776	0.27037	0.33814	0.29674	0.63585	0.38222	0.21877	0.30534	0.31882	0.31095	0.17192	0.16496	0.12984	0.04822	0.15723	0.28037
8010	0.07881	0.08839	0.05550	0.26864	0.33618	0.29420	0.63267	0.38025	0.21577	0.30384	0.31674	0.30912	0.17336	0.16645	0.12993	0.04498	0.15907	0.28256
8170	0.08018	0.09296	0.05733	0.27334	0.34138	0.29941	0.64301	0.38597	0.21966	0.30693	0.31910	0.31127	0.16995	0.16790	0.12914	0.04690	0.15826	0.28130	26.88	6.2	0.00	7.38	0.01272	0.01290	0.01658	0.00786	0.00585	0.00641	0.00468	0.01266	0.01685	0.00681	0.00701	0.00895	0.01490	0.01096	0.01197	0.00219	0.00623	0.00875
8330	0.07874	0.08831	0.05558	0.26978	0.33648	0.29559	0.62945	0.37956	0.21497	0.30522	0.31805	0.30889	0.17122	0.16428	0.13126	0.04832	0.15935	0.28190
8500	0.07906	0.09004	0.05617	0.27287	0.33881	0.29762	0.63445	0.38081	0.21750	0.30696	0.31957	0.31118	0.17060	0.16506	0.12934	0.04761	0.15798	0.28008
8660	0.07805	0.08698	0.05298	0.26777	0.33513	0.29373	0.63516	0.37955	0.21432	0.30391	0.31779	0.30896	0.16991	0.16622	0.13017	0.04746	0.15766	0.28114
8820	0.08195	0.08845	0.05459	0.27156	0.33821	0.29635	0.63487	0.38004	0.21546	0.30585	0.31876	0.31004	0.16829	0.16470	0.12870	0.04541	0.15685	0.27916
8990	0.07972	0.08962	0.05430	0.26975	0.33652	0.29547	0.63717	0.37999	0.21560	0.30376	0.31852	0.30941	0.17054	0.16434	0.13109	0.04567	0.15829	0.28125
9150	0.07867	0.09006	0.05644	0.27088	0.33749	0.29593	0.63565	0.38281	0.21737	0.30455	0.32106	0.31076	0.17126	0.16380	0.12937	0.04682	0.15764	0.27986
9320	0.07746	0.08930	0.05442	0.26848	0.33544	0.29405	0.63766	0.37838	0.21504	0.30390	0.31925	0.30907	0.17209	0.16977	0.13355	0.04955	0.16127	0.28461
9480	0.08136	0.09132	0.05664	0.27386	0.33989	0.29801	0.64147	0.38321	0.21733	0.30552	0.32021	0.31117	0.17194	0.16562	0.12867	0.04742	0.15764	0.28074
9640	0.08054	0.08974	0.05606	0.27289	0.34157	0.30021	0.63817	0.38128	0.21694	0.30685	0.32197	0.31180	0.17044	0.16621	0.13335	0.04615	0.15871	0.28153
9810	0.07887	0.08823	0.05564	0.27167	0.33762	0.29670	0.62678	0.38070	0.21613	0.30429	0.32052	0.31053	0.17105	0.16271	0.12645	0.04224	0.15568	0.27774	26.88	5.9	0.00	7.39	0.01272	0.01290	0.01657	0.00786	0.00585	0.00641	0.00468	0.01266	0.01685	0.00681	0.00701	0.00895	0.01490	0.01096	0.01197	0.00219	0.00623	0.00875
9970	0.07890	0.09077	0.05853	0.27312	0.34201	0.30133	0.63318	0.38541	0.22147	0.30923	0.32355	0.31413	0.17525	0.16801	0.13226	0.05066	0.16322	0.28551
10130	0.08240	0.09184	0.05710	0.27386	0.34024	0.29857	0.63540	0.38153	0.21852	0.30530	0.32130	0.31106	0.17014	0.16637	0.12974	0.04805	0.15967	0.28334
10300	0.07827	0.08767	0.05532	0.27394	0.34096	0.29942	0.64247	0.38129	0.21727	0.30462	0.32095	0.31003	0.16976	0.16314	0.12574	0.04429	0.15817	0.28027
10460	0.07874	0.08772	0.05525	0.27033	0.33816	0.29685	0.63445	0.38064	0.21492	0.30520	0.31976	0.31036	0.17332	0.16482	0.12879	0.04552	0.15927	0.28219
10620	0.08040	0.09182	0.05664	0.27246	0.34054	0.29797	0.64076	0.37906	0.21679	0.30476	0.32007	0.31077	0.17002	0.16699	0.12919	0.04701	0.15931	0.28212
10790	0.07812	0.08937	0.05359	0.27039	0.33683	0.29595	0.64000	0.37945	0.21411	0.30352	0.32014	0.30905	0.17251	0.16531	0.12990	0.04791	0.16085	0.28581
10950	0.08022	0.09061	0.05866	0.27505	0.34131	0.29968	0.63782	0.38185	0.21774	0.30556	0.32239	0.31141	0.17242	0.16432	0.12764	0.04750	0.15865	0.28224
11120	0.08077	0.09212	0.05822	0.27627	0.34297	0.30214	0.64731	0.38664	0.22108	0.30916	0.32478	0.31394	0.17475	0.16632	0.13038	0.05003	0.16022	0.28433
11280	0.07893	0.08979	0.05635	0.27281	0.33881	0.29764	0.64044	0.38221	0.21599	0.30460	0.32170	0.31192	0.17264	0.16660	0.12874	0.04787	0.16077	0.28350
11450	0.07814	0.08895	0.05544	0.27257	0.33901	0.29941	0.64197	0.38370	0.21656	0.30505	0.32147	0.31174	0.17079	0.16255	0.12918	0.04535	0.15785	0.28192	26.82	6.3	0.00	7.36	0.01272	0.01290	0.01657	0.00786	0.00585	0.00641	0.00468	0.01266	0.01685	0.00681	0.00701	0.00895	0.01490	0.01096	0.01197	0.00219	0.00623	0.00875
11610	0.07891	0.08701	0.05354	0.27187	0.33699	0.29576	0.63127	0.37560	0.21270	0.30129	0.31805	0.30847	0.16875	0.16303	0.13081	0.04718	0.15966	0.28241
11780	0.07894	0.08997	0.05701	0.27402	0.34092	0.29996	0.64322	0.38230	0.21777	0.30528	0.32081	0.31127	0.17288	0.16690	0.13303	0.05020	0.16186	0.28610
11940	0.08237	0.09208	0.05947	0.27712	0.34324	0.30321	0.64510	0.38547	0.22059	0.30906	0.32462	0.31461	0.17373	0.16410	0.13180	0.04893	0.16070	0.28350
12100	0.07915	0.09100	0.05776	0.27410	0.34253	0.30282	0.64214	0.38822	0.22238	0.30872	0.32469	0.31610	0.17648	0.16800	0.12917	0.05057	0.16364	0.28610
12270	0.07991	0.08958	0.05620	0.27507	0.34097	0.29943	0.64329	0.38223	0.21822	0.30576	0.32212	0.31241	0.17050	0.16600	0.12706	0.05079	0.16138	0.28403
12430	0.08079	0.09028	0.05710	0.27522	0.34086	0.29989	0.63803	0.38039	0.21808	0.30522	0.32145	0.31198	0.16908	0.16367	0.12570	0.04725	0.15804	0.28108
12590	0.07694	0.08906	0.05543	0.27242	0.33727	0.29751	0.63520	0.37863	0.21543	0.30400	0.31886	0.31019	0.17264	0.16498	0.12952	0.04956	0.16078	0.28331
12760	0.07986	0.08941	0.05589	0.27374	0.34060	0.29940	0.64131	0.38234	0.21704	0.30610	0.32195	0.31234	0.17002	0.16329	0.12606	0.04774	0.15903	0.28154
12920	0.07737	0.08636	0.05580	0.27222	0.33853	0.29729	0.63960	0.37877	0.21385	0.30402	0.31980	0.30958	0.17216	0.16738	0.13086	0.05049	0.16181	0.28453
13090	0.08282	0.09033	0.05521	0.27554	0.34150	0.29903	0.63827	0.38040	0.21869	0.30564	0.32231	0.31171	0.17072	0.16437	0.12740	0.04668	0.15920	0.28023	26.88	6.0	0.00	7.37	0.01272	0.01290	0.01657	0.00786	0.00585	0.00641	0.00468	0.01266	0.01685	0.00681	0.00701	0.00895	0.01490	0.01096	0.01197	0.00219	0.00623	0.00875
13250	0.07894	0.08889	0.05610	0.27389	0.34222	0.30080	0.63976	0.38059	0.21864	0.30702	0.32240	0.31289	0.17159	0.16490	0.12859	0.05238	0.15963	0.28237
13410	0.07938	0.08886	0.05581	0.27275	0.34027	0.29860	0.64137	0.38340	0.21658	0.30548	0.32133	0.31130	0.16766	0.15960	0.12556	0.04724	0.15777	0.27908
13580	0.08085	0.09194	0.05839	0.27567	0.34451	0.30368	0.64448	0.38858	0.22204	0.31100	0.32605	0.31571	0.17576	0.16760	0.13040	0.05622	0.16489	0.28605
13740	0.08092	0.09233	0.05608	0.27571	0.34217	0.29969	0.63397	0.38298	0.21937	0.30697	0.32162	0.31241	0.17416	0.16490	0.12972	0.05346	0.16285	0.28447
13900	0.07993	0.09085	0.05520	0.27532	0.34284	0.30005	0.63717	0.38246	0.21793	0.30689	0.32203	0.31177	0.16825	0.16344	0.12481	0.04675	0.15820	0.28040
14070	0.07729	0.08821	0.05570	0.27137	0.33957	0.29772	0.63265	0.37980	0.21426	0.30532	0.32111	0.31021	0.17129	0.16158	0.12818	0.04992	0.16050	0.28302
14230	0.07886	0.08850	0.05551	0.27264	0.34075	0.29934	0.64296	0.38088	0.21874	0.30765	0.32251	0.31253	0.17311	0.16677	0.12747	0.04906	0.15961	0.28231
14400	0.07813	0.08882	0.05410	0.27136	0.33965	0.29810	0.64152	0.38049	0.21429	0.30456	0.32007	0.31051	0.17276	0.16750	0.13237	0.05126	0.16173	0.28489
14560	0.08107	0.08952	0.05500	0.27376	0.34169	0.29978	0.64448	0.38254	0.21710	0.30730	0.32323	0.31293	0.17183	0.16377	0.13020	0.05025	0.15937	0.28255
14730	0.07971	0.09101	0.05528	0.27363	0.34280	0.30172	0.64413	0.38479	0.21850	0.30843	0.32329	0.31368	0.17239	0.16453	0.13109	0.04893	0.16017	0.28270	26.82	6.2	0.00	7.33	0.01272	0.01290	0.01657	0.00786	0.00585	0.00641	0.00468	0.01266	0.01685	0.00681	0.00701	0.00895	0.01490	0.01096	0.01197	0.00219	0.00623	0.00875
14890	0.07868	0.08690	0.05464	0.27141	0.33930	0.29760	0.63687	0.38072	0.21547	0.30492	0.32055	0.31128	0.16970	0.16390	0.13119	0.04845	0.16008	0.28232
15050	0.07793	0.08935	0.05507	0.27197	0.34095	0.29854	0.63826	0.38003	0.21458	0.30666	0.32093	0.31133	0.17392	0.16532	0.13112	0.05400	0.16465	0.28685
15220	0.08129	0.08997	0.05876	0.27484	0.34245	0.30082	0.64078	0.38436	0.21875	0.30840	0.32245	0.31401	0.17179	0.16461	0.13124	0.05020	0.15957	0.28248
15380	0.07673	0.09055	0.05748	0.27245	0.34280	0.30308	0.64073	0.38486	0.22009	0.31064	0.32529	0.31591	0.17258	0.16787	0.13103	0.05412	0.16202	0.28450
15550	0.07909	0.09208	0.05640	0.27264	0.34030	0.30030	0.63883	0.38310	0.21555	0.30851	0.32271	0.31408	0.17149	0.16655	0.13251	0.05143	0.16376	0.28630
15710	0.07979	0.08900	0.05686	0.27515	0.34297	0.30196	0.63922	0.38429	0.21881	0.30996	0.32385	0.31596	0.17231	0.16539	0.12784	0.04949	0.16004	0.28328
15870	0.07753	0.08827	0.05655	0.27294	0.34028	0.29999	0.63616	0.38490	0.21847	0.30861	0.32274	0.31513	0.16892	0.16386	0.13032	0.04882	0.16019	0.28271
16040	0.07812	0.08874	0.05621	0.27235	0.34093	0.30048	0.64049	0.37940	0.21805	0.30772	0.32325	0.31493	0.16922	0.16233	0.12791	0.04688	0.15848	0.28101
16200	0.07744	0.08674	0.05725	0.27258	0.34046	0.30108	0.64125	0.38253	0.21718	0.30976	0.32389	0.31578	0.17060	0.16466	0.12793	0.05046	0.16017	0.28314
16370	0.07847	0.08835	0.05528	0.27073	0.33856	0.29896	0.63888	0.38287	0.21532	0.30786	0.32143	0.31428	0.17228	0.16162	0.12928	0.04647	0.15825	0.28249	26.88	6.0	0.00	7.42	0.01272	0.01290	0.01657	0.00786	0.00585	0.00641	0.00468	0.01266	0.01685	0.00681	0.00701	0.00895	0.01490	0.01095	0.01197	0.00219	0.00623	0.00875
16530	0.08004	0.09262	0.05756	0.27370	0.34293	0.30328	0.64120	0.38642	0.21938	0.31006	0.32434	0.31601	0.17142	0.16631	0.13053	0.04926	0.16133	0.28592
16690	0.07859	0.09014	0.05294	0.27284	0.34009	0.29989	0.63524	0.37958	0.21496	0.30858	0.32171	0.31443	0.17042	0.16612	0.12805	0.04617	0.15902	0.28353
16860	0.07859	0.08833	0.05647	0.27243	0.34040	0.30199	0.63771	0.38340	0.21746	0.31023	0.32317	0.31584	0.17277	0.16457	0.12769	0.04855	0.15890	0.28309
17020	0.07804	0.08635	0.05242	0.27061	0.33755	0.29874	0.64172	0.37864	0.21419	0.30760	0.32129	0.31406	0.17119	0.16673	0.12948	0.04889	0.16252	0.28707
17190	0.08089	0.09051	0.05697	0.27388	0.34116	0.30158	0.63236	0.38063	0.21670	0.30983	0.32319	0.31642	0.17071	0.16500	0.12796	0.04848	0.15984	0.28419
17350	0.08004	0.09150	0.05871	0.27452	0.34246	0.30269	0.63898	0.38166	0.21876	0.31053	0.32440	0.31743	0.17493	0.16194	0.13001	0.04904	0.16032	0.28441
17510	0.08098	0.08720	0.05599	0.27245	0.33992	0.30072	0.63517	0.38068	0.21605	0.30862	0.32433	0.31662	0.17213	0.16376	0.12622	0.04964	0.16089	0.28427
17680	0.07808	0.08970	0.05738	0.27266	0.34119	0.30069	0.63592	0.38374	0.21761	0.30948	0.32273	0.31578	0.17089	0.16430	0.12936	0.05087	0.16062	0.28427
17840	0.07796	0.08708	0.05516	0.27144	0.33779	0.29843	0.63025	0.37755	0.21320	0.30615	0.31998	0.31372	0.17410	0.16482	0.12945	0.05124	0.16378	0.28792
18010	0.08050	0.09158	0.05585	0.27613	0.34318	0.30216	0.64387	0.38353	0.21641	0.30953	0.32269	0.31400	0.17454	0.16801	0.13386	0.05051	0.16372	0.28720	26.88	6.0	0.00	7.47	0.01272	0.01290	0.01657	0.00786	0.00585	0.00641	0.00468	0.01266	0.01685	0.00681	0.00701	0.00895	0.01490	0.01095	0.01197	0.00219	0.00623	0.00875
18170	0.08266	0.09231	0.05789	0.27637	0.34564	0.30439	0.64104	0.38365	0.21991	0.31210	0.32612	0.31833	0.17394	0.16716	0.13149	0.04936	0.16275	0.28586
18330	0.08113	0.09079	0.05444	0.27489	0.34305	0.30179	0.63954	0.38252	0.22017	0.31032	0.32502	0.31749	0.17110	0.16822	0.13028	0.05029	0.16257	0.28482
18500	0.07887	0.08657	0.05303	0.27208	0.34035	0.29926	0.64121	0.37944	0.21472	0.30774	0.32221	0.31497	0.17067	0.16259	0.12764	0.04615	0.15829	0.28322
18660	0.07697	0.08913	0.05687	0.27259	0.34355	0.30195	0.64082	0.38362	0.21817	0.30997	0.32367	0.31578	0.17162	0.16405	0.12673	0.04727	0.16024	0.28451
18830	0.07853	0.08655	0.05368	0.27355	0.34160	0.30094	0.64079	0.37999	0.21663	0.30946	0.32342	0.31472	0.16986	0.16355	0.12619	0.04362	0.15797	0.28195
18990	0.07726	0.08986	0.05628	0.27112	0.34193	0.30213	0.63737	0.38516	0.21781	0.31050	0.32503	0.31674	0.17233	0.16510	0.13166	0.04858	0.16321	0.28667
19150	0.07896	0.09074	0.05502	0.27292	0.34153	0.29933	0.63703	0.37819	0.21302	0.30795	0.32378	0.31442	0.16915	0.16224	0.12637	0.04787	0.16216	0.28708
19320	0.08084	0.09035	0.05408	0.27629	0.34460	0.30171	0.63832	0.38335	0.21738	0.30910	0.32420	0.31571	0.17055	0.16415	0.12640	0.04682	0.16078	0.28401
19480	0.07723	0.08920	0.05424	0.27201	0.34146	0.29937	0.63578	0.37976	0.21407	0.30755	0.32255	0.31373	0.17242	0.16553	0.12856	0.04984	0.16390	0.28797
19650	0.08063	0.09104	0.05750	0.27539	0.34372	0.30138	0.63905	0.38267	0.21773	0.30945	0.32424	0.31541	0.17086	0.16426	0.12683	0.05054	0.16156	0.28610	26.88	6.0	0.00	7.41	0.01272	0.01290	0.01657	0.00786	0.00585	0.00641	0.00468	0.01266	0.01685	0.00681	0.00701	0.00895	0.01490	0.01095	0.01197	0.00219	0.00623	0.00875
19810	0.08244	0.09254	0.05737	0.27607	0.34581	0.30375	0.64533	0.38559	0.21721	0.31077	0.32552	0.31655	0.17362	0.16585	0.13257	0.05113	0.16563	0.28935
19970	0.08021	0.09000	0.05600	0.27552	0.34217	0.29961	0.63047	0.38224	0.21429	0.30788	0.32187	0.31360	0.17114	0.16478	0.13045	0.05039	0.16312	0.28662
20140	0.08021	0.09027	0.05542	0.27623	0.34481	0.30205	0.63589	0.38156	0.21660	0.30875	0.32228	0.31408	0.16800	0.16289	0.12665	0.04595	0.16064	0.28485
20300	0.07855	0.08858	0.05388	0.27313	0.34083	0.29874	0.64428	0.38022	0.21637	0.30718	0.32094	0.31367	0.17187	0.16593	0.13044	0.05039	0.16496	0.28818
20470	0.08060	0.09080	0.05638	0.27540	0.34382	0.30177	0.65072	0.38233	0.21935	0.31060	0.32348	0.31631	0.17085	0.16399	0.12954	0.05143	0.16085	0.28567
20630	0.07927	0.09080	0.05779	0.27613	0.34439	0.30184	0.64264	0.38478	0.21927	0.31053	0.32328	0.31546	0.17320	0.16623	0.12995	0.05117	0.16356	0.28662
20790	0.08120	0.09127	0.05563	0.27596	0.34382	0.30104	0.63641	0.38325	0.21589	0.30960	0.32111	0.31412	0.17255	0.16331	0.12785	0.04729	0.16077	0.28484
20960	0.07794	0.08809	0.05614	0.27346	0.34166	0.29990	0.63301	0.38169	0.21624	0.30871	0.32104	0.31393	0.16903	0.16480	0.12865	0.04766	0.15983	0.28399
21120	0.08029	0.09084	0.05561	0.27186	0.34087	0.29921	0.64059	0.38203	0.21495	0.30888	0.32060	0.31433	0.17293	0.16515	0.12959	0.04930	0.16278	0.28536
21290	0.07848	0.08713	0.05615	0.27351	0.34259	0.30086	0.64596	0.38028	0.21699	0.30973	0.32269	0.31496	0.17113	0.16441	0.13113	0.05214	0.16346	0.28689	26.88	6.0	0.00	7.35	0.01272	0.01290	0.01657	0.00786	0.00585	0.00641	0.00468	0.01266	0.01685	0.00681	0.00701	0.00895	0.01490	0.01095	0.01197	0.00219	0.00623	0.00875
21450	0.08363	0.08912	0.05730	0.27669	0.34470	0.30264	0.63682	0.38231	0.21663	0.31071	0.32262	0.31591	0.17147	0.16597	0.12883	0.04983	0.16179	0.28534
21610	0.07896	0.08942	0.05402	0.27384	0.34281	0.30095	0.63618	0.37870	0.21429	0.30880	0.32053	0.31348	0.17338	0.16371	0.13220	0.05083	0.16373	0.28817
21780	0.08252	0.09226	0.05585	0.27838	0.34606	0.30373	0.64545	0.38616	0.21917	0.31230	0.32453	0.31714	0.17138	0.16392	0.12813	0.05244	0.16265	0.28589
21940	0.07993	0.08970	0.05615	0.27446	0.34365	0.30202	0.63220	0.38290	0.21849	0.31151	0.32131	0.31658	0.17042	0.16439	0.13134	0.05210	0.16159	0.28614
22110	0.07968	0.08777	0.05509	0.27408	0.34237	0.30036	0.64039	0.37928	0.21651	0.31011	0.32129	0.31506	0.17020	0.16199	0.12745	0.04849	0.15932	0.28374
22270	0.07784	0.08876	0.05672	0.27454	0.34475	0.30379	0.63342	0.38192	0.21815	0.31302	0.32371	0.31707	0.17184	0.16553	0.12944	0.05031	0.16218	0.28664
22430	0.07853	0.08876	0.05560	0.27516	0.34329	0.30181	0.64293	0.38174	0.21446	0.30980	0.32209	0.31505	0.16777	0.16226	0.12886	0.04819	0.15933	0.28309
22600	0.08106	0.09278	0.05646	0.27753	0.34685	0.30507	0.64797	0.38667	0.21979	0.31438	0.32599	0.31914	0.17397	0.16694	0.13244	0.05684	0.16644	0.28931
22760	0.08091	0.08955	0.05694	0.27686	0.34376	0.30215	0.63863	0.38047	0.21713	0.31104	0.32232	0.31590	0.16783	0.16360	0.12755	0.04908	0.16135	0.28512
22920	0.08175	0.09319	0.05592	0.27868	0.34797	0.30483	0.64993	0.38665	0.22087	0.31276	0.32492	0.31800	0.17173	0.16587	0.12943	0.05445	0.16606	0.28839	26.94	6.2	0.00	7.35	0.01272	0.01290	0.01657	0.00786	0.00585	0.00641	0.00468	0.01266	0.01685	0.00681	0.00701	0.00895	0.01490	0.01095	0.01197	0.00219	0.00623	0.00875
23090	0.08003	0.09046	0.05405	0.27839	0.34581	0.30340	0.63750	0.38253	0.21653	0.31044	0.32175	0.31547	0.16759	0.16091	0.12603	0.05046	0.16105	0.28485
23250	0.07852	0.09062	0.05603	0.27687	0.34611	0.30290	0.64303	0.38156	0.21655	0.31122	0.32228	0.31762	0.17070	0.16611	0.12858	0.05161	0.16334	0.28554
23410	0.07828	0.08827	0.05192	0.27520	0.34449	0.30124	0.63322	0.38202	0.21606	0.30975	0.32108	0.31628	0.17030	0.16120	0.12620	0.05165	0.16233	0.28506
23570	0.07684	0.08544	0.05110	0.27380	0.34197	0.29809	0.63806	0.37679	0.21121	0.30792	0.31964	0.31348	0.17007	0.16444	0.12907	0.05295	0.16662	0.28887
23740	0.08033	0.08980	0.05608	0.27847	0.34651	0.30300	0.63662	0.38188	0.21741	0.31044	0.32296	0.31611	0.16932	0.16487	0.12845	0.05195	0.16379	0.28631
23900	0.07777	0.08826	0.05237	0.27560	0.34442	0.30000	0.63611	0.37778	0.21377	0.31036	0.32312	0.31541	0.17050	0.16521	0.13049	0.05392	0.16593	0.28850
24070	0.08073	0.08950	0.05572	0.27722	0.34645	0.30271	0.63559	0.38341	0.21692	0.31252	0.32327	0.31749	0.16930	0.16215	0.12914	0.05363	0.16433	0.28593
24230	0.07786	0.08920	0.05686	0.27834	0.34768	0.30445	0.64156	0.38522	0.21973	0.31310	0.32525	0.31881	0.17272	0.16548	0.13029	0.05523	0.16769	0.28898
24390	0.07853	0.08818	0.05512	0.27718	0.34540	0.30220	0.63941	0.38007	0.21716	0.31108	0.32251	0.31604	0.16976	0.16409	0.12995	0.05292	0.16619	0.28782
24560	0.07936	0.08902	0.05738	0.27709	0.34569	0.30403	0.64158	0.38106	0.21761	0.31025	0.32372	0.31632	0.17255	0.16518	0.12787	0.05464	0.16487	0.28756	26.88	6.2	0.00	7.46	0.01272	0.01290	0.01657	0.00786	0.00585	0.00641	0.00468	0.01266	0.01685	0.00681	0.00701	0.00895	0.01490	0.01095	0.01197	0.00219	0.00623	0.00875
24720	0.07867	0.08730	0.05243	0.27608	0.34376	0.30163	0.63612	0.38170	0.21398	0.30921	0.32300	0.31619	0.17235	0.16575	0.13084	0.05770	0.16727	0.28868
24890	0.07915	0.08906	0.05698	0.27769	0.34576	0.30322	0.64304	0.38240	0.21484	0.31038	0.32384	0.31716	0.17475	0.16815	0.13391	0.06023	0.16905	0.29176
25050	0.08109	0.08995	0.05834	0.28023	0.34851	0.30561	0.64265	0.38698	0.22054	0.31283	0.32596	0.31942	0.17256	0.16668	0.12849	0.05930	0.16769	0.28990
25210	0.08056	0.09108	0.05487	0.27914	0.34777	0.30475	0.63835	0.38540	0.21758	0.31163	0.32408	0.31860	0.17245	0.16470	0.12734	0.05658	0.16628	0.28852
25380	0.07842	0.08978	0.05409	0.27697	0.34512	0.30265	0.63950	0.37861	0.21709	0.31008	0.32231	0.31561	0.16636	0.16029	0.12680	0.05184	0.16190	0.28440
25540	0.07868	0.08730	0.05658	0.27440	0.34479	0.30327	0.63561	0.38440	0.21988	0.31194	0.32491	0.31821	0.17239	0.16618	0.12768	0.05684	0.16544	0.28846
25710	0.07979	0.08802	0.05524	0.27592	0.34513	0.30246	0.64189	0.38162	0.21764	0.31003	0.32325	0.31682	0.16984	0.16400	0.12933	0.05516	0.16402	0.28612
25870	0.07565	0.08723	0.05708	0.27559	0.34651	0.30432	0.63512	0.38341	0.21820	0.31257	0.32409	0.31834	0.17294	0.16772	0.12808	0.05814	0.16733	0.28914
26030	0.08055	0.08766	0.05573	0.27711	0.34557	0.30253	0.64661	0.38090	0.21486	0.30897	0.32240	0.31546	0.17105	0.16499	0.12687	0.05456	0.16438	0.28773
26200	0.07804	0.08783	0.05577	0.27594	0.34477	0.30319	0.63870	0.38147	0.21595	0.30981	0.32344	0.31687	0.17169	0.16216	0.12843	0.05522	0.16352	0.28652	26.88	6.2	0.00	6.76	0.01272	0.01290	0.01657	0.00786	0.00585	0.00641	0.00468	0.01266	0.01685	0.00681	0.00701	0.00895	0.01490	0.01095	0.01197	0.00219	0.00623	0.00875
26360	0.07740	0.08459	0.05487	0.27463	0.34414	0.30027	0.63343	0.37724	0.21367	0.30822	0.32342	0.31447	0.17140	0.16272	0.12887	0.05530	0.16590	0.28880
26530	0.08104	0.08883	0.05549	0.27743	0.34627	0.30231	0.63951	0.38069	0.21705	0.31067	0.32456	0.31696	0.16833	0.16271	0.12767	0.05627	0.16295	0.28664
26690	0.08121	0.09153	0.05717	0.27847	0.34693	0.30451	0.64328	0.38305	0.21837	0.31194	0.32550	0.31756	0.17306	0.16540	0.12936	0.05757	0.16635	0.28917
26850	0.08087	0.08828	0.05429	0.27696	0.34542	0.30115	0.63856	0.38040	0.21532	0.30821	0.32360	0.31461	0.17090	0.16452	0.13003	0.05769	0.16672	0.28951
27020	0.08173	0.09064	0.05532	0.27812	0.34687	0.30339	0.64181	0.38146	0.21754	0.31074	0.32415	0.31635	0.17099	0.16293	0.12930	0.05511	0.16420	0.28670
27180	0.07968	0.08901	0.05664	0.27696	0.34591	0.30329	0.63658	0.38499	0.21726	0.31064	0.32559	0.31634	0.16992	0.16309	0.12778	0.05660	0.16440	0.28742
27350	0.07838	0.08799	0.05594	0.27630	0.34612	0.30182	0.63792	0.38314	0.21582	0.30995	0.32364	0.31512	0.17371	0.16445	0.12922	0.05668	0.16454	0.28693
27510	0.08013	0.08964	0.05483	0.27693	0.34479	0.30116	0.64541	0.38286	0.21806	0.30978	0.32408	0.31554	0.17004	0.16428	0.12814	0.05519	0.16345	0.28632
27680	0.07857	0.08644	0.05445	0.27536	0.34438	0.30012	0.63548	0.37650	0.21454	0.30648	0.32152	0.31353	0.17175	0.16406	0.13013	0.05802	0.16748	0.28999
27840	0.08083	0.08961	0.05862	0.27766	0.34637	0.30388	0.64105	0.38468	0.21729	0.30971	0.32387	0.31579	0.17283	0.16583	0.13370	0.05752	0.16425	0.28671	26.88	6.1	0.00	7.36	0.01272	0.01290	0.01657	0.00786	0.00585	0.00641	0.00468	0.01266	0.01685	0.00681	0.00701	0.00895	0.01490	0.01095	0.01197	0.00219	0.00623	0.00875
28010	0.07825	0.08900	0.05665	0.27538	0.34357	0.30151	0.63927	0.38454	0.21745	0.30885	0.32352	0.31507	0.17130	0.16587	0.12998	0.05670	0.16506	0.28675
28170	0.08067	0.08820	0.05580	0.27547	0.34336	0.30148	0.63697	0.38243	0.21671	0.30799	0.32234	0.31436	0.17260	0.16549	0.13083	0.05651	0.16426	0.28699
28330	0.08100	0.08797	0.05411	0.27598	0.34314	0.30056	0.62920	0.38102	0.21610	0.30694	0.32151	0.31322	0.17429	0.16848	0.13329	0.05632	0.16781	0.28969
28500	0.08183	0.09203	0.05909	0.27968	0.34658	0.30407	0.64323	0.38643	0.21939	0.31065	0.32302	0.31555	0.17274	0.16626	0.12825	0.05688	0.16379	0.28683
28660	0.08076	0.09057	0.05620	0.27636	0.34433	0.30227	0.64056	0.38400	0.21978	0.30923	0.32274	0.31500	0.17126	0.16525	0.13093	0.05483	0.16244	0.28475
28830	0.08002	0.08790	0.05475	0.27384	0.34195	0.30021	0.62803	0.38183	0.21604	0.30729	0.31987	0.31364	0.17094	0.16150	0.12510	0.05270	0.15949	0.28195
28990	0.07603	0.08662	0.05656	0.27132	0.34206	0.30193	0.64315	0.38328	0.21845	0.30882	0.32137	0.31473	0.17339	0.16559	0.13027	0.05565	0.16454	0.28656
29150	0.07965	0.08864	0.05648	0.27545	0.34146	0.29909	0.62817	0.37919	0.21692	0.30603	0.31878	0.31240	0.16869	0.16198	0.12598	0.05211	0.15956	0.28184
29320	0.07938	0.09147	0.05860	0.27666	0.34531	0.30360	0.63932	0.38675	0.22032	0.31016	0.32288	0.31489	0.17339	0.16489	0.13198	0.05561	0.16384	0.28645
29480	0.07909	0.09040	0.05546	0.27401	0.34197	0.30035	0.63777	0.38375	0.21679	0.30774	0.32007	0.31308	0.16935	0.16534	0.12763	0.05079	0.15907	0.28312	26.88	6.0	0.00	7.39	0.01272	0.01290	0.01657	0.00786	0.00585	0.00641	0.00468	0.01266	0.01685	0.00681	0.00701	0.00895	0.01490	0.01096	0.01197	0.00219	0.00623	0.00875
29640	0.07980	0.08965	0.05814	0.27563	0.34424	0.30279	0.64085	0.38904	0.22124	0.31111	0.32269	0.31596	0.17381	0.16692	0.12959	0.05687	0.16415	0.28695
29810	0.07889	0.08896	0.05621	0.27323	0.34046	0.29920	0.64320	0.38163	0.21666	0.30706	0.31979	0.31217	0.16897	0.16220	0.12984	0.05358	0.16011	0.28384
29970	0.07979	0.09041	0.05599	0.27524	0.34301	0.30219	0.64242	0.38424	0.21868	0.30841	0.32059	0.31455	0.17212	0.16514	0.12846	0.05709	0.16295	0.28579
30130	0.07777	0.08893	0.05543	0.27281	0.34038	0.29924	0.64332	0.38145	0.21649	0.30745	0.31979	0.31185	0.16714	0.16329	0.12675	0.04915	0.15872	0.28217
30300	0.07898	0.08896	0.05664	0.27328	0.34171	0.30158	0.64181	0.38417	0.21853	0.30879	0.32216	0.31443	0.17003	0.16223	0.12765	0.05459	0.16005	0.28302
30460	0.07970	0.08719	0.05408	0.27178	0.33985	0.30047	0.63662	0.38060	0.21707	0.30743	0.31922	0.31324	0.16945	0.16286	0.12711	0.05343	0.15980	0.28292
30620	0.07794	0.09018	0.05586	0.27256	0.33970	0.29924	0.63975	0.38032	0.21674	0.30844	0.32060	0.31451	0.16996	0.16606	0.13037	0.05433	0.16030	0.28544
30790	0.07918	0.08784	0.05557	0.27394	0.34097	0.30021	0.63838	0.37906	0.21661	0.30876	0.31869	0.31298	0.16765	0.16542	0.12763	0.05123	0.15908	0.28386
30950	0.08097	0.09060	0.05798	0.27503	0.34308	0.30331	0.63809	0.38510	0.21764	0.31191	0.32123	0.31511	0.17101	0.16548	0.12780	0.05605	0.16130	0.28603
31110	0.08055	0.08867	0.05338	0.27394	0.34034	0.30110	0.63974	0.38036	0.21663	0.30981	0.32044	0.31493	0.16971	0.16553	0.12849	0.05250	0.16034	0.28422	26.94	6.0	0.00	7.40	0.01272	0.01290	0.01657	0.00786	0.00585	0.00641	0.00468	0.01266	0.01685	0.00681	0.00701	0.00895	0.01490	0.01096	0.01197	0.00219	0.00623	0.00875
31280	0.07886	0.09151	0.05744	0.27631	0.34371	0.30475	0.64537	0.38745	0.22012	0.31403	0.32344	0.31833	0.17413	0.16850	0.13162	0.05645	0.16484	0.28865
31440	0.07813	0.08812	0.05463	0.27535	0.34057	0.30109	0.64109	0.38140	0.21600	0.31040	0.32005	0.31535	0.16909	0.16571	0.12569	0.05358	0.16114	0.28576
31600	0.07965	0.09110	0.05513	0.27746	0.34405	0.30511	0.64414	0.38636	0.21935	0.31359	0.32278	0.31874	0.17155	0.16776	0.13223	0.05832	0.16625	0.28957
31770	0.07745	0.08881	0.05545	0.27727	0.34128	0.30302	0.63825	0.37912	0.21431	0.31140	0.32047	0.31598	0.17087	0.16656	0.13131	0.05888	0.16539	0.28935
31930	0.08021	0.08821	0.05627	0.27757	0.34377	0.30522	0.64079	0.38300	0.21855	0.31375	0.32355	0.31865	0.17210	0.16680	0.12850	0.05970	0.16554	0.28850
32090	0.07567	0.08672	0.05336	0.27448	0.33889	0.30086	0.63849	0.37552	0.21502	0.31152	0.32024	0.31653	0.16808	0.16452	0.12586	0.05701	0.16225	0.28554
32250	0.07363	0.08482	0.05491	0.27396	0.34168	0.30388	0.63717	0.38058	0.21904	0.31331	0.32303	0.31829	0.17239	0.16474	0.13003	0.05765	0.16549	0.28941
32420	0.07736	0.08718	0.05424	0.27690	0.34228	0.30320	0.64172	0.37936	0.21448	0.31121	0.31958	0.31580	0.16992	0.16288	0.12770	0.05567	0.16256	0.28754
32580	0.07606	0.08779	0.05351	0.27663	0.34210	0.30288	0.63837	0.38169	0.21442	0.31178	0.32081	0.31598	0.16967	0.16435	0.12838	0.05933	0.16629	0.29080
32740	0.08067	0.09033	0.05550	0.28004	0.34629	0.30637	0.64264	0.38437	0.21625	0.31485	0.32534	0.31999	0.17304	0.16460	0.12913	0.05840	0.16404	0.28753	26.94	6.3	0.00	7.37	0.01272	0.01290	0.01657	0.00786	0.00585	0.00641	0.00468	0.01266	0.01685	0.00681	0.00701	0.00895	0.01490	0.01096	0.01197	0.00219	0.00623	0.00875
32910	0.07597	0.08640	0.05330	0.27633	0.34173	0.30207	0.62620	0.37912	0.21260	0.31219	0.32306	0.31780	0.17219	0.16613	0.13021	0.06005	0.16621	0.29147
33070	0.07876	0.09049	0.05615	0.28024	0.34509	0.30457	0.63773	0.38163	0.21797	0.31599	0.32581	0.31950	0.17103	0.16493	0.13033	0.05949	0.16446	0.28984
33230	0.07711	0.08540	0.05504	0.27772	0.34313	0.30313	0.63448	0.37732	0.21356	0.31060	0.32149	0.31589	0.17102	0.16749	0.12976	0.05840	0.16647	0.29124
33400	0.07907	0.08632	0.05524	0.28027	0.34566	0.30568	0.63963	0.38403	0.21613	0.31411	0.32405	0.31824	0.17007	0.16257	0.12724	0.05688	0.16171	0.28706
33560	0.07762	0.08609	0.05284	0.27597	0.34120	0.30114	0.63147	0.37779	0.21320	0.31089	0.32217	0.31605	0.17047	0.16397	0.13041	0.05867	0.16507	0.28971
33730	0.08016	0.08935	0.05492	0.27829	0.34502	0.30358	0.64088	0.38002	0.21564	0.31340	0.32443	0.31846	0.17258	0.16417	0.12730	0.05561	0.16118	0.28753
33890	0.07895	0.08945	0.05702	0.27907	0.34542	0.30397	0.63553	0.38508	0.21701	0.31362	0.32594	0.31940	0.17149	0.16484	0.12888	0.05594	0.16379	0.28849
34050	0.07831	0.08881	0.05454	0.27833	0.34479	0.30271	0.63328	0.38079	0.21440	0.31082	0.32339	0.31685	0.17183	0.16247	0.12820	0.05247	0.16093	0.28585
34220	0.08201	0.09277	0.05836	0.27951	0.34759	0.30656	0.64771	0.38586	0.22107	0.31554	0.32765	0.32013	0.17390	0.16762	0.12983	0.05919	0.16537	0.29000
34380	0.07954	0.08948	0.05524	0.27877	0.34560	0.30404	0.64713	0.38549	0.21523	0.31296	0.32340	0.31677	0.16993	0.16505	0.12716	0.05551	0.16157	0.28652	26.94	6.1	0.00	7.37	0.01272	0.01290	0.01657	0.00786	0.00585	0.00641	0.00468	0.01266	0.01685	0.00681	0.00701	0.00895	0.01490	0.01095	0.01197	0.00219	0.00623	0.00875
34540	0.07710	0.08824	0.05549	0.27598	0.34318	0.30156	0.63757	0.38067	0.21591	0.31272	0.32334	0.31616	0.16849	0.16298	0.12728	0.05380	0.16057	0.28536
34710	0.07926	0.08687	0.05401	0.27510	0.34258	0.29967	0.63872	0.37866	0.21261	0.31048	0.32115	0.31394	0.17082	0.16275	0.12642	0.05294	0.16064	0.28619
34870	0.07951	0.08851	0.05437	0.27626	0.34363	0.30141	0.63879	0.38217	0.21634	0.31090	0.32216	0.31474	0.17148	0.16072	0.12856	0.05234	0.15957	0.28538
35040	0.07861	0.08738	0.05538	0.27327	0.34165	0.29900	0.63363	0.37960	0.21212	0.30919	0.32095	0.31257	0.16977	0.16414	0.12961	0.05201	0.16146	0.28700
35200	0.07981	0.08961	0.05568	0.27609	0.34492	0.30060	0.63745	0.38279	0.21856	0.31109	0.32219	0.31513	0.17060	0.16351	0.12642	0.05119	0.15813	0.28288
35370	0.08124	0.09111	0.05692	0.27632	0.34525	0.30320	0.64380	0.38558	0.21998	0.31249	0.32453	0.31633	0.17572	0.16605	0.12940	0.05417	0.16176	0.28653
35530	0.08070	0.08973	0.05473	0.27445	0.34193	0.29954	0.64043	0.38071	0.21481	0.30984	0.32054	0.31362	0.17209	0.16413	0.12759	0.05178	0.15911	0.28395
35690	0.08020	0.08865	0.05446	0.27317	0.34074	0.29861	0.64173	0.37778	0.21594	0.30894	0.31993	0.31284	0.17063	0.16371	0.12915	0.05133	0.15882	0.28372
35860	0.08008	0.08953	0.05687	0.27509	0.34182	0.30092	0.64082	0.38428	0.21664	0.30996	0.32029	0.31374	0.17080	0.16343	0.13031	0.04992	0.15851	0.28322
36020	0.07957	0.08741	0.05494	0.27259	0.34015	0.29803	0.63372	0.37971	0.21548	0.30871	0.31873	0.31259	0.17474	0.16507	0.13096	0.05429	0.16008	0.28573	26.88	6.1	0.00	7.40	0.01272	0.01290	0.01657	0.00786	0.00585	0.00641	0.00468	0.01266	0.01685	0.00681	0.00701	0.00895	0.01490	0.01095	0.01197	0.00219	0.00623	0.00875
36190	0.08329	0.09267	0.05773	0.27557	0.34312	0.30155	0.64521	0.38555	0.21996	0.31165	0.32229	0.31489	0.17575	0.16670	0.13110	0.05403	0.15897	0.28470
36350	0.08083	0.09049	0.05726	0.27305	0.34134	0.29972	0.64215	0.38202	0.21815	0.30920	0.31971	0.31392	0.16981	0.16532	0.12999	0.05232	0.15878	0.28437
36510	0.08039	0.08881	0.05270	0.27235	0.33894	0.29681	0.63362	0.37954	0.21439	0.30743	0.31606	0.31077	0.16747	0.15881	0.12619	0.04512	0.15115	0.27860
36680	0.07872	0.09060	0.05585	0.27413	0.34252	0.30160	0.64853	0.38447	0.22024	0.31272	0.32141	0.31499	0.17445	0.16623	0.13286	0.05168	0.15805	0.28336
36840	0.08083	0.08894	0.05504	0.27207	0.33856	0.29695	0.63848	0.37998	0.21619	0.30847	0.31850	0.31274	0.16975	0.16100	0.12820	0.04933	0.15408	0.27969
37000	0.07944	0.09014	0.05736	0.27282	0.34070	0.29981	0.63997	0.38722	0.22039	0.31137	0.32006	0.31589	0.17400	0.16723	0.13132	0.05347	0.15897	0.28544
37170	0.07849	0.08772	0.05484	0.27235	0.33789	0.29729	0.64149	0.37938	0.21659	0.30776	0.31706	0.31244	0.17010	0.16286	0.12618	0.04680	0.15477	0.28147
37330	0.07988	0.09021	0.05818	0.27323	0.34029	0.29919	0.64276	0.38219	0.21739	0.30966	0.31951	0.31344	0.17043	0.16296	0.12802	0.04866	0.15621	0.28251
37490	0.08043	0.08697	0.05498	0.27071	0.33848	0.29803	0.64093	0.37997	0.21558	0.30813	0.31832	0.31299	0.16738	0.16246	0.12591	0.04717	0.15334	0.27892
37660	0.07781	0.08794	0.05539	0.27185	0.33904	0.29862	0.64449	0.38199	0.21896	0.31025	0.31877	0.31440	0.17169	0.16380	0.12830	0.04758	0.15491	0.28082	26.94	6.1	0.00	7.38	0.01272	0.01290	0.01657	0.00786	0.00585	0.00641	0.00468	0.01266	0.01685	0.00681	0.00701	0.00895	0.01490	0.01095	0.01197	0.00219	0.00623	0.00875
37820	0.07679	0.08751	0.05416	0.26988	0.33727	0.29645	0.63427	0.38022	0.21550	0.30905	0.31762	0.31259	0.17003	0.16167	0.12775	0.04866	0.15511	0.28060
37980	0.07831	0.08615	0.05247	0.26840	0.33502	0.29432	0.63085	0.37667	0.21188	0.30574	0.31624	0.30969	0.17257	0.16625	0.13044	0.05034	0.15934	0.28539
38150	0.08320	0.08998	0.05542	0.27419	0.33975	0.29808	0.64063	0.38360	0.21658	0.30936	0.31805	0.31254	0.16949	0.16179	0.12756	0.04855	0.15576	0.28193
38310	0.08091	0.09115	0.05703	0.27488	0.34314	0.30153	0.64513	0.38688	0.21905	0.31169	0.32090	0.31452	0.17176	0.16637	0.12902	0.05004	0.15741	0.28372
38470	0.07916	0.08802	0.05484	0.27281	0.33845	0.29856	0.63850	0.37967	0.21646	0.30915	0.31931	0.31338	0.17151	0.16276	0.12638	0.04948	0.15574	0.28169
38640	0.07952	0.08920	0.05670	0.27179	0.33923	0.29818	0.63574	0.38245	0.21742	0.30918	0.31860	0.31396	0.17273	0.16132	0.12763	0.04970	0.15778	0.28276
38800	0.07890	0.08827	0.05547	0.26946	0.33600	0.29504	0.63432	0.37859	0.21375	0.30786	0.31725	0.31214	0.17345	0.16636	0.12975	0.05228	0.15949	0.28510
38970	0.08026	0.09115	0.05295	0.27343	0.33984	0.29822	0.64347	0.38199	0.21612	0.30910	0.31916	0.31307	0.17261	0.16330	0.13200	0.05239	0.15955	0.28621
39130	0.08325	0.09224	0.06028	0.27563	0.34395	0.30195	0.64342	0.38624	0.21934	0.31251	0.32160	0.31528	0.17273	0.16521	0.12933	0.05280	0.15843	0.28386
39300	0.08086	0.08839	0.05808	0.27277	0.34035	0.30008	0.63992	0.38359	0.21677	0.31101	0.31972	0.31424	0.16853	0.16263	0.12708	0.05078	0.15519	0.28060	26.94	6.1	0.00	7.40	0.01272	0.01290	0.01657	0.00786	0.00585	0.00641	0.00468	0.01266	0.01685	0.00681	0.00701	0.00895	0.01490	0.01095	0.01197	0.00219	0.00623	0.00875
39460	0.07955	0.08822	0.05687	0.27097	0.33953	0.29846	0.64146	0.38245	0.21608	0.30995	0.31947	0.31375	0.17171	0.16127	0.12731	0.04958	0.15715	0.28207
39620	0.07831	0.08875	0.05646	0.27153	0.34012	0.30050	0.64670	0.38510	0.22085	0.31142	0.32186	0.31598	0.17085	0.16662	0.12809	0.05171	0.15898	0.28490
39790	0.08094	0.08835	0.05481	0.27353	0.33994	0.29913	0.64322	0.38158	0.21669	0.30858	0.31805	0.31229	0.16988	0.16470	0.12962	0.05037	0.15727	0.28425
39950	0.08009	0.08920	0.05557	0.27356	0.34045	0.29902	0.64168	0.38075	0.21538	0.31018	0.32088	0.31358	0.17097	0.16416	0.12888	0.04936	0.15540	0.28144
40120	0.07986	0.08662	0.05429	0.27146	0.33841	0.29636	0.64153	0.38009	0.21465	0.30704	0.31852	0.31198	0.17308	0.16611	0.13359	0.05182	0.16090	0.28673
40280	0.08457	0.09076	0.05733	0.27558	0.34234	0.30050	0.64043	0.38472	0.21908	0.31090	0.32347	0.31517	0.17131	0.16202	0.12948	0.05003	0.15696	0.28330
40440	0.08028	0.09142	0.05684	0.27492	0.34351	0.30140	0.63958	0.38507	0.21953	0.31116	0.32221	0.31459	0.17396	0.16587	0.13039	0.05193	0.15714	0.28359
40610	0.07993	0.08960	0.05483	0.27238	0.34080	0.29825	0.63550	0.38255	0.21742	0.30835	0.31900	0.31141	0.17085	0.16166	0.12525	0.04612	0.15297	0.27876
40770	0.08067	0.09192	0.05849	0.27518	0.34391	0.30279	0.64065	0.38817	0.22127	0.31254	0.32402	0.31621	0.17329	0.16443	0.13022	0.05305	0.15807	0.28357
40930	0.08101	0.08698	0.05473	0.27177	0.33907	0.29775	0.63694	0.38491	0.21832	0.30806	0.31957	0.31263	0.17019	0.16404	0.12685	0.04587	0.15371	0.27932	26.94	6.0	0.00	7.43	0.01272	0.01290	0.01657	0.00786	0.00585	0.00641	0.00468	0.01266	0.01685	0.00681	0.00701	0.00895	0.01490	0.01095	0.01197	0.00219	0.00623	0.00875
41100	0.07863	0.09117	0.05643	0.27236	0.34015	0.29935	0.64200	0.38614	0.21892	0.30932	0.32204	0.31387	0.17156	0.16663	0.12935	0.05005	0.15770	0.28313
41260	0.08043	0.09007	0.05384	0.27186	0.33861	0.29792	0.63471	0.38136	0.21875	0.30615	0.31925	0.31116	0.16860	0.16200	0.12901	0.04505	0.15258	0.27815
41420	0.07773	0.08511	0.05378	0.26673	0.33536	0.29307	0.63858	0.37588	0.21203	0.30447	0.31592	0.30788	0.16994	0.16605	0.13103	0.04658	0.15454	0.28138
41590	0.08119	0.09048	0.05688	0.27172	0.33954	0.29769	0.64215	0.38479	0.21804	0.30913	0.32073	0.31273	0.17211	0.16336	0.12653	0.04606	0.15388	0.27886
41750	0.07770	0.08833	0.05334	0.26825	0.33501	0.29324	0.63418	0.37958	0.21285	0.30473	0.31673	0.30868	0.16987	0.16341	0.13070	0.04647	0.15494	0.28076
41910	0.07902	0.08934	0.05682	0.27080	0.33833	0.29686	0.63723	0.38275	0.21597	0.30692	0.31895	0.31160	0.16993	0.16257	0.12788	0.04323	0.15160	0.27751
42080	0.07819	0.08785	0.05298	0.26680	0.33319	0.29254	0.63005	0.37970	0.21245	0.30355	0.31571	0.30831	0.17221	0.16465	0.13034	0.04568	0.15556	0.28140
42240	0.08161	0.09044	0.05758	0.27108	0.33896	0.29787	0.64332	0.38448	0.21893	0.30762	0.32036	0.31288	0.17278	0.16333	0.12949	0.04773	0.15374	0.27865
42400	0.08080	0.08953	0.05631	0.27098	0.33898	0.29752	0.63926	0.38910	0.22164	0.30866	0.32086	0.31276	0.17432	0.16740	0.13130	0.04710	0.15545	0.28044
42570	0.08111	0.08903	0.05692	0.27051	0.33733	0.29573	0.63622	0.38250	0.21556	0.30360	0.31795	0.30916	0.16831	0.16455	0.12710	0.04212	0.15187	0.27685	26.94	6.1	0.00	7.51	0.01272	0.01290	0.01657	0.00786	0.00585	0.00641	0.00468	0.01266	0.01685	0.00681	0.00701	0.00895	0.01490	0.01095	0.01197	0.00219	0.00623	0.00875
42730	0.07785	0.08819	0.05535	0.26841	0.33644	0.29631	0.64167	0.38078	0.21793	0.30430	0.31791	0.31013	0.16877	0.16412	0.12682	0.04033	0.14960	0.27440
42900	0.07828	0.08671	0.05579	0.26688	0.33597	0.29674	0.63893	0.38251	0.21644	0.30520	0.31872	0.31047	0.17146	0.16363	0.12719	0.04488	0.15195	0.27680
43060	0.07928	0.08924	0.05717	0.26769	0.33488	0.29451	0.64455	0.38146	0.21677	0.30401	0.31805	0.30971	0.16994	0.16139	0.12794	0.04231	0.15059	0.27532
43220	0.07909	0.08984	0.05810	0.26604	0.33581	0.29603	0.63925	0.38780	0.22023	0.30520	0.31959	0.31177	0.17495	0.16478	0.13055	0.04700	0.15504	0.27959
43390	0.07877	0.08589	0.05403	0.26808	0.33408	0.29351	0.63856	0.37960	0.21533	0.30210	0.31537	0.30795	0.17064	0.16539	0.12796	0.04372	0.15329	0.27821
43550	0.08016	0.08980	0.05714	0.27022	0.33616	0.29612	0.63898	0.38025	0.21655	0.30333	0.31705	0.30925	0.17026	0.16215	0.12858	0.04190	0.15090	0.27603
43720	0.07879	0.08739	0.05495	0.26632	0.33321	0.29238	0.63607	0.37867	0.21462	0.30143	0.31508	0.30668	0.17201	0.16606	0.13119	0.04510	0.15428	0.27917
43880	0.08133	0.09049	0.05583	0.26944	0.33581	0.29676	0.64049	0.38678	0.21933	0.30460	0.31827	0.30964	0.17085	0.16300	0.12787	0.04384	0.15203	0.27609
44040	0.08061	0.08996	0.05744	0.26862	0.33512	0.29583	0.64380	0.38262	0.21819	0.30481	0.31819	0.31029	0.17285	0.16542	0.12863	0.04443	0.15332	0.27748
44210	0.07900	0.08775	0.05402	0.26746	0.33368	0.29413	0.64353	0.38193	0.21518	0.30090	0.31582	0.30786	0.17010	0.16148	0.12627	0.04329	0.15061	0.27563	26.94	5.9	0.00	7.34	0.01272	0.01290	0.01657	0.00786	0.00585	0.00641	0.00468	0.01266	0.01685	0.00681	0.00701	0.00895	0.01490	0.01095	0.01197	0.00219	0.00623	0.00875
44370	0.08189	0.09262	0.05865	0.27043	0.33881	0.29960	0.64578	0.38574	0.22097	0.30524	0.32042	0.31085	0.17461	0.16663	0.13019	0.05085	0.15623	0.28002
44530	0.08105	0.09123	0.05715	0.26917	0.33628	0.29590	0.63717	0.38215	0.21768	0.30334	0.31761	0.30925	0.17323	0.16684	0.13030	0.04768	0.15365	0.27788
44700	0.07852	0.08868	0.05607	0.26775	0.33506	0.29505	0.64155	0.38433	0.21786	0.30291	0.31695	0.30886	0.16958	0.16199	0.12623	0.04224	0.15056	0.27536
44860	0.07736	0.08634	0.05462	0.26434	0.33194	0.29286	0.63172	0.37994	0.21349	0.30058	0.31563	0.30734	0.16907	0.16197	0.12832	0.04686	0.15223	0.27828
45020	0.08174	0.08919	0.05753	0.26818	0.33504	0.29542	0.64130	0.38183	0.21654	0.30351	0.31666	0.30891	0.16999	0.16553	0.12603	0.04750	0.15232	0.27705
45190	0.07878	0.08631	0.05564	0.26617	0.33290	0.29280	0.63769	0.38049	0.21453	0.30058	0.31531	0.30648	0.17298	0.16498	0.13157	0.04761	0.15504	0.27974
45350	0.08113	0.09154	0.05726	0.26968	0.33575	0.29585	0.64287	0.38257	0.21904	0.30452	0.31907	0.30981	0.17021	0.16203	0.12652	0.04452	0.15173	0.27622
45520	0.08008	0.08947	0.05704	0.27030	0.33736	0.29813	0.63903	0.38457	0.21963	0.30524	0.31934	0.31084	0.17185	0.16309	0.13182	0.04444	0.15282	0.27782
45680	0.07875	0.08953	0.05685	0.26789	0.33504	0.29544	0.64373	0.38371	0.21633	0.30288	0.31779	0.30929	0.16996	0.16508	0.12795	0.04574	0.15277	0.27749
45850	0.07821	0.09225	0.05443	0.26814	0.33479	0.29559	0.64655	0.38084	0.21830	0.30262	0.31750	0.30759	0.16969	0.16346	0.12779	0.04078	0.15165	0.27690	26.94	6.3	0.00	7.44	0.01272	0.01290	0.01657	0.00786	0.00585	0.00641	0.00468	0.01266	0.01685	0.00681	0.00701	0.00895	0.01490	0.01095	0.01197	0.00219	0.00623	0.00875
46010	0.07901	0.08757	0.05327	0.26646	0.33306	0.29328	0.63379	0.37655	0.21286	0.30047	0.31507	0.30522	0.16920	0.16405	0.12665	0.04078	0.15115	0.27675
46180	0.07905	0.08976	0.05572	0.26801	0.33484	0.29446	0.63662	0.38133	0.21584	0.30231	0.31844	0.30812	0.17405	0.16615	0.12923	0.04488	0.15470	0.27961
46340	0.08258	0.09035	0.05726	0.27060	0.33803	0.29706	0.64029	0.38625	0.21936	0.30554	0.32050	0.31002	0.17315	0.16436	0.12905	0.04507	0.15335	0.27780
46500	0.07861	0.08998	0.05532	0.26784	0.33799	0.29780	0.64139	0.38673	0.22208	0.30579	0.32165	0.31097	0.17258	0.16582	0.13047	0.04853	0.15537	0.27947
46670	0.08035	0.09005	0.05765	0.26882	0.33665	0.29514	0.64146	0.38224	0.21688	0.30182	0.31727	0.30796	0.17092	0.16388	0.13069	0.04503	0.15393	0.27915
46830	0.07928	0.08901	0.05697	0.27004	0.33744	0.29685	0.64577	0.38494	0.21779	0.30433	0.32000	0.30891	0.17062	0.16145	0.12839	0.04332	0.15118	0.27523
46990	0.07881	0.08924	0.05304	0.26523	0.33290	0.29201	0.63362	0.37879	0.21532	0.29957	0.31639	0.30683	0.17186	0.16556	0.13083	0.04820	0.15470	0.28000
47160	0.08076	0.08977	0.05567	0.26868	0.33588	0.29537	0.64320	0.38440	0.21736	0.30306	0.31918	0.30910	0.17033	0.16082	0.12660	0.04492	0.15123	0.27573
47320	0.07973	0.08958	0.05814	0.26864	0.33702	0.29520	0.64391	0.38280	0.21830	0.30221	0.31905	0.30903	0.17056	0.16423	0.13040	0.04183	0.15136	0.27591
47490	0.07868	0.08821	0.05487	0.26727	0.33545	0.29405	0.64744	0.38360	0.21590	0.30226	0.31843	0.30801	0.17044	0.16142	0.12785	0.03919	0.14883	0.27409	26.88	6.0	0.00	7.40	0.01272	0.01290	0.01657	0.00786	0.00585	0.00641	0.00468	0.01266	0.01685	0.00681	0.00701	0.00895	0.01490	0.01095	0.01197	0.00219	0.00623	0.00875
47650	0.08139	0.08901	0.05793	0.26864	0.33871	0.29639	0.64634	0.38480	0.21900	0.30549	0.31960	0.31102	0.17328	0.16488	0.12848	0.04568	0.15361	0.27721
47810	0.07992	0.08718	0.05391	0.26583	0.33337	0.29174	0.63660	0.38095	0.21545	0.30057	0.31587	0.30789	0.17211	0.16471	0.13136	0.04508	0.15274	0.27813
47980	0.07902	0.08934	0.05574	0.26838	0.33661	0.29413	0.63470	0.38087	0.21784	0.30281	0.31715	0.30899	0.16973	0.16495	0.12681	0.04173	0.14952	0.27432
48140	0.07892	0.08732	0.05491	0.26592	0.33481	0.29274	0.63677	0.38101	0.21706	0.30088	0.31653	0.30629	0.17248	0.16626	0.13106	0.04392	0.15250	0.27822
48310	0.07977	0.08941	0.05670	0.26681	0.33765	0.29472	0.63692	0.38164	0.21798	0.30445	0.31961	0.31043	0.17141	0.16371	0.12767	0.04158	0.14897	0.27368
48470	0.07995	0.09182	0.05656	0.26835	0.33783	0.29708	0.64044	0.38126	0.21983	0.30528	0.31930	0.31072	0.17305	0.16256	0.12896	0.04676	0.15340	0.27744
48640	0.07965	0.08761	0.05503	0.26716	0.33408	0.29305	0.63147	0.38076	0.21363	0.30069	0.31602	0.30827	0.17152	0.16458	0.12961	0.04024	0.15174	0.27764
48800	0.08221	0.08982	0.05651	0.26840	0.33686	0.29503	0.63895	0.38197	0.21616	0.30186	0.31728	0.30828	0.17154	0.16279	0.12866	0.04132	0.15137	0.27628
48960	0.07965	0.08833	0.05629	0.26666	0.33397	0.29308	0.64010	0.38127	0.21488	0.30062	0.31706	0.30757	0.17011	0.16501	0.12752	0.04042	0.15089	0.27573
49130	0.07864	0.08739	0.05494	0.26721	0.33607	0.29457	0.63955	0.38480	0.21625	0.30321	0.31875	0.30950	0.17480	0.16842	0.13213	0.04786	0.15670	0.28116	26.94	5.9	0.00	7.51	0.01272	0.01290	0.01657	0.00786	0.00585	0.00641	0.00468	0.01266	0.01685	0.00681	0.00701	0.00895	0.01490	0.01095	0.01197	0.00219	0.00623	0.00875
49290	0.08200	0.09196	0.05836	0.27068	0.33931	0.29767	0.63821	0.38400	0.21955	0.30473	0.32026	0.31208	0.17358	0.17016	0.13160	0.04771	0.15546	0.28013
49460	0.08227	0.09042	0.05712	0.27033	0.33904	0.29689	0.63660	0.38399	0.22045	0.30436	0.32024	0.31114	0.17157	0.16645	0.13151	0.04559	0.15456	0.27878
49620	0.07858	0.08640	0.05618	0.26859	0.33616	0.29499	0.63855	0.38094	0.21716	0.30181	0.31731	0.30876	0.16868	0.16188	0.12904	0.03918	0.14906	0.27409
49780	0.07611	0.08624	0.05313	0.26415	0.33181	0.29085	0.63716	0.37805	0.21164	0.30035	0.31553	0.30646	0.17324	0.16906	0.13207	0.04495	0.15542	0.27939
49940	0.08237	0.09048	0.05737	0.26897	0.33622	0.29489	0.64175	0.38422	0.21819	0.30442	0.31830	0.31095	0.17152	0.16527	0.12934	0.04499	0.15459	0.27883
50110	0.07827	0.08787	0.05505	0.26806	0.33378	0.29194	0.63821	0.37921	0.21400	0.30166	0.31627	0.30794	0.17502	0.16569	0.13125	0.04656	0.15571	0.27984
50270	0.08217	0.09193	0.05697	0.27194	0.33862	0.29776	0.64043	0.38238	0.21903	0.30514	0.31946	0.31046	0.17254	0.16579	0.12736	0.04563	0.15234	0.27735
50430	0.07713	0.08599	0.05364	0.26698	0.33460	0.29422	0.64224	0.37860	0.21612	0.30298	0.31769	0.30831	0.17021	0.16581	0.12796	0.04276	0.15319	0.27740
50600	0.08098	0.08819	0.05503	0.26854	0.33599	0.29559	0.63303	0.38168	0.21676	0.30343	0.31792	0.30925	0.17072	0.16225	0.12846	0.04149	0.15255	0.27682
50760	0.07941	0.08540	0.05286	0.26672	0.33278	0.29288	0.64045	0.38007	0.21516	0.30028	0.31515	0.30643	0.16745	0.16136	0.12684	0.04196	0.15004	0.27446	27.00	5.9	0.00	7.38	0.01272	0.01290	0.01657	0.00786	0.00585	0.00641	0.00468	0.01266	0.01685	0.00681	0.00701	0.00894	0.01490	0.01095	0.01197	0.00219	0.00623	0.00875
50920	0.07933	0.09289	0.05889	0.27200	0.33974	0.29907	0.64964	0.38733	0.22139	0.30660	0.32000	0.31095	0.17361	0.16731	0.13017	0.04785	0.15627	0.28057
51090	0.08186	0.08993	0.05741	0.27095	0.33814	0.29722	0.64008	0.38284	0.21888	0.30507	0.31943	0.30966	0.17004	0.16486	0.12830	0.04528	0.15389	0.27863
51250	0.08017	0.08659	0.05462	0.26910	0.33551	0.29542	0.63519	0.38158	0.21669	0.30363	0.31882	0.30936	0.16802	0.16304	0.12839	0.04405	0.15295	0.27558
51410	0.07577	0.08797	0.05290	0.26574	0.33292	0.29295	0.64125	0.38098	0.21419	0.30173	0.31560	0.30706	0.16908	0.16443	0.13054	0.04502	0.15605	0.28026
51580	0.07984	0.08794	0.05484	0.26983	0.33752	0.29585	0.63590	0.38503	0.21845	0.30394	0.31755	0.30903	0.17036	0.16351	0.12808	0.04140	0.15278	0.27748
51740	0.07839	0.09048	0.05470	0.26756	0.33493	0.29425	0.63942	0.38215	0.21574	0.30300	0.31617	0.30701	0.17082	0.16487	0.13012	0.04058	0.15495	0.28022
51910	0.08131	0.09001	0.05593	0.27015	0.33805	0.29750	0.64627	0.38444	0.21740	0.30510	0.32007	0.31107	0.17212	0.16233	0.12911	0.04129	0.15245	0.27591
52070	0.07936	0.08856	0.05601	0.26905	0.33818	0.29725	0.65016	0.38642	0.21989	0.30597	0.31943	0.31060	0.17265	0.16747	0.13088	0.04651	0.15596	0.27986
52230	0.08107	0.08726	0.05540	0.26899	0.33604	0.29462	0.64076	0.38301	0.21795	0.30281	0.31718	0.30829	0.17185	0.16329	0.12662	0.04099	0.15417	0.27872
52400	0.07769	0.08835	0.05594	0.27038	0.33763	0.29625	0.64405	0.38649	0.21781	0.30371	0.31807	0.30880	0.17004	0.16453	0.12763	0.04124	0.15214	0.27704	26.94	6.2	0.00	7.49	0.01272	0.01290	0.01657	0.00786	0.00585	0.00641	0.00468	0.01266	0.01685	0.00681	0.00701	0.00894	0.01490	0.01095	0.01197	0.00219	0.00623	0.00875
52560	0.07952	0.08692	0.05446	0.26862	0.33545	0.29371	0.63471	0.38083	0.21500	0.30378	0.31705	0.30757	0.17084	0.16480	0.13215	0.04314	0.15517	0.28015
52730	0.08123	0.09065	0.05683	0.27040	0.33654	0.29599	0.64559	0.38248	0.21770	0.30382	0.31961	0.30970	0.17353	0.16743	0.13443	0.04541	0.15772	0.28153
52890	0.08190	0.09145	0.05732	0.27181	0.33864	0.29793	0.64276	0.38565	0.22204	0.30638	0.32108	0.31135	0.17224	0.16656	0.13035	0.04586	0.15575	0.28047
53050	0.08024	0.08989	0.05770	0.27171	0.33804	0.29714	0.63684	0.38097	0.21863	0.30394	0.31930	0.30987	0.17012	0.16581	0.12780	0.04280	0.15369	0.27836
53220	0.07834	0.08927	0.05505	0.26856	0.33611	0.29503	0.63586	0.38383	0.21710	0.30343	0.31827	0.30842	0.17024	0.16053	0.12366	0.04012	0.15066	0.27461
53380	0.07655	0.08520	0.05329	0.26567	0.33281	0.29190	0.63681	0.38075	0.21353	0.30181	0.31641	0.30758	0.17204	0.16522	0.13154	0.04269	0.15691	0.28109
53550	0.08460	0.09307	0.05834	0.27128	0.33880	0.29642	0.64532	0.38689	0.22055	0.30453	0.31866	0.31034	0.17116	0.16504	0.12937	0.04433	0.15585	0.27971
53710	0.08123	0.09092	0.05690	0.26983	0.33830	0.29698	0.64119	0.38442	0.21793	0.30420	0.31893	0.30949	0.17097	0.16442	0.12845	0.04500	0.15450	0.27807
53870	0.08032	0.08837	0.05495	0.26776	0.33712	0.29492	0.64386	0.38133	0.21575	0.30407	0.31854	0.30848	0.16627	0.16035	0.12540	0.04012	0.15030	0.27564
54040	0.07978	0.08971	0.05601	0.26906	0.33750	0.29768	0.64597	0.38603	0.21919	0.30644	0.32090	0.31078	0.16977	0.16219	0.12737	0.04602	0.15578	0.27950	26.94	6.1	0.00	7.41	0.01272	0.01290	0.01657	0.00786	0.00585	0.00641	0.00468	0.01266	0.01685	0.00681	0.00701	0.00894	0.01490	0.01095	0.01197	0.00219	0.00623	0.00875
54200	0.08036	0.08757	0.05428	0.26804	0.33661	0.29549	0.64431	0.38251	0.21780	0.30427	0.32007	0.30963	0.16966	0.16225	0.12726	0.04419	0.15494	0.27871
54360	0.07903	0.09085	0.05645	0.26964	0.33828	0.29814	0.64622	0.38416	0.21815	0.30571	0.32057	0.31003	0.17290	0.16292	0.12848	0.04416	0.15543	0.27966
54530	0.07983	0.08783	0.05617	0.26941	0.33827	0.29660	0.64186	0.38341	0.21749	0.30421	0.31921	0.30912	0.17060	0.16038	0.12764	0.04229	0.15343	0.27724
54690	0.07953	0.09189	0.05762	0.27070	0.34015	0.29882	0.64492	0.38827	0.22121	0.30834	0.32215	0.31173	0.17358	0.16166	0.13073	0.04609	0.15643	0.28103
54850	0.08058	0.08775	0.05574	0.26966	0.33680	0.29612	0.63292	0.38548	0.21807	0.30490	0.31902	0.30989	0.17105	0.16441	0.12895	0.04632	0.15731	0.28201
55020	0.08027	0.08838	0.05479	0.27046	0.33716	0.29639	0.63812	0.38202	0.21769	0.30410	0.31865	0.30826	0.16934	0.16513	0.12774	0.04349	0.15484	0.27964
55180	0.07898	0.08862	0.05451	0.26878	0.33759	0.29724	0.63903	0.38160	0.21547	0.30529	0.31882	0.30933	0.16935	0.16381	0.12939	0.04621	0.15754	0.28228
55350	0.07968	0.09237	0.05632	0.27174	0.33969	0.29908	0.64125	0.38351	0.21745	0.30660	0.32067	0.31111	0.16997	0.16347	0.12798	0.04498	0.15506	0.27940
55510	0.07896	0.08943	0.05543	0.26859	0.33599	0.29589	0.64468	0.38010	0.21432	0.30451	0.32016	0.30870	0.17383	0.16721	0.13037	0.04882	0.16131	0.28621
55680	0.08273	0.09109	0.05755	0.27335	0.34072	0.29918	0.64712	0.38614	0.21904	0.30733	0.32066	0.31210	0.17282	0.16520	0.12890	0.04618	0.15849	0.28304	27.00	6.1	0.00	7.36	0.01272	0.01290	0.01657	0.00786	0.00585	0.00641	0.00468	0.01266	0.01685	0.00681	0.00701	0.00894	0.01490	0.01095	0.01197	0.00219	0.00623	0.00875
55840	0.07913	0.08950	0.05695	0.27237	0.33959	0.30078	0.64298	0.38228	0.21670	0.30633	0.32013	0.31136	0.17140	0.16400	0.12684	0.04700	0.15654	0.28090
56000	0.07890	0.08823	0.05514	0.26976	0.33728	0.29612	0.63355	0.38227	0.21283	0.30471	0.31852	0.30905	0.16996	0.16363	0.12841	0.04548	0.15709	0.28194
56170	0.07995	0.09078	0.05551	0.27216	0.33987	0.30018	0.63868	0.38457	0.21649	0.30795	0.32145	0.31225	0.17598	0.16829	0.13275	0.05144	0.16277	0.28681
56330	0.08430	0.09121	0.05960	0.27675	0.34267	0.30274	0.64709	0.38673	0.21982	0.30927	0.32315	0.31416	0.17467	0.16751	0.13239	0.05241	0.16149	0.28598
56500	0.08070	0.08862	0.05613	0.27360	0.34074	0.29936	0.63932	0.38311	0.21617	0.30641	0.32086	0.31118	0.17068	0.16241	0.12587	0.04589	0.15670	0.28118
56660	0.07703	0.08968	0.05575	0.27118	0.33898	0.29897	0.63563	0.37953	0.21457	0.30595	0.31828	0.30973	0.17013	0.16285	0.13002	0.04764	0.15904	0.28394
56820	0.08051	0.08863	0.05760	0.27351	0.34091	0.30065	0.64345	0.38598	0.21704	0.30759	0.32121	0.31172	0.17026	0.16446	0.12756	0.04641	0.15609	0.28131
56990	0.07869	0.09067	0.05541	0.27159	0.34118	0.30104	0.64575	0.38645	0.21843	0.30802	0.32083	0.31245	0.17108	0.16347	0.12666	0.04984	0.15900	0.28355
57150	0.08098	0.08780	0.05633	0.27401	0.34113	0.29994	0.64325	0.38492	0.21642	0.30690	0.32040	0.31153	0.17167	0.16409	0.12749	0.04659	0.15760	0.28197
57320	0.08139	0.09239	0.05754	0.27747	0.34608	0.30448	0.65077	0.38884	0.22233	0.30930	0.32360	0.31397	0.17489	0.16704	0.13127	0.05285	0.16165	0.28663	26.94	6.2	0.00	6.50	0.01272	0.01290	0.01657	0.00786	0.00585	0.00641	0.00468	0.01266	0.01685	0.00681	0.00701	0.00894	0.01490	0.01095	0.01197	0.00219	0.00623	0.00875
57480	0.08187	0.08976	0.05703	0.27586	0.34301	0.30343	0.64133	0.38736	0.21920	0.30822	0.32076	0.31190	0.16933	0.16663	0.13074	0.05140	0.16021	0.28435
57640	0.07834	0.09009	0.05381	0.27317	0.34099	0.30046	0.63512	0.38458	0.21639	0.30619	0.31933	0.31075	0.17109	0.16341	0.12995	0.04916	0.15821	0.28215
57810	0.07673	0.08654	0.05340	0.27033	0.33824	0.29697	0.63651	0.37928	0.21388	0.30288	0.31643	0.30807	0.16910	0.16606	0.13126	0.04965	0.15991	0.28502
57970	0.08126	0.09133	0.05733	0.27498	0.34333	0.30196	0.64287	0.38288	0.21742	0.30612	0.31928	0.31021	0.17058	0.16429	0.12900	0.04767	0.15740	0.28212
58140	0.08370	0.08967	0.05740	0.27372	0.34226	0.30178	0.64546	0.38687	0.21732	0.30764	0.32144	0.31205	0.17107	0.16213	0.12695	0.04763	0.15676	0.28159
58300	0.07704	0.08822	0.05572	0.27207	0.34078	0.29930	0.63756	0.38397	0.21571	0.30473	0.31864	0.31096	0.17241	0.16237	0.12775	0.04760	0.15663	0.28199
58460	0.08008	0.09092	0.05662	0.27477	0.34422	0.30233	0.64042	0.38614	0.22012	0.30758	0.32094	0.31318	0.17275	0.16553	0.13101	0.05065	0.15966	0.28526
58630	0.07984	0.08867	0.05531	0.27386	0.34232	0.29999	0.64392	0.38207	0.21668	0.30488	0.31824	0.30945	0.16958	0.16714	0.13108	0.04901	0.15859	0.28382
58790	0.08012	0.08866	0.05590	0.27338	0.34107	0.30080	0.64174	0.38217	0.21633	0.30636	0.32015	0.31078	0.17078	0.16372	0.12482	0.04734	0.15620	0.28058
58960	0.07820	0.08830	0.05378	0.27029	0.33893	0.29698	0.63981	0.38229	0.21439	0.30314	0.31822	0.30843	0.17313	0.16590	0.12990	0.05233	0.16148	0.28536	27.00	6.1	0.00	7.43	0.01272	0.01290	0.01657	0.00786	0.00585	0.00641	0.00468	0.01266	0.01685	0.00681	0.00701	0.00894	0.01490	0.01095	0.01197	0.00219	0.00623	0.00875
59120	0.08317	0.09115	0.05700	0.27474	0.34203	0.30062	0.63930	0.38591	0.21841	0.30609	0.32075	0.31159	0.17197	0.16448	0.13096	0.05013	0.15811	0.28185
59280	0.07980	0.09207	0.05688	0.27647	0.34379	0.30300	0.65048	0.38554	0.21937	0.30910	0.32150	0.31252	0.17423	0.16698	0.13334	0.05173	0.16065	0.28492
59450	0.08143	0.08975	0.05596	0.27303	0.34200	0.30007	0.64160	0.38284	0.21745	0.30512	0.31899	0.31015	0.17082	0.16409	0.12900	0.04845	0.15700	0.28092
59610	0.07908	0.09110	0.05752	0.27265	0.34138	0.30095	0.64460	0.38478	0.21785	0.30627	0.31956	0.31037	0.16977	0.16492	0.12838	0.04767	0.15611	0.28017
59780	0.07882	0.08790	0.05702	0.27168	0.34245	0.30258	0.64282	0.38670	0.21908	0.30871	0.32201	0.31327	0.17526	0.16625	0.13196	0.05270	0.15866	0.28317
59940	0.07941	0.08909	0.05541	0.27293	0.33960	0.29901	0.64125	0.38364	0.21544	0.30519	0.31881	0.31035	0.16992	0.16162	0.12819	0.04495	0.15541	0.27974
60100	0.07620	0.08904	0.05659	0.27050	0.34241	0.30199	0.64896	0.38898	0.22320	0.30906	0.32276	0.31391	0.17440	0.16942	0.12940	0.05222	0.16147	0.28544
60270	0.08243	0.09097	0.05518	0.27520	0.34218	0.30157	0.64419	0.38423	0.21640	0.30673	0.31914	0.31084	0.17262	0.16458	0.13165	0.04864	0.15835	0.28267
60430	0.08080	0.08628	0.05469	0.27308	0.34030	0.30107	0.64338	0.38213	0.21708	0.30669	0.31949	0.31199	0.17203	0.16446	0.12864	0.04797	0.15669	0.28050
60590	0.07652	0.08738	0.05361	0.26966	0.33804	0.29751	0.63536	0.38155	0.21523	0.30482	0.31644	0.30960	0.17202	0.16345	0.13135	0.04979	0.15887	0.28333	27.00	6.1	0.00	7.44	0.01272	0.01290	0.01657	0.00786	0.00585	0.00641	0.00468	0.01266	0.01685	0.00681	0.00701	0.00894	0.01490	0.01095	0.01197	0.00219	0.00623	0.00875
60760	0.07930	0.09117	0.05701	0.27384	0.34171	0.30097	0.64529	0.38096	0.21656	0.30674	0.31952	0.31134	0.17024	0.16476	0.12988	0.04629	0.15667	0.28041
60920	0.07864	0.08808	0.05456	0.27118	0.33808	0.29890	0.63348	0.38027	0.21395	0.30571	0.31805	0.31010	0.17444	0.16878	0.12855	0.04837	0.15855	0.28339
61090	0.08127	0.09001	0.05675	0.27388	0.34126	0.30232	0.64039	0.38207	0.21751	0.30851	0.32052	0.31240	0.17157	0.16235	0.12831	0.04643	0.15800	0.28100
61250	0.08091	0.09034	0.05721	0.27410	0.34215	0.30236	0.63922	0.38377	0.21769	0.30883	0.32222	0.31392	0.17322	0.16347	0.13059	0.05147	0.16000	0.28371
61410	0.07839	0.08946	0.05568	0.27273	0.33984	0.29948	0.63411	0.38101	0.21564	0.30665	0.31981	0.31061	0.16983	0.16399	0.13015	0.04908	0.15936	0.28306
61580	0.07963	0.08943	0.05533	0.27411	0.34227	0.30243	0.64423	0.38466	0.21717	0.30839	0.32142	0.31346	0.17121	0.16338	0.12821	0.04867	0.15821	0.28131
61740	0.07884	0.08843	0.05481	0.27343	0.34208	0.30279	0.64140	0.38491	0.21804	0.30990	0.32208	0.31461	0.17278	0.16428	0.13068	0.04998	0.15860	0.28252
61910	0.08003	0.08694	0.05632	0.27349	0.34160	0.30234	0.64350	0.38215	0.21776	0.30846	0.32207	0.31349	0.17352	0.16452	0.13133	0.05191	0.16055	0.28374
62070	0.07950	0.08835	0.05454	0.27255	0.34075	0.30049	0.64279	0.38120	0.21463	0.30770	0.32016	0.31279	0.17148	0.16201	0.13004	0.04964	0.16037	0.28396
62240	0.07957	0.08827	0.05445	0.27286	0.33984	0.29924	0.64081	0.37887	0.21339	0.30719	0.31990	0.31065	0.17339	0.16461	0.13190	0.05314	0.16183	0.28644	27.00	6.1	0.00	7.35	0.01272	0.01290	0.01656	0.00786	0.00585	0.00641	0.00468	0.01266	0.01685	0.00681	0.00701	0.00894	0.01490	0.01095	0.01197	0.00219	0.00623	0.00875
62400	0.08215	0.09076	0.05558	0.27541	0.34331	0.30286	0.64020	0.38181	0.21752	0.31040	0.32309	0.31417	0.17401	0.16520	0.12883	0.05001	0.15774	0.28217
62570	0.08238	0.09137	0.05823	0.27610	0.34435	0.30465	0.64443	0.38918	0.22207	0.31277	0.32518	0.31691	0.17546	0.16879	0.13286	0.05597	0.16289	0.28699
62730	0.08278	0.08915	0.05532	0.27339	0.34042	0.30109	0.63905	0.38253	0.21715	0.30945	0.32158	0.31337	0.17041	0.16409	0.12954	0.04993	0.15861	0.28344
62890	0.07873	0.08844	0.05401	0.27230	0.33932	0.29876	0.63922	0.38306	0.21616	0.30711	0.32028	0.31168	0.17240	0.16522	0.13251	0.05101	0.16089	0.28551
63060	0.08055	0.09092	0.05539	0.27487	0.34162	0.30122	0.63729	0.38419	0.21658	0.30930	0.32177	0.31334	0.17214	0.16679	0.12889	0.05109	0.15744	0.28242
63220	0.07881	0.08791	0.05426	0.27236	0.34062	0.29931	0.64066	0.38290	0.21619	0.30884	0.32193	0.31318	0.17307	0.16740	0.13224	0.05497	0.16297	0.28670
63390	0.08199	0.09137	0.05881	0.27569	0.34366	0.30251	0.64653	0.38380	0.21927	0.31150	0.32404	0.31544	0.17472	0.16507	0.12968	0.05210	0.15988	0.28436
63550	0.08059	0.08837	0.05445	0.27259	0.34201	0.30168	0.63883	0.38537	0.21831	0.30958	0.32276	0.31386	0.17284	0.16375	0.12974	0.05273	0.15962	0.28388
63710	0.07905	0.08753	0.05459	0.27324	0.34051	0.29980	0.64406	0.38064	0.21661	0.30761	0.32048	0.31186	0.16804	0.16126	0.12744	0.04982	0.15586	0.28042
63880	0.07911	0.08911	0.05618	0.27364	0.34288	0.30313	0.64208	0.38927	0.21849	0.30953	0.32374	0.31459	0.17429	0.16658	0.13006	0.05337	0.16171	0.28497	27.00	6.1	0.00	7.37	0.01272	0.01290	0.01656	0.00786	0.00585	0.00641	0.00468	0.01266	0.01685	0.00681	0.00701	0.00894	0.01490	0.01095	0.01197	0.00219	0.00623	0.00875
64040	0.07818	0.08936	0.05538	0.27062	0.33895	0.29903	0.64147	0.38171	0.21551	0.30711	0.32024	0.31173	0.16913	0.16249	0.12511	0.04606	0.15658	0.28112
64200	0.08142	0.09098	0.05670	0.27333	0.34307	0.30346	0.64394	0.38494	0.22016	0.30960	0.32277	0.31432	0.17266	0.16466	0.13032	0.05102	0.16106	0.28450
64370	0.07889	0.08706	0.05370	0.27182	0.34012	0.30008	0.64352	0.38155	0.21546	0.30801	0.32117	0.31205	0.16820	0.15982	0.12413	0.04666	0.15608	0.28010
64530	0.07936	0.08952	0.05544	0.27292	0.34323	0.30280	0.64142	0.38608	0.22220	0.31064	0.32362	0.31583	0.17357	0.16656	0.13112	0.05568	0.16286	0.28617
64690	0.07836	0.08677	0.05341	0.27165	0.34021	0.29940	0.64079	0.38008	0.21619	0.30657	0.31990	0.31221	0.16712	0.16287	0.12828	0.04968	0.15795	0.28187
64860	0.07984	0.08997	0.05594	0.27339	0.34296	0.30306	0.64597	0.38691	0.21861	0.30939	0.32194	0.31426	0.17166	0.16638	0.13153	0.05266	0.16128	0.28480
65020	0.07761	0.08976	0.05436	0.27192	0.33923	0.29965	0.63599	0.38287	0.21550	0.30647	0.31838	0.31090	0.16803	0.16131	0.12674	0.04591	0.15561	0.27958
65180	0.07569	0.08486	0.05223	0.26702	0.33680	0.29536	0.63233	0.37641	0.21265	0.30473	0.31695	0.30911	0.16975	0.16643	0.12915	0.04994	0.16145	0.28476
65350	0.08182	0.09186	0.05425	0.27183	0.34075	0.29927	0.64399	0.38459	0.21835	0.30797	0.32175	0.31394	0.17288	0.16337	0.12806	0.05102	0.15992	0.28248
65510	0.07960	0.08788	0.05409	0.26944	0.33742	0.29626	0.64155	0.37977	0.21117	0.30420	0.31613	0.30958	0.17253	0.16724	0.13228	0.05602	0.16266	0.28671	27.00	6.1	0.00	7.43	0.01272	0.01290	0.01656	0.00786	0.00585	0.00641	0.00468	0.01266	0.01685	0.00681	0.00701	0.00894	0.01490	0.01095	0.01197	0.00219	0.00623	0.00875
65670	0.08318	0.09013	0.05515	0.27352	0.34240	0.30073	0.64292	0.38499	0.21830	0.30781	0.32024	0.31176	0.17234	0.16461	0.12848	0.05583	0.15961	0.28188
65840	0.08147	0.08885	0.05484	0.27224	0.34132	0.30076	0.64248	0.38398	0.22019	0.30942	0.32060	0.31403	0.17452	0.16382	0.12953	0.05550	0.16048	0.28187
66000	0.07947	0.08927	0.05335	0.26988	0.33881	0.29861	0.63385	0.38206	0.21536	0.30619	0.31903	0.31142	0.17062	0.16106	0.12672	0.05583	0.15759	0.28030
66160	0.07600	0.08675	0.05171	0.26708	0.33665	0.29520	0.63468	0.37700	0.21244	0.30408	0.31636	0.30895	0.17350	0.16555	0.13129	0.05587	0.16385	0.28648
66330	0.08314	0.08882	0.05760	0.27387	0.34255	0.30176	0.64483	0.38596	0.21779	0.30886	0.32030	0.31365	0.17445	0.16597	0.13075	0.05714	0.16113	0.28427
66490	0.08042	0.09014	0.05720	0.27347	0.34244	0.30193	0.64690	0.38892	0.21949	0.30890	0.32218	0.31449	0.17200	0.16591	0.13021	0.05598	0.16032	0.28319
66650	0.07813	0.08511	0.05235	0.26984	0.33961	0.29783	0.63106	0.37945	0.21617	0.30539	0.31786	0.31166	0.17294	0.16668	0.12998	0.05680	0.16267	0.28530
66820	0.07992	0.08918	0.05625	0.27312	0.34170	0.29961	0.63712	0.37991	0.21503	0.30699	0.31877	0.31280	0.17066	0.16146	0.12658	0.05393	0.15934	0.28306
66980	0.07921	0.08692	0.05382	0.27134	0.33980	0.29898	0.63241	0.38186	0.21406	0.30560	0.31648	0.30988	0.17102	0.16680	0.12896	0.05725	0.16168	0.28449
67140	0.07908	0.08859	0.05384	0.27298	0.34173	0.30073	0.63920	0.37902	0.21621	0.30780	0.32006	0.31260	0.17095	0.16167	0.13010	0.05467	0.15999	0.28356	27.00	6.2	0.00	7.39	0.01272	0.01290	0.01656	0.00786	0.00585	0.00641	0.00468	0.01266	0.01685	0.00681	0.00701	0.00894	0.01490	0.01095	0.01197	0.00219	0.00623	0.00875
67310	0.07881	0.08899	0.05236	0.27194	0.34091	0.29904	0.63517	0.37946	0.21413	0.30564	0.31824	0.31219	0.17035	0.16381	0.13016	0.05691	0.16331	0.28632
67470	0.08197	0.08969	0.05450	0.27425	0.34464	0.30217	0.64125	0.38205	0.21734	0.30752	0.31981	0.31327	0.17075	0.16267	0.12653	0.05538	0.16084	0.28355
67640	0.08016	0.08857	0.05410	0.27312	0.34258	0.30111	0.63876	0.38293	0.21662	0.30647	0.31921	0.31197	0.17089	0.16400	0.12872	0.05485	0.16134	0.28384
67800	0.07961	0.08818	0.05473	0.27331	0.34442	0.30189	0.63984	0.38105	0.21568	0.30682	0.32047	0.31157	0.16916	0.16292	0.12497	0.05150	0.15825	0.28133
67960	0.07859	0.08926	0.05632	0.27460	0.34561	0.30365	0.64372	0.38603	0.21839	0.31003	0.32303	0.31542	0.17401	0.16670	0.13129	0.05761	0.16356	0.28528
68130	0.07763	0.08706	0.05529	0.27303	0.34260	0.30087	0.63996	0.38034	0.21575	0.30743	0.32164	0.31260	0.17232	0.16494	0.12924	0.05720	0.16325	0.28533
68290	0.07968	0.08761	0.05348	0.27225	0.34131	0.29946	0.63402	0.38164	0.21628	0.30604	0.31990	0.31349	0.17048	0.16215	0.12860	0.05918	0.16306	0.28474
68460	0.07739	0.08547	0.05373	0.27172	0.34083	0.29830	0.63795	0.37983	0.21251	0.30517	0.31822	0.31121	0.17129	0.16507	0.13214	0.05706	0.16463	0.28711
68620	0.08080	0.08936	0.05357	0.27479	0.34491	0.30296	0.63795	0.38302	0.21694	0.30850	0.32218	0.31399	0.17075	0.16289	0.12796	0.05314	0.16076	0.28331
68780	0.08009	0.08934	0.05675	0.27555	0.34485	0.30243	0.64254	0.38373	0.21790	0.30771	0.32259	0.31362	0.17196	0.16414	0.12983	0.05762	0.16407	0.28611	27.00	6.1	0.00	7.44	0.01272	0.01290	0.01656	0.00786	0.00585	0.00641	0.00468	0.01266	0.01685	0.00681	0.00701	0.00894	0.01490	0.01095	0.01197	0.00219	0.00623	0.00875
68950	0.08008	0.08805	0.05458	0.27342	0.34237	0.30119	0.63743	0.37955	0.21526	0.30633	0.32051	0.31198	0.17155	0.16264	0.12838	0.05366	0.16216	0.28497
69110	0.07791	0.08575	0.05537	0.27402	0.34276	0.30089	0.63909	0.37988	0.21731	0.30473	0.31997	0.31201	0.17166	0.16410	0.12858	0.05444	0.16290	0.28506
