WetView ver 7.1	07-17-2018	11:31:58
AC9 Absorption and Attenuation Meter
00000266		; Serial number
2	; structure version number
Reserved
0.000000	0.000000		; Depth calibration
19200			; Baud rate
0.100000			; Path length (meters)
31			; number of temperature calibration bins
				12.59339	13.44920	14.48425	15.49668	16.50852	17.49564	18.50545	19.52458	20.50176	21.48889	22.47318	23.48707	24.50962	25.49370	26.49784	27.51372	28.50746	29.47237	30.47938	31.50214	32.50470	33.49235	34.50337	35.50914	36.50618	37.52058	38.51018	39.51308	40.49994	41.49866	42.47204	; temperature bins
a650	Blue	20.34952		-0.00383	-0.00415	-0.00430	-0.00391	-0.00363	-0.00317	-0.00269	-0.00237	-0.00179	-0.00130	-0.00099	-0.00071	-0.00015	0.00000	0.00004	-0.00001	0.00015	0.00036	0.00058	0.00101	0.00161	0.00132	0.00160	0.00169	0.00242	0.00273	0.00336	0.00365	0.00427	0.00566	0.00670		; offset and temperature correction info
a676	Green	20.51193		-0.00398	-0.00384	-0.00360	-0.00306	-0.00302	-0.00255	-0.00235	-0.00212	-0.00163	-0.00136	-0.00118	-0.00089	-0.00029	0.00000	0.00068	0.00082	0.00099	0.00137	0.00145	0.00212	0.00260	0.00252	0.00321	0.00354	0.00457	0.00535	0.00617	0.00648	0.00742	0.00887	0.01002		; offset and temperature correction info
a715	Brown	20.23230		-0.00421	-0.00394	-0.00391	-0.00291	-0.00264	-0.00192	-0.00204	-0.00179	-0.00188	-0.00239	-0.00180	-0.00187	-0.00099	0.00000	0.00084	0.00162	0.00188	0.00224	0.00321	0.00381	0.00466	0.00528	0.00588	0.00696	0.00859	0.01041	0.01148	0.01282	0.01333	0.01456	0.01617		; offset and temperature correction info
c510	Red	20.40042		-0.00261	-0.00247	-0.00258	-0.00225	-0.00203	-0.00197	-0.00199	-0.00203	-0.00154	-0.00103	-0.00069	-0.00019	-0.00007	0.00000	0.00011	-0.00021	-0.00042	-0.00056	-0.00040	0.00011	0.00036	0.00050	0.00077	0.00079	0.00050	0.00042	0.00043	0.00092	0.00147	0.00200	0.00232		; offset and temperature correction info
c532	Magenta	20.40760		-0.00248	-0.00265	-0.00278	-0.00279	-0.00296	-0.00292	-0.00238	-0.00206	-0.00129	-0.00096	-0.00092	-0.00052	-0.00009	0.00000	0.00007	-0.00049	-0.00136	-0.00107	-0.00079	-0.00065	-0.00074	-0.00105	-0.00152	-0.00192	-0.00236	-0.00269	-0.00252	-0.00233	-0.00172	-0.00128	-0.00067		; offset and temperature correction info
c555	Black	20.50654		-0.00053	-0.00063	-0.00106	-0.00094	-0.00068	-0.00055	-0.00053	-0.00039	-0.00028	-0.00025	-0.00011	-0.00035	-0.00007	0.00000	-0.00037	-0.00055	-0.00036	-0.00014	0.00019	0.00044	0.00032	0.00040	0.00050	0.00028	0.00014	0.00013	0.00030	0.00073	0.00117	0.00176	0.00241		; offset and temperature correction info
a412	LtBlue	17.15231		-0.01972	-0.01823	-0.01612	-0.01381	-0.01272	-0.01080	-0.00959	-0.00866	-0.00710	-0.00532	-0.00354	-0.00148	-0.00028	0.00000	0.00176	0.00297	0.00394	0.00440	0.00453	0.00487	0.00804	0.00856	0.01065	0.01248	0.01388	0.01439	0.01659	0.01881	0.02256	0.02450	0.02719		; offset and temperature correction info
a440	LtGreen	18.00171		-0.00729	-0.00642	-0.00581	-0.00502	-0.00426	-0.00349	-0.00244	-0.00218	-0.00179	-0.00101	-0.00046	-0.00006	0.00036	0.00000	0.00040	0.00045	0.00030	-0.00015	-0.00024	-0.00035	0.00012	-0.00013	-0.00033	-0.00089	-0.00142	-0.00189	-0.00231	-0.00205	-0.00140	-0.00140	-0.00146		; offset and temperature correction info
a488	Yellow	18.86491		-0.00113	-0.00102	-0.00106	-0.00064	-0.00027	-0.00020	-0.00030	-0.00037	-0.00047	-0.00059	-0.00052	-0.00012	0.00008	0.00000	0.00025	0.00012	-0.00013	-0.00043	-0.00065	-0.00076	-0.00025	0.00010	0.00090	0.00111	0.00113	0.00104	0.00073	0.00068	0.00120	0.00186	0.00258		; offset and temperature correction info
c650	Blue	20.46075		-0.00145	-0.00097	-0.00092	-0.00139	-0.00185	-0.00196	-0.00237	-0.00266	-0.00238	-0.00163	-0.00083	-0.00041	-0.00010	0.00000	0.00005	-0.00001	0.00015	0.00034	0.00029	0.00065	0.00101	0.00164	0.00126	0.00156	0.00175	0.00270	0.00287	0.00371	0.00407	0.00473	0.00534		; offset and temperature correction info
c676	Green	20.10118		-0.00170	-0.00144	-0.00149	-0.00177	-0.00188	-0.00194	-0.00198	-0.00196	-0.00177	-0.00156	-0.00140	-0.00091	-0.00033	0.00000	0.00050	0.00092	0.00110	0.00141	0.00167	0.00199	0.00216	0.00265	0.00269	0.00289	0.00315	0.00374	0.00367	0.00408	0.00486	0.00561	0.00646		; offset and temperature correction info
c715	Brown	19.91219		-0.01201	-0.01097	-0.00859	-0.00680	-0.00651	-0.00592	-0.00535	-0.00440	-0.00387	-0.00303	-0.00222	-0.00153	-0.00028	0.00000	0.00093	0.00149	0.00247	0.00322	0.00330	0.00427	0.00373	0.00464	0.00536	0.00551	0.00643	0.00733	0.00779	0.00884	0.00899	0.01021	0.01120		; offset and temperature correction info
a510	Red	19.21192		0.00201	0.00193	0.00158	0.00098	0.00089	0.00049	0.00011	-0.00016	-0.00016	-0.00005	0.00028	0.00025	0.00006	0.00000	0.00035	-0.00022	-0.00023	-0.00080	-0.00144	-0.00154	-0.00153	-0.00204	-0.00220	-0.00219	-0.00190	-0.00128	-0.00069	-0.00018	0.00068	0.00152	0.00241		; offset and temperature correction info
a532	Magenta	19.41084		-0.00097	-0.00072	-0.00060	-0.00081	-0.00062	-0.00071	-0.00040	0.00020	0.00028	0.00043	0.00000	-0.00035	0.00007	0.00000	-0.00011	-0.00059	-0.00080	-0.00098	-0.00137	-0.00162	-0.00163	-0.00130	-0.00073	-0.00018	0.00090	0.00185	0.00175	0.00247	0.00291	0.00327	0.00349		; offset and temperature correction info
a555	Black	19.69776		0.00171	0.00183	0.00183	0.00186	0.00191	0.00170	0.00115	0.00131	0.00097	0.00073	0.00060	0.00013	0.00015	0.00000	0.00014	-0.00029	-0.00066	-0.00082	-0.00116	-0.00139	-0.00134	-0.00167	-0.00119	-0.00093	-0.00048	0.00053	0.00111	0.00095	0.00178	0.00206	0.00273		; offset and temperature correction info
c412	LtBlue	19.91180		-0.02051	-0.01853	-0.01589	-0.01311	-0.01059	-0.00877	-0.00705	-0.00581	-0.00413	-0.00231	-0.00098	-0.00066	-0.00011	0.00000	-0.00013	-0.00085	-0.00170	-0.00170	-0.00302	-0.00330	-0.00429	-0.00551	-0.00626	-0.00775	-0.00978	-0.01181	-0.01113	-0.01108	-0.01116	-0.01192	-0.01291		; offset and temperature correction info
c440	LtGreen	20.06241		-0.01064	-0.00992	-0.00892	-0.00766	-0.00639	-0.00531	-0.00478	-0.00384	-0.00287	-0.00187	-0.00102	-0.00063	-0.00023	0.00000	-0.00007	-0.00053	-0.00090	-0.00119	-0.00169	-0.00197	-0.00226	-0.00257	-0.00260	-0.00289	-0.00394	-0.00470	-0.00481	-0.00493	-0.00520	-0.00580	-0.00620		; offset and temperature correction info
c488	Yellow	20.35984		-0.01125	-0.01082	-0.00966	-0.00833	-0.00726	-0.00661	-0.00579	-0.00500	-0.00389	-0.00278	-0.00167	-0.00113	-0.00041	0.00000	0.00055	0.00121	0.00187	0.00226	0.00222	0.00251	0.00281	0.00359	0.00414	0.00427	0.00401	0.00404	0.00486	0.00563	0.00638	0.00684	0.00718		; offset and temperature correction info
0.003500	0.004000	0.015000	0.020000	0.015000	0.020000	2500.000000	2000.000000	1000.000000	; maxANoise	maxCNoise	maxADifference	maxCDifference	minACounts	minCCounts	minRCounts	maxTempSdev	maxDepthSdev
0			; auxilliary capabilities
1			; acquisition binsize
0	0.36996	0.37054	0.23235	1.93005	1.70319	1.42721	5.41830	3.31082	1.67242	0.96134	0.91104	0.85917	1.31158	1.03697	0.81909	5.49831	3.69787	2.28654	23.93	6.0	0.00	7.37	0.01277	0.01291	0.01681	0.00783	0.00584	0.00640	0.00469	0.01269	0.01691	0.00682	0.00699	0.00905	0.01493	0.01099	0.01200	0.00218	0.00619	0.00872
160	0.37181	0.35395	0.23892	1.89317	1.69612	1.42526	5.42137	3.32224	1.69515	1.01790	0.92042	0.82325	1.31930	1.05997	0.82461	5.52039	3.73534	2.30368
330	0.38102	0.37494	0.23770	1.97964	1.73810	1.52841	5.46542	3.34081	1.69373	1.04849	0.97211	0.87252	1.32330	1.06882	0.85486	5.63385	3.79429	2.38655
490	0.40193	0.40153	0.25919	2.03027	1.87854	1.56067	5.44538	3.35086	1.71706	1.18901	1.10273	1.03500	1.32989	1.06799	0.86258	5.68369	3.97005	2.44361
660	0.45596	0.39656	0.28007	2.11395	1.97534	1.79663	5.49873	3.50807	1.84465	1.26089	1.14658	1.04411	1.35850	1.09250	0.87579	5.77998	3.98296	2.50784
820	0.43185	0.41660	0.27068	2.13256	1.96075	1.70645	5.50468	3.42069	1.76206	1.17905	1.10389	1.02638	1.35986	1.07237	0.86694	5.79070	3.87232	2.59421
980	0.41787	0.42100	0.29004	2.19348	2.05254	1.66932	5.49121	3.52391	1.74978	1.15768	1.21922	1.05812	1.36504	1.10242	0.90099	5.70526	3.88043	2.46950
1150	0.41766	0.40458	0.26483	2.08000	2.00723	1.64411	5.49319	3.38280	1.72935	1.29965	1.14932	1.00535	1.35101	1.08880	0.85120	5.80223	3.86969	2.48540
1310	0.40530	0.40942	0.25432	2.09167	1.87242	1.61607	5.48966	3.40512	1.76375	1.13221	1.12607	1.00522	1.34933	1.08398	0.86739	5.66229	3.95031	2.50297
1480	0.40886	0.39146	0.33429	2.14780	1.90069	1.59682	5.51420	3.39268	1.77012	1.11769	1.08660	1.00444	1.40725	1.09614	0.86629	5.65269	3.83000	2.41139
1640	0.43587	0.41052	0.28037	2.08852	1.90439	1.63087	5.53264	3.40433	1.75870	1.19846	1.20204	0.97114	1.37577	1.12193	0.86987	5.80551	3.89968	2.52718	23.93	5.9	0.00	7.35	0.01277	0.01291	0.01681	0.00783	0.00584	0.00640	0.00469	0.01269	0.01691	0.00682	0.00699	0.00905	0.01494	0.01099	0.01200	0.00218	0.00619	0.00872
1810	0.44923	0.40096	0.28608	2.07984	1.94493	1.64193	5.50321	3.39396	1.77228	1.17713	1.10780	1.03731	1.35865	1.11461	0.88124	5.78159	3.91801	2.50592
1970	0.41033	0.40142	0.27133	2.09378	1.86164	1.65922	5.50559	3.40772	1.74867	1.11919	1.02040	0.96585	1.36473	1.08188	0.86479	5.77262	3.85702	2.50734
2130	0.41059	0.39598	0.26732	2.20563	1.87282	1.59151	5.50651	3.45127	1.73361	1.11179	1.05507	0.94902	1.37315	1.11645	0.88332	5.67715	3.88929	2.56120
2300	0.39759	0.38190	0.26268	2.04917	1.78680	1.60890	5.53940	3.37274	1.76550	1.17506	1.05660	0.98896	1.38499	1.09042	0.84665	5.65670	3.85621	2.46546
2460	0.40925	0.42038	0.25893	2.06300	1.83333	1.56261	5.46889	3.36140	1.71945	1.15495	1.11650	0.99512	1.34357	1.07815	0.86474	5.74487	3.87270	2.44913
2630	0.40429	0.40160	0.25604	2.06635	1.85588	1.61434	5.48175	3.36844	1.74743	1.12215	1.04904	0.96107	1.34260	1.08382	0.86369	5.65118	3.84856	2.51959
2790	0.39642	0.40711	0.25624	2.05428	1.89946	1.62689	5.47301	3.36590	1.74383	1.20315	1.10879	1.05623	1.34472	1.09578	0.86004	5.75442	3.87852	2.53375
2950	0.42749	0.42002	0.25925	2.09516	1.90357	1.63721	5.52056	3.38747	1.76834	1.46011	1.17117	1.05900	1.37330	1.10655	0.85912	5.86021	3.92654	2.45918
3120	0.42215	0.42625	0.28671	2.17254	1.90469	1.66753	5.50159	3.42039	1.75081	1.23680	1.10600	1.00489	1.36571	1.12455	0.85585	5.79178	4.01278	2.61388
3280	0.41876	0.41017	0.26417	2.24807	2.03168	1.78128	5.49912	3.40796	1.77469	1.24545	1.26188	1.14040	1.39336	1.09979	0.90718	5.87163	4.09494	2.63732	23.93	6.1	0.00	7.32	0.01277	0.01291	0.01681	0.00783	0.00584	0.00640	0.00469	0.01269	0.01691	0.00682	0.00699	0.00905	0.01494	0.01100	0.01200	0.00218	0.00619	0.00872
3440	0.42265	0.44136	0.28886	2.25191	2.04922	1.74308	5.53060	3.40633	1.74903	1.28916	1.24414	1.13346	1.37968	1.09552	0.88945	5.90963	4.05818	2.61652
3610	0.47108	0.55331	0.33198	2.27793	2.08538	1.78291	5.54026	3.41795	1.78614	1.29560	1.23701	1.18446	1.38259	1.13956	0.89090	6.04388	4.10846	2.73118
3770	0.45305	0.44664	0.27630	2.29109	2.11942	1.77066	5.55356	3.43438	1.79791	1.29859	1.28342	1.23274	1.39570	1.12830	0.89495	6.00619	4.13099	2.62621
3940	0.46054	0.44732	0.28928	2.31827	2.00926	1.75430	5.60154	3.44424	1.79248	1.32716	1.27705	1.20109	1.43338	1.10957	0.88023	5.91448	4.03288	2.60451
4100	0.43490	0.44673	0.27325	2.30249	2.05731	1.78257	5.52301	3.40688	1.75953	1.23320	1.24345	1.12076	1.39518	1.12806	0.95383	5.80439	4.00359	2.59819
4270	0.43074	0.41510	0.27046	2.22229	1.97167	1.75812	5.52825	3.40781	1.80543	1.22743	1.20103	1.29884	1.36492	1.09599	0.86851	5.90465	4.08981	2.59557
4430	0.40997	0.42578	0.26287	2.26722	2.01552	1.73644	5.54110	3.50870	1.80749	1.21163	1.18713	1.12142	1.40135	1.11142	0.87577	5.78188	4.07667	2.57459
4600	0.43275	0.43406	0.26899	2.19715	1.96131	1.69247	5.53533	3.41902	1.75460	1.22660	1.13601	1.12893	1.39607	1.13445	0.88603	5.86801	4.05604	2.60187
4760	0.56393	0.42564	0.27000	2.15988	1.93164	1.76448	5.50590	3.40205	1.73747	1.19804	1.21869	1.14488	1.35837	1.09779	0.87294	5.77251	3.96537	2.53597
4930	0.42295	0.41698	0.27892	2.07227	1.90629	1.69619	5.57485	3.64600	1.79628	1.17345	1.10423	0.98481	1.36334	1.10498	0.86673	5.71553	3.93488	2.49446	23.87	6.2	0.00	7.36	0.01277	0.01292	0.01681	0.00783	0.00584	0.00640	0.00469	0.01269	0.01691	0.00682	0.00699	0.00905	0.01494	0.01099	0.01200	0.00218	0.00619	0.00872
5090	0.41932	0.39941	0.26136	2.12437	1.84420	1.62197	5.50883	3.38950	1.73597	1.19743	1.10963	0.95340	1.34193	1.11755	0.85816	5.69414	3.82048	2.46346
5260	0.41770	0.41349	0.25670	2.06040	1.85776	1.60386	5.47533	3.39329	1.73842	1.11043	1.06808	0.96412	1.32589	1.06396	0.84767	5.62520	3.85232	2.45390
5420	0.40397	0.39305	0.26033	2.03983	1.77092	1.52884	5.50316	3.37700	1.75242	1.08535	1.01143	0.88076	1.35544	1.06957	0.83080	5.62002	3.83684	2.32866
5580	0.38389	0.39361	0.24905	2.00269	1.75446	1.47450	5.46884	3.37328	1.71890	1.03418	0.97841	0.87705	1.32951	1.06218	0.83247	5.57652	3.76112	2.33865
5750	0.37985	0.36464	0.23665	1.92652	1.75841	1.48096	5.44477	3.30878	1.73443	1.00352	0.94914	0.87134	1.33525	1.07219	0.83415	5.57150	3.78224	2.35501
5910	0.38365	0.37313	0.23869	1.96445	1.69743	1.46682	5.44095	3.37079	1.70549	0.97450	0.91879	0.84617	1.32524	1.06160	0.82444	5.54717	3.72062	2.31519
6080	0.37441	0.37452	0.23852	1.93397	1.69693	1.46585	5.45530	3.41122	1.70682	0.99178	0.91392	0.84689	1.33613	1.05351	0.81968	5.53405	3.70312	2.33310
6240	0.37831	0.37096	0.23472	1.95127	1.71813	1.42718	5.41506	3.30024	1.69088	0.94801	0.91593	0.88721	1.30452	1.04199	0.80870	5.52588	3.73052	2.30698
6400	0.37876	0.37042	0.24020	1.91947	1.70408	1.47961	5.41821	3.31977	1.68988	0.96049	0.90331	0.80429	1.30296	1.03903	0.82383	5.48033	3.64452	2.28129
6570	0.38416	0.39344	0.25545	1.91520	1.72493	1.50096	5.63073	3.42192	1.71278	0.99316	0.94263	0.95939	1.34169	1.04695	0.82137	5.62245	3.69144	2.30966	23.93	5.9	0.00	7.40	0.01277	0.01292	0.01681	0.00783	0.00584	0.00640	0.00469	0.01269	0.01691	0.00682	0.00699	0.00905	0.01494	0.01099	0.01200	0.00218	0.00619	0.00872
6730	0.37684	0.37703	0.23620	1.99920	1.76082	1.61908	5.44673	3.31727	1.71199	1.02689	0.98572	0.94931	1.32377	1.04741	0.82150	5.61656	3.76280	2.35844
6890	0.37947	0.37342	0.24808	1.95684	1.69354	1.48393	5.45497	3.34745	1.69886	1.06212	1.04569	0.94948	1.32420	1.05942	0.83427	5.57480	3.75489	2.40668
7060	0.39107	0.38031	0.24435	1.96905	1.83683	1.60472	5.43617	3.32679	1.69167	1.07351	1.05160	0.98793	1.32409	1.06948	0.83420	5.54021	3.73924	2.36385
7220	0.39129	0.36849	0.23734	2.02951	1.80739	1.47759	5.46405	3.32807	1.70026	1.07404	0.99102	0.92418	1.33030	1.04616	0.84315	5.56705	3.72398	2.38543
7390	0.38691	0.38041	0.25593	2.01760	1.78616	1.57062	5.41748	3.33400	1.70936	1.06895	1.02726	0.90549	1.34443	1.06251	0.84675	5.66625	3.81463	2.35138
7550	0.39285	0.39116	0.25994	2.04095	1.84381	1.59730	5.47875	3.40856	1.73272	1.14092	1.05411	0.93381	1.34033	1.08099	0.84304	5.64734	3.90467	2.42369
7720	0.39556	0.39885	0.26642	2.05938	1.90297	1.69843	5.50643	3.34885	1.78419	1.20478	1.24424	1.02265	1.34339	1.09135	0.85748	5.70101	3.90710	2.42333
7880	0.42228	0.43945	0.27628	2.03029	1.86880	1.65405	5.55270	3.41432	1.76982	1.39867	1.45185	1.09447	1.35717	1.07399	0.86727	5.83225	3.97893	2.53193
8040	0.41412	0.40502	0.27268	2.07986	1.93009	1.62762	5.50342	3.39747	1.75777	1.24872	1.12278	1.04525	1.36743	1.11274	0.86195	5.72379	3.89985	2.52202
8210	0.42855	0.41724	0.28751	2.05640	1.93178	1.65868	5.50459	3.48446	1.76493	1.12952	1.09479	0.96740	1.35258	1.14544	0.96057	5.69225	3.86388	2.47136	23.93	6.0	0.00	7.44	0.01277	0.01292	0.01681	0.00783	0.00584	0.00640	0.00469	0.01268	0.01691	0.00682	0.00699	0.00905	0.01493	0.01099	0.01200	0.00218	0.00619	0.00872
8380	0.40447	0.39943	0.25927	2.04146	1.83792	1.61758	5.48743	3.38709	1.71674	1.13295	1.01626	1.01950	1.34826	1.07481	0.92687	5.72083	3.81610	2.43491
8540	0.46099	0.47366	0.32400	2.19211	2.03651	1.85416	5.59849	3.36158	1.73188	1.10775	1.05477	0.98586	1.33890	1.07995	0.84437	5.63463	3.88077	2.40201
8710	0.40124	0.38957	0.24969	2.08786	1.82532	1.52244	5.45262	3.35896	1.71216	1.00060	1.01271	0.91072	1.33471	1.07981	0.84949	5.61257	3.80702	2.35778
8870	0.39233	0.38098	0.24435	2.01220	1.81659	1.62870	5.46462	3.34508	1.70980	0.98595	0.95523	0.90240	1.35099	1.06586	0.84178	5.55397	3.70205	2.30500
9040	0.41619	0.38229	0.25379	1.96241	1.72345	1.49584	5.44729	3.35557	1.69977	1.04206	0.96129	0.87124	1.32124	1.07455	0.83590	5.52457	3.72594	2.29226
9200	0.39064	0.38014	0.26147	1.97705	1.69283	1.50311	5.46406	3.32954	1.69816	0.95333	0.92189	0.86649	1.32780	1.06105	0.83047	5.46983	3.65204	2.28471
9370	0.38021	0.39487	0.24809	1.91153	1.73687	1.45870	5.45337	3.34354	1.71344	0.97141	0.92460	0.82582	1.30440	1.04671	0.83188	5.46358	3.61309	2.23109
9530	0.37894	0.36752	0.25750	1.95351	1.73601	1.44428	5.45945	3.31799	1.68469	0.92602	0.89838	0.81253	1.31363	1.06839	0.84221	5.42789	3.65608	2.22792
9690	0.38873	0.36702	0.22931	1.87030	1.65183	1.40153	5.42685	3.30238	1.68086	0.93247	0.87637	0.76866	1.30923	1.03231	0.81350	5.37272	3.57170	2.17870
9860	0.36649	0.34597	0.22676	1.77034	1.56843	1.33470	5.41041	3.29251	1.68446	0.87660	0.83097	0.76722	1.29417	1.02694	0.80793	5.34159	3.54620	2.18530	23.93	6.2	0.00	7.45	0.01277	0.01292	0.01681	0.00783	0.00584	0.00640	0.00469	0.01268	0.01691	0.00682	0.00699	0.00905	0.01493	0.01099	0.01200	0.00218	0.00619	0.00872
10020	0.35851	0.34161	0.21811	1.77703	1.63271	1.35242	5.39000	3.27776	1.66168	0.88537	0.84829	0.77268	1.27779	1.01932	0.79411	5.38185	3.56073	2.20482
10180	0.36928	0.34288	0.22475	1.77656	1.79506	1.50834	5.40370	3.30291	1.66263	0.88030	0.79622	0.72095	1.29906	1.01741	0.79684	5.37782	3.50665	2.12541
10350	0.35654	0.33760	0.22181	1.78519	1.59536	1.33106	5.40409	3.33518	1.65561	0.86803	0.84063	0.81152	1.30331	1.02702	0.81788	5.34165	3.50602	2.19593
10510	0.40072	0.35559	0.23947	1.79829	1.60165	1.37702	5.39475	3.25533	1.66039	0.87020	0.79982	0.73906	1.28775	1.01572	0.80699	5.35695	3.56748	2.11724
10680	0.36550	0.35040	0.22649	2.49869	1.73567	1.31303	5.38816	3.27970	1.66442	0.85080	0.76887	0.72935	1.28131	1.03021	0.81505	5.41315	3.56515	2.12668
10840	0.37004	0.33844	0.23105	1.77134	1.55959	1.30238	5.39604	3.26751	1.65215	0.82665	0.78030	0.73156	1.29569	1.02250	0.80574	5.32263	3.46669	2.08881
11010	0.36474	0.32908	0.23220	1.75835	1.56860	1.32984	5.38538	3.30053	1.65587	0.83042	0.77785	0.69618	1.29269	1.02386	0.80794	5.31546	3.49474	2.13228
11170	0.36727	0.34589	0.23467	1.74996	1.55090	1.31455	5.39287	3.27584	1.65853	0.84603	0.80265	0.71831	1.28858	1.02520	0.81153	5.34535	3.51991	2.12915
11340	0.37270	0.35220	0.23461	1.77081	1.60657	1.31750	5.40271	3.29346	1.68525	0.88836	0.80586	0.72823	1.30925	1.03272	0.79447	5.36741	3.50187	2.13857
11500	0.36027	0.34000	0.23329	1.75630	1.57662	1.30632	5.37888	3.28738	1.65891	0.82335	0.80519	0.71035	1.27905	1.02158	0.81195	5.33581	3.56932	2.12925	23.99	6.1	0.00	7.35	0.01277	0.01292	0.01681	0.00783	0.00584	0.00640	0.00469	0.01268	0.01691	0.00682	0.00699	0.00905	0.01493	0.01099	0.01200	0.00218	0.00619	0.00872
11670	0.36670	0.34503	0.23236	1.76105	1.54697	1.30916	5.42178	3.28366	1.65268	0.82325	0.78285	0.70656	1.27984	1.01523	0.79785	5.32747	3.49120	2.10233
11830	0.36576	0.33262	0.23275	1.76948	1.54711	1.31448	5.37195	3.28213	1.65798	0.83759	0.78158	0.71125	1.29596	1.02483	0.81226	5.30009	3.47564	2.10555
12000	0.36044	0.34313	0.22800	1.72885	1.52361	1.29197	5.39193	3.26197	1.66168	1.07375	0.77289	0.71707	1.28478	1.01708	0.79837	5.36981	3.53115	2.14970
12160	0.35787	0.33507	0.22827	1.79927	1.59724	1.31088	5.37614	3.25713	1.65357	0.84087	0.79575	0.72166	1.29336	1.01212	0.80504	5.31882	3.45610	2.09614
12320	0.37311	0.34489	0.22757	1.79827	1.55345	1.31094	5.38966	3.30110	1.66585	0.85530	0.79813	0.69586	1.28350	1.01460	0.80110	5.30047	3.48096	2.10738
12490	0.35539	0.33941	0.22095	1.73475	1.50473	1.26865	5.37830	3.25445	1.66208	0.82922	0.77909	0.69504	1.27397	1.02241	0.80279	5.29133	3.46252	2.08054
12650	0.35468	0.34680	0.22776	1.74793	1.50410	1.25691	5.37505	3.26826	1.65412	0.81522	0.75000	0.68803	1.27921	1.01713	0.78704	5.31844	3.46108	2.05689
12820	0.35437	0.32766	0.21341	1.75912	1.52386	1.27673	5.36518	3.25742	1.64676	0.85838	0.76924	0.68625	1.27642	1.00518	0.79499	5.32353	3.51748	2.13939
12980	0.35010	0.31964	0.21500	1.72957	1.51179	1.28562	5.38982	3.27636	1.65414	0.80962	0.80486	0.68933	1.29475	1.00994	0.79269	5.26430	3.44526	2.10530
13150	0.34957	0.33282	0.21548	1.71285	1.50245	1.27582	5.40538	3.36274	1.67296	0.82725	0.77755	0.70288	1.27426	1.01672	0.79031	5.29801	3.53362	2.10369	23.99	6.2	0.00	7.35	0.01277	0.01292	0.01681	0.00783	0.00584	0.00640	0.00469	0.01269	0.01691	0.00682	0.00699	0.00905	0.01493	0.01099	0.01200	0.00218	0.00619	0.00872
13310	0.35404	0.34158	0.23296	1.74858	1.51255	1.25330	5.37535	3.26688	1.65221	0.80100	0.79221	0.73920	1.27351	1.00441	0.79414	5.31496	3.45572	2.08775
13470	0.35403	0.32473	0.21830	1.75939	1.52866	1.28624	5.39781	3.27077	1.64637	0.80641	0.79313	0.72108	1.26601	1.00610	0.78687	5.31712	3.49384	2.09821
13640	0.34294	0.33216	0.21069	1.75789	1.52205	1.25898	5.37903	3.26194	1.64670	0.83346	0.76443	0.69467	1.26866	1.01054	0.78301	5.30842	3.47172	2.13557
13800	0.34854	0.31886	0.21116	1.70607	1.53177	1.27826	5.37934	3.25471	1.63549	0.83164	0.72151	0.66168	1.26629	1.01268	0.79857	5.27761	3.45863	2.06900
13970	0.34294	0.33195	0.21887	1.73915	1.50512	1.24700	5.37605	3.27048	1.64200	0.81041	0.75861	0.68748	1.28024	1.00804	0.79506	5.30639	3.44610	2.10935
14130	0.34991	0.33552	0.22531	1.74292	1.51422	1.34892	5.37754	3.26276	1.64532	0.79902	0.75711	0.67971	1.27688	1.01861	0.79550	5.26242	3.44354	2.05677
14300	0.35489	0.32728	0.22285	1.70994	1.52050	1.26986	5.38299	3.27237	1.64073	0.89459	0.78188	0.70376	1.27142	1.01989	0.80046	5.32806	3.49685	2.08270
14460	0.35039	0.34254	0.21854	1.72734	1.67539	1.27334	5.37586	3.26733	1.65568	0.94923	0.77147	0.71227	1.27315	1.01614	0.79131	5.33736	3.48448	2.10303
14630	0.35621	0.34756	0.22486	1.77244	1.53169	1.28684	5.42720	3.28457	1.66539	0.82456	0.79466	0.70127	1.28473	1.01647	0.79062	5.28045	3.47086	2.08494
14790	0.40287	0.33744	0.21458	1.86669	1.56009	1.31866	5.39898	3.26996	1.66391	0.83502	0.78254	0.70701	1.36105	1.01925	0.80062	5.27708	3.45413	2.11847	23.99	6.1	0.00	7.52	0.01277	0.01292	0.01681	0.00783	0.00584	0.00640	0.00469	0.01269	0.01691	0.00682	0.00699	0.00905	0.01493	0.01099	0.01200	0.00218	0.00619	0.00872
14950	0.34688	0.32190	0.21771	1.71832	1.53729	1.29972	5.38267	3.27343	1.65272	0.81162	0.77166	0.70086	1.28417	1.00888	0.79263	5.32677	3.53763	2.11696
15120	0.36045	0.33963	0.22678	1.99395	1.81876	1.32368	5.39898	3.27656	1.68326	0.84011	0.80288	0.74106	1.27523	1.11207	0.80456	5.32582	3.53986	2.11271
15280	0.36324	0.33496	0.22152	1.74120	1.53233	1.27887	5.37096	3.27014	1.66284	0.83431	0.76970	0.72972	1.27670	1.00850	0.79322	5.28968	3.47104	2.16644
15450	0.35348	0.33185	0.20797	1.76364	1.53070	1.29152	5.37703	3.28213	1.64977	1.09153	0.96584	0.70278	1.27706	1.01595	0.79857	5.34352	3.52607	2.15573
15610	0.35897	0.33539	0.22485	1.74212	1.55507	1.36708	5.39463	3.27983	1.66784	0.89297	0.77589	0.70298	1.28621	1.01305	0.80222	5.32900	3.54255	2.24216
15780	0.35850	0.34113	0.22386	1.78471	1.58112	1.36568	5.40314	3.28264	1.67277	0.88155	0.80535	0.77917	1.28841	1.02896	0.79686	5.33040	3.49653	2.12691
15940	0.36042	0.34080	0.23357	1.76574	1.59529	1.34087	5.40668	3.29820	1.68688	0.93147	0.89281	0.72804	1.29339	1.03262	0.82139	5.34269	3.55825	2.15664
16110	0.38057	0.36819	0.22787	1.78757	1.63637	1.33929	5.40935	3.30702	1.67036	0.91369	0.86426	0.79183	1.30374	1.03651	0.81384	5.42189	3.59464	2.21054
16270	0.37066	0.34886	0.22791	1.81627	1.63196	1.38955	5.39879	3.29788	1.69490	0.88726	0.84233	0.75168	1.29970	1.03122	0.80105	5.40566	3.56270	2.14692
16430	0.36725	0.35086	0.22618	1.93668	1.69282	1.43496	5.41272	3.31470	1.67269	0.97765	0.86311	0.83361	1.28940	1.07092	0.84819	5.42779	3.56938	2.21043	23.99	6.0	0.00	7.34	0.01277	0.01292	0.01681	0.00783	0.00584	0.00640	0.00469	0.01269	0.01691	0.00682	0.00699	0.00905	0.01493	0.01099	0.01200	0.00218	0.00619	0.00872
16600	0.37352	0.36317	0.22501	1.83455	1.66647	1.36693	5.44031	3.29568	1.67168	0.92276	0.88579	0.84360	1.29132	1.02911	0.80726	5.39321	3.60837	2.17252
16760	0.36451	0.35127	0.23420	1.88778	1.70265	1.47196	5.41626	3.29409	1.68016	0.91601	0.84976	0.77975	1.30064	1.04142	0.81369	5.41205	3.58301	2.20473
16920	0.36888	0.35162	0.23014	1.88446	1.61192	1.35774	5.41037	3.30785	1.68383	0.90451	0.85574	0.81856	1.28862	1.02214	0.80947	5.44142	3.66078	2.21409
17090	0.36843	0.35322	0.23534	1.83538	1.65780	1.41151	5.42267	3.29756	1.69022	0.92250	0.88001	0.80568	1.29644	1.02902	0.80654	5.44496	3.58608	2.21609
17250	0.36831	0.34444	0.23235	1.80304	1.62664	1.37819	5.40192	3.30613	1.67729	0.92203	0.90164	0.74876	1.29286	1.02989	0.81362	5.38866	3.59762	2.18214
17420	0.36240	0.36117	0.23809	1.84127	1.69495	1.44835	5.44058	3.30008	1.68072	1.00163	0.90694	0.83337	1.30336	1.03216	0.80847	5.43936	3.64075	2.25356
17580	0.37384	0.34830	0.23765	1.88529	1.65215	1.38680	5.42653	3.32061	1.69626	0.94936	0.87879	0.81187	1.31321	1.03925	0.84769	5.41488	3.61696	2.27624
17740	0.37149	0.36930	0.26408	1.86203	1.67177	1.48740	5.50605	3.33806	1.68717	0.93295	0.86713	0.86877	1.30609	1.04328	0.82443	5.48076	3.68867	2.22638
17910	0.38697	0.37953	0.25016	1.97096	1.70534	1.41619	5.42794	3.31244	1.71010	0.98877	0.92482	0.81955	1.31067	1.05045	0.82852	5.49278	3.68131	2.28610
18070	0.37483	0.36065	0.24857	1.88837	1.69411	1.53928	5.43872	3.31936	1.70972	0.98030	0.92802	0.82638	1.34033	1.05131	0.83855	5.47206	3.65036	2.27441	23.99	6.0	0.00	7.39	0.01277	0.01292	0.01681	0.00783	0.00584	0.00640	0.00469	0.01268	0.01691	0.00682	0.00699	0.00905	0.01493	0.01099	0.01200	0.00218	0.00619	0.00872
18240	0.38769	0.37210	0.24674	1.91631	1.71519	1.41555	5.53188	3.33365	1.69492	0.97292	1.01195	0.87107	1.30724	1.04058	0.80613	5.49501	3.65111	2.23909
18400	0.37118	0.35139	0.22853	1.88828	1.68777	1.38771	5.41782	3.30663	1.69589	0.93242	0.89704	0.84292	1.30214	1.02415	0.80934	5.45000	3.72996	2.23208
18560	0.36668	0.35373	0.22686	1.82321	1.63467	1.43486	5.42431	3.30293	1.67769	0.92055	0.92582	0.79309	1.30726	1.03013	0.81090	5.41431	3.58018	2.23368
18730	0.36211	0.34984	0.22865	1.83315	1.68513	1.40841	5.41570	3.33210	1.69020	1.03163	0.90874	0.83021	1.29610	1.03570	0.80371	5.44659	3.57886	2.23707
18890	0.37596	0.34479	0.23252	1.82417	1.63548	1.37479	5.41028	3.28767	1.67320	0.92713	0.84931	0.74740	1.29128	1.03247	0.80561	5.35148	3.54587	2.14763
19050	0.36682	0.35874	0.23030	1.78247	1.60076	1.38243	5.40341	3.27694	1.66458	0.92591	0.88904	0.81407	1.29529	1.02742	0.79754	5.38425	3.60832	2.20170
19220	0.36073	0.34847	0.23497	1.86888	1.58571	1.37674	5.39862	3.29579	1.68340	0.95836	0.88195	0.82550	1.28622	1.02933	0.81422	5.34714	3.53221	2.21992
19380	0.36454	0.34717	0.22967	1.80384	1.68283	1.42228	5.39987	3.28408	1.66440	0.88989	0.81537	0.72963	1.28418	1.03213	0.80235	5.38054	3.50456	2.10551
19540	0.37134	0.35722	0.21941	1.75532	1.54939	1.32585	5.39313	3.27239	1.64888	0.86530	0.84233	0.73956	1.27106	1.00589	0.79169	5.30407	3.53220	2.18048
19710	0.35439	0.33047	0.21354	1.75241	1.56097	1.28750	5.36478	3.26790	1.65845	0.86626	0.76812	0.73584	1.29616	1.16536	0.79535	5.36349	3.47627	2.08920	23.99	6.1	0.00	7.48	0.01277	0.01292	0.01681	0.00783	0.00584	0.00640	0.00469	0.01268	0.01691	0.00682	0.00699	0.00905	0.01493	0.01099	0.01200	0.00218	0.00619	0.00872
19870	0.35135	0.34991	0.21260	1.73080	1.53038	1.31037	5.50260	3.27425	1.65666	0.83719	0.77298	0.70310	1.28895	1.01597	0.79620	5.30839	3.50843	2.09044
20040	0.35686	0.33358	0.22294	1.75783	1.58631	1.27352	5.39812	3.26107	1.65981	0.83328	0.82962	0.70403	1.27441	1.02082	0.79149	5.40252	3.51614	2.25165
20200	0.35860	0.34571	0.21699	1.72943	1.54295	1.28950	5.36752	3.27872	1.64546	0.82638	0.79962	0.74083	1.27420	1.01045	0.79822	5.29081	3.56191	2.09294
20370	0.34645	0.32859	0.21631	1.71089	1.51577	1.37896	5.36248	3.27745	1.65149	0.85239	0.76663	0.74049	1.28311	1.01122	0.78506	5.31951	3.55731	2.12504
20530	0.34796	0.33578	0.22169	1.71227	1.52876	1.25222	5.37053	3.25774	1.64741	0.81134	0.75788	0.67965	1.27975	1.00204	0.78530	5.27200	3.54244	2.10384
20700	0.34874	0.32152	0.22125	1.74766	1.49795	1.25002	5.36588	3.25263	1.64250	0.80408	0.81008	0.77191	1.27535	1.01085	0.79811	5.28847	3.41735	2.07032
20860	0.35549	0.32970	0.21750	1.68987	1.46097	1.26006	5.37374	3.26751	1.64325	0.79385	0.74488	0.68439	1.27251	1.00677	0.78227	5.26896	3.46044	2.08340
21030	0.35816	0.32605	0.21836	1.72399	1.52539	1.29288	5.37006	3.25133	1.65316	0.82768	0.75110	0.65601	1.26795	1.01571	0.79557	5.30655	3.46216	2.09331
21190	0.35318	0.33149	0.22696	1.71399	1.50475	1.26881	5.37339	3.25540	1.66130	0.83589	0.80080	0.71311	1.28912	1.02374	0.78743	5.24930	3.43912	2.07977
21360	0.35715	0.32886	0.22174	1.72447	1.52123	1.27802	5.37450	3.26498	1.64006	0.87610	0.77030	0.68143	1.27188	1.00967	0.80839	5.25478	3.45754	2.08275	23.99	6.1	0.00	7.40	0.01277	0.01292	0.01680	0.00783	0.00584	0.00640	0.00469	0.01268	0.01691	0.00682	0.00699	0.00905	0.01493	0.01099	0.01200	0.00218	0.00619	0.00872
21520	0.35325	0.32638	0.21913	1.74868	1.51232	1.25511	5.37692	3.25928	1.64475	0.82952	0.73931	0.65656	1.28724	1.01298	0.78891	5.25149	3.42885	2.05828
21680	0.35983	0.33531	0.22720	1.68760	1.54978	1.25783	5.36921	3.25630	1.64166	0.82865	0.74368	0.71494	1.26902	0.99951	0.78291	5.31975	3.48724	2.05699
21850	0.34379	0.32944	0.21266	1.76160	1.51583	1.27254	5.36804	3.24906	1.63893	0.83528	0.79020	0.71867	1.27373	1.02407	0.79102	5.26812	3.44613	2.10826
22010	0.36416	0.34016	0.23420	1.71113	1.49326	1.31570	5.35615	3.27814	1.65122	0.83648	0.74678	0.70428	1.27355	1.00692	0.78356	5.28293	3.42313	2.05235
22180	0.36171	0.33301	0.22048	1.69115	1.48118	1.23223	5.38550	3.25724	1.64027	0.82936	0.74501	0.67984	1.26123	1.00592	0.79176	5.25061	3.42331	2.04331
22340	0.34699	0.32354	0.21457	1.69734	1.48696	1.26854	5.37755	3.24205	1.63749	0.90734	0.79055	0.66377	1.27019	1.00283	0.78429	5.22557	3.43190	2.09453
22510	0.34565	0.32145	0.21843	1.68143	1.49520	1.22738	5.35905	3.24993	1.63481	0.79886	0.74672	0.70649	1.26316	0.99929	0.78391	5.26299	3.44995	2.05692
22670	0.33912	0.31799	0.20549	1.72249	1.50550	1.24400	5.34015	3.24717	1.64964	0.83192	0.73934	0.66847	1.26408	1.00236	0.79228	5.27546	3.57074	2.07018
22830	0.35175	0.32667	0.21167	1.69519	1.48504	1.25806	5.37215	3.26091	1.63604	0.80463	0.72332	0.64462	1.26682	0.99566	0.78281	5.27654	3.41778	2.03386
23000	0.35872	0.33568	0.22407	1.74361	1.50171	1.23579	5.35883	3.25656	1.64175	0.79047	0.72700	0.66867	1.27695	1.00397	0.79482	5.29498	3.43014	2.03730	24.05	6.2	0.00	7.47	0.01277	0.01292	0.01680	0.00783	0.00584	0.00640	0.00469	0.01268	0.01691	0.00682	0.00700	0.00905	0.01493	0.01099	0.01200	0.00218	0.00619	0.00872
23160	0.35334	0.32408	0.22237	1.70657	1.48335	1.22843	5.37013	3.28643	1.64943	0.79246	0.74725	0.66272	1.27378	1.00435	0.78530	5.26471	3.46070	2.06339
23330	0.34271	0.31998	0.22206	1.69667	1.49742	1.24294	5.35781	3.26258	1.64936	0.78966	0.74136	0.66169	1.26180	1.00110	0.78547	5.26490	3.46110	2.07041
23490	0.34963	0.32639	0.21234	1.70121	1.53093	1.25190	5.35781	3.25966	1.63893	0.80494	0.72732	0.64133	1.27163	1.00966	0.78408	5.25074	3.41344	2.04859
23650	0.34059	0.32149	0.20945	1.70875	1.49421	1.24846	5.38701	3.25599	1.63700	0.80456	0.73272	0.68286	1.26915	1.01756	0.79124	5.25567	3.43169	2.04866
23820	0.34874	0.33443	0.21925	1.70431	1.50299	1.27529	5.36677	3.25147	1.64304	0.79837	0.74978	0.67216	1.27045	1.02586	0.78715	5.29930	3.44566	2.07446
23980	0.35148	0.33159	0.21968	1.69336	1.49317	1.24135	5.36411	3.26690	1.65144	0.80583	0.75358	0.67632	1.26248	1.02315	0.78577	5.23856	3.41488	2.06867
24150	0.35404	0.32088	0.21805	1.69654	1.47535	1.24207	5.35148	3.24455	1.62834	0.78019	0.74025	0.67147	1.26228	1.01114	0.78919	5.23005	3.40968	2.05801
24310	0.33424	0.32270	0.20702	1.67661	1.48042	1.23081	5.36555	3.24693	1.65078	0.79630	0.73354	0.65904	1.26421	1.00570	0.79012	5.27148	3.44250	2.04969
24470	0.34607	0.32176	0.21497	1.73060	1.46894	1.21636	5.38497	3.26981	1.64166	0.78339	0.72423	0.65826	1.27232	1.01379	0.78966	5.26958	3.47495	2.09874
24640	0.34001	0.32646	0.21448	1.70294	1.48602	1.25023	5.36429	3.25094	1.63968	0.81293	0.72886	0.68485	1.27502	1.00371	0.79101	5.28605	3.48989	2.10025	24.05	6.3	0.00	7.45	0.01277	0.01292	0.01680	0.00783	0.00584	0.00640	0.00469	0.01268	0.01691	0.00682	0.00699	0.00905	0.01493	0.01099	0.01200	0.00218	0.00619	0.00872
24800	0.33772	0.33709	0.20601	1.70309	1.49525	1.24921	5.37129	3.27789	1.62701	0.82039	0.73456	0.66479	1.27011	1.00981	0.78279	5.37564	3.43983	2.06042
24970	0.36458	0.33375	0.21438	1.75281	1.49282	1.25001	5.35675	3.27720	1.64809	0.81792	0.75000	0.68154	1.27273	1.00577	0.78177	5.31061	3.45749	2.06183
25130	0.35124	0.32673	0.21922	1.70927	1.53411	1.24460	5.36019	3.26050	1.65277	0.80530	0.73163	0.66370	1.27928	1.00360	0.78302	5.26010	3.44342	2.06169
25290	0.35539	0.31983	0.22626	1.70088	1.48300	1.25005	5.36132	3.27468	1.65038	0.77872	0.72550	0.66608	1.27197	1.01185	0.79113	5.28003	3.44302	2.04599
25460	0.35080	0.31961	0.21204	1.70443	1.55464	1.24872	5.36105	3.24997	1.63838	0.80011	0.71873	0.69669	1.25908	1.00060	0.78866	5.27288	3.44006	2.04539
25620	0.34004	0.33045	0.21226	1.68192	1.50749	1.25986	5.34838	3.25653	1.63664	0.77865	0.72119	0.67977	1.28043	1.00298	0.78778	5.25176	3.42364	2.05143
25790	0.35296	0.32323	0.21741	1.70996	1.50001	1.25439	5.35284	3.24183	1.63994	0.75388	0.71577	0.63800	1.25990	0.99476	0.77549	5.22135	3.40693	2.02507
25950	0.34461	0.32362	0.21774	1.67776	1.46698	1.23042	5.36370	3.25753	1.64659	0.79975	0.73128	0.67252	1.27809	1.01110	0.79209	5.25618	3.42225	2.03905
26110	0.33880	0.32087	0.20978	1.70178	1.47928	1.21056	5.34432	3.24349	1.63885	0.77974	0.75343	0.67655	1.25784	1.00911	0.77782	5.21040	3.42663	2.05753
26280	0.34008	0.33235	0.20728	1.66707	1.45988	1.21069	5.36020	3.24629	1.62976	0.77168	0.71215	0.64221	1.25545	1.00693	0.78369	5.23398	3.41656	2.03245	24.05	6.2	0.00	7.47	0.01277	0.01292	0.01680	0.00783	0.00584	0.00640	0.00469	0.01268	0.01691	0.00682	0.00700	0.00905	0.01493	0.01099	0.01200	0.00218	0.00619	0.00872
26440	0.34754	0.31968	0.21171	1.67661	1.44550	1.25059	5.33576	3.23729	1.63264	0.76720	0.71213	0.67236	1.25987	0.99681	0.78385	5.22730	3.49112	2.04748
26610	0.35767	0.31788	0.21359	1.67960	1.47504	1.22122	5.35708	3.25189	1.63815	0.80054	0.72460	0.65897	1.25859	1.00418	0.78982	5.25759	3.40638	2.04595
26770	0.33628	0.32202	0.21185	1.70026	1.49458	1.24633	5.38255	3.24641	1.64706	0.81480	0.72459	0.65734	1.27140	1.01575	0.78212	5.26328	3.41223	2.03782
26940	0.34359	0.32608	0.20963	1.69665	1.50040	1.27611	5.35837	3.25063	1.63558	0.79590	0.71768	0.65673	1.26792	1.00826	0.79119	5.24799	3.44407	2.05892
27100	0.35917	0.32935	0.23026	1.68988	1.49614	1.23356	5.37942	3.26044	1.64557	0.77431	0.74623	0.66069	1.26605	0.99884	0.79520	5.23827	3.42887	2.04786
27270	0.35657	0.32500	0.20690	1.67996	1.47897	1.22610	5.36685	3.25338	1.64415	0.76491	0.70979	0.64865	1.27173	1.00458	0.78707	5.24439	3.40170	2.05011
27430	0.35895	0.33066	0.22004	1.68267	1.48729	1.23074	5.35852	3.25515	1.63599	0.79068	0.71886	0.65881	1.25841	0.99767	0.78005	5.22881	3.42444	2.06843
27600	0.36288	0.32707	0.22318	1.67783	1.50359	1.25334	5.35290	3.24106	1.63923	0.96384	0.86787	0.67084	1.25713	1.00655	0.78691	5.27524	3.42422	2.06146
27760	0.34412	0.31467	0.20722	1.67214	1.47034	1.25131	5.36607	3.23617	1.62875	0.79282	0.73742	0.67774	1.26485	0.99922	0.79018	5.26182	3.43889	2.04222
27930	0.34626	0.32058	0.21270	1.68628	1.48832	1.28269	5.38193	3.25081	1.63766	0.80400	0.74919	0.71552	1.26064	1.00316	0.78535	5.24464	3.40222	2.02703	24.05	6.1	0.00	7.42	0.01277	0.01291	0.01680	0.00783	0.00584	0.00640	0.00469	0.01268	0.01691	0.00682	0.00700	0.00905	0.01493	0.01099	0.01200	0.00218	0.00619	0.00872
28090	0.33473	0.31319	0.20851	1.66001	1.44444	1.22026	5.34696	3.25146	1.64338	0.78274	0.72350	0.63366	1.25814	1.00365	0.77649	5.22591	3.40761	2.01778
28260	0.34350	0.32020	0.20327	1.70963	1.48590	1.23268	5.34337	3.24897	1.63964	0.77624	0.71944	0.66298	1.25825	0.99787	0.78379	5.22546	3.41041	2.04720
28420	0.33688	0.32481	0.20770	1.67524	1.46224	1.25829	5.34497	3.24025	1.62991	0.78508	0.73377	0.66232	1.25798	0.99295	0.78154	5.22483	3.41078	2.02018
28590	0.33456	0.31662	0.22616	1.66769	1.46094	1.21460	5.36036	3.24384	1.62528	0.75622	0.70053	0.64880	1.25811	1.01040	0.77852	5.21388	3.40350	2.01745
28750	0.35460	0.32060	0.21115	1.64437	1.47224	1.23114	5.35626	3.23970	1.63215	0.77071	0.74024	0.65595	1.26266	1.00542	0.78139	5.22899	3.45489	2.05232
28920	0.33777	0.31202	0.21091	1.70210	1.63763	1.21150	5.35344	3.24038	1.63781	0.75129	0.70006	0.63278	1.25264	0.99369	0.78383	5.21243	3.39089	2.00571
29080	0.34155	0.31472	0.20586	1.69522	1.47471	1.22550	5.35614	3.25153	1.65268	0.76576	0.70025	0.63329	1.25937	0.99216	0.78269	5.23498	3.45694	2.04506
29250	0.34933	0.32038	0.21921	1.66743	1.46999	1.23007	5.35798	3.25978	1.64277	0.79416	0.76122	0.70817	1.26589	1.00400	0.77947	5.23398	3.41484	2.08444
29410	0.34870	0.31965	0.21459	1.68097	1.49597	1.24052	5.35512	3.24447	1.63679	0.80803	0.74349	0.66575	1.26772	1.00545	0.77870	5.23404	3.42034	2.03931
29580	0.34366	0.32027	0.21134	1.69893	1.47586	1.22660	5.34220	3.24183	1.64927	0.80047	0.74293	0.69240	1.26045	1.02089	0.80510	5.26486	3.45570	2.08239	24.05	6.1	0.00	7.40	0.01277	0.01292	0.01680	0.00783	0.00584	0.00640	0.00469	0.01268	0.01691	0.00682	0.00700	0.00905	0.01493	0.01099	0.01200	0.00218	0.00619	0.00872
29740	0.35638	0.32837	0.22759	1.71237	1.50600	1.25023	5.36017	3.25464	1.64829	0.83870	0.74087	0.67223	1.29238	1.01570	0.80244	5.25854	3.43140	2.04690
29900	0.35410	0.33175	0.21035	1.70597	1.48674	1.22158	5.36392	3.25812	1.63794	0.78313	0.72978	0.66258	1.27474	1.00497	0.78884	5.24477	3.41464	2.03414
30070	0.35040	0.32128	0.21396	1.69510	1.47434	1.22191	5.36005	3.24947	1.63156	0.81362	0.80835	0.67438	1.25605	0.99327	0.78520	5.33604	3.40424	2.03967
30230	0.34111	0.32440	0.21001	1.65847	1.46207	1.21564	5.37038	3.25932	1.63854	0.78180	0.72179	0.65585	1.24813	0.99185	0.78331	5.22049	3.41469	2.02056
30400	0.34542	0.31457	0.20910	1.66712	1.46794	1.21774	5.35379	3.24146	1.63248	0.75514	0.70408	0.63960	1.26837	1.00929	0.77761	5.23038	3.42189	2.02828
30560	0.33989	0.32506	0.21134	1.67075	1.47012	1.23741	5.35235	3.24405	1.63313	0.76642	0.70952	0.67328	1.26083	1.00591	0.78198	5.23051	3.42124	2.16371
30720	0.35340	0.33120	0.21185	1.69324	1.45881	1.22632	5.35931	3.25912	1.63800	0.79512	0.70091	0.64447	1.26348	0.99779	0.78159	5.22609	3.40078	2.03310
30890	0.34120	0.32201	0.23568	1.69002	1.45456	1.20001	5.41116	3.25741	1.63964	0.77829	0.70868	0.65540	1.33515	1.01197	0.78827	5.23227	3.44621	2.03821
31050	0.34036	0.32016	0.21317	1.68919	1.48234	1.23959	5.35325	3.25284	1.63978	0.83355	0.74868	0.66113	1.26748	1.00367	0.78288	5.22326	3.41801	2.07861
31220	0.34371	0.32057	0.21141	1.68722	1.46139	1.22800	5.35702	3.25216	1.63919	0.77285	0.72610	0.66564	1.27720	1.01709	0.80093	5.27485	3.42114	2.03900	24.05	6.1	0.00	7.43	0.01277	0.01291	0.01680	0.00783	0.00584	0.00640	0.00469	0.01268	0.01691	0.00682	0.00700	0.00905	0.01493	0.01099	0.01200	0.00218	0.00619	0.00872
31380	0.36349	0.32507	0.22773	1.68990	1.47761	1.22279	5.37560	3.24666	1.65331	0.79216	0.75656	0.70653	1.27504	1.01236	0.79174	5.25549	3.48741	2.08239
31540	0.35056	0.33440	0.21015	1.69647	1.50901	1.23417	5.36312	3.25119	1.64196	0.77602	0.72778	0.65538	1.26296	0.99651	0.78296	5.24203	3.40291	2.01247
31710	0.35634	0.31842	0.21446	1.66548	1.49355	1.23366	5.37697	3.26567	1.63994	0.76262	0.71274	0.64689	1.25928	0.99975	0.78056	5.20737	3.39783	2.02530
31870	0.34257	0.31356	0.20913	1.67781	1.52674	1.22055	5.35620	3.24105	1.63074	0.76744	0.70735	0.65680	1.25399	0.98976	0.78421	5.23130	3.41356	2.05510
32040	0.34524	0.34486	0.20965	1.67504	1.45314	1.21793	5.36558	3.25438	1.63605	0.77928	0.71955	0.67956	1.26331	1.00066	0.79555	5.22399	3.43033	2.05777
32200	0.34785	0.33137	0.21552	1.72000	1.48041	1.38952	5.35831	3.25379	1.64574	0.80539	0.73730	0.70776	1.26867	1.00853	0.78986	5.23812	3.42315	2.03588
32370	0.34581	0.32433	0.21515	1.66840	1.46079	1.24703	5.35593	3.24702	1.63825	0.89918	0.72527	0.78284	1.26357	0.99871	0.79791	5.26225	3.44809	2.04689
32530	0.34748	0.32243	0.21934	1.85686	1.53161	1.30492	5.35284	3.27455	1.64095	0.91768	0.75670	0.65589	1.26780	0.99911	0.80603	5.21926	3.43451	2.06044
32690	0.34235	0.31976	0.21780	1.67312	1.49810	1.26617	5.35487	3.24603	1.64366	0.79026	0.72295	0.65317	1.26465	1.00322	0.78109	5.22689	3.45224	2.06038
32860	0.35265	0.32734	0.21064	1.69910	1.48080	1.22008	5.36373	3.25658	1.64548	0.76745	0.72883	0.64137	1.26789	1.00701	0.80237	5.23460	3.42466	2.03686	24.05	6.0	0.00	7.73	0.01277	0.01291	0.01680	0.00783	0.00584	0.00640	0.00469	0.01269	0.01691	0.00682	0.00700	0.00905	0.01493	0.01099	0.01200	0.00218	0.00619	0.00872
33020	0.35239	0.33413	0.22506	1.66576	1.47246	1.23142	5.36268	3.25767	1.63763	0.81029	0.73963	0.66736	1.26376	0.98840	0.78599	5.24957	3.43422	2.03036
33190	0.34725	0.31132	0.21054	1.67397	1.45450	1.22230	5.34279	3.24773	1.63742	0.77469	0.71210	0.65672	1.27448	0.99899	0.78301	5.23252	3.43619	2.06659
33350	0.34349	0.31682	0.21169	1.68229	1.46268	1.22500	5.36123	3.28896	1.64152	0.77975	0.73292	0.66222	1.26805	1.00812	0.78103	5.24035	3.41556	2.03390
33520	0.34244	0.32162	0.22010	1.65226	1.45281	1.23780	5.37007	3.25938	1.65467	0.75801	0.70729	0.64897	1.27533	1.00549	0.79656	5.25551	3.42280	2.04245
33680	0.34365	0.31400	0.21981	1.68802	1.46677	1.21105	5.36342	3.25366	1.63989	0.76914	0.71712	0.65373	1.26698	1.01326	0.79290	5.22773	3.42342	2.03054
33840	0.34257	0.31242	0.21020	1.67217	1.47951	1.22887	5.35189	3.23510	1.63782	0.78169	0.73172	0.66801	1.26895	0.99473	0.77330	5.23101	3.42814	2.03848
34010	0.33990	0.31405	0.20715	1.67007	1.50442	1.26227	5.35330	3.23812	1.63287	0.77327	0.73174	0.65388	1.27489	1.03330	0.78605	5.21803	3.42320	2.04596
34170	0.34540	0.33861	0.21941	1.66633	1.48752	1.22519	5.34939	3.25962	1.63955	0.79086	0.73389	0.68898	1.26013	1.00160	0.78725	5.26120	3.46785	2.07366
34340	0.34532	0.35385	0.21516	1.71129	1.52103	1.23226	5.37731	3.25187	1.63756	0.79859	0.73044	0.66372	1.27715	0.99745	0.78868	5.25171	3.44644	2.05612
34500	0.35124	0.33302	0.21646	1.76418	1.49453	1.24924	5.36011	3.25130	1.63880	0.81877	0.71951	0.65976	1.26375	1.00308	0.79058	5.23052	3.41811	2.05711	24.05	6.1	0.00	7.35	0.01277	0.01291	0.01680	0.00783	0.00584	0.00640	0.00469	0.01268	0.01691	0.00682	0.00700	0.00905	0.01493	0.01099	0.01200	0.00218	0.00619	0.00872
34670	0.33965	0.31742	0.21777	1.67696	1.47891	1.29873	5.35827	3.24952	1.63211	0.78688	0.73337	0.65147	1.25408	1.00127	0.78647	5.23626	3.41308	2.02107
34830	0.34277	0.32403	0.21373	1.66487	1.45611	1.22300	5.35968	3.24888	1.63982	0.76879	0.73813	0.66284	1.26501	0.99968	0.79036	5.22239	3.42059	2.07302
35000	0.33816	0.30990	0.20846	1.69479	1.48540	1.22330	5.35585	3.25044	1.63280	0.76471	0.70707	0.64348	1.25875	0.99758	0.77849	5.22605	3.39919	2.03701
35160	0.34354	0.31361	0.20665	1.65923	1.45038	1.21537	5.35948	3.24655	1.63473	0.78577	0.69660	0.63896	1.24998	0.99334	0.78033	5.22491	3.42644	2.00180
35330	0.33796	0.31494	0.21295	1.67441	1.49516	1.24814	5.35116	3.24148	1.63165	0.76765	0.71345	0.64080	1.25764	0.99462	0.78314	5.21225	3.40650	2.02589
35490	0.33929	0.32273	0.21347	1.67478	1.46979	1.20991	5.35694	3.24623	1.62656	0.76210	0.73323	0.64776	1.25350	0.99455	0.78195	5.23084	3.41084	2.04985
35660	0.34511	0.32018	0.21198	1.69510	1.45134	1.20659	5.37079	3.24593	1.63251	0.78324	0.73156	0.64307	1.27375	1.00751	0.80985	5.22119	3.41517	2.07042
35820	0.35453	0.31799	0.21163	1.65907	1.48668	1.26302	5.35948	3.24594	1.63497	0.79834	0.73640	0.64384	1.25926	0.99199	0.78269	5.21874	3.42350	2.01988
35980	0.33756	0.31595	0.20829	1.66932	1.57529	1.19669	5.36421	3.24399	1.62771	0.80987	0.70818	0.65481	1.25369	0.99755	0.78360	5.21874	3.41155	2.04578
36150	0.33851	0.31842	0.20769	1.67120	1.44892	1.21938	5.35001	3.24881	1.65281	0.76128	0.70888	0.65557	1.26812	1.00988	0.78307	5.22133	3.43075	2.05920	24.11	6.1	0.00	7.49	0.01277	0.01291	0.01680	0.00783	0.00584	0.00640	0.00469	0.01268	0.01691	0.00682	0.00699	0.00905	0.01493	0.01099	0.01200	0.00218	0.00619	0.00872
36310	0.35345	0.31696	0.21203	1.69319	1.48437	1.26797	5.35099	3.25427	1.64232	0.80677	0.77276	0.68038	1.26991	1.00934	0.79350	5.27889	3.43083	2.04680
36480	0.34418	0.31762	0.21027	1.68360	1.50482	1.21295	5.36780	3.24613	1.64069	0.79514	0.73943	0.67552	1.26861	1.00697	0.79642	5.26237	3.43924	2.06023
36640	0.34940	0.32804	0.22878	1.68657	1.47703	1.23724	5.37285	3.24783	1.64658	0.80270	0.74202	0.69214	1.26647	1.01892	0.79113	5.25421	3.49830	2.09767
36810	0.34910	0.33371	0.21506	1.69332	1.53501	1.27756	5.36917	3.25500	1.63606	0.80729	0.77849	0.71241	1.27506	1.00716	0.79188	5.24865	3.45105	2.08204
36970	0.35304	0.33129	0.22083	1.70303	1.50120	1.25723	5.37743	3.25525	1.63960	0.79509	0.73172	0.67094	1.26615	1.01004	0.78074	5.22612	3.43360	2.04064
37140	0.35390	0.32738	0.25604	1.68360	1.47495	1.22387	5.43871	3.25501	1.64029	0.78309	0.73739	0.67408	1.26320	1.00870	0.79635	5.22442	3.39255	2.03651
37300	0.33986	0.32072	0.21378	1.68823	1.48923	1.26075	5.35904	3.24434	1.64171	0.80540	0.72684	0.66889	1.26051	1.00210	0.78664	5.26300	3.42652	2.04618
37470	0.33458	0.31971	0.20915	1.68914	1.50159	1.24210	5.35353	3.23869	1.63418	0.79852	0.79759	0.71409	1.25691	1.00380	0.78514	5.22574	3.43236	2.02847
37630	0.34466	0.32805	0.20907	1.69888	1.49284	1.26506	5.37484	3.24955	1.65727	0.81906	0.73613	0.68733	1.27617	1.01008	0.78281	5.26370	3.43627	2.03479
37800	0.41514	0.35743	0.28291	1.67488	1.50402	1.24230	5.36034	3.25573	1.63372	0.80519	0.71208	0.67585	1.26727	1.00747	0.78881	5.24599	3.43563	2.07402	24.11	6.1	0.00	7.39	0.01277	0.01291	0.01680	0.00783	0.00584	0.00640	0.00469	0.01268	0.01691	0.00682	0.00699	0.00905	0.01493	0.01099	0.01200	0.00218	0.00619	0.00872
37960	0.33685	0.32504	0.22408	1.68982	1.50386	1.26531	5.36484	3.25702	1.64795	0.80530	0.75602	0.71453	1.27003	1.02103	0.81790	5.30936	3.47920	2.06736
38120	0.35681	0.33389	0.21667	1.70201	1.49085	1.24659	5.36511	3.28010	1.65068	0.80240	0.73816	0.69133	1.26278	1.00115	0.80763	5.25990	3.49309	2.09015
38290	0.35508	0.33311	0.21999	1.74180	1.61247	1.29152	5.36175	3.25589	1.65353	0.80297	0.76718	0.67315	1.27339	1.01203	0.79869	5.26857	3.47953	2.11861
38450	0.34528	0.34263	0.22051	1.70648	1.53978	1.26694	5.39680	3.26993	1.66353	0.81378	0.78764	0.69330	1.27729	1.05222	0.81546	5.29843	3.45803	2.08922
38620	0.35765	0.35539	0.22484	1.74473	1.56403	1.39989	5.37822	3.28247	1.66061	0.83168	0.77907	0.72576	1.28738	1.01389	0.78808	5.28137	3.45210	2.09293
38780	0.36089	0.34668	0.22709	1.73885	1.50832	1.27398	5.38770	3.27929	1.66522	0.79045	0.79619	0.71522	1.28058	1.01723	0.79371	5.24176	3.42742	2.07646
38950	0.35445	0.33069	0.21711	1.72428	1.54341	1.25643	5.36581	3.26825	1.66782	0.77764	0.72910	0.65949	1.28028	1.00706	0.79753	5.24530	3.43982	2.07249
39110	0.35427	0.32314	0.21291	1.69340	1.46740	1.24894	5.36444	3.25660	1.64884	0.77852	0.73940	0.65973	1.26417	1.00409	0.79599	5.25737	3.42216	2.02786
39270	0.33798	0.32733	0.21781	1.72280	1.50032	1.23621	5.37611	3.33354	1.63888	0.78225	0.71976	0.67459	1.26838	1.00284	0.78977	5.25895	3.42939	2.04275
39440	0.34521	0.32361	0.21519	1.68434	1.46229	1.20281	5.36038	3.25305	1.64396	0.76431	0.72679	0.66651	1.26395	1.00800	0.77821	5.23177	3.41724	2.03432	24.05	6.0	0.00	7.44	0.01277	0.01291	0.01680	0.00783	0.00584	0.00640	0.00469	0.01268	0.01691	0.00682	0.00699	0.00905	0.01493	0.01099	0.01200	0.00218	0.00619	0.00872
39600	0.33823	0.32207	0.22457	1.69490	1.47464	1.25336	5.36046	3.24835	1.64626	0.79898	0.71637	0.65797	1.27397	1.00325	0.78022	5.22773	3.42229	2.05942
39770	0.34557	0.32702	0.21315	1.66929	1.50610	1.23859	5.35459	3.26286	1.63525	0.79348	0.72660	0.65715	1.26250	0.99704	0.78276	5.22742	3.41327	2.05087
39930	0.34039	0.32229	0.21374	1.67905	1.47603	1.21743	5.36468	3.24181	1.64956	0.76282	0.71208	0.66078	1.26107	0.99925	0.78511	5.25620	3.40072	2.03385
40100	0.34273	0.32386	0.21785	1.68906	1.47313	1.24573	5.35659	3.26556	1.64283	0.81298	0.72295	0.68285	1.25711	0.99850	0.78264	5.24382	3.42630	2.04356
40260	0.33994	0.32369	0.21896	1.68803	1.50591	1.30536	5.34366	3.25056	1.63619	0.78454	0.72430	0.65612	1.27800	1.01042	0.78410	5.24868	3.41582	2.05415
40430	0.34559	0.32380	0.21768	1.68233	1.46323	1.23445	5.35741	3.25216	1.64085	0.78088	0.72686	0.66762	1.26424	1.01460	0.78538	5.26297	3.44146	2.05344
40590	0.34242	0.31639	0.21385	1.73180	1.53782	1.33514	5.36644	3.25346	1.65448	0.80166	0.76055	0.65792	1.26756	1.01354	0.78598	5.24919	3.43819	2.07133
40750	0.33914	0.32084	0.20947	1.67371	1.48366	1.21685	5.35151	3.24735	1.64446	0.80735	0.74009	0.67110	1.26175	0.99821	0.78194	5.24925	3.42278	2.06818
40920	0.34400	0.32022	0.21572	1.68152	1.47955	1.22925	5.36468	3.23828	1.63622	0.79633	0.71598	0.66504	1.26149	0.99573	0.78726	5.23196	3.39855	2.04184
41080	0.33484	0.31634	0.20683	1.70361	1.48185	1.23996	5.34560	3.25464	1.63156	0.77332	0.73416	0.66139	1.26112	0.99601	0.77638	5.22474	3.41261	2.02847	24.05	5.9	0.00	7.32	0.01277	0.01291	0.01680	0.00783	0.00584	0.00640	0.00469	0.01268	0.01691	0.00682	0.00699	0.00905	0.01493	0.01099	0.01200	0.00218	0.00619	0.00872
41240	0.34235	0.31604	0.21151	1.71952	1.48394	1.23037	5.35724	3.25547	1.63875	0.78620	0.71278	0.64080	1.25794	1.00106	0.78827	5.21396	3.41620	2.04290
41410	0.33978	0.31776	0.20863	1.69964	1.48057	1.22509	5.37438	3.25399	1.64082	0.78384	0.72440	0.65707	1.26796	0.99988	0.78528	5.24158	3.41798	2.06217
41570	0.34058	0.33178	0.20770	1.66165	1.46938	1.24057	5.36041	3.25477	1.63677	0.76335	0.71719	0.66678	1.25797	1.00206	0.79109	5.23944	3.44199	2.06077
41730	0.34855	0.31384	0.20158	1.70821	1.47793	1.23406	5.37195	3.25004	1.63206	0.79728	0.70820	0.66164	1.26374	0.99751	0.77865	5.21585	3.42493	2.03891
41890	0.33754	0.31898	0.21160	1.67838	1.47192	1.22822	5.36276	3.25984	1.64722	0.77382	0.71334	0.64856	1.26514	1.00433	0.77713	5.23533	3.42589	2.04495
42060	0.34800	0.32826	0.22313	1.68235	1.49642	1.23443	5.35931	3.25141	1.65513	0.77625	0.71590	0.66263	1.26348	0.99882	0.77942	5.22448	3.43630	2.05749
42220	0.34082	0.31923	0.21028	1.69170	1.47129	1.22392	5.35564	3.24167	1.63457	0.78504	0.71278	0.65230	1.27620	1.01498	0.79071	5.23439	3.42024	2.05269
42390	0.34783	0.32511	0.21306	1.69301	1.47567	1.23334	5.35560	3.24812	1.64071	0.76166	0.71985	0.64106	1.26274	1.00613	0.79007	5.20968	3.40602	2.02562
42550	0.33913	0.32169	0.20929	1.66293	1.45735	1.22005	5.33936	3.24670	1.63451	0.78660	0.73236	0.63172	1.26081	1.00050	0.77826	5.21982	3.40718	2.03008
42710	0.34377	0.32094	0.21060	1.65911	1.45541	1.21518	5.35885	3.23313	1.63332	0.75713	0.70610	0.65838	1.25643	0.99812	0.77433	5.22834	3.40669	2.02761	24.11	6.0	0.00	7.38	0.01277	0.01291	0.01680	0.00783	0.00584	0.00640	0.00469	0.01268	0.01691	0.00682	0.00700	0.00905	0.01493	0.01099	0.01200	0.00218	0.00619	0.00872
42880	0.33703	0.31725	0.20867	1.66851	1.47792	1.22476	5.36210	3.24757	1.63704	0.77258	0.74894	0.67477	1.26079	0.99584	0.78300	5.25025	3.44414	2.07690
43040	0.34648	0.32077	0.20798	1.68320	1.46184	1.22411	5.36053	3.24133	1.63967	0.77563	0.72111	0.66385	1.26135	1.00052	0.78234	5.23320	3.42926	2.06258
43200	0.34549	0.32566	0.21359	1.67793	1.47852	1.24345	5.36128	3.26390	1.65036	0.76604	0.71800	0.67094	1.27164	1.00236	0.78525	5.27284	3.45140	2.10362
43370	0.35133	0.32405	0.21658	1.69528	1.56698	1.25537	5.36648	3.24300	1.64424	0.80931	0.72227	0.65072	1.27616	1.01025	0.78553	5.23641	3.43229	2.04526
43530	0.33775	0.31515	0.21164	1.71051	1.47563	1.23032	5.37313	3.24855	1.63048	0.81197	0.72510	0.63625	1.28121	1.00714	0.79791	5.26379	3.40716	2.03997
43700	0.34251	0.33380	0.21171	1.67923	1.46395	1.26285	5.37669	3.25334	1.64434	0.79508	0.71512	0.65080	1.27571	1.00516	0.79416	5.21724	3.42998	2.04707
43860	0.34187	0.31566	0.20909	1.69090	1.47663	1.22204	5.35967	3.25224	1.64155	0.77639	0.71417	0.63025	1.27025	0.99927	0.77866	5.22064	3.43003	2.05081
44030	0.34001	0.32041	0.21114	1.68089	1.46494	1.23500	5.36828	3.25841	1.64315	0.79377	0.75160	0.65196	1.25908	1.00785	0.80240	5.24033	3.45409	2.06974
44190	0.35238	0.33535	0.22900	1.67787	1.50487	1.24314	5.36288	3.24542	1.63236	0.77612	0.73285	0.66729	1.26484	0.99116	0.78080	5.23105	3.41477	2.03554
44360	0.34364	0.31965	0.21469	1.67172	1.47264	1.22311	5.35869	3.25200	1.63982	0.78728	0.70904	0.66469	1.26586	0.99460	0.78358	5.24141	3.42523	2.07499	24.11	6.1	0.00	7.38	0.01277	0.01291	0.01680	0.00783	0.00584	0.00640	0.00469	0.01268	0.01691	0.00682	0.00700	0.00905	0.01493	0.01099	0.01200	0.00218	0.00619	0.00872
44520	0.34422	0.31194	0.21250	1.66741	1.47614	1.24183	5.36064	3.25491	1.63795	0.77738	0.73548	0.65410	1.27231	0.99845	0.78454	5.24823	3.42495	2.03972
44680	0.35977	0.32094	0.21471	1.67993	1.46272	1.22399	5.37167	3.24474	1.64342	0.77896	0.72447	0.67436	1.25876	1.00232	0.77895	5.24173	3.41812	2.05160
44850	0.34162	0.31837	0.20865	1.66561	1.48867	1.23504	5.36396	3.25210	1.64455	0.83861	0.76079	0.66778	1.27116	1.01061	0.78859	5.30052	3.43435	2.03683
45020	0.33777	0.31817	0.21186	1.69299	1.48577	1.24877	5.37007	3.24938	1.64458	0.80061	0.72447	0.66410	1.27085	1.00158	0.78621	5.24343	3.42656	2.07390
45180	0.35413	0.31944	0.22291	1.69227	1.49268	1.24979	5.36999	3.25580	1.63508	0.78536	0.73238	0.65874	1.26154	1.00253	0.78337	5.25739	3.44988	2.05902
45340	0.34473	0.32893	0.20929	1.66896	1.47743	1.25725	5.36252	3.24982	1.64526	0.77627	0.72599	0.66305	1.26329	1.00162	0.78410	5.25252	3.45392	2.05649
45510	0.34591	0.31579	0.21868	1.66652	1.47437	1.25252	5.36686	3.26012	1.64405	0.80028	0.75228	0.67739	1.26554	1.00627	0.78313	5.24116	3.42749	2.04724
45670	0.34784	0.32215	0.21497	1.67668	1.51222	1.28752	5.38131	3.25072	1.64444	0.79740	0.73912	0.66152	1.27606	1.02287	0.78547	5.24785	3.42067	2.04306
45840	0.35572	0.32753	0.22554	1.69660	1.49880	1.22034	5.37332	3.27861	1.66211	0.77890	0.72804	0.66638	1.28759	1.01307	0.79251	5.24760	3.42793	2.05144
46000	0.36550	0.34600	0.21104	1.69191	1.48394	1.22660	5.37012	3.30438	1.64607	0.80827	0.76434	0.66829	1.26257	1.01379	0.81019	5.23762	3.41271	2.04350	24.05	6.1	0.00	7.40	0.01277	0.01291	0.01680	0.00783	0.00584	0.00640	0.00469	0.01268	0.01691	0.00682	0.00699	0.00905	0.01493	0.01099	0.01200	0.00218	0.00619	0.00872
46170	0.33816	0.32393	0.22132	1.68520	1.46314	1.22517	5.34869	3.24703	1.64209	0.77505	0.75745	0.65490	1.25941	1.03182	0.77870	5.22803	3.43260	2.03558
46330	0.33848	0.31625	0.21406	1.68046	1.54231	1.23247	5.36007	3.24601	1.64138	0.76775	0.74137	0.66246	1.25917	1.00158	0.77672	5.28611	3.45796	2.02934
46490	0.33895	0.30994	0.21032	1.83058	1.63763	1.29526	5.36523	3.24364	1.62752	0.77372	0.78068	0.69411	1.26145	0.99949	0.78565	5.24008	3.44012	2.04056
46660	0.34689	0.32993	0.22353	1.69132	1.48229	1.23597	5.38712	3.25585	1.64674	0.76628	0.72742	0.67685	1.26959	0.99750	0.78890	5.30514	3.45328	2.06816
46820	0.35060	0.32865	0.21948	1.69567	1.51712	1.26146	5.36867	3.25238	1.65169	0.78190	0.74024	0.67147	1.26800	1.00718	0.79578	5.27205	3.48689	2.06504
46990	0.34898	0.33258	0.21921	1.72964	1.51951	1.29591	5.37787	3.25943	1.65356	0.80133	0.75378	0.70505	1.27362	1.00365	0.79552	5.27047	3.45169	2.06771
47150	0.35681	0.32562	0.20956	1.73360	1.51804	1.25469	5.36809	3.25508	1.63912	0.80234	0.74313	0.67062	1.27639	1.00667	0.79911	5.29093	3.47109	2.04766
47310	0.35089	0.31728	0.21386	1.70117	1.49717	1.24236	5.35010	3.24635	1.65344	0.78626	0.73128	0.64649	1.26046	0.99909	0.79476	5.23144	3.41182	2.02281
47480	0.33587	0.31976	0.21038	1.69643	1.45852	1.22811	5.35577	3.24819	1.63287	0.77590	0.72919	0.66998	1.29407	1.00784	0.78410	5.25011	3.42645	2.07769
47640	0.33952	0.32003	0.20607	1.67245	1.49493	1.24303	5.36169	3.24496	1.68195	0.79165	0.72237	0.64779	1.26485	1.01245	0.78492	5.26119	3.42012	2.03749	24.11	5.9	0.00	7.35	0.01277	0.01291	0.01679	0.00783	0.00584	0.00640	0.00469	0.01268	0.01691	0.00682	0.00699	0.00905	0.01493	0.01099	0.01200	0.00218	0.00619	0.00872
47800	0.34155	0.32789	0.21672	1.65912	1.47010	1.23921	5.35684	3.25733	1.64450	0.77423	0.70452	0.63829	1.26464	0.99477	0.79116	5.22658	3.41892	2.01935
47970	0.33937	0.31884	0.22629	1.66579	1.48447	1.26958	5.35543	3.24417	1.63160	0.76972	0.71835	0.66790	1.27777	1.00531	0.78018	5.23749	3.44547	2.04444
48130	0.34271	0.32923	0.21786	1.67411	1.46510	1.23745	5.40005	3.27406	1.65064	0.80441	0.73359	0.69334	1.26475	1.02275	0.81945	5.26542	3.42864	2.06305
48300	0.34485	0.32199	0.21837	1.69272	1.47857	1.25656	5.35598	3.25217	1.64161	0.81403	0.77331	0.71800	1.27185	1.02432	0.78839	5.27258	3.46619	2.08766
48460	0.34377	0.33287	0.21775	1.68717	1.49039	1.22926	5.36450	3.25876	1.64048	0.80012	0.74719	0.66776	1.27203	1.01174	0.78512	5.27049	3.46903	2.05136
48620	0.35019	0.32121	0.21167	1.66991	1.48787	1.22237	5.36094	3.24492	1.63585	0.77758	0.71932	0.65059	1.26422	1.02024	0.79509	5.24336	3.43984	2.05208
48790	0.35169	0.33377	0.20860	1.68645	1.45783	1.23592	5.36607	3.24267	1.63498	0.77764	0.74370	0.66667	1.26891	0.99549	0.79301	5.22665	3.46980	2.04983
48950	0.34433	0.32325	0.22284	1.72520	1.54184	1.29690	5.35731	3.26026	1.69948	0.82297	0.77110	0.68186	1.38695	1.10707	0.78350	5.25771	3.45254	2.04379
49120	0.33750	0.31835	0.21099	1.68323	1.50969	1.27901	5.38157	3.25511	1.64215	0.78791	0.72559	0.67196	1.27272	1.00324	0.79071	5.22305	3.42397	2.03599
49280	0.34685	0.32059	0.20600	1.67574	1.48038	1.24789	5.37303	3.25968	1.64545	0.78900	0.72222	0.66895	1.27297	1.00630	0.78394	5.25007	3.43201	2.04539	24.05	6.1	0.00	7.39	0.01277	0.01291	0.01679	0.00783	0.00584	0.00640	0.00469	0.01268	0.01691	0.00682	0.00699	0.00905	0.01493	0.01099	0.01200	0.00218	0.00619	0.00872
49450	0.33795	0.31717	0.21256	1.70486	1.46654	1.34443	5.34992	3.24534	1.63661	0.77471	0.73150	0.68237	1.28223	0.99924	0.79650	5.24786	3.43524	2.05741
49610	0.34898	0.32143	0.21796	1.68990	1.47587	1.24729	5.36622	3.25431	1.64499	0.79133	0.73360	0.66116	1.28090	1.01020	0.79207	5.25557	3.46055	2.06624
49780	0.34981	0.32345	0.21774	1.70112	1.51270	1.27602	5.40184	3.25798	1.64056	0.81457	0.75082	0.66379	1.29088	1.02165	0.78589	5.27050	3.44377	2.05333
49940	0.34562	0.32220	0.23397	1.73424	1.48308	1.26550	5.37432	3.25833	1.63738	0.79719	0.73666	0.74149	1.27131	1.01336	0.80002	5.27829	3.43816	2.09207
50110	0.34830	0.32120	0.21742	1.68418	1.50979	1.26932	5.35355	3.25885	1.64469	0.80506	0.73585	0.69996	1.26527	1.00106	0.79752	5.25430	3.45126	2.05634
50270	0.35002	0.32646	0.22452	1.78249	1.57273	1.45933	5.38443	3.24639	1.65136	0.79837	0.71844	0.68866	1.28171	1.00640	0.79779	5.23801	3.42731	2.04845
50440	0.35567	0.33144	0.21023	1.71677	1.75831	1.40688	5.35816	3.26079	1.68353	0.86144	0.79216	0.84814	1.27175	1.00685	0.79940	5.24647	3.44468	2.05827
50600	0.36162	0.32123	0.21136	1.72781	1.50908	1.25420	5.36211	3.24718	1.64119	0.76311	0.72495	0.67391	1.25607	0.99876	0.77791	5.22754	3.42189	2.05593
50760	0.34651	0.32634	0.21624	1.66971	1.47600	1.25515	5.37475	3.26418	1.64094	0.80799	0.75320	0.66345	1.27218	1.00951	0.79144	5.26411	3.43066	2.04613
50930	0.34637	0.32418	0.20792	1.68052	1.47039	1.23338	5.35805	3.25379	1.64059	0.79519	0.74170	0.67225	1.26174	1.00892	0.79942	5.23542	3.43622	2.03558	24.11	6.1	0.00	7.50	0.01277	0.01291	0.01679	0.00783	0.00584	0.00640	0.00469	0.01268	0.01691	0.00682	0.00699	0.00905	0.01493	0.01099	0.01200	0.00218	0.00619	0.00872
51090	0.35203	0.33734	0.21948	1.70375	1.52124	1.24731	5.37303	3.25811	1.64806	0.82072	0.73111	0.68433	1.27361	1.01236	0.78009	5.25600	3.43321	2.06266
51260	0.34293	0.32430	0.22678	1.68980	1.45918	1.21356	5.35578	3.25587	1.64612	0.80255	0.72436	0.64816	1.26762	1.00124	0.79111	5.25012	3.43796	2.04509
51420	0.35232	0.32225	0.21069	1.65406	1.46303	1.23201	5.35852	3.25525	1.63899	0.79382	0.70843	0.66440	1.26622	1.00163	0.77258	5.22697	3.39972	2.03675
51590	0.34012	0.31558	0.20962	1.68312	1.49294	1.24771	5.36008	3.24837	1.63399	0.78446	0.71088	0.67027	1.27969	1.00364	0.79212	5.25726	3.42818	2.03769
51750	0.34149	0.32401	0.21249	1.67834	1.50434	1.26018	5.37186	3.25104	1.64367	0.77019	0.70249	0.64718	1.26292	0.99880	0.77889	5.24797	3.42610	2.05315
51920	0.35268	0.32690	0.21489	1.67117	1.47950	1.22618	5.36748	3.25351	1.63551	0.76962	0.70172	0.63758	1.26712	0.99880	0.78333	5.24166	3.44212	2.04784
52080	0.34562	0.31519	0.20992	1.66527	1.45938	1.21969	5.35152	3.24085	1.63075	0.77511	0.73332	0.64808	1.25122	0.99485	0.77980	5.23750	3.40360	2.02962
52250	0.34212	0.31771	0.21123	1.67605	1.46475	1.20099	5.35211	3.24772	1.62783	0.74935	0.72423	0.67316	1.25992	0.99513	0.77726	5.22155	3.41243	2.03380
52410	0.33963	0.32665	0.21740	1.67185	1.47355	1.22859	5.36736	3.25767	1.64183	0.82689	0.72296	0.67791	1.26860	1.00214	0.78500	5.24659	3.40110	2.02238
52580	0.35343	0.33608	0.23025	1.67455	1.47267	1.23204	5.39999	3.26751	1.63289	0.79737	0.71899	0.71507	1.27808	1.00838	0.78756	5.23786	3.43276	2.07481	24.11	6.1	0.00	7.40	0.01277	0.01291	0.01679	0.00783	0.00584	0.00640	0.00469	0.01268	0.01691	0.00682	0.00699	0.00905	0.01493	0.01099	0.01200	0.00218	0.00619	0.00872
52740	0.34432	0.32559	0.22368	1.72028	1.56516	1.24236	5.37995	3.24208	1.64021	0.83262	0.72331	0.65935	1.26174	0.99993	0.78227	5.25945	3.46393	2.10209
52900	0.33947	0.31636	0.20594	1.66854	1.48192	1.25951	5.36237	3.24660	1.63820	0.79690	0.77243	0.65036	1.26141	0.99935	0.78008	5.27957	3.43083	2.04374
53070	0.34163	0.31490	0.21165	1.69264	1.47325	1.21078	5.36214	3.24782	1.63838	0.78393	0.72493	0.66770	1.27259	1.02761	0.80046	5.25288	3.43966	2.06017
53230	0.34277	0.32281	0.21885	1.67386	1.47950	1.24657	5.37074	3.25291	1.63841	0.77898	0.71794	0.65937	1.27229	0.99470	0.79028	5.24562	3.39782	2.03303
53400	0.35259	0.33029	0.22197	1.76329	1.53692	1.33797	5.37439	3.26130	1.64181	0.79684	0.74809	0.70061	1.27426	1.03221	0.79710	5.28875	3.46177	2.06404
53560	0.34734	0.31691	0.23221	1.68579	1.50006	1.24162	5.38908	3.25234	1.65088	0.77419	0.71926	0.66294	1.26498	1.03487	0.79298	5.24770	3.41640	2.05247
53730	0.35809	0.36145	0.23484	1.67454	1.48227	1.26620	5.34935	3.24659	1.64023	0.79749	0.71979	0.65355	1.27040	1.01063	0.78803	5.25970	3.41076	2.03350
53890	0.34835	0.31776	0.20990	1.69389	1.48018	1.22800	5.38038	3.25861	1.65171	0.77686	0.72422	0.65483	1.26504	1.00096	0.80174	5.25023	3.41939	2.04305
54060	0.35135	0.32465	0.21973	1.67385	1.47111	1.24382	5.35912	3.24912	1.63686	0.78076	0.73735	0.67023	1.26532	1.00067	0.78391	5.23565	3.46537	2.05514
54220	0.35182	0.32388	0.21065	1.68019	1.47538	1.21939	5.36747	3.24567	1.63901	0.78532	0.74602	0.66845	1.25990	1.02326	0.78930	5.26108	3.43072	2.06200	24.11	6.1	0.00	7.37	0.01277	0.01291	0.01679	0.00783	0.00584	0.00640	0.00469	0.01268	0.01691	0.00682	0.00700	0.00905	0.01493	0.01099	0.01200	0.00218	0.00619	0.00872
54380	0.34432	0.31989	0.21687	1.68565	1.48507	1.25073	5.37044	3.25632	1.64153	0.81401	0.73585	0.67126	1.27676	1.00602	0.79208	5.27045	3.45212	2.04358
54550	0.35040	0.32137	0.21599	1.69633	1.49825	1.22851	5.37573	3.26563	1.64274	0.77713	0.72008	0.66728	1.27348	1.00159	0.78649	5.24023	3.43196	2.03905
54710	0.34882	0.32685	0.21691	1.69753	1.48435	1.29323	5.36915	3.25099	1.65314	0.79175	0.74416	0.67087	1.26552	1.01546	0.79044	5.31538	3.50275	2.05052
54880	0.34280	0.31984	0.21516	1.67501	1.45308	1.21429	5.39611	3.25106	1.63320	0.76326	0.70793	0.63781	1.28295	1.00688	0.79942	5.20984	3.38156	2.02167
55040	0.33787	0.31303	0.20896	1.67282	1.46732	1.24612	5.34745	3.24503	1.62360	0.81587	0.71099	0.63906	1.25718	0.99395	0.77903	5.22118	3.40281	2.04671
55200	0.35003	0.32054	0.21750	1.66515	1.44573	1.22593	5.35155	3.24383	1.63057	0.80374	0.72042	0.64227	1.27178	0.99556	0.77878	5.21721	3.41300	2.02383
55370	0.33668	0.31075	0.20712	1.65130	1.45455	1.19929	5.35945	3.24778	1.64320	0.75034	0.70134	0.63044	1.25837	1.00475	0.77965	5.21683	3.40969	2.02211
55530	0.34313	0.31746	0.20695	1.66975	1.44903	1.22062	5.35827	3.23668	1.62812	0.77894	0.73143	0.68064	1.25670	0.99803	0.78111	5.20733	3.40168	2.06138
55700	0.34139	0.31682	0.20944	1.68150	1.47068	1.22561	5.35339	3.24710	1.63584	0.77647	0.72357	0.64548	1.25438	0.99979	0.78230	5.21286	3.42540	2.01647
55860	0.33826	0.32361	0.21920	1.66352	1.46221	1.34534	5.36231	3.25379	1.63109	0.77409	0.73021	0.62081	1.27286	0.99549	0.79274	5.22761	3.42430	2.04409	24.17	6.1	0.00	7.41	0.01277	0.01291	0.01679	0.00783	0.00584	0.00640	0.00469	0.01268	0.01691	0.00682	0.00700	0.00905	0.01493	0.01099	0.01200	0.00218	0.00619	0.00872
56030	0.34251	0.32626	0.22410	1.67365	1.45033	1.23261	5.35899	3.25054	1.63341	0.78236	0.72632	0.65261	1.27637	0.99840	0.78038	5.24080	3.43109	2.05074
56190	0.36882	0.33308	0.22170	1.70488	1.53217	1.38000	5.37491	3.25716	1.63746	0.90484	0.80959	0.66523	1.26167	1.00838	0.79065	5.23973	3.41242	2.06409
56360	0.34704	0.32163	0.21223	1.73355	1.53625	1.31090	5.37648	3.25127	1.65080	0.78935	0.74241	0.68651	1.27616	1.00999	0.78853	5.23651	3.45302	2.03733
56520	0.33913	0.32326	0.22119	1.72163	1.48746	1.26104	5.36841	3.25769	1.66177	0.83286	0.77343	0.68997	1.26271	1.00912	0.79338	5.28169	3.44144	2.05857
56690	0.35086	0.32361	0.22277	1.70591	1.48387	1.25586	5.37452	3.26298	1.64341	0.79991	0.75842	0.66560	1.26669	1.01881	0.79528	5.27459	3.43865	2.06210
56850	0.35179	0.31889	0.21844	1.69662	1.50335	1.25814	5.36497	3.27133	1.65208	0.81030	0.77904	0.70597	1.27494	1.00776	0.79244	5.26357	3.47342	2.08220
57020	0.35653	0.33021	0.22999	1.73018	1.56597	1.27139	5.37060	3.25901	1.66499	0.81663	0.76613	0.71878	1.28808	1.02686	0.79996	5.26205	3.45079	2.07456
57180	0.35687	0.33151	0.22231	1.69383	1.48778	1.26604	5.35680	3.26730	1.65135	0.83361	0.75986	0.65738	1.26822	1.00795	0.78896	5.32797	3.45626	2.03798
57340	0.35601	0.33033	0.22149	1.70005	1.48384	1.26440	5.37186	3.26351	1.64158	0.79421	0.76175	0.67336	1.27412	1.00505	0.77907	5.22105	3.42191	2.04030
57510	0.35332	0.32762	0.21999	1.76706	1.49067	1.27434	5.35817	3.26010	1.63878	0.80922	0.74071	0.66289	1.27660	1.22699	0.83433	5.24768	3.41577	2.04843	24.11	6.1	0.00	7.46	0.01277	0.01291	0.01679	0.00783	0.00584	0.00640	0.00469	0.01268	0.01691	0.00682	0.00700	0.00905	0.01493	0.01099	0.01200	0.00218	0.00619	0.00872
57670	0.34820	0.32187	0.22386	1.73189	1.52537	1.24861	5.39577	3.25764	1.65156	0.82574	0.80832	0.72539	1.27148	0.99927	0.78805	5.23776	3.51436	2.05440
57840	0.36023	0.33365	0.21584	1.69176	1.48165	1.25173	5.35692	3.25941	1.64004	0.80670	0.77906	0.67470	1.27853	0.99824	0.78385	5.26850	3.44622	2.10510
58000	0.36869	0.32847	0.21818	1.69408	1.47686	1.23456	5.37699	3.25835	1.64852	0.79615	0.76053	0.69032	1.27005	1.00640	0.78706	5.26533	3.42025	2.03935
58170	0.33817	0.31861	0.21186	1.69351	1.48944	1.24736	5.37166	3.25885	1.63358	0.79796	0.72746	0.66009	1.26371	1.00233	0.78470	5.24471	3.43149	2.07981
58330	0.34546	0.31937	0.20518	1.68857	1.47292	1.26251	5.36634	3.25178	1.63907	0.81457	0.76210	0.66028	1.26120	1.00650	0.77971	5.23833	3.41190	2.06872
58500	0.34733	0.33319	0.22375	1.71022	1.47964	1.24518	5.37022	3.26886	1.65208	0.80010	0.73298	0.67804	1.26682	1.01615	0.78724	5.25394	3.43096	2.09002
58660	0.34500	0.32035	0.21077	1.71226	1.50355	1.29057	5.35914	3.26784	1.65272	0.78920	0.77952	0.67843	1.30046	1.02198	0.80277	5.24945	3.43374	2.14903
58830	0.37363	0.34276	0.22967	1.78910	1.49122	1.30472	5.36618	3.26126	1.64299	0.86274	0.75400	0.69758	1.27401	1.00191	0.79621	5.22817	3.42324	2.06042
58990	0.34336	0.31632	0.21810	1.69705	1.51325	1.23174	5.36736	3.25814	1.64060	0.81215	0.71801	0.66590	1.26429	1.00483	0.79125	5.23605	3.41668	2.05284
59160	0.34297	0.32388	0.21126	1.74451	1.50311	1.24419	5.35870	3.25081	1.63378	0.80145	0.73733	0.65991	1.26969	1.00152	0.78010	5.21781	3.40389	2.04931	24.17	6.1	0.00	7.36	0.01277	0.01291	0.01679	0.00783	0.00584	0.00640	0.00469	0.01268	0.01691	0.00682	0.00700	0.00905	0.01493	0.01099	0.01200	0.00218	0.00619	0.00872
59320	0.34587	0.31993	0.21338	1.66925	1.47369	1.23796	5.36429	3.25404	1.63662	0.77738	0.73303	0.67489	1.26414	1.00457	0.78278	5.22853	3.45534	2.05411
59480	0.34597	0.33128	0.21578	1.69505	1.47717	1.24799	5.35870	3.24406	1.63887	0.79184	0.72832	0.70348	1.29007	1.00759	0.79054	5.24880	3.43115	2.08094
59650	0.35002	0.32781	0.21203	1.73429	1.60775	1.24411	5.37036	3.25781	1.63852	0.79060	0.74232	0.68930	1.26768	0.99659	0.78800	5.29215	3.46455	2.07102
59810	0.34531	0.32950	0.22294	1.69660	1.51179	1.25592	5.37431	3.25810	1.63492	0.77812	0.73997	0.70155	1.26229	1.01032	0.79037	5.26279	3.40895	2.05741
59980	0.34742	0.32342	0.21267	1.71265	1.49456	1.23610	5.35925	3.25400	1.64358	0.79182	0.73465	0.66410	1.26112	1.00442	0.78961	5.24046	3.43816	2.06588
60140	0.34424	0.33294	0.22570	1.68679	1.48763	1.24348	5.36089	3.26314	1.65002	0.79801	0.74692	0.66122	1.26737	1.01918	0.79661	5.24988	3.42031	2.06432
60310	0.34925	0.33079	0.21456	1.70558	1.49523	1.25648	5.35467	3.26708	1.65441	0.82133	0.72743	0.66640	1.27548	1.01953	0.79390	5.24489	3.43307	2.06497
60470	0.35579	0.32552	0.21247	1.68777	1.50345	1.23177	5.35479	3.25040	1.63531	0.80781	0.74948	0.68275	1.26315	0.99881	0.78819	5.23112	3.41630	2.04641
60640	0.35502	0.32335	0.21848	1.70341	1.46957	1.23274	5.35432	3.25240	1.65543	0.79137	0.73992	0.65756	1.26623	0.99944	0.79051	5.22140	3.42334	2.04224
60800	0.34925	0.33904	0.22203	1.70838	1.51371	1.23292	5.38274	3.25901	1.64165	0.78554	0.76205	0.66670	1.26844	1.01092	0.78271	5.24284	3.42449	2.05248	24.17	6.1	0.00	7.38	0.01277	0.01291	0.01679	0.00783	0.00584	0.00640	0.00469	0.01268	0.01691	0.00682	0.00700	0.00905	0.01493	0.01099	0.01200	0.00218	0.00619	0.00872
60970	0.34994	0.32211	0.21115	1.69018	1.47334	1.24061	5.36872	3.24801	1.62764	0.77322	0.74152	0.66187	1.27088	1.00959	0.78835	5.21508	3.41361	2.06356
61130	0.38976	0.41432	0.21208	1.67925	1.46750	1.25047	5.36841	3.25217	1.63524	0.80939	0.73344	0.66175	1.27686	1.00088	0.78604	5.29479	3.43990	2.05304
61300	0.34540	0.31735	0.20885	1.68852	1.48808	1.23590	5.36571	3.27370	1.63539	0.78030	0.76515	0.67854	1.26332	1.01475	0.79309	5.24303	3.43656	2.05096
61460	0.34155	0.32511	0.21718	1.69355	1.50305	1.23982	5.36544	3.24528	1.64587	0.79629	0.73462	0.68500	1.28132	1.03521	0.78445	5.24423	3.45751	2.11170
61630	0.35821	0.33035	0.21672	1.68059	1.47442	1.29467	5.36724	3.26870	1.63470	0.79023	0.73091	0.67357	1.26250	1.03117	0.79410	5.24404	3.43060	2.05322
61790	0.34842	0.33332	0.21519	1.69220	1.53990	1.26750	5.37518	3.26511	1.65232	0.79901	0.74306	0.66639	1.27618	1.00640	0.78870	5.25011	3.43216	2.06440
61960	0.34493	0.32540	0.21235	1.67940	1.48452	1.25032	5.35594	3.25100	1.64333	0.78298	0.72211	0.64427	1.27744	1.01411	0.79151	5.25770	3.44745	2.04150
62120	0.34899	0.33052	0.22232	1.66517	1.48902	1.24349	5.35848	3.25343	1.63759	0.79442	0.74069	0.65983	1.26672	0.99821	0.78460	5.23659	3.40743	2.02586
62290	0.34452	0.31607	0.21062	1.69818	1.47373	1.23370	5.35699	3.25135	1.64841	0.78240	0.73769	0.66528	1.27172	1.00853	0.78645	5.22592	3.42104	2.05134
62450	0.34972	0.32487	0.21779	1.74055	1.50749	1.24720	5.36419	3.24544	1.64338	0.78993	0.72823	0.65493	1.27642	1.00188	0.79155	5.21773	3.42067	2.04420	24.17	6.1	0.00	7.46	0.01277	0.01291	0.01679	0.00783	0.00584	0.00640	0.00469	0.01268	0.01691	0.00682	0.00700	0.00905	0.01493	0.01099	0.01200	0.00218	0.00619	0.00872
62610	0.34882	0.33669	0.22812	1.68229	1.47757	1.23857	5.36423	3.26951	1.64892	0.77768	0.71384	0.65947	1.28462	0.99929	0.78794	5.23204	3.42100	2.06388
62780	0.35351	0.34113	0.21391	1.66358	1.46947	1.21935	5.35090	3.24527	1.64378	0.92334	0.84795	0.64889	1.27539	1.00151	0.79234	5.22384	3.42413	2.05494
62940	0.34908	0.32139	0.21885	1.67535	1.48403	1.26178	5.36391	3.26004	1.63804	0.79019	0.75452	0.73814	1.26727	1.01252	0.78102	5.22946	3.43209	2.07346
63110	0.34930	0.31914	0.21903	1.69825	1.49063	1.23950	5.37961	3.25397	1.64438	0.79430	0.75977	0.66890	1.25888	0.99885	0.77898	5.26650	3.42570	2.05596
63270	0.33520	0.31646	0.20997	1.70250	1.48428	1.25350	5.34922	3.25382	1.64424	0.82063	0.73425	0.68780	1.26099	0.99725	0.77740	5.27328	3.49842	2.07924
63440	0.34167	0.31573	0.21632	1.77431	1.51971	1.24744	5.36387	3.24932	1.63862	0.78032	0.73407	0.65693	1.26089	1.00347	0.78522	5.24000	3.43271	2.04805
63600	0.35423	0.33731	0.24765	1.68104	1.47443	1.25367	5.37781	3.26140	1.64676	0.78495	0.72138	0.66013	1.25766	1.00531	0.77237	5.24259	3.43900	2.05137
63760	0.35754	0.32834	0.22044	1.70091	1.49393	1.25118	5.38188	3.25582	1.64574	0.79171	0.72996	0.68489	1.26767	1.02214	0.78769	5.28139	3.43540	2.02177
63930	0.34603	0.32444	0.21713	1.67311	1.48511	1.23096	5.36716	3.25634	1.64431	0.78677	0.75578	0.69000	1.26355	1.01610	0.78714	5.28216	3.42530	2.07952
64090	0.34613	0.32426	0.22329	1.68887	1.50669	1.25195	5.36662	3.25283	1.63328	0.78530	0.76991	0.67474	1.27699	1.01288	0.79413	5.27421	3.47147	2.11421	24.17	6.1	0.00	7.37	0.01277	0.01291	0.01679	0.00783	0.00584	0.00640	0.00469	0.01268	0.01691	0.00682	0.00700	0.00905	0.01493	0.01099	0.01200	0.00218	0.00619	0.00872
64260	0.34275	0.33450	0.23093	1.71703	1.50556	1.28294	5.38259	3.25371	1.64312	0.78317	0.76570	0.67356	1.27183	1.00966	0.78523	5.27586	3.43928	2.06080
64420	0.35270	0.32086	0.21105	1.69873	1.50922	1.25336	5.37774	3.26481	1.64965	0.82627	0.76454	0.68869	1.27561	1.01075	0.78411	5.26414	3.46045	2.04496
64580	0.34650	0.33626	0.22462	1.71028	1.49029	1.25397	5.37398	3.25911	1.65670	0.80147	0.74689	0.80263	1.26223	1.02697	0.79438	5.24661	3.42216	2.05941
64750	0.35821	0.32674	0.21352	1.69057	1.47460	1.24778	5.37003	3.27209	1.64914	0.80367	0.71929	0.67492	1.27029	1.01407	0.78977	5.25699	3.42630	2.06809
64910	0.34686	0.32657	0.22629	1.66988	1.49329	1.24163	5.38142	3.25429	1.63701	0.77517	0.76674	0.66797	1.26270	0.99780	0.77393	5.23745	3.41995	2.06050
65080	0.34427	0.33027	0.22698	1.68791	1.50240	1.26543	5.37253	3.26188	1.64867	0.80443	0.74951	0.68945	1.29432	1.01486	0.79639	5.27827	3.45023	2.09358
65240	0.34271	0.33122	0.21825	1.68444	1.50821	1.26647	5.36341	3.25457	1.63423	0.82118	0.73684	0.68002	1.26524	1.00396	0.78077	5.26078	3.45051	2.05602
65410	0.35015	0.32085	0.21447	1.70036	1.49320	1.25385	5.36713	3.25990	1.65890	0.82520	0.76263	0.68142	1.27369	1.01046	0.79479	5.24573	3.46156	2.04499
65570	0.35231	0.32489	0.22009	1.69435	1.50303	1.29284	5.37762	3.25494	1.65940	0.80648	0.73318	0.70958	1.29137	1.07585	0.79881	5.26712	3.45424	2.10338
65740	0.34953	0.33452	0.22650	1.71381	1.50174	1.28713	5.37899	3.26030	1.66100	0.82945	0.75101	0.66860	1.27677	1.00840	0.79143	5.26994	3.43653	2.09580	24.17	6.1	0.00	7.44	0.01277	0.01291	0.01679	0.00783	0.00584	0.00640	0.00469	0.01268	0.01691	0.00682	0.00700	0.00905	0.01493	0.01099	0.01200	0.00218	0.00619	0.00872
65900	0.35382	0.32839	0.21434	1.67712	1.50222	1.24855	5.36431	3.26464	1.64201	0.78197	0.74836	0.67180	1.27007	1.01321	0.78020	5.25641	3.45580	2.05476
66070	0.36078	0.32065	0.21688	1.72387	1.48216	1.24929	5.37688	3.24844	1.64088	0.80715	0.72966	0.66863	1.27179	1.00650	0.79027	5.26532	3.42626	2.03475
66230	0.34039	0.31790	0.20927	1.67274	1.47232	1.23828	5.37895	3.25171	1.64411	0.81008	0.73446	0.65972	1.27335	1.01854	0.78304	5.25255	3.41171	2.04227
66400	0.33626	0.32059	0.21185	1.69275	1.52581	1.32949	5.37715	3.25548	1.63534	0.80901	0.77626	0.64416	1.26338	1.01782	0.80869	5.26722	3.42763	2.07078
66560	0.35048	0.31902	0.22603	1.67540	1.45687	1.25541	5.37104	3.24260	1.63179	0.79542	0.76004	0.67388	1.27523	0.99784	0.79064	5.26001	3.47235	2.11727
66720	0.35720	0.32399	0.22337	1.67792	1.50619	1.25555	5.36361	3.28501	1.64585	0.79976	0.74726	0.65550	1.27015	0.99890	0.78428	5.24984	3.44709	2.05639
66890	0.34462	0.31608	0.21911	1.69802	1.49783	1.25190	5.35763	3.25544	1.63961	0.80373	0.77850	0.66046	1.25998	0.99576	0.78824	5.28147	3.46338	2.09938
67050	0.34481	0.32288	0.21696	1.70459	1.52199	1.28456	5.37507	3.25926	1.63748	0.80406	0.76641	0.66881	1.26252	1.02254	0.79517	5.24377	3.44112	2.05745
67220	0.34563	0.32386	0.21819	1.69267	1.48123	1.24250	5.37449	3.26309	1.65408	0.79174	0.72630	0.65417	1.27000	1.01004	0.79734	5.26026	3.43573	2.05558
67380	0.34221	0.31729	0.21480	1.67464	1.49380	1.25395	5.34597	3.25606	1.64225	0.76545	0.70408	0.62928	1.26116	1.00300	0.79186	5.24885	3.41961	2.03971	24.17	6.1	0.00	7.35	0.01277	0.01291	0.01679	0.00783	0.00584	0.00640	0.00469	0.01268	0.01691	0.00682	0.00699	0.00904	0.01493	0.01099	0.01200	0.00218	0.00619	0.00872
67550	0.33872	0.31905	0.21293	1.67738	1.49583	1.23978	5.41529	3.25517	1.64737	0.82237	0.76354	0.69114	1.26284	0.99316	0.78429	5.27162	3.42895	2.04572
67710	0.35341	0.32331	0.20854	1.69528	1.51627	1.25724	5.37589	3.24976	1.63127	0.75903	0.71418	0.64704	1.26788	1.00598	0.77814	5.22657	3.43559	2.05673
67870	0.34187	0.32412	0.20787	1.69506	1.48621	1.25179	5.38243	3.25340	1.63814	0.79303	0.76653	0.67274	1.27463	1.00464	0.79038	5.23174	3.43709	2.05602
68040	0.35537	0.32929	0.22214	1.68943	1.47611	1.25010	5.37393	3.26801	1.65167	0.80293	0.73540	0.66768	1.27249	1.01230	0.79411	5.26377	3.45013	2.06055
68200	0.35238	0.32655	0.20776	1.69453	1.49766	1.25809	5.38929	3.27123	1.64691	0.80734	0.74076	0.66803	1.28383	1.01033	0.79491	5.24986	3.44295	2.06357
68370	0.35115	0.31626	0.21159	1.69239	1.47296	1.22778	5.36630	3.25670	1.64410	0.80772	0.76443	0.69015	1.26502	1.01022	0.79184	5.24689	3.41877	2.04899
68530	0.34213	0.31779	0.21399	1.67411	1.46403	1.21293	5.37836	3.25901	1.63407	0.77651	0.71119	0.65092	1.25989	1.00294	0.79636	5.23042	3.41702	2.04252
68690	0.34557	0.32008	0.20971	1.66909	1.47948	1.23834	5.39329	3.23850	1.63155	0.74111	0.68361	0.64819	1.27877	1.02069	0.78120	5.21561	3.40810	2.02671
68860	0.33922	0.32374	0.20272	1.66856	1.48672	1.22376	5.35433	3.25149	1.64250	0.76320	0.71064	0.65036	1.25863	1.00582	0.79518	5.22651	3.42043	2.03512
69020	0.35131	0.31942	0.21424	1.65692	1.44923	1.22085	5.34857	3.25152	1.63650	0.79653	0.70949	0.63073	1.26454	1.00318	0.79304	5.24549	3.42039	2.06900	24.23	6.1	0.00	7.38	0.01277	0.01291	0.01679	0.00783	0.00584	0.00640	0.00469	0.01268	0.01691	0.00682	0.00699	0.00904	0.01493	0.01099	0.01200	0.00218	0.00619	0.00872
69180	0.34749	0.32782	0.21788	1.67816	1.47750	1.23959	5.35533	3.25025	1.64821	0.78853	0.72910	0.64413	1.26563	0.99910	0.78417	5.22417	3.43060	2.03564
69350	0.35074	0.32327	0.21145	1.68467	1.46514	1.25297	5.38084	3.25188	1.63071	0.78092	0.71676	0.65339	1.26071	0.99770	0.78020	5.22971	3.43226	2.03242
69510	0.35085	0.32115	0.20415	1.73313	1.46255	1.25958	5.36913	3.25382	1.64087	0.78416	0.72050	0.66193	1.27086	0.99897	0.77974	5.21812	3.41168	2.08148
69680	0.34114	0.31400	0.20724	1.70242	1.45701	1.23086	5.37097	3.25255	1.63221	0.80298	0.76312	0.65504	1.26420	0.99910	0.78680	5.26116	3.43827	2.07290
69840	0.36355	0.33664	0.22419	1.70580	1.50220	1.23860	5.35924	3.24950	1.64780	0.82212	0.74969	0.69154	1.26077	0.99706	0.78058	5.27033	3.45942	2.29371
70000	0.34304	0.32891	0.21593	1.72015	1.49727	1.25075	5.38264	3.29249	1.63842	0.92770	1.03322	0.66489	1.27236	1.00346	0.79189	5.25035	3.46359	2.06129
70170	0.35184	0.32586	0.22701	1.69687	1.46023	1.39326	5.37359	3.24858	1.63992	0.80000	0.72505	0.66294	1.27871	1.00532	0.78380	5.27445	3.41629	2.02600
70330	0.34724	0.32666	0.20984	1.66239	1.46525	1.24329	5.35795	3.25052	1.70064	0.80817	0.74366	0.64750	1.27362	1.00474	0.78157	5.23255	3.42880	2.04928
70500	0.35086	0.33727	0.23527	1.66195	1.47501	1.23022	5.36143	3.26268	1.65965	0.79477	0.72668	0.66836	1.25629	1.00119	0.78812	5.26382	3.43159	2.07269
70660	0.35301	0.32399	0.20850	1.69285	1.52066	1.25387	5.36343	3.25087	1.63873	0.79072	0.75589	0.70679	1.27244	1.00263	0.79736	5.26558	3.45297	2.05234	24.17	6.1	0.00	7.39	0.01277	0.01291	0.01679	0.00783	0.00584	0.00640	0.00469	0.01268	0.01691	0.00682	0.00700	0.00904	0.01493	0.01099	0.01200	0.00218	0.00619	0.00872
70830	0.35262	0.32881	0.21454	1.69736	1.49946	1.24542	5.36195	3.25512	1.64734	0.78020	0.72098	0.66463	1.26047	0.99890	0.78911	5.24611	3.42991	2.03976
70990	0.34243	0.32997	0.22037	1.68281	1.48764	1.24553	5.36879	3.25602	1.64365	0.79675	0.73656	0.64979	1.27138	0.99801	0.77917	5.25913	3.43970	2.04924
71160	0.34705	0.32888	0.21267	1.70603	1.47606	1.26399	5.36558	3.24286	1.65082	0.78168	0.71881	0.66935	1.27531	1.01312	0.79304	5.29231	3.46884	2.08997
71320	0.34588	0.32438	0.21725	1.70464	1.49677	1.25785	5.35307	3.25263	1.64657	0.78945	0.73209	0.65543	1.26723	1.00063	0.78324	5.41255	3.45493	2.16512
71490	0.34959	0.32697	0.22778	1.78943	1.51653	1.30159	5.36136	3.26067	1.64448	0.79636	0.73858	0.66837	1.27697	1.00935	0.78925	5.28470	3.45434	2.08022
71650	0.34555	0.31849	0.20921	1.68438	1.48418	1.22831	5.41375	3.26077	1.63124	0.77996	0.73177	0.66818	1.28370	1.00405	0.78329	5.24845	3.41600	2.03520
71820	0.34196	0.32107	0.20583	1.69183	1.46715	1.23918	5.37185	3.24632	1.64415	0.79083	0.74131	0.65983	1.26244	1.00092	0.77954	5.23633	3.43428	2.05134
71980	0.34251	0.31763	0.20976	1.67176	1.47503	1.21821	5.35628	3.26195	1.64841	0.78718	0.72362	0.65439	1.26733	1.00459	0.78888	5.24693	3.40931	2.03167
72150	0.34007	0.32067	0.21002	1.66676	1.47229	1.26236	5.35980	3.25223	1.64853	0.80139	0.78017	0.64371	1.26876	1.00223	0.78524	5.23721	3.39948	2.03133
72310	0.34822	0.32216	0.21222	1.68422	1.48083	1.24688	5.36618	3.25494	1.63760	0.92425	0.92631	0.68918	1.25800	1.00266	0.80197	5.27554	3.44229	2.05656	24.17	6.1	0.00	7.47	0.01277	0.01291	0.01679	0.00783	0.00584	0.00640	0.00469	0.01268	0.01691	0.00682	0.00699	0.00904	0.01493	0.01099	0.01200	0.00218	0.00619	0.00872
72470	0.34608	0.34356	0.24105	1.65673	1.45933	1.24422	5.35824	3.25289	1.63808	0.76997	0.73993	0.68207	1.26210	1.01388	0.78984	5.25238	3.43150	2.03720
72640	0.35254	0.34019	0.22652	1.73521	1.49972	1.26113	5.36426	3.25495	1.63449	0.79313	0.74416	0.66293	1.27159	1.00805	0.78792	5.26054	3.45939	2.03966
72800	0.35429	0.32525	0.21911	1.68612	1.47280	1.24222	5.37702	3.26734	1.64157	0.78460	0.74132	0.66863	1.26498	1.02007	0.79557	5.22443	3.41820	2.05155
72970	0.34638	0.32629	0.21750	1.69434	1.49354	1.22712	5.36509	3.24878	1.65918	0.78468	0.73726	0.64242	1.27552	1.00807	0.78001	5.22897	3.40581	2.03600
73130	0.34737	0.32936	0.21900	1.71063	1.50256	1.23155	5.36114	3.24974	1.63782	0.78902	0.72806	0.66269	1.28067	1.00984	0.78630	5.24752	3.44814	2.11472
73300	0.34866	0.32821	0.22569	1.69747	1.47906	1.23481	5.37381	3.25204	1.65735	0.78687	0.73052	0.65011	1.26191	1.00591	0.79399	5.26566	3.44203	2.05699
73460	0.34735	0.31506	0.20835	1.70030	1.47994	1.24095	5.37648	3.25844	1.65737	0.81085	0.77796	0.66895	1.28689	1.00662	0.79091	5.27060	3.53745	2.04060
73630	0.34067	0.32012	0.21298	1.69865	1.47257	1.22341	5.37295	3.24997	1.63857	0.78027	0.72141	0.67477	1.27713	1.00082	0.78750	5.23635	3.43055	2.08426
73790	0.33934	0.31600	0.21758	1.67809	1.46134	1.25197	5.38459	3.28175	1.66703	0.75810	0.70054	0.65366	1.26530	1.01444	0.78295	5.22116	3.40266	2.03208
73950	0.34428	0.31797	0.22010	1.65731	1.47307	1.21852	5.37432	3.25495	1.63742	0.77151	0.72916	0.66949	1.26093	1.01747	0.79124	5.24368	3.42416	2.02361	24.23	6.0	0.00	7.35	0.01277	0.01291	0.01679	0.00783	0.00584	0.00640	0.00469	0.01268	0.01691	0.00682	0.00699	0.00904	0.01493	0.01099	0.01200	0.00218	0.00619	0.00872
74120	0.35134	0.32070	0.21628	1.66513	1.45261	1.22273	5.38102	3.25001	1.63741	0.78064	0.70367	0.63451	1.27745	0.99918	0.77914	5.24109	3.39097	2.03845
74280	0.33662	0.32036	0.20749	1.67363	1.47486	1.22877	5.37675	3.24480	1.63853	0.76742	0.70898	0.64979	1.26638	0.99246	0.77689	5.23913	3.41271	2.01182
74450	0.34044	0.31202	0.20392	1.66736	1.45974	1.24880	5.36481	3.23870	1.62835	0.76101	0.71614	0.65578	1.25797	0.98735	0.79137	5.21877	3.38986	2.02965
74610	0.34121	0.31447	0.21147	1.67068	1.44991	1.20373	5.35480	3.29124	1.64760	0.79355	0.71782	0.64141	1.28351	1.01714	0.77620	5.21437	3.40878	2.09512
74770	0.34074	0.31481	0.21050	1.64913	1.47738	1.22411	5.37961	3.24121	1.65332	0.76136	0.71903	0.67095	1.27871	1.01187	0.78958	5.24532	3.41557	2.03194
74940	0.35317	0.31963	0.21836	1.67755	1.47606	1.22025	5.36168	3.29544	1.63653	0.80895	0.73820	0.66154	1.30246	0.99138	0.77691	5.22236	3.42294	2.03983
75100	0.34274	0.32735	0.21964	1.66171	1.46742	1.20322	5.37432	3.25737	1.65214	0.75343	0.71641	0.65113	1.26689	1.00315	0.78200	5.22621	3.40960	2.01847
75270	0.35495	0.34798	0.23744	1.67584	1.45670	1.22162	5.37467	3.24382	1.62972	0.78147	0.71876	0.66055	1.26259	1.00590	0.78074	5.24084	3.43526	2.06553
75430	0.35209	0.32132	0.21267	1.66212	1.45620	1.25281	5.36974	3.25270	1.64752	0.81366	0.73827	0.66380	1.33442	1.01347	0.79572	5.28980	3.45483	2.09028
75600	0.35150	0.32686	0.22504	1.71321	1.54728	1.28070	5.39576	3.27967	1.65953	0.83665	0.78063	0.72209	1.28314	1.01915	0.80414	5.33469	3.51995	2.11270	24.23	6.1	0.00	7.35	0.01277	0.01291	0.01679	0.00783	0.00584	0.00640	0.00469	0.01268	0.01691	0.00682	0.00700	0.00904	0.01493	0.01099	0.01200	0.00218	0.00619	0.00872
75760	0.46485	0.35529	0.27179	1.75867	1.54697	1.29227	5.40039	3.32757	1.67073	0.85621	0.80651	0.70897	1.28648	1.02510	0.81661	5.33170	3.49402	2.09284
75920	0.35458	0.33683	0.23360	1.74952	1.53032	1.26933	5.39976	3.27839	1.66209	0.82210	0.73952	0.67733	1.27741	1.01385	0.79736	5.29271	3.44816	2.06524
76090	0.34703	0.32575	0.20775	1.71924	1.49307	1.24707	5.36477	3.25573	1.63736	0.77086	0.71672	0.63384	1.27253	1.02539	0.80934	5.25515	3.43415	2.05607
76250	0.34987	0.33438	0.21549	1.69572	1.47459	1.23728	5.37530	3.27211	1.64985	0.76217	0.71325	0.65793	1.28767	1.01915	0.79451	5.25003	3.41444	2.03217
76420	0.35031	0.31774	0.21527	1.67112	1.47160	1.24813	5.37455	3.25878	1.63790	0.76579	0.71251	0.63865	1.27557	1.01693	0.78670	5.28771	3.43361	2.05788
76580	0.35503	0.33514	0.21513	1.70573	1.49990	1.24597	5.38788	3.25246	1.63914	0.78654	0.71378	0.66201	1.28013	0.99226	0.77504	5.25048	3.42859	2.06219
76740	0.34814	0.31625	0.21659	1.69429	1.46384	1.25297	5.37718	3.25227	1.64333	0.79968	0.75356	0.69822	1.26749	1.00482	0.78624	5.26930	3.42572	2.06310
76910	0.34839	0.32042	0.21505	1.74302	1.49642	1.24338	5.36786	3.25678	1.63779	0.79774	0.74571	0.68762	1.26773	1.00063	0.77848	5.25616	3.42930	2.08354
77070	0.35480	0.33007	0.22680	1.72925	1.49253	1.23692	5.36766	3.26281	1.65348	0.80069	0.73007	0.65393	1.26304	1.00376	0.79016	5.24770	3.45063	2.05864
77240	0.34199	0.31950	0.21320	1.70621	1.49461	1.28687	5.36709	3.25137	1.63342	0.87201	0.73869	0.65132	1.26653	1.01321	0.78066	5.23513	3.42762	2.03206	24.23	6.1	0.00	7.37	0.01277	0.01291	0.01679	0.00783	0.00584	0.00640	0.00469	0.01268	0.01691	0.00682	0.00699	0.00904	0.01493	0.01099	0.01200	0.00218	0.00619	0.00872
77400	0.34405	0.31963	0.21458	1.65682	1.47747	1.22099	5.36830	3.26255	1.63354	0.77685	0.74629	0.64355	1.26426	0.99365	0.80686	5.21838	3.41252	2.03318
77560	0.33681	0.32382	0.21006	1.67106	1.44976	1.25886	5.34883	3.24330	1.64314	0.76311	0.72706	0.66286	1.27880	1.01182	0.79623	5.27757	3.43212	2.05278
77730	0.34514	0.32015	0.20941	1.73224	1.48284	1.23120	5.37805	3.24057	1.63410	0.79726	0.74856	0.67835	1.26111	1.00165	0.78512	5.26473	3.43767	2.05693
77890	0.34151	0.32378	0.21378	1.71755	1.47338	1.22434	5.36122	3.24791	1.63291	0.78677	0.74714	0.66319	1.26583	0.99909	0.79277	5.24578	3.44096	2.06095
78060	0.34801	0.32150	0.21973	1.69824	1.48407	1.22582	5.36020	3.24879	1.63692	0.77348	0.70690	0.67647	1.26763	1.00643	0.77701	5.22259	3.41679	2.03956
78220	0.33775	0.31399	0.20739	1.66950	1.46378	1.21942	5.35387	3.23681	1.62506	0.76188	0.70728	0.64694	1.25232	0.99548	0.78320	5.22650	3.42141	2.03207
78380	0.34430	0.31827	0.21158	1.66598	1.48939	1.23345	5.36748	3.24326	1.63232	0.76236	0.73450	0.66850	1.25900	1.00068	0.78519	5.26246	3.43037	2.04362
78550	0.34226	0.31468	0.20916	1.66499	1.46005	1.20338	5.37770	3.30749	1.67338	0.76262	0.70778	0.64352	1.25142	0.99227	0.77563	5.23488	3.40868	2.04265
78710	0.33609	0.31488	0.20519	1.68194	1.46782	1.22957	5.36376	3.25072	1.63147	0.74377	0.69687	0.63408	1.25309	0.99909	0.77800	5.22574	3.39611	2.03735
78880	0.33928	0.31072	0.20521	1.66721	1.46358	1.20812	5.35461	3.24331	1.63766	0.77481	0.69812	0.63665	1.26487	1.00039	0.78184	5.23027	3.38650	2.01878	24.23	6.1	0.00	7.39	0.01277	0.01291	0.01679	0.00783	0.00584	0.00640	0.00469	0.01268	0.01691	0.00682	0.00699	0.00904	0.01493	0.01099	0.01200	0.00218	0.00619	0.00872
79040	0.33751	0.31486	0.21037	1.65087	1.45804	1.21112	5.35688	3.24414	1.63517	0.76203	0.70089	0.63728	1.25604	1.00710	0.78288	5.26982	3.41528	2.04290
79200	0.34561	0.31791	0.21309	1.70685	1.45941	1.20868	5.38032	3.25904	1.64164	0.76710	0.74821	0.67212	1.26105	0.99575	0.78538	5.25333	3.41166	2.05300
79370	0.34181	0.31220	0.20327	1.67829	1.51745	1.23354	5.35152	3.25182	1.63710	0.78133	0.71725	0.64169	1.27386	1.01430	0.78562	5.25188	3.42020	2.08022
79530	0.34003	0.33099	0.22110	1.68954	1.49599	1.23874	5.37899	3.24729	1.63224	0.78512	0.75493	0.68444	1.25444	1.00506	0.78045	5.28354	3.44770	2.08042
79700	0.34367	0.31537	0.21487	1.69729	1.48599	1.26471	5.37476	3.25518	1.63934	0.79504	0.72339	0.68211	1.27099	1.01782	0.80653	5.24444	3.43960	2.06382
