WetView ver 7.1	07-19-2018	18:33:14
AC9 Absorption and Attenuation Meter
00000266		; Serial number
2	; structure version number
Reserved
0.000000	0.000000		; Depth calibration
19200			; Baud rate
0.100000			; Path length (meters)
31			; number of temperature calibration bins
				12.59339	13.44920	14.48425	15.49668	16.50852	17.49564	18.50545	19.52458	20.50176	21.48889	22.47318	23.48707	24.50962	25.49370	26.49784	27.51372	28.50746	29.47237	30.47938	31.50214	32.50470	33.49235	34.50337	35.50914	36.50618	37.52058	38.51018	39.51308	40.49994	41.49866	42.47204	; temperature bins
a650	Blue	20.34952		-0.00383	-0.00415	-0.00430	-0.00391	-0.00363	-0.00317	-0.00269	-0.00237	-0.00179	-0.00130	-0.00099	-0.00071	-0.00015	0.00000	0.00004	-0.00001	0.00015	0.00036	0.00058	0.00101	0.00161	0.00132	0.00160	0.00169	0.00242	0.00273	0.00336	0.00365	0.00427	0.00566	0.00670		; offset and temperature correction info
a676	Green	20.51193		-0.00398	-0.00384	-0.00360	-0.00306	-0.00302	-0.00255	-0.00235	-0.00212	-0.00163	-0.00136	-0.00118	-0.00089	-0.00029	0.00000	0.00068	0.00082	0.00099	0.00137	0.00145	0.00212	0.00260	0.00252	0.00321	0.00354	0.00457	0.00535	0.00617	0.00648	0.00742	0.00887	0.01002		; offset and temperature correction info
a715	Brown	20.23230		-0.00421	-0.00394	-0.00391	-0.00291	-0.00264	-0.00192	-0.00204	-0.00179	-0.00188	-0.00239	-0.00180	-0.00187	-0.00099	0.00000	0.00084	0.00162	0.00188	0.00224	0.00321	0.00381	0.00466	0.00528	0.00588	0.00696	0.00859	0.01041	0.01148	0.01282	0.01333	0.01456	0.01617		; offset and temperature correction info
c510	Red	20.40042		-0.00261	-0.00247	-0.00258	-0.00225	-0.00203	-0.00197	-0.00199	-0.00203	-0.00154	-0.00103	-0.00069	-0.00019	-0.00007	0.00000	0.00011	-0.00021	-0.00042	-0.00056	-0.00040	0.00011	0.00036	0.00050	0.00077	0.00079	0.00050	0.00042	0.00043	0.00092	0.00147	0.00200	0.00232		; offset and temperature correction info
c532	Magenta	20.40760		-0.00248	-0.00265	-0.00278	-0.00279	-0.00296	-0.00292	-0.00238	-0.00206	-0.00129	-0.00096	-0.00092	-0.00052	-0.00009	0.00000	0.00007	-0.00049	-0.00136	-0.00107	-0.00079	-0.00065	-0.00074	-0.00105	-0.00152	-0.00192	-0.00236	-0.00269	-0.00252	-0.00233	-0.00172	-0.00128	-0.00067		; offset and temperature correction info
c555	Black	20.50654		-0.00053	-0.00063	-0.00106	-0.00094	-0.00068	-0.00055	-0.00053	-0.00039	-0.00028	-0.00025	-0.00011	-0.00035	-0.00007	0.00000	-0.00037	-0.00055	-0.00036	-0.00014	0.00019	0.00044	0.00032	0.00040	0.00050	0.00028	0.00014	0.00013	0.00030	0.00073	0.00117	0.00176	0.00241		; offset and temperature correction info
a412	LtBlue	17.15231		-0.01972	-0.01823	-0.01612	-0.01381	-0.01272	-0.01080	-0.00959	-0.00866	-0.00710	-0.00532	-0.00354	-0.00148	-0.00028	0.00000	0.00176	0.00297	0.00394	0.00440	0.00453	0.00487	0.00804	0.00856	0.01065	0.01248	0.01388	0.01439	0.01659	0.01881	0.02256	0.02450	0.02719		; offset and temperature correction info
a440	LtGreen	18.00171		-0.00729	-0.00642	-0.00581	-0.00502	-0.00426	-0.00349	-0.00244	-0.00218	-0.00179	-0.00101	-0.00046	-0.00006	0.00036	0.00000	0.00040	0.00045	0.00030	-0.00015	-0.00024	-0.00035	0.00012	-0.00013	-0.00033	-0.00089	-0.00142	-0.00189	-0.00231	-0.00205	-0.00140	-0.00140	-0.00146		; offset and temperature correction info
a488	Yellow	18.86491		-0.00113	-0.00102	-0.00106	-0.00064	-0.00027	-0.00020	-0.00030	-0.00037	-0.00047	-0.00059	-0.00052	-0.00012	0.00008	0.00000	0.00025	0.00012	-0.00013	-0.00043	-0.00065	-0.00076	-0.00025	0.00010	0.00090	0.00111	0.00113	0.00104	0.00073	0.00068	0.00120	0.00186	0.00258		; offset and temperature correction info
c650	Blue	20.46075		-0.00145	-0.00097	-0.00092	-0.00139	-0.00185	-0.00196	-0.00237	-0.00266	-0.00238	-0.00163	-0.00083	-0.00041	-0.00010	0.00000	0.00005	-0.00001	0.00015	0.00034	0.00029	0.00065	0.00101	0.00164	0.00126	0.00156	0.00175	0.00270	0.00287	0.00371	0.00407	0.00473	0.00534		; offset and temperature correction info
c676	Green	20.10118		-0.00170	-0.00144	-0.00149	-0.00177	-0.00188	-0.00194	-0.00198	-0.00196	-0.00177	-0.00156	-0.00140	-0.00091	-0.00033	0.00000	0.00050	0.00092	0.00110	0.00141	0.00167	0.00199	0.00216	0.00265	0.00269	0.00289	0.00315	0.00374	0.00367	0.00408	0.00486	0.00561	0.00646		; offset and temperature correction info
c715	Brown	19.91219		-0.01201	-0.01097	-0.00859	-0.00680	-0.00651	-0.00592	-0.00535	-0.00440	-0.00387	-0.00303	-0.00222	-0.00153	-0.00028	0.00000	0.00093	0.00149	0.00247	0.00322	0.00330	0.00427	0.00373	0.00464	0.00536	0.00551	0.00643	0.00733	0.00779	0.00884	0.00899	0.01021	0.01120		; offset and temperature correction info
a510	Red	19.21192		0.00201	0.00193	0.00158	0.00098	0.00089	0.00049	0.00011	-0.00016	-0.00016	-0.00005	0.00028	0.00025	0.00006	0.00000	0.00035	-0.00022	-0.00023	-0.00080	-0.00144	-0.00154	-0.00153	-0.00204	-0.00220	-0.00219	-0.00190	-0.00128	-0.00069	-0.00018	0.00068	0.00152	0.00241		; offset and temperature correction info
a532	Magenta	19.41084		-0.00097	-0.00072	-0.00060	-0.00081	-0.00062	-0.00071	-0.00040	0.00020	0.00028	0.00043	0.00000	-0.00035	0.00007	0.00000	-0.00011	-0.00059	-0.00080	-0.00098	-0.00137	-0.00162	-0.00163	-0.00130	-0.00073	-0.00018	0.00090	0.00185	0.00175	0.00247	0.00291	0.00327	0.00349		; offset and temperature correction info
a555	Black	19.69776		0.00171	0.00183	0.00183	0.00186	0.00191	0.00170	0.00115	0.00131	0.00097	0.00073	0.00060	0.00013	0.00015	0.00000	0.00014	-0.00029	-0.00066	-0.00082	-0.00116	-0.00139	-0.00134	-0.00167	-0.00119	-0.00093	-0.00048	0.00053	0.00111	0.00095	0.00178	0.00206	0.00273		; offset and temperature correction info
c412	LtBlue	19.91180		-0.02051	-0.01853	-0.01589	-0.01311	-0.01059	-0.00877	-0.00705	-0.00581	-0.00413	-0.00231	-0.00098	-0.00066	-0.00011	0.00000	-0.00013	-0.00085	-0.00170	-0.00170	-0.00302	-0.00330	-0.00429	-0.00551	-0.00626	-0.00775	-0.00978	-0.01181	-0.01113	-0.01108	-0.01116	-0.01192	-0.01291		; offset and temperature correction info
c440	LtGreen	20.06241		-0.01064	-0.00992	-0.00892	-0.00766	-0.00639	-0.00531	-0.00478	-0.00384	-0.00287	-0.00187	-0.00102	-0.00063	-0.00023	0.00000	-0.00007	-0.00053	-0.00090	-0.00119	-0.00169	-0.00197	-0.00226	-0.00257	-0.00260	-0.00289	-0.00394	-0.00470	-0.00481	-0.00493	-0.00520	-0.00580	-0.00620		; offset and temperature correction info
c488	Yellow	20.35984		-0.01125	-0.01082	-0.00966	-0.00833	-0.00726	-0.00661	-0.00579	-0.00500	-0.00389	-0.00278	-0.00167	-0.00113	-0.00041	0.00000	0.00055	0.00121	0.00187	0.00226	0.00222	0.00251	0.00281	0.00359	0.00414	0.00427	0.00401	0.00404	0.00486	0.00563	0.00638	0.00684	0.00718		; offset and temperature correction info
0.003500	0.004000	0.015000	0.020000	0.015000	0.020000	2500.000000	2000.000000	1000.000000	; maxANoise	maxCNoise	maxADifference	maxCDifference	minACounts	minCCounts	minRCounts	maxTempSdev	maxDepthSdev
0			; auxilliary capabilities
1			; acquisition binsize
0	0.22726	0.19845	0.12081	1.19772	1.03749	0.84531	4.61869	2.72161	1.30322	0.50163	0.46507	0.40990	0.98623	0.77198	0.59396	4.27647	2.67863	1.48927	28.92	6.2	0.00	7.30	0.01269	0.01291	0.01639	0.00784	0.00583	0.00639	0.00468	0.01266	0.01683	0.00679	0.00701	0.00884	0.01489	0.01095	0.01196	0.00218	0.00620	0.00871
160	0.22655	0.19763	0.11989	1.19564	1.03515	0.84337	4.61607	2.72059	1.30169	0.50013	0.46129	0.40759	0.98652	0.77437	0.59541	4.27482	2.68046	1.49220
320	0.22771	0.19944	0.12287	1.19871	1.03814	0.84578	4.62120	2.72314	1.30417	0.50294	0.46415	0.40991	0.98722	0.77151	0.59260	4.27653	2.67961	1.48992
490	0.22626	0.19754	0.11985	1.19676	1.03746	0.84483	4.62124	2.71544	1.29905	0.50214	0.46295	0.40911	0.98880	0.77473	0.59409	4.28173	2.68193	1.49357
650	0.22896	0.20011	0.12262	1.20082	1.03967	0.84887	4.61346	2.72245	1.30348	0.50460	0.46632	0.41139	0.98795	0.77374	0.59041	4.28122	2.68039	1.49228
810	0.22899	0.19885	0.12087	1.19867	1.03774	0.84659	4.61360	2.72261	1.30333	0.50262	0.46514	0.41056	0.98400	0.77156	0.58988	4.27768	2.67955	1.48997
980	0.22611	0.19836	0.11949	1.19712	1.03630	0.84436	4.60459	2.71763	1.30101	0.50071	0.46223	0.40836	0.98268	0.77156	0.59175	4.27750	2.67615	1.48801
1140	0.22415	0.19647	0.11556	1.19420	1.03236	0.84119	4.60303	2.71832	1.29709	0.49815	0.46009	0.40466	0.98746	0.77174	0.59332	4.27550	2.67997	1.49349
1310	0.22998	0.19990	0.12217	1.19889	1.03735	0.84595	4.61949	2.71827	1.30351	0.50232	0.46372	0.40796	0.98728	0.77164	0.58942	4.27270	2.67651	1.48808
1470	0.22643	0.19858	0.12149	1.19685	1.03592	0.84536	4.61273	2.71855	1.30137	0.50138	0.46242	0.40830	0.98738	0.77202	0.59086	4.27642	2.67700	1.48905
1630	0.22568	0.19826	0.11957	1.19619	1.03525	0.84496	4.60873	2.71907	1.29928	0.49882	0.46022	0.40711	0.98336	0.76797	0.59083	4.27235	2.67414	1.48692	28.92	5.9	0.00	7.29	0.01269	0.01291	0.01639	0.00784	0.00583	0.00639	0.00468	0.01266	0.01683	0.00679	0.00701	0.00884	0.01489	0.01095	0.01196	0.00218	0.00620	0.00871
1800	0.22774	0.20141	0.12279	1.19826	1.03871	0.84856	4.61858	2.72517	1.30476	0.50218	0.46469	0.41086	0.98800	0.77391	0.59345	4.27750	2.68092	1.49229
1960	0.22793	0.20001	0.12267	1.19692	1.03541	0.84522	4.61967	2.71514	1.30098	0.49910	0.46136	0.40769	0.98629	0.77285	0.59294	4.27498	2.67733	1.48946
2120	0.22631	0.19831	0.11919	1.19466	1.03414	0.84341	4.60347	2.71855	1.30025	0.49911	0.45928	0.40596	0.98272	0.77055	0.58922	4.27218	2.67397	1.48640
2290	0.22435	0.19632	0.12065	1.19143	1.03083	0.84085	4.60997	2.71707	1.29690	0.49649	0.45825	0.40451	0.98507	0.77237	0.58831	4.27133	2.67476	1.48654
2450	0.22521	0.19782	0.11914	1.19270	1.03280	0.84164	4.61353	2.71820	1.29963	0.49785	0.45800	0.40544	0.98563	0.77135	0.59146	4.27367	2.67486	1.48612
2620	0.22378	0.19581	0.11744	1.19121	1.02999	0.84010	4.60623	2.71551	1.29668	0.49548	0.45697	0.40350	0.98696	0.77121	0.59095	4.27395	2.67483	1.48699
2780	0.22690	0.19763	0.11914	1.19195	1.03204	0.84189	4.60663	2.71385	1.29807	0.49671	0.45936	0.40517	0.98380	0.76890	0.59096	4.27264	2.67255	1.48602
2940	0.22507	0.19965	0.11928	1.19329	1.03280	0.84237	4.60143	2.71634	1.30118	0.49835	0.46009	0.40620	0.98626	0.77414	0.58994	4.27481	2.67481	1.48610
3110	0.22343	0.19772	0.11845	1.19045	1.03119	0.83962	4.61247	2.71221	1.29599	0.49471	0.45801	0.40352	0.98474	0.77027	0.59055	4.27058	2.67278	1.48597
3270	0.22546	0.19797	0.11952	1.19256	1.03345	0.84306	4.61086	2.71643	1.29780	0.49646	0.45913	0.40410	0.98429	0.77111	0.58756	4.27182	2.67320	1.48468	28.92	6.2	0.00	7.32	0.01269	0.01291	0.01639	0.00784	0.00583	0.00639	0.00468	0.01266	0.01683	0.00679	0.00701	0.00884	0.01489	0.01095	0.01196	0.00218	0.00620	0.00871
3440	0.22188	0.19706	0.11839	1.19107	1.03537	0.84425	4.61133	2.71812	1.30372	0.49925	0.46191	0.40646	0.98768	0.77386	0.59105	4.27650	2.67656	1.48955
3600	0.22657	0.19677	0.11887	1.19406	1.03432	0.84189	4.61188	2.71782	1.29945	0.49619	0.45896	0.40415	0.98746	0.77501	0.59291	4.27850	2.67718	1.48992
3760	0.22560	0.20109	0.11887	1.19508	1.03669	0.84481	4.61053	2.71998	1.30357	0.49836	0.46079	0.40528	0.98486	0.77333	0.58976	4.27581	2.67450	1.48668
3930	0.22314	0.19587	0.11668	1.19223	1.03376	0.83994	4.60948	2.71142	1.29543	0.49507	0.45861	0.40335	0.98742	0.77117	0.59047	4.27718	2.67527	1.48865
4090	0.22641	0.19848	0.11975	1.19517	1.03588	0.84425	4.61413	2.71679	1.29978	0.49710	0.46051	0.40567	0.98392	0.77141	0.58871	4.27747	2.67511	1.48680
4250	0.22475	0.19557	0.11713	1.19261	1.03245	0.84107	4.60973	2.71205	1.29746	0.49495	0.45801	0.40350	0.98340	0.77265	0.59072	4.27718	2.67568	1.48822
4420	0.22477	0.19867	0.11797	1.19430	1.03410	0.84234	4.60153	2.71360	1.29745	0.49641	0.45894	0.40414	0.98260	0.77165	0.58987	4.27798	2.67369	1.48584
4580	0.22322	0.19655	0.11780	1.19169	1.03300	0.84040	4.61224	2.71111	1.29655	0.49519	0.45858	0.40340	0.98238	0.76740	0.58654	4.26976	2.67060	1.48322
4740	0.22565	0.19840	0.12043	1.19591	1.03691	0.84571	4.62253	2.71940	1.30265	0.50020	0.46302	0.40811	0.98658	0.77138	0.59046	4.28021	2.67872	1.49053
4910	0.22446	0.19615	0.11945	1.19538	1.03599	0.84325	4.60989	2.71368	1.29984	0.49670	0.45943	0.40540	0.98138	0.77111	0.59125	4.27639	2.67503	1.48745	28.86	6.1	0.00	7.04	0.01269	0.01291	0.01639	0.00784	0.00584	0.00639	0.00468	0.01266	0.01683	0.00679	0.00701	0.00884	0.01489	0.01095	0.01196	0.00218	0.00620	0.00871
5070	0.22556	0.19573	0.11819	1.19277	1.03364	0.84131	4.60509	2.71087	1.29793	0.49586	0.45825	0.40425	0.98141	0.77025	0.58873	4.27205	2.67262	1.48550
5230	0.22064	0.19361	0.11702	1.19101	1.03255	0.83994	4.61040	2.71589	1.29790	0.49470	0.45691	0.40327	0.98233	0.76987	0.58783	4.27399	2.67468	1.48703
5400	0.22433	0.19375	0.11869	1.19219	1.03407	0.84038	4.61334	2.71958	1.29728	0.49617	0.45774	0.40386	0.98147	0.76777	0.59030	4.27439	2.67287	1.48521
5560	0.22131	0.19528	0.11750	1.19065	1.03183	0.83953	4.60706	2.71311	1.29746	0.49467	0.45692	0.40265	0.98177	0.77140	0.58894	4.27536	2.67473	1.48747
5730	0.22423	0.19766	0.11991	1.19206	1.03315	0.83975	4.61581	2.71422	1.30032	0.49510	0.45793	0.40422	0.98286	0.76893	0.58902	4.27171	2.67235	1.48383
5890	0.22661	0.19711	0.11988	1.19099	1.03318	0.84110	4.61832	2.71694	1.29943	0.49693	0.45833	0.40501	0.98312	0.77005	0.58998	4.27205	2.67355	1.48549
6050	0.22199	0.19792	0.11952	1.18944	1.03173	0.83971	4.60796	2.71214	1.29687	0.49503	0.45557	0.40339	0.98279	0.76916	0.58529	4.26994	2.67189	1.48413
6220	0.22508	0.19659	0.11794	1.18990	1.03174	0.84001	4.61065	2.71583	1.29880	0.49468	0.45637	0.40307	0.98250	0.76899	0.58684	4.27176	2.67255	1.48456
6380	0.22362	0.19792	0.11776	1.18844	1.03002	0.83727	4.60724	2.71174	1.29499	0.49290	0.45377	0.40106	0.98399	0.77036	0.59008	4.27656	2.67448	1.48742
6550	0.22491	0.19814	0.12276	1.19267	1.03230	0.84113	4.61613	2.71449	1.29827	0.49539	0.45760	0.40366	0.98419	0.76944	0.59336	4.27525	2.67589	1.48749	28.92	6.0	0.00	6.46	0.01269	0.01291	0.01639	0.00784	0.00584	0.00639	0.00468	0.01266	0.01683	0.00679	0.00701	0.00884	0.01489	0.01095	0.01196	0.00218	0.00621	0.00871
6710	0.22746	0.19883	0.12279	1.19450	1.03552	0.84276	4.60984	2.71708	1.30004	0.49792	0.46017	0.40632	0.98622	0.77111	0.59090	4.27531	2.67508	1.48633
6870	0.22524	0.19660	0.11931	1.19107	1.03256	0.84049	4.61068	2.71660	1.29921	0.49659	0.45739	0.40402	0.98371	0.76996	0.58749	4.27051	2.67191	1.48413
7040	0.22311	0.19698	0.11957	1.19011	1.03041	0.83865	4.60628	2.71286	1.29800	0.49470	0.45620	0.40290	0.98107	0.76633	0.58932	4.27136	2.67058	1.48266
7200	0.22003	0.19629	0.11998	1.18837	1.03050	0.83919	4.61209	2.71458	1.29807	0.49647	0.45630	0.40241	0.98323	0.76940	0.58951	4.27028	2.67211	1.48351
7370	0.22570	0.19746	0.11863	1.18908	1.03106	0.83826	4.61108	2.71167	1.29476	0.49489	0.45461	0.40141	0.98300	0.76744	0.58688	4.26657	2.66967	1.48233
7530	0.22295	0.19525	0.11917	1.18768	1.03065	0.84009	4.60835	2.71313	1.29859	0.49712	0.45623	0.40342	0.98349	0.77034	0.58965	4.27296	2.67286	1.48436
7690	0.22572	0.19913	0.11953	1.19053	1.02909	0.83771	4.61417	2.71358	1.29622	0.49252	0.45498	0.40050	0.98353	0.76967	0.59160	4.27279	2.67341	1.48464
7860	0.22257	0.19612	0.11646	1.18968	1.03062	0.83749	4.61369	2.71121	1.29818	0.49400	0.45583	0.40091	0.98157	0.76851	0.58891	4.26959	2.67173	1.48334
8020	0.22254	0.19529	0.11658	1.18712	1.02803	0.83559	4.59587	2.70973	1.29246	0.49082	0.45291	0.39832	0.98402	0.77222	0.58870	4.27234	2.67355	1.48640
8190	0.22769	0.19766	0.11824	1.19201	1.03114	0.83921	4.61402	2.70925	1.29583	0.49470	0.45544	0.40161	0.98064	0.76907	0.59012	4.26815	2.67028	1.48211	28.92	6.0	0.00	7.36	0.01269	0.01291	0.01639	0.00784	0.00584	0.00640	0.00468	0.01266	0.01683	0.00679	0.00701	0.00884	0.01489	0.01095	0.01196	0.00218	0.00621	0.00871
8350	0.22646	0.19755	0.11904	1.19039	1.03032	0.84000	4.60276	2.71221	1.29787	0.49586	0.45549	0.40176	0.98105	0.76906	0.58889	4.26890	2.67067	1.48204
8510	0.22448	0.19642	0.11699	1.18768	1.02705	0.83681	4.59185	2.70919	1.29510	0.49257	0.45415	0.40018	0.97831	0.76595	0.58564	4.26547	2.66588	1.47848
8680	0.22380	0.19710	0.12015	1.19008	1.03048	0.84043	4.61304	2.71675	1.30003	0.49733	0.45727	0.40376	0.98632	0.77312	0.59139	4.27244	2.67219	1.48378
8840	0.22434	0.19516	0.11851	1.18798	1.02729	0.83621	4.60723	2.71046	1.29680	0.49354	0.45383	0.40041	0.98118	0.77086	0.59125	4.26696	2.66964	1.48159
9000	0.22361	0.19262	0.11788	1.18705	1.02621	0.83539	4.60222	2.71191	1.29622	0.49205	0.45247	0.39909	0.98034	0.76871	0.58664	4.26136	2.66711	1.47989
9170	0.22157	0.19090	0.11602	1.18487	1.02447	0.83371	4.59388	2.70814	1.29297	0.48983	0.45028	0.39667	0.98030	0.76838	0.58820	4.26724	2.66871	1.48058
9330	0.22221	0.19525	0.11765	1.18561	1.02571	0.83570	4.61079	2.71210	1.29382	0.49137	0.45295	0.39865	0.98166	0.76804	0.58585	4.26496	2.66687	1.47879
9500	0.21953	0.19431	0.11588	1.18415	1.02380	0.83282	4.58782	2.70517	1.29408	0.48891	0.45116	0.39556	0.98273	0.76857	0.58660	4.26867	2.66971	1.48229
9660	0.22521	0.19838	0.11964	1.18728	1.02707	0.83580	4.60585	2.71226	1.29700	0.49157	0.45253	0.39747	0.98033	0.76804	0.58509	4.26405	2.66660	1.47818
9830	0.22454	0.20027	0.11948	1.18742	1.02839	0.83700	4.60169	2.71146	1.29955	0.49345	0.45616	0.40068	0.98407	0.77115	0.58913	4.26764	2.67004	1.48170	28.92	6.2	0.00	7.31	0.01269	0.01291	0.01639	0.00784	0.00584	0.00640	0.00468	0.01266	0.01683	0.00679	0.00701	0.00884	0.01490	0.01095	0.01196	0.00218	0.00621	0.00871
9990	0.22217	0.19676	0.11735	1.18643	1.02537	0.83430	4.59531	2.70977	1.29592	0.48968	0.45308	0.39737	0.98139	0.76863	0.58896	4.26696	2.66897	1.48044
10150	0.22262	0.19412	0.11773	1.18565	1.02640	0.83541	4.60521	2.71007	1.29422	0.49093	0.45378	0.39891	0.98256	0.76934	0.58967	4.26747	2.67125	1.48264
10320	0.22465	0.19780	0.11690	1.18731	1.02642	0.83577	4.60768	2.70998	1.29445	0.49059	0.45341	0.39803	0.98154	0.76861	0.58631	4.26730	2.66864	1.48121
10480	0.22365	0.19562	0.11920	1.18604	1.02539	0.83388	4.61349	2.71048	1.29709	0.48964	0.45258	0.39809	0.98226	0.76968	0.59146	4.27124	2.67223	1.48328
10650	0.22500	0.19535	0.11973	1.18865	1.02805	0.83619	4.60561	2.71260	1.29774	0.49328	0.45585	0.39943	0.98121	0.76699	0.58744	4.26981	2.66897	1.48042
10810	0.22177	0.19520	0.12021	1.18635	1.02858	0.83743	4.61487	2.71303	1.29956	0.49280	0.45710	0.40080	0.98316	0.77041	0.58751	4.27141	2.67076	1.48168
10970	0.22320	0.19326	0.11723	1.18663	1.02604	0.83423	4.60529	2.70813	1.29406	0.48989	0.45310	0.39797	0.97824	0.76556	0.58385	4.26679	2.66644	1.47757
11140	0.22547	0.19748	0.12146	1.18868	1.02958	0.83822	4.60285	2.71468	1.30013	0.49393	0.45709	0.40259	0.98398	0.77295	0.59195	4.26958	2.67279	1.48291
11300	0.22644	0.19442	0.11766	1.18771	1.02702	0.83567	4.60071	2.71060	1.29621	0.49174	0.45357	0.39984	0.98095	0.76830	0.58489	4.26764	2.66835	1.47964
11460	0.22467	0.19753	0.12058	1.18821	1.03012	0.83789	4.59555	2.71297	1.29835	0.49340	0.45764	0.40146	0.98361	0.76835	0.59064	4.26992	2.67319	1.48353	28.92	6.1	0.00	7.33	0.01269	0.01291	0.01639	0.00784	0.00584	0.00640	0.00468	0.01266	0.01683	0.00679	0.00701	0.00885	0.01490	0.01095	0.01196	0.00218	0.00621	0.00871
11630	0.22292	0.19642	0.11612	1.18727	1.02937	0.83486	4.60683	2.71102	1.29500	0.49082	0.45364	0.39889	0.97883	0.76504	0.58507	4.26832	2.66791	1.47893
11790	0.22192	0.19495	0.11844	1.18660	1.02935	0.83686	4.60211	2.71192	1.29607	0.49220	0.45546	0.40061	0.98118	0.76985	0.58848	4.26906	2.67167	1.48113
11950	0.22167	0.19595	0.11729	1.18603	1.02820	0.83552	4.61119	2.71095	1.29580	0.49057	0.45526	0.39951	0.98212	0.76621	0.58558	4.27038	2.66877	1.48012
12120	0.22179	0.19026	0.11525	1.18381	1.02493	0.83321	4.59370	2.70698	1.29151	0.48881	0.45282	0.39671	0.98173	0.77148	0.58931	4.27237	2.67356	1.48414
12280	0.22395	0.19577	0.11856	1.18869	1.02939	0.83660	4.59029	2.70929	1.29646	0.49257	0.45546	0.40022	0.98058	0.76882	0.58856	4.26627	2.66931	1.48132
12440	0.22095	0.19560	0.12040	1.18714	1.02904	0.83653	4.60033	2.70649	1.29731	0.49263	0.45505	0.40101	0.98069	0.76762	0.58671	4.27089	2.66943	1.48154
12610	0.22331	0.19551	0.11953	1.18766	1.02874	0.83669	4.60462	2.71026	1.29337	0.49240	0.45628	0.40038	0.98197	0.76678	0.58698	4.26884	2.67017	1.48068
12770	0.22627	0.19929	0.12065	1.18900	1.03036	0.83771	4.60937	2.71195	1.29797	0.49392	0.45797	0.40259	0.97981	0.76843	0.58842	4.27100	2.67120	1.48265
12930	0.22459	0.19338	0.11921	1.18796	1.02721	0.83618	4.59283	2.70869	1.29474	0.49039	0.45459	0.39923	0.98135	0.76833	0.58651	4.26918	2.67021	1.48282
13100	0.22192	0.19552	0.11927	1.18660	1.02752	0.83633	4.59669	2.71109	1.29534	0.49166	0.45559	0.39907	0.98186	0.76985	0.58666	4.26632	2.67105	1.48183	28.92	6.2	0.00	7.44	0.01269	0.01291	0.01639	0.00784	0.00584	0.00640	0.00469	0.01266	0.01683	0.00679	0.00701	0.00885	0.01490	0.01095	0.01196	0.00218	0.00621	0.00871
13260	0.22253	0.19420	0.11896	1.18711	1.02797	0.83634	4.60525	2.70806	1.29441	0.49133	0.45502	0.39825	0.98046	0.76819	0.58842	4.26946	2.67183	1.48360
13430	0.22622	0.19340	0.11962	1.18815	1.02996	0.83810	4.60511	2.70985	1.29763	0.49332	0.45640	0.40034	0.98429	0.77087	0.58879	4.27215	2.67395	1.48420
13590	0.22517	0.19540	0.12011	1.19011	1.03135	0.84045	4.61273	2.71285	1.29782	0.49523	0.45789	0.40107	0.98324	0.76834	0.59016	4.26821	2.67107	1.48249
13750	0.22356	0.19545	0.11815	1.18740	1.02790	0.83604	4.61164	2.70921	1.29473	0.49160	0.45569	0.39929	0.98217	0.77057	0.59069	4.27249	2.67510	1.48550
13920	0.22511	0.19564	0.11955	1.19168	1.03200	0.84051	4.60395	2.71102	1.29760	0.49534	0.45845	0.40165	0.98300	0.76730	0.58994	4.27032	2.67171	1.48302
14080	0.22420	0.19386	0.11889	1.18725	1.02853	0.83681	4.60743	2.70768	1.29566	0.49203	0.45477	0.39887	0.98279	0.76963	0.59002	4.27032	2.67456	1.48608
14240	0.22521	0.19623	0.12215	1.19132	1.03168	0.83981	4.60725	2.71039	1.29863	0.49500	0.45819	0.40159	0.98292	0.77152	0.58949	4.27009	2.67191	1.48339
14410	0.22287	0.19362	0.11730	1.18724	1.02772	0.83595	4.60388	2.70814	1.29414	0.49157	0.45571	0.39835	0.98308	0.76833	0.58960	4.27169	2.67439	1.48503
14570	0.22480	0.19544	0.12138	1.19075	1.03212	0.84007	4.60148	2.71196	1.29585	0.49444	0.45793	0.40049	0.98069	0.76693	0.58801	4.26906	2.67215	1.48305
14730	0.22354	0.19477	0.11785	1.18733	1.02888	0.83679	4.59975	2.70744	1.29484	0.49077	0.45616	0.39853	0.98131	0.76655	0.58540	4.27238	2.67289	1.48404	28.86	6.1	0.00	7.36	0.01269	0.01291	0.01639	0.00784	0.00584	0.00640	0.00469	0.01267	0.01683	0.00679	0.00702	0.00885	0.01490	0.01095	0.01196	0.00219	0.00621	0.00871
14900	0.22305	0.19410	0.11951	1.18886	1.02947	0.83795	4.60146	2.71151	1.29596	0.49341	0.45853	0.39972	0.97831	0.76572	0.58696	4.26941	2.66912	1.47991
15060	0.22067	0.19183	0.11664	1.18589	1.02799	0.83540	4.59971	2.70937	1.29536	0.49160	0.45691	0.39875	0.97757	0.76693	0.58452	4.26839	2.66884	1.48080
15220	0.22568	0.19644	0.12094	1.18973	1.03268	0.84018	4.60664	2.71141	1.29942	0.49563	0.45933	0.40190	0.98468	0.76997	0.59027	4.27187	2.67353	1.48470
15390	0.22364	0.19556	0.11847	1.18874	1.02868	0.83789	4.59953	2.71198	1.29628	0.49256	0.45719	0.39997	0.98095	0.76714	0.58758	4.27015	2.67138	1.48258
15550	0.22390	0.19474	0.11698	1.18730	1.02888	0.83696	4.60955	2.70601	1.29362	0.49086	0.45708	0.39882	0.98011	0.76543	0.58580	4.26953	2.66872	1.48071
15710	0.22245	0.19397	0.11900	1.18519	1.02775	0.83553	4.59761	2.70526	1.29307	0.49067	0.45645	0.39861	0.98137	0.76847	0.58747	4.26941	2.67189	1.48326
15880	0.22161	0.19576	0.11878	1.18903	1.03009	0.83745	4.60131	2.70994	1.29668	0.49308	0.45930	0.40011	0.97892	0.76702	0.58914	4.27272	2.67079	1.48231
16040	0.22119	0.19339	0.11665	1.18677	1.02799	0.83505	4.60214	2.70735	1.29346	0.49197	0.45676	0.39867	0.98299	0.77089	0.58795	4.27107	2.67398	1.48524
16210	0.22423	0.19417	0.11936	1.18909	1.03065	0.83859	4.60077	2.70945	1.29633	0.49323	0.45842	0.39980	0.98192	0.76733	0.58444	4.26724	2.67029	1.48159
16370	0.22493	0.19640	0.12074	1.19030	1.03315	0.83985	4.60747	2.71048	1.29847	0.49325	0.46049	0.40191	0.98505	0.77013	0.58771	4.27288	2.67328	1.48433	28.92	6.1	0.00	7.33	0.01269	0.01291	0.01639	0.00784	0.00584	0.00640	0.00469	0.01267	0.01683	0.00679	0.00702	0.00885	0.01490	0.01095	0.01196	0.00218	0.00621	0.00871
16540	0.22354	0.19447	0.11722	1.18956	1.03061	0.83773	4.59840	2.70605	1.29446	0.49176	0.45843	0.39897	0.98341	0.76872	0.58680	4.27157	2.67358	1.48456
16700	0.22647	0.19670	0.11977	1.18957	1.03164	0.83846	4.60195	2.70957	1.29639	0.49300	0.45941	0.40065	0.98076	0.76650	0.58719	4.26877	2.67105	1.48191
16860	0.22493	0.19359	0.11724	1.18749	1.02943	0.83716	4.59419	2.70438	1.29154	0.49061	0.45820	0.39900	0.98083	0.76656	0.58664	4.26797	2.67147	1.48231
17030	0.22454	0.19382	0.11762	1.18828	1.03092	0.83723	4.60693	2.70974	1.29526	0.49243	0.45909	0.40071	0.98191	0.76807	0.58916	4.26877	2.67404	1.48491
17200	0.22402	0.19632	0.12047	1.18927	1.03317	0.83932	4.60137	2.71214	1.29506	0.49343	0.46049	0.40139	0.98404	0.77286	0.59091	4.27402	2.67620	1.48700
17360	0.22837	0.19796	0.12127	1.19318	1.03573	0.84130	4.59771	2.71125	1.29759	0.49500	0.46308	0.40298	0.98530	0.76882	0.58867	4.27157	2.67473	1.48625
17520	0.22548	0.19776	0.12292	1.19179	1.03667	0.84353	4.61059	2.71404	1.30032	0.49744	0.46403	0.40602	0.98354	0.77010	0.59011	4.27442	2.67615	1.48852
17690	0.22659	0.19608	0.11900	1.19272	1.03417	0.84151	4.60025	2.70800	1.29614	0.49476	0.46199	0.40197	0.98164	0.76948	0.59038	4.27277	2.67689	1.48884
17850	0.22677	0.19722	0.12023	1.19380	1.03670	0.84191	4.61673	2.70958	1.29508	0.49618	0.46332	0.40465	0.98210	0.77002	0.58690	4.27328	2.67451	1.48662
18020	0.22516	0.19536	0.11854	1.19176	1.03331	0.83886	4.60199	2.70745	1.29334	0.49358	0.45864	0.40095	0.98051	0.76848	0.58917	4.27239	2.67622	1.48827	28.92	6.1	0.00	7.32	0.01269	0.01291	0.01640	0.00784	0.00584	0.00640	0.00469	0.01267	0.01683	0.00679	0.00702	0.00885	0.01490	0.01095	0.01196	0.00218	0.00621	0.00871
18180	0.22405	0.19689	0.11953	1.19320	1.03547	0.84054	4.61786	2.70815	1.29632	0.49559	0.46139	0.40352	0.97920	0.76725	0.58679	4.26794	2.67262	1.48514
18340	0.22098	0.19163	0.11644	1.18902	1.03119	0.83731	4.59945	2.70600	1.29046	0.49227	0.45791	0.40018	0.97893	0.76856	0.58637	4.26971	2.67431	1.48710
18500	0.22177	0.19306	0.11905	1.19221	1.03376	0.83956	4.59017	2.70644	1.29542	0.49442	0.46051	0.40273	0.97906	0.76655	0.58689	4.26514	2.67205	1.48429
18670	0.22157	0.19332	0.11686	1.18958	1.03237	0.83666	4.59007	2.70337	1.29235	0.49234	0.45958	0.40091	0.97948	0.76929	0.58825	4.27251	2.67638	1.48804
18830	0.22410	0.19626	0.11900	1.19335	1.03513	0.84011	4.59880	2.71012	1.29567	0.49561	0.46297	0.40365	0.97994	0.76538	0.58573	4.26880	2.67404	1.48504
19000	0.22354	0.19465	0.12052	1.19311	1.03688	0.84095	4.59478	2.71223	1.29850	0.49682	0.46185	0.40492	0.97996	0.76784	0.58452	4.27011	2.67441	1.48654
19160	0.22259	0.19433	0.11712	1.19172	1.03640	0.84078	4.60243	2.70999	1.29608	0.49594	0.46198	0.40410	0.97890	0.76706	0.58267	4.26897	2.67299	1.48539
19320	0.22415	0.19540	0.12124	1.19453	1.03868	0.84350	4.60450	2.70935	1.30017	0.49712	0.46341	0.40677	0.98249	0.76828	0.58652	4.27491	2.67682	1.48931
19490	0.22334	0.19504	0.11844	1.19426	1.03550	0.84079	4.60602	2.70522	1.29354	0.49477	0.46050	0.40436	0.98112	0.76689	0.58545	4.27000	2.67490	1.48702
19650	0.22165	0.19474	0.11772	1.19266	1.03590	0.84064	4.59631	2.70778	1.29427	0.49666	0.46336	0.40487	0.97884	0.76776	0.58441	4.26855	2.67311	1.48597	28.86	6.2	0.00	7.31	0.01270	0.01291	0.01640	0.00784	0.00584	0.00640	0.00469	0.01267	0.01683	0.00679	0.00702	0.00885	0.01490	0.01095	0.01196	0.00218	0.00621	0.00871
19820	0.22324	0.19205	0.11658	1.19050	1.03280	0.83794	4.59895	2.70286	1.29284	0.49411	0.46138	0.40254	0.97952	0.76856	0.58600	4.26912	2.67529	1.48791
19980	0.22344	0.19479	0.12015	1.19395	1.03646	0.84144	4.60436	2.71101	1.29480	0.49727	0.46423	0.40595	0.98015	0.76697	0.58192	4.26958	2.67267	1.48584
20140	0.22248	0.19386	0.11779	1.19120	1.03468	0.83907	4.58565	2.70313	1.29199	0.49573	0.46087	0.40418	0.98119	0.76506	0.58610	4.26832	2.67406	1.48751
20310	0.22343	0.19729	0.11881	1.19365	1.03611	0.84245	4.60490	2.70580	1.29528	0.49855	0.46333	0.40589	0.98187	0.77049	0.59052	4.27546	2.67885	1.49283
20470	0.22653	0.19932	0.12291	1.19826	1.04020	0.84649	4.60588	2.71209	1.29860	0.50133	0.46626	0.40934	0.98179	0.76877	0.58811	4.27295	2.67723	1.49137
20640	0.22551	0.19658	0.12160	1.19699	1.03796	0.84382	4.60875	2.70750	1.29672	0.50026	0.46521	0.40767	0.98065	0.76798	0.58615	4.27460	2.67610	1.48933
20800	0.22260	0.19364	0.11812	1.19475	1.03543	0.84137	4.60323	2.70714	1.29423	0.49762	0.46248	0.40583	0.97641	0.76349	0.58447	4.26912	2.67168	1.48626
20960	0.22132	0.19153	0.11681	1.19075	1.03245	0.83892	4.59776	2.70203	1.29016	0.49507	0.45976	0.40316	0.98095	0.76835	0.58746	4.27397	2.67819	1.49203
21120	0.22481	0.19817	0.12025	1.19680	1.03895	0.84456	4.59330	2.70471	1.29873	0.50079	0.46384	0.40831	0.97897	0.76729	0.58765	4.27323	2.67664	1.48956
21290	0.22108	0.19487	0.11771	1.19400	1.03562	0.84107	4.59804	2.70437	1.29264	0.49784	0.46178	0.40566	0.98022	0.76998	0.58684	4.27252	2.67844	1.49257	28.92	6.1	0.00	7.46	0.01270	0.01291	0.01640	0.00784	0.00584	0.00640	0.00469	0.01267	0.01683	0.00679	0.00702	0.00885	0.01490	0.01095	0.01196	0.00218	0.00621	0.00871
21450	0.22555	0.19582	0.11988	1.19730	1.03931	0.84575	4.60326	2.70876	1.29566	0.50118	0.46443	0.40846	0.98017	0.76830	0.58796	4.27332	2.67745	1.49028
21610	0.22238	0.19335	0.11892	1.19390	1.03382	0.84176	4.59637	2.70313	1.29145	0.49820	0.46020	0.40608	0.97925	0.76711	0.58670	4.27269	2.67728	1.49135
21780	0.22531	0.19504	0.11835	1.19505	1.03500	0.84163	4.59967	2.70642	1.29283	0.49937	0.46139	0.40617	0.97829	0.76437	0.58532	4.27006	2.67507	1.48806
21940	0.22181	0.19335	0.11549	1.19205	1.03430	0.83931	4.59869	2.70211	1.29144	0.49779	0.46033	0.40548	0.97522	0.76213	0.58125	4.26772	2.67218	1.48557
22100	0.22307	0.19794	0.12138	1.19666	1.03853	0.84598	4.60936	2.71045	1.30120	0.50369	0.46482	0.41009	0.97989	0.77161	0.58836	4.27538	2.67907	1.49236
22270	0.22587	0.19665	0.11835	1.19485	1.03549	0.84191	4.59742	2.70572	1.29298	0.49934	0.46178	0.40645	0.97857	0.76661	0.58807	4.27263	2.67689	1.48945
22430	0.22432	0.19362	0.11830	1.19259	1.03368	0.84111	4.59144	2.70446	1.29300	0.49803	0.46119	0.40535	0.97537	0.76375	0.58294	4.26727	2.67315	1.48660
22590	0.22238	0.19296	0.11714	1.19137	1.03305	0.83991	4.59383	2.70477	1.29225	0.49767	0.46039	0.40504	0.97529	0.76421	0.58216	4.26504	2.67171	1.48502
22760	0.22459	0.19532	0.12134	1.19445	1.03755	0.84361	4.60159	2.70722	1.29729	0.50220	0.46513	0.40925	0.98292	0.76759	0.58675	4.27349	2.67718	1.48922
22920	0.22348	0.19579	0.11761	1.19328	1.03362	0.84081	4.59432	2.70943	1.29391	0.49873	0.46074	0.40504	0.97682	0.76462	0.58560	4.26861	2.67437	1.48595	28.92	6.0	0.00	7.30	0.01270	0.01291	0.01640	0.00784	0.00584	0.00640	0.00469	0.01267	0.01683	0.00679	0.00702	0.00885	0.01490	0.01095	0.01196	0.00218	0.00621	0.00872
23080	0.22443	0.19637	0.12011	1.19460	1.03695	0.84376	4.60353	2.71124	1.29924	0.50132	0.46438	0.40836	0.98253	0.76799	0.59015	4.27449	2.67836	1.49048
23250	0.22632	0.19406	0.11730	1.19248	1.03383	0.84077	4.59555	2.70585	1.29207	0.49847	0.46163	0.40573	0.97894	0.76518	0.58623	4.26570	2.67208	1.48632
23410	0.22446	0.19735	0.12043	1.19153	1.03539	0.84174	4.59062	2.71021	1.29632	0.49974	0.46252	0.40700	0.97672	0.76693	0.58669	4.27020	2.67383	1.48678
23570	0.22372	0.19449	0.11783	1.18982	1.03280	0.83941	4.60197	2.70394	1.29455	0.49672	0.46086	0.40469	0.97914	0.76401	0.58257	4.26644	2.67233	1.48436
23740	0.22023	0.19311	0.11653	1.18762	1.03029	0.83678	4.58812	2.70199	1.29084	0.49612	0.45936	0.40301	0.97893	0.76799	0.58766	4.27106	2.67690	1.49009
23900	0.22542	0.19627	0.11912	1.19332	1.03506	0.83978	4.60818	2.70425	1.29511	0.49828	0.46287	0.40569	0.97845	0.76415	0.58468	4.27072	2.67336	1.48593
24060	0.22297	0.19431	0.11547	1.18832	1.03118	0.83639	4.58932	2.70126	1.29118	0.49536	0.45912	0.40293	0.97726	0.76583	0.58502	4.27032	2.67385	1.48621
24230	0.22314	0.19527	0.11914	1.19137	1.03371	0.84024	4.60658	2.70524	1.29338	0.49775	0.46265	0.40585	0.98156	0.76741	0.59026	4.27300	2.67847	1.49065
24390	0.22739	0.20005	0.12220	1.19573	1.03885	0.84385	4.59312	2.71177	1.29749	0.50146	0.46526	0.40922	0.98010	0.76698	0.58697	4.27363	2.67797	1.49030
24560	0.22738	0.19769	0.11894	1.19443	1.03729	0.84187	4.59673	2.71372	1.29667	0.49816	0.46353	0.40745	0.97674	0.76675	0.58643	4.27072	2.67632	1.48847	28.92	6.2	0.00	7.36	0.01270	0.01291	0.01640	0.00784	0.00584	0.00640	0.00469	0.01267	0.01683	0.00679	0.00702	0.00885	0.01490	0.01095	0.01196	0.00218	0.00621	0.00872
24720	0.22336	0.19354	0.11806	1.19189	1.03517	0.83915	4.59982	2.70250	1.29197	0.49573	0.45971	0.40390	0.97550	0.76490	0.58494	4.26770	2.67361	1.48565
24880	0.22073	0.19315	0.11747	1.19080	1.03292	0.83798	4.59398	2.70592	1.29166	0.49589	0.46045	0.40363	0.97736	0.76827	0.58857	4.27141	2.67769	1.48944
25040	0.22520	0.19612	0.11883	1.19354	1.03675	0.84108	4.58604	2.71015	1.29583	0.49819	0.46322	0.40594	0.97891	0.76407	0.58422	4.26810	2.67366	1.48648
25210	0.22249	0.19111	0.11714	1.19110	1.03348	0.83818	4.59869	2.70422	1.29162	0.49626	0.46076	0.40419	0.98053	0.76800	0.58506	4.27130	2.67690	1.48925
25370	0.22461	0.19637	0.11791	1.19409	1.03681	0.84194	4.59188	2.70711	1.29583	0.49741	0.46241	0.40614	0.98003	0.76641	0.58525	4.27118	2.67418	1.48602
25530	0.22283	0.19409	0.11597	1.19010	1.03189	0.83921	4.59300	2.70268	1.29167	0.49500	0.45843	0.40351	0.97708	0.76768	0.58737	4.27033	2.67681	1.48992
25700	0.22612	0.19751	0.11934	1.19532	1.03498	0.84101	4.59677	2.70537	1.29444	0.49842	0.46144	0.40604	0.97817	0.76588	0.58388	4.26616	2.67268	1.48558
25860	0.22125	0.19385	0.11663	1.19099	1.03113	0.83734	4.59525	2.70259	1.29193	0.49578	0.45932	0.40333	0.98028	0.76883	0.58931	4.27021	2.67771	1.49014
26030	0.22620	0.19602	0.11892	1.19507	1.03636	0.84105	4.60874	2.70898	1.29474	0.49894	0.46370	0.40694	0.98033	0.76723	0.58531	4.26679	2.67330	1.48653
26190	0.22540	0.19657	0.11888	1.19410	1.03732	0.84388	4.59324	2.71035	1.29647	0.50054	0.46348	0.40821	0.97978	0.76878	0.58417	4.27429	2.67498	1.48862	28.92	6.2	0.00	7.29	0.01270	0.01291	0.01640	0.00784	0.00584	0.00640	0.00469	0.01267	0.01683	0.00679	0.00702	0.00885	0.01490	0.01095	0.01196	0.00219	0.00621	0.00872
26350	0.22320	0.19634	0.11898	1.19311	1.03354	0.83993	4.59211	2.70541	1.29247	0.49679	0.46047	0.40560	0.98137	0.76627	0.58775	4.27178	2.67397	1.48741
26520	0.22507	0.19501	0.11922	1.19247	1.03511	0.84122	4.59537	2.70797	1.29350	0.49855	0.46100	0.40667	0.97980	0.76518	0.58683	4.27081	2.67380	1.48678
26680	0.22301	0.19341	0.11686	1.18983	1.03142	0.83894	4.60165	2.70427	1.29067	0.49641	0.46009	0.40447	0.97956	0.76663	0.58477	4.27241	2.67741	1.48892
26850	0.22518	0.19590	0.11866	1.19297	1.03500	0.84117	4.59298	2.70735	1.29496	0.49947	0.46251	0.40662	0.97790	0.76444	0.58615	4.27064	2.67366	1.48645
27010	0.22346	0.19550	0.11821	1.19335	1.03622	0.84220	4.59400	2.70740	1.29490	0.49983	0.46265	0.40661	0.97897	0.76594	0.58743	4.27338	2.67434	1.48788
27170	0.22458	0.19595	0.11962	1.19194	1.03422	0.84087	4.59769	2.70814	1.29438	0.49913	0.46249	0.40690	0.98140	0.76593	0.58537	4.27189	2.67381	1.48670
27340	0.22386	0.19547	0.11923	1.19230	1.03372	0.84066	4.60379	2.70906	1.29398	0.49937	0.46191	0.40637	0.97830	0.76664	0.58536	4.26801	2.67295	1.48639
27500	0.22221	0.19399	0.11725	1.19007	1.03151	0.83819	4.59048	2.70463	1.29196	0.49641	0.45919	0.40378	0.97891	0.76793	0.58779	4.27149	2.67491	1.48847
27670	0.22517	0.19564	0.11913	1.19270	1.03411	0.84045	4.60245	2.70634	1.29339	0.49946	0.46165	0.40627	0.97961	0.76740	0.58881	4.27515	2.67710	1.48996
27830	0.22734	0.19770	0.12213	1.19417	1.03620	0.84314	4.60990	2.71081	1.29736	0.50107	0.46277	0.40773	0.98151	0.76943	0.58760	4.27475	2.67674	1.48960	28.92	6.2	0.00	7.34	0.01270	0.01291	0.01640	0.00784	0.00584	0.00640	0.00469	0.01267	0.01683	0.00679	0.00702	0.00885	0.01490	0.01095	0.01196	0.00219	0.00621	0.00872
27990	0.22550	0.19792	0.12044	1.19308	1.03342	0.84118	4.61048	2.70692	1.29535	0.50019	0.46268	0.40636	0.97935	0.76696	0.58517	4.27161	2.67310	1.48701
28160	0.22532	0.19556	0.11796	1.19090	1.03257	0.83915	4.59858	2.70732	1.29415	0.49713	0.46008	0.40445	0.97529	0.76435	0.58331	4.26802	2.66949	1.48395
28320	0.22148	0.19533	0.11854	1.18896	1.03220	0.83952	4.60580	2.70832	1.29552	0.49957	0.46235	0.40701	0.97906	0.76811	0.58846	4.27053	2.67357	1.48624
28490	0.22454	0.19430	0.11757	1.19017	1.03156	0.83886	4.59862	2.70371	1.29052	0.49574	0.45964	0.40344	0.97606	0.76486	0.58617	4.26996	2.66995	1.48378
28650	0.22259	0.19709	0.11907	1.18904	1.03253	0.84171	4.60033	2.70942	1.29668	0.49878	0.46256	0.40642	0.98020	0.76792	0.58966	4.27218	2.67232	1.48614
28810	0.22432	0.19507	0.11791	1.18956	1.03061	0.83733	4.59010	2.70445	1.29081	0.49499	0.45897	0.40234	0.97632	0.76699	0.58500	4.26728	2.67128	1.48535
28980	0.22380	0.19462	0.11931	1.19091	1.03204	0.83846	4.59873	2.70629	1.29234	0.49766	0.46007	0.40350	0.97810	0.76364	0.58444	4.26517	2.66811	1.48254
29140	0.22097	0.19440	0.11564	1.18633	1.02819	0.83422	4.60537	2.70150	1.29005	0.49468	0.45832	0.40030	0.97858	0.76610	0.58622	4.26910	2.67205	1.48607
29310	0.22418	0.19533	0.11844	1.19043	1.03145	0.83737	4.59782	2.70545	1.29329	0.49639	0.45909	0.40251	0.97784	0.76341	0.58457	4.26602	2.66769	1.48182
29470	0.22466	0.19561	0.11855	1.18889	1.03231	0.83988	4.58697	2.70540	1.29454	0.49697	0.46009	0.40366	0.97862	0.76629	0.58476	4.27093	2.66951	1.48367	28.92	6.1	0.00	7.25	0.01270	0.01291	0.01640	0.00784	0.00584	0.00640	0.00469	0.01267	0.01683	0.00680	0.00702	0.00885	0.01490	0.01095	0.01196	0.00219	0.00621	0.00872
29630	0.22223	0.19475	0.11816	1.18775	1.03059	0.83779	4.59277	2.70385	1.29277	0.49515	0.45942	0.40278	0.97824	0.76540	0.58686	4.27059	2.67064	1.48526
29800	0.22252	0.19553	0.11968	1.18946	1.03181	0.83889	4.59566	2.70783	1.29417	0.49613	0.46004	0.40376	0.97799	0.76639	0.58454	4.27304	2.67180	1.48483
29960	0.22170	0.19605	0.11775	1.18971	1.03289	0.83915	4.59360	2.70424	1.29341	0.49697	0.46128	0.40384	0.97954	0.76578	0.58646	4.27150	2.67192	1.48560
30130	0.22427	0.19341	0.11868	1.18995	1.03336	0.83957	4.59675	2.70300	1.29074	0.49704	0.46152	0.40496	0.97752	0.76433	0.58395	4.27133	2.67085	1.48419
30290	0.22247	0.19922	0.12134	1.19423	1.03724	0.84438	4.59190	2.71054	1.29839	0.50170	0.46487	0.40793	0.98333	0.77013	0.58723	4.27572	2.67632	1.49006
30460	0.22524	0.19444	0.12057	1.19391	1.03621	0.84178	4.59465	2.70384	1.29630	0.49913	0.46238	0.40620	0.98044	0.76693	0.58565	4.27521	2.67505	1.48982
30620	0.22330	0.19456	0.12068	1.19285	1.03387	0.84183	4.60963	2.70607	1.29344	0.49896	0.46173	0.40576	0.97606	0.76472	0.58512	4.27133	2.67074	1.48540
30780	0.22052	0.19468	0.11623	1.18889	1.03042	0.83865	4.59857	2.70066	1.28954	0.49569	0.45905	0.40300	0.97672	0.76735	0.58363	4.27144	2.67338	1.48708
30950	0.22298	0.19578	0.11788	1.19134	1.03298	0.84010	4.58737	2.70224	1.29303	0.49776	0.46134	0.40536	0.97635	0.75956	0.58192	4.26990	2.66979	1.48460
31110	0.21894	0.19199	0.11608	1.18882	1.03140	0.83863	4.58920	2.70126	1.28919	0.49686	0.46047	0.40413	0.97711	0.76661	0.58429	4.26750	2.67501	1.48793	28.92	6.1	0.00	7.42	0.01270	0.01291	0.01640	0.00784	0.00584	0.00640	0.00469	0.01267	0.01683	0.00680	0.00702	0.00885	0.01490	0.01095	0.01196	0.00219	0.00621	0.00872
31270	0.22447	0.19443	0.11718	1.19303	1.03516	0.84156	4.60119	2.70217	1.29056	0.49999	0.46392	0.40703	0.98148	0.76845	0.58512	4.27732	2.67800	1.49182
31440	0.22638	0.19936	0.12206	1.19598	1.03852	0.84504	4.60446	2.70751	1.29575	0.50377	0.46484	0.41017	0.97925	0.76583	0.58804	4.27275	2.67636	1.48919
31600	0.22363	0.19514	0.11986	1.19373	1.03794	0.84451	4.60134	2.70939	1.29628	0.50335	0.46581	0.40998	0.97965	0.76688	0.58845	4.27526	2.67751	1.49060
31770	0.22517	0.19440	0.11746	1.19365	1.03521	0.84247	4.58670	2.70059	1.29051	0.50093	0.46229	0.40790	0.97778	0.76094	0.58542	4.27195	2.67216	1.48680
31930	0.22017	0.19399	0.12016	1.19106	1.03666	0.84487	4.59739	2.70947	1.29683	0.50489	0.46640	0.41182	0.98119	0.76624	0.58982	4.27589	2.67776	1.49132
32090	0.22603	0.19714	0.11814	1.19428	1.03606	0.84293	4.59097	2.70297	1.29319	0.50201	0.46283	0.40735	0.97966	0.76748	0.58689	4.27458	2.67822	1.49113
32260	0.22261	0.19346	0.11655	1.19423	1.03704	0.84278	4.59387	2.70284	1.29260	0.50297	0.46410	0.40793	0.97702	0.76367	0.58677	4.27121	2.67603	1.48834
32420	0.22175	0.19407	0.11758	1.19165	1.03332	0.84059	4.58387	2.70157	1.28812	0.50115	0.46233	0.40674	0.97886	0.76743	0.58731	4.27469	2.67864	1.49107
32590	0.22603	0.19762	0.12029	1.19559	1.03828	0.84434	4.59760	2.70497	1.29239	0.50394	0.46528	0.40862	0.97942	0.76457	0.58228	4.26990	2.67518	1.48832
32750	0.22090	0.19504	0.11824	1.19478	1.03718	0.84472	4.59693	2.70532	1.29226	0.50274	0.46587	0.40849	0.97914	0.76556	0.58536	4.27349	2.67826	1.49094	28.92	6.1	0.00	7.42	0.01270	0.01291	0.01640	0.00784	0.00584	0.00640	0.00469	0.01267	0.01683	0.00680	0.00702	0.00885	0.01490	0.01095	0.01196	0.00219	0.00621	0.00872
32910	0.22276	0.19556	0.11889	1.19483	1.03707	0.84473	4.59849	2.70275	1.29160	0.50158	0.46563	0.40836	0.97840	0.76530	0.58601	4.27321	2.67691	1.49087
33080	0.22533	0.19631	0.12294	1.20003	1.04227	0.84892	4.58983	2.70844	1.29728	0.50658	0.47007	0.41228	0.98091	0.76889	0.58914	4.27834	2.68113	1.49539
33240	0.22360	0.19702	0.11888	1.19914	1.03978	0.84601	4.59878	2.70418	1.29465	0.50465	0.46674	0.41003	0.98026	0.76650	0.58690	4.27737	2.68103	1.49347
33400	0.22427	0.19261	0.11899	1.19684	1.03831	0.84485	4.59001	2.70501	1.29077	0.50338	0.46767	0.40961	0.97672	0.76521	0.58646	4.27309	2.67858	1.49211
33570	0.22246	0.19439	0.11774	1.19603	1.03727	0.84402	4.58893	2.70199	1.29303	0.50274	0.46710	0.41013	0.97872	0.76711	0.58623	4.27732	2.68125	1.49467
33730	0.22402	0.19341	0.11931	1.19770	1.04030	0.84669	4.59371	2.70163	1.29183	0.50330	0.46799	0.40946	0.97951	0.76675	0.58646	4.27241	2.67924	1.49248
33900	0.22219	0.19539	0.11830	1.19679	1.03796	0.84515	4.58777	2.70052	1.29080	0.50251	0.46640	0.40865	0.97769	0.76796	0.58753	4.27486	2.68246	1.49522
34060	0.22414	0.19794	0.11878	1.19875	1.03950	0.84685	4.59407	2.70507	1.29312	0.50453	0.46802	0.41049	0.97796	0.76659	0.58805	4.27640	2.68012	1.49287
34220	0.22411	0.19691	0.12020	1.19941	1.04162	0.84833	4.59556	2.70715	1.29539	0.50567	0.46938	0.41183	0.97919	0.76646	0.58568	4.27640	2.68133	1.49483
34390	0.22349	0.19517	0.11880	1.19765	1.03982	0.84543	4.58607	2.70153	1.29062	0.50178	0.46617	0.40928	0.97848	0.76622	0.58515	4.27825	2.68098	1.49436	28.86	6.1	0.00	7.43	0.01270	0.01291	0.01640	0.00784	0.00584	0.00640	0.00469	0.01267	0.01683	0.00680	0.00702	0.00885	0.01490	0.01095	0.01196	0.00219	0.00621	0.00872
34550	0.22318	0.19503	0.11890	1.19801	1.04034	0.84712	4.59872	2.70221	1.29231	0.50359	0.46757	0.41035	0.97796	0.76574	0.58461	4.27380	2.67913	1.49284
34720	0.22165	0.19498	0.11931	1.19730	1.04266	0.84974	4.59749	2.70933	1.29922	0.50666	0.47109	0.41357	0.98033	0.76837	0.58815	4.28219	2.68549	1.49682
34880	0.22519	0.19583	0.11841	1.19944	1.04253	0.84742	4.59589	2.70408	1.29389	0.50333	0.46793	0.41160	0.97968	0.76917	0.58697	4.28025	2.68404	1.49638
35040	0.22366	0.19772	0.11851	1.19942	1.04103	0.84685	4.59481	2.70327	1.29362	0.50384	0.46754	0.41034	0.97699	0.76547	0.58556	4.27831	2.67992	1.49255
35210	0.22265	0.19591	0.11890	1.19693	1.03916	0.84423	4.58741	2.70056	1.29022	0.50175	0.46610	0.40866	0.97883	0.76722	0.58795	4.27716	2.68250	1.49550
35370	0.22366	0.19816	0.11894	1.19934	1.04217	0.84774	4.58959	2.70326	1.29368	0.50381	0.46843	0.41080	0.97600	0.76428	0.58484	4.27671	2.68049	1.49327
35540	0.22426	0.19346	0.11572	1.19575	1.03813	0.84329	4.58405	2.69937	1.28817	0.50032	0.46507	0.40854	0.97982	0.76723	0.58974	4.27910	2.68351	1.49688
35700	0.22372	0.19618	0.11996	1.19999	1.04209	0.84616	4.59868	2.70318	1.29347	0.50435	0.46797	0.41152	0.97605	0.76535	0.58619	4.27728	2.67909	1.49288
35860	0.22340	0.19611	0.12071	1.19889	1.04244	0.84797	4.58937	2.70798	1.29533	0.50473	0.46961	0.41293	0.97826	0.76695	0.58609	4.28070	2.68167	1.49518
36030	0.22529	0.19501	0.11810	1.19798	1.04082	0.84686	4.60425	2.70418	1.29291	0.50407	0.46706	0.41103	0.97868	0.76618	0.58503	4.27997	2.67979	1.49308	28.86	6.0	0.00	7.30	0.01270	0.01291	0.01640	0.00784	0.00584	0.00640	0.00469	0.01267	0.01683	0.00680	0.00702	0.00885	0.01490	0.01095	0.01196	0.00219	0.00621	0.00872
36190	0.22287	0.19604	0.11825	1.20002	1.04394	0.84873	4.59627	2.70337	1.29490	0.50686	0.46971	0.41367	0.97974	0.76833	0.58794	4.28249	2.68280	1.49553
36350	0.22179	0.19501	0.11864	1.19813	1.04054	0.84586	4.59627	2.70248	1.29196	0.50404	0.46727	0.41128	0.97527	0.76602	0.58681	4.27895	2.67930	1.49255
36520	0.22614	0.19872	0.12005	1.20064	1.04566	0.85103	4.59493	2.70595	1.29581	0.50828	0.47166	0.41552	0.98101	0.76720	0.58887	4.28220	2.68369	1.49752
36680	0.22473	0.19458	0.11948	1.20002	1.04242	0.84730	4.59421	2.70317	1.29282	0.50510	0.46811	0.41267	0.97778	0.76556	0.58612	4.27815	2.67932	1.49352
36840	0.22380	0.19900	0.11865	1.20068	1.04520	0.85081	4.59192	2.70465	1.29550	0.50781	0.47193	0.41546	0.97990	0.76979	0.58648	4.28243	2.68288	1.49803
37010	0.22481	0.19522	0.11857	1.19979	1.04288	0.84779	4.58533	2.70334	1.29120	0.50520	0.46788	0.41288	0.97608	0.76693	0.58480	4.27986	2.67959	1.49389
37170	0.22316	0.19549	0.12019	1.20111	1.04488	0.85006	4.59765	2.70090	1.29365	0.50649	0.47100	0.41417	0.98025	0.76762	0.58769	4.28209	2.68286	1.49710
37330	0.22151	0.19372	0.11834	1.19917	1.04372	0.84795	4.58729	2.70093	1.29276	0.50540	0.46878	0.41205	0.97610	0.76627	0.58669	4.27895	2.67927	1.49328
37500	0.22013	0.19211	0.11489	1.19669	1.04014	0.84420	4.58196	2.69803	1.28845	0.50342	0.46657	0.41054	0.97691	0.76736	0.58856	4.28454	2.68302	1.49747
37660	0.22468	0.19403	0.11731	1.20164	1.04409	0.84813	4.58130	2.70004	1.29062	0.50406	0.47055	0.41254	0.97702	0.76538	0.58709	4.28120	2.68112	1.49580	28.92	6.2	0.00	7.38	0.01270	0.01291	0.01640	0.00784	0.00584	0.00640	0.00469	0.01267	0.01683	0.00680	0.00702	0.00885	0.01490	0.01095	0.01196	0.00219	0.00621	0.00872
37820	0.22138	0.19379	0.11628	1.19804	1.04175	0.84538	4.58869	2.69428	1.28847	0.50308	0.46826	0.40989	0.98070	0.77174	0.58983	4.28394	2.68483	1.50020
37990	0.22652	0.19688	0.12005	1.20344	1.04527	0.85105	4.58590	2.70389	1.29337	0.50604	0.47048	0.41332	0.97995	0.76830	0.58642	4.28308	2.68453	1.49925
38150	0.22431	0.19781	0.12010	1.20371	1.04695	0.85183	4.59677	2.70561	1.29574	0.50739	0.47270	0.41474	0.98042	0.76694	0.58720	4.28228	2.68279	1.49652
38310	0.22554	0.19428	0.12069	1.20183	1.04546	0.84968	4.58431	2.70102	1.29238	0.50562	0.47084	0.41385	0.97798	0.76596	0.58557	4.28348	2.68124	1.49646
38480	0.22210	0.19632	0.11854	1.20022	1.04264	0.84810	4.57754	2.70125	1.29074	0.50434	0.46954	0.41244	0.97630	0.76411	0.58278	4.27897	2.68107	1.49448
38640	0.22020	0.19209	0.11758	1.19859	1.04192	0.84642	4.58213	2.69770	1.28938	0.50299	0.46750	0.41123	0.97920	0.76941	0.58812	4.28023	2.68588	1.50051
38810	0.22469	0.19611	0.12244	1.20506	1.04717	0.85215	4.59663	2.70256	1.29452	0.50613	0.47108	0.41550	0.98061	0.76751	0.58734	4.28542	2.68370	1.49846
38970	0.22288	0.19533	0.12079	1.20231	1.04668	0.85165	4.60221	2.70629	1.29519	0.50766	0.47083	0.41511	0.97640	0.76842	0.58697	4.28274	2.68419	1.49883
39130	0.22397	0.19528	0.11848	1.20143	1.04427	0.84758	4.58746	2.70080	1.28984	0.50381	0.46764	0.41206	0.97409	0.76429	0.58478	4.27891	2.68154	1.49452
39300	0.22095	0.19852	0.11996	1.20276	1.04519	0.85086	4.58771	2.70272	1.29522	0.50760	0.46995	0.41359	0.97705	0.76795	0.58644	4.28511	2.68363	1.49659	28.92	6.1	0.00	7.33	0.01270	0.01291	0.01640	0.00784	0.00584	0.00640	0.00469	0.01267	0.01683	0.00680	0.00702	0.00885	0.01490	0.01095	0.01196	0.00219	0.00621	0.00872
39460	0.22153	0.19508	0.11723	1.20108	1.04339	0.84890	4.59210	2.70194	1.29300	0.50526	0.46902	0.41267	0.97842	0.76337	0.58217	4.27969	2.68088	1.49491
39620	0.22245	0.19447	0.11806	1.20125	1.04522	0.85073	4.59858	2.70175	1.29347	0.50767	0.47165	0.41447	0.97786	0.76799	0.58766	4.28157	2.68303	1.49698
39790	0.22083	0.19350	0.11840	1.20106	1.04398	0.84939	4.59358	2.69766	1.28994	0.50684	0.47004	0.41263	0.97705	0.76481	0.58409	4.28072	2.68279	1.49630
39950	0.22414	0.19599	0.12050	1.20216	1.04445	0.85142	4.58322	2.70245	1.29055	0.50783	0.47143	0.41393	0.97951	0.77147	0.58524	4.28363	2.68451	1.49855
40110	0.22383	0.19367	0.11810	1.20223	1.04460	0.85113	4.58583	2.70025	1.29136	0.50680	0.47056	0.41366	0.97672	0.76649	0.58667	4.28009	2.68247	1.49661
40280	0.22504	0.19812	0.12076	1.20554	1.04843	0.85514	4.58713	2.70418	1.29712	0.51144	0.47469	0.41728	0.98114	0.77055	0.58644	4.28551	2.68735	1.50111
40440	0.22302	0.19670	0.11835	1.20407	1.04579	0.85091	4.59235	2.69813	1.29237	0.50753	0.47080	0.41395	0.97832	0.76751	0.58714	4.28197	2.68541	1.49898
40600	0.22391	0.19504	0.11639	1.20292	1.04504	0.85099	4.58920	2.70018	1.29125	0.50803	0.47162	0.41399	0.97595	0.76715	0.58546	4.28391	2.68345	1.49732
40770	0.22201	0.19318	0.11631	1.20042	1.04286	0.84836	4.57190	2.69551	1.29068	0.50609	0.46971	0.41341	0.97898	0.76605	0.58868	4.28471	2.68529	1.49896
40930	0.22332	0.19445	0.11796	1.20291	1.04549	0.85258	4.59574	2.70178	1.28995	0.50823	0.47131	0.41447	0.97843	0.76428	0.58589	4.28514	2.68424	1.49847	28.92	6.2	0.00	7.35	0.01270	0.01291	0.01640	0.00784	0.00584	0.00640	0.00469	0.01267	0.01683	0.00680	0.00702	0.00885	0.01490	0.01095	0.01196	0.00219	0.00621	0.00872
41100	0.22018	0.19316	0.11794	1.20134	1.04393	0.85014	4.57087	2.69766	1.28852	0.50632	0.47013	0.41287	0.97778	0.76726	0.58959	4.28879	2.68866	1.50255
41260	0.22387	0.19724	0.11867	1.20641	1.04709	0.85350	4.58780	2.69846	1.29355	0.50935	0.47216	0.41647	0.97906	0.76631	0.58376	4.28382	2.68389	1.49805
41420	0.22337	0.19440	0.11930	1.20594	1.04884	0.85468	4.59889	2.70329	1.29192	0.51241	0.47382	0.41776	0.98101	0.76949	0.58859	4.28531	2.68821	1.50035
41590	0.22189	0.19345	0.11732	1.20427	1.04646	0.85134	4.58244	2.70006	1.29131	0.50847	0.47174	0.41553	0.97736	0.76669	0.58791	4.28639	2.68498	1.49964
41750	0.22269	0.19452	0.11728	1.20326	1.04796	0.85287	4.58773	2.69740	1.28979	0.51009	0.47335	0.41576	0.97754	0.76492	0.58435	4.28736	2.68383	1.49676
41920	0.22018	0.19587	0.11710	1.20240	1.04802	0.85490	4.59407	2.70165	1.29192	0.51271	0.47539	0.41848	0.97906	0.76687	0.58651	4.28816	2.68757	1.50086
42080	0.22086	0.19447	0.11756	1.20389	1.04657	0.85144	4.58530	2.69846	1.29010	0.50850	0.47262	0.41521	0.97838	0.76726	0.58661	4.28662	2.68638	1.50062
42240	0.22210	0.19461	0.11631	1.20374	1.04691	0.85272	4.58288	2.69893	1.29106	0.50915	0.47182	0.41581	0.97937	0.76686	0.58567	4.28611	2.68608	1.49912
42410	0.22113	0.19508	0.11720	1.20274	1.04574	0.85160	4.57727	2.69806	1.28809	0.50849	0.47269	0.41514	0.97907	0.77089	0.59058	4.28902	2.68966	1.50243
42570	0.22400	0.19636	0.12117	1.20883	1.05086	0.85592	4.59279	2.70093	1.29203	0.51163	0.47484	0.41853	0.97978	0.76740	0.58620	4.28418	2.68817	1.50108	28.86	6.0	0.00	7.28	0.01270	0.01291	0.01640	0.00785	0.00584	0.00640	0.00469	0.01267	0.01683	0.00680	0.00702	0.00885	0.01490	0.01095	0.01196	0.00219	0.00621	0.00872
42740	0.22317	0.19404	0.11978	1.20572	1.04865	0.85419	4.58732	2.69707	1.29185	0.51145	0.47569	0.41849	0.97714	0.76745	0.58780	4.28475	2.68743	1.50074
42900	0.22220	0.19324	0.11834	1.20441	1.04749	0.85271	4.58261	2.69501	1.29108	0.50887	0.47315	0.41694	0.97476	0.76453	0.58201	4.27990	2.68633	1.49799
43060	0.22185	0.19532	0.11915	1.20459	1.04902	0.85391	4.59120	2.69865	1.29152	0.51061	0.47368	0.41843	0.97599	0.76338	0.58497	4.28447	2.68799	1.50050
43230	0.22262	0.19448	0.11867	1.20391	1.04674	0.85259	4.59207	2.69560	1.28756	0.50824	0.47087	0.41550	0.97695	0.76077	0.58230	4.28498	2.68488	1.49808
43390	0.22288	0.19588	0.11811	1.20631	1.04932	0.85594	4.58917	2.70116	1.29338	0.51128	0.47335	0.41797	0.97932	0.76584	0.58650	4.28555	2.68834	1.50201
43550	0.22228	0.19471	0.12019	1.20537	1.04709	0.85372	4.59373	2.69816	1.29059	0.51067	0.47247	0.41653	0.97654	0.76498	0.58440	4.28292	2.68704	1.49946
43720	0.22351	0.19425	0.11806	1.20770	1.04996	0.85642	4.59537	2.70276	1.29448	0.51225	0.47347	0.41983	0.98004	0.76860	0.58775	4.28601	2.68941	1.50250
43880	0.22112	0.19506	0.11712	1.20514	1.04695	0.85313	4.58591	2.69769	1.28889	0.51089	0.47168	0.41746	0.97845	0.76575	0.58322	4.28338	2.68716	1.49941
44040	0.22186	0.19520	0.11911	1.20669	1.04961	0.85561	4.59214	2.70002	1.29162	0.51318	0.47422	0.41858	0.97605	0.76574	0.58803	4.28595	2.68961	1.50252
44210	0.22221	0.19418	0.11947	1.20546	1.04794	0.85382	4.57937	2.69918	1.28932	0.51052	0.47153	0.41627	0.97395	0.76195	0.58383	4.28588	2.68650	1.49927	28.92	6.0	0.00	7.29	0.01270	0.01291	0.01640	0.00785	0.00584	0.00640	0.00469	0.01267	0.01683	0.00680	0.00702	0.00885	0.01490	0.01095	0.01196	0.00219	0.00621	0.00872
44370	0.22169	0.19504	0.12098	1.20725	1.04968	0.85708	4.58251	2.70149	1.29145	0.51340	0.47492	0.41925	0.97881	0.76850	0.58614	4.28840	2.69079	1.50256
44530	0.22296	0.19400	0.11841	1.20602	1.04816	0.85393	4.59012	2.69606	1.28723	0.51010	0.47289	0.41645	0.97367	0.76538	0.58320	4.28400	2.68724	1.49929
44700	0.22143	0.19622	0.12074	1.20741	1.05025	0.85640	4.58407	2.69785	1.29192	0.51263	0.47611	0.41931	0.97928	0.76629	0.58569	4.28737	2.68959	1.50227
44860	0.22144	0.19340	0.11705	1.20608	1.04775	0.85295	4.57672	2.69646	1.28752	0.50951	0.47227	0.41629	0.97453	0.76242	0.58212	4.28394	2.68596	1.49836
45020	0.22271	0.19522	0.11769	1.20595	1.04907	0.85456	4.58534	2.70047	1.29043	0.51168	0.47439	0.41862	0.97628	0.76568	0.58602	4.28777	2.68900	1.50212
45190	0.22269	0.19436	0.11836	1.20555	1.04851	0.85406	4.58639	2.69447	1.28953	0.50961	0.47258	0.41621	0.97663	0.76702	0.58498	4.28622	2.68942	1.50257
45350	0.22440	0.19468	0.11900	1.20836	1.04963	0.85633	4.58556	2.70027	1.29192	0.51145	0.47283	0.41846	0.97695	0.76549	0.58590	4.28708	2.68820	1.50265
45510	0.21906	0.19348	0.11690	1.20597	1.04626	0.85114	4.58342	2.69316	1.28691	0.50801	0.47016	0.41460	0.97431	0.76532	0.58449	4.28622	2.69010	1.50252
45680	0.22532	0.19676	0.11840	1.20764	1.04991	0.85435	4.57227	2.69655	1.29017	0.50979	0.47115	0.41642	0.97619	0.76468	0.58569	4.28685	2.68893	1.50175
45840	0.22032	0.19348	0.11615	1.20630	1.04734	0.85391	4.58231	2.69631	1.28794	0.50855	0.47020	0.41475	0.97869	0.76699	0.58639	4.28701	2.69293	1.50380	28.86	6.1	0.00	7.29	0.01270	0.01291	0.01640	0.00785	0.00584	0.00640	0.00469	0.01267	0.01683	0.00680	0.00702	0.00885	0.01490	0.01095	0.01196	0.00219	0.00621	0.00872
46000	0.22431	0.19579	0.11913	1.20767	1.05042	0.85564	4.58951	2.69708	1.29041	0.51114	0.47233	0.41674	0.97762	0.76485	0.58367	4.28632	2.69071	1.50187
46170	0.22228	0.19439	0.11692	1.20511	1.04770	0.85304	4.58267	2.69376	1.28963	0.50852	0.47075	0.41486	0.97785	0.76662	0.58825	4.28889	2.69444	1.50599
46330	0.22518	0.19598	0.11968	1.20977	1.05207	0.85694	4.57815	2.69889	1.29454	0.51133	0.47372	0.41738	0.97810	0.76814	0.58577	4.28792	2.69405	1.50346
46490	0.22200	0.19650	0.11958	1.20842	1.05015	0.85639	4.58289	2.69888	1.28971	0.51118	0.47498	0.41745	0.97598	0.76646	0.58575	4.28604	2.69287	1.50345
46660	0.21942	0.19419	0.11852	1.20729	1.04971	0.85428	4.58292	2.69682	1.28946	0.51012	0.47321	0.41700	0.97585	0.76472	0.58416	4.28746	2.69265	1.50396
46820	0.22170	0.19075	0.11608	1.20724	1.04909	0.85445	4.57840	2.69099	1.28442	0.50814	0.47314	0.41560	0.97599	0.76706	0.58691	4.29255	2.69821	1.50819
46990	0.22434	0.19827	0.12074	1.21273	1.05409	0.85936	4.59024	2.70004	1.29073	0.51314	0.47739	0.41971	0.97538	0.76431	0.58457	4.29106	2.69383	1.50489
47150	0.22316	0.19536	0.11906	1.21174	1.05497	0.86034	4.57692	2.70289	1.29185	0.51418	0.47912	0.42159	0.97691	0.76692	0.58680	4.28992	2.69669	1.50764
47310	0.22084	0.19394	0.11816	1.21168	1.05264	0.85940	4.58075	2.69555	1.28834	0.51308	0.47847	0.42031	0.97423	0.76479	0.58419	4.28872	2.69478	1.50532
47480	0.22384	0.19463	0.12044	1.21414	1.05706	0.86095	4.58600	2.69907	1.29449	0.51658	0.47991	0.42343	0.97940	0.76623	0.58862	4.29388	2.69956	1.50933	28.86	6.1	0.00	7.28	0.01270	0.01291	0.01640	0.00785	0.00584	0.00640	0.00469	0.01267	0.01683	0.00680	0.00702	0.00885	0.01490	0.01095	0.01196	0.00219	0.00621	0.00872
47640	0.22341	0.19291	0.11951	1.21356	1.05456	0.85916	4.58749	2.69758	1.28778	0.51418	0.47800	0.42173	0.97302	0.76310	0.58421	4.28788	2.69379	1.50526
47800	0.22288	0.19568	0.11878	1.21393	1.05731	0.86230	4.58716	2.70109	1.29208	0.51694	0.48087	0.42380	0.97746	0.76644	0.58668	4.29034	2.69813	1.50955
47970	0.22208	0.19355	0.11835	1.21288	1.05425	0.86021	4.57399	2.69605	1.28944	0.51460	0.47883	0.42219	0.97299	0.76334	0.58512	4.28737	2.69622	1.50624
48130	0.22259	0.19787	0.12084	1.21615	1.05730	0.86353	4.58915	2.69782	1.29184	0.51767	0.48107	0.42446	0.97763	0.76705	0.58625	4.29348	2.70075	1.51088
48290	0.22174	0.19616	0.11833	1.21443	1.05597	0.86157	4.58517	2.69557	1.28927	0.51547	0.47966	0.42267	0.97511	0.76348	0.58346	4.29268	2.69696	1.50733
48460	0.22419	0.19519	0.11850	1.21617	1.05743	0.86374	4.58202	2.69866	1.29252	0.51842	0.48212	0.42469	0.97670	0.76507	0.58738	4.29549	2.70105	1.51111
48620	0.22246	0.19468	0.11807	1.21563	1.05737	0.86280	4.57692	2.69617	1.28719	0.51699	0.48093	0.42427	0.97519	0.76153	0.58321	4.29223	2.69845	1.50944
48780	0.22185	0.19562	0.11749	1.21668	1.05852	0.86432	4.58224	2.69839	1.29057	0.51862	0.48294	0.42661	0.97740	0.76415	0.58539	4.29480	2.70308	1.51264
48950	0.22240	0.19256	0.11565	1.21696	1.05865	0.86364	4.58227	2.69623	1.28917	0.51809	0.48237	0.42577	0.97701	0.76638	0.58859	4.29794	2.70494	1.51547
49110	0.22465	0.19495	0.12010	1.21953	1.06072	0.86648	4.58433	2.69827	1.29064	0.52089	0.48289	0.42785	0.97913	0.76785	0.58676	4.29707	2.70383	1.51401	28.92	6.1	0.00	7.34	0.01270	0.01291	0.01640	0.00785	0.00584	0.00640	0.00469	0.01267	0.01683	0.00680	0.00702	0.00885	0.01490	0.01095	0.01196	0.00219	0.00621	0.00872
49270	0.22189	0.19410	0.11620	1.21725	1.05826	0.86486	4.58035	2.69140	1.28830	0.51846	0.48078	0.42570	0.97513	0.76480	0.58453	4.29747	2.70533	1.51538
49440	0.22307	0.19349	0.11898	1.21936	1.06005	0.86490	4.58328	2.69698	1.29048	0.52053	0.48142	0.42571	0.97575	0.76634	0.58503	4.29473	2.70337	1.51332
49600	0.22115	0.19351	0.11666	1.21767	1.05803	0.86386	4.58574	2.69366	1.28746	0.51957	0.48139	0.42614	0.97424	0.76143	0.58336	4.29536	2.70170	1.51227
49760	0.22083	0.19350	0.11954	1.21706	1.06140	0.86819	4.58241	2.69909	1.29431	0.52479	0.48569	0.43052	0.97805	0.76644	0.58829	4.30262	2.70767	1.51726
49930	0.22476	0.19562	0.11922	1.22141	1.06133	0.86646	4.58245	2.69722	1.29061	0.52172	0.48243	0.42679	0.97548	0.76614	0.58631	4.30056	2.70596	1.51549
50090	0.22142	0.19470	0.11880	1.21970	1.05990	0.86589	4.58154	2.69649	1.28770	0.52055	0.48146	0.42610	0.97655	0.76322	0.58443	4.29553	2.70292	1.51297
50250	0.22042	0.19213	0.11651	1.21691	1.05890	0.86403	4.57391	2.69291	1.28780	0.51950	0.48097	0.42497	0.97207	0.76052	0.58217	4.29307	2.69920	1.50984
50420	0.22352	0.19657	0.12036	1.22161	1.06352	0.86902	4.58726	2.70001	1.29393	0.52374	0.48507	0.42916	0.98176	0.76664	0.58666	4.30291	2.70701	1.51703
50580	0.22317	0.19415	0.11899	1.22123	1.06071	0.86553	4.58523	2.69766	1.28830	0.52046	0.48311	0.42599	0.97672	0.76724	0.58665	4.29879	2.70459	1.51473
50740	0.22256	0.19552	0.11544	1.21867	1.05915	0.86484	4.57631	2.69540	1.28958	0.51837	0.48099	0.42472	0.97567	0.76499	0.58386	4.29633	2.70242	1.51266	28.92	6.2	0.00	7.33	0.01270	0.01291	0.01640	0.00785	0.00584	0.00640	0.00469	0.01267	0.01684	0.00680	0.00702	0.00885	0.01490	0.01095	0.01197	0.00219	0.00621	0.00872
50910	0.22072	0.19250	0.11651	1.21666	1.05788	0.86202	4.57288	2.68998	1.28769	0.51702	0.48089	0.42387	0.97582	0.76571	0.58601	4.30011	2.70412	1.51455
51070	0.22128	0.19614	0.11727	1.21965	1.05909	0.86470	4.58015	2.69748	1.28888	0.51782	0.48160	0.42518	0.97593	0.76487	0.58392	4.29833	2.70146	1.51288
51240	0.22258	0.19551	0.11545	1.21625	1.05679	0.86349	4.57671	2.69189	1.28629	0.51612	0.47922	0.42300	0.97957	0.76563	0.58988	4.29930	2.70559	1.51740
51400	0.22381	0.19599	0.11989	1.22036	1.05972	0.86579	4.58203	2.69876	1.28963	0.51879	0.48233	0.42620	0.97718	0.76592	0.58695	4.29730	2.70327	1.51302
51560	0.22400	0.19422	0.12103	1.22090	1.06069	0.86698	4.58576	2.69727	1.29238	0.52057	0.48316	0.42605	0.97582	0.76527	0.58960	4.30125	2.70493	1.51463
51730	0.22335	0.19384	0.11788	1.21956	1.05928	0.86591	4.57595	2.69781	1.28980	0.51974	0.48194	0.42504	0.97653	0.76314	0.58673	4.29822	2.70467	1.51495
51890	0.22190	0.19385	0.11762	1.22019	1.05937	0.86645	4.57946	2.69494	1.28907	0.51925	0.48179	0.42634	0.97864	0.76495	0.58350	4.30136	2.70513	1.51499
52060	0.22135	0.19362	0.11750	1.21888	1.05904	0.86522	4.57103	2.69382	1.28756	0.51761	0.48181	0.42502	0.97642	0.76575	0.58839	4.30371	2.70772	1.51806
52220	0.22558	0.19731	0.12005	1.22192	1.06283	0.86834	4.58656	2.69567	1.29042	0.52176	0.48577	0.42805	0.97899	0.76505	0.58635	4.30234	2.70665	1.51748
52390	0.22472	0.19884	0.12183	1.22574	1.06765	0.87236	4.58844	2.70316	1.29345	0.52460	0.48701	0.43085	0.97890	0.76713	0.58947	4.31226	2.71128	1.52144	28.92	6.2	0.00	7.36	0.01270	0.01291	0.01640	0.00785	0.00584	0.00640	0.00469	0.01267	0.01683	0.00680	0.00702	0.00885	0.01490	0.01095	0.01196	0.00219	0.00621	0.00872
52550	0.22369	0.19540	0.11793	1.22384	1.06381	0.86972	4.58069	2.69513	1.29124	0.52196	0.48347	0.42792	0.97642	0.76611	0.58701	4.30613	2.70975	1.51923
52710	0.22323	0.19525	0.11713	1.22430	1.06417	0.87034	4.58210	2.69566	1.28701	0.52376	0.48583	0.42843	0.97644	0.76364	0.58210	4.30527	2.70860	1.51799
52880	0.22070	0.19503	0.12039	1.22410	1.06865	0.87587	4.57884	2.70083	1.29407	0.52794	0.49063	0.43446	0.98006	0.76978	0.58813	4.31604	2.71747	1.52648
53040	0.22569	0.19639	0.12092	1.22889	1.06915	0.87504	4.58062	2.69671	1.29190	0.52691	0.48782	0.43216	0.97591	0.76775	0.58704	4.31283	2.71559	1.52447
53200	0.22588	0.19620	0.11869	1.22854	1.06890	0.87435	4.58163	2.69516	1.29101	0.52685	0.48887	0.43235	0.97607	0.76453	0.58573	4.31432	2.71416	1.52379
53370	0.22240	0.19537	0.11709	1.22709	1.06731	0.87422	4.58344	2.69393	1.28872	0.52716	0.48868	0.43248	0.97595	0.76678	0.58544	4.31575	2.71754	1.52677
53530	0.22473	0.19638	0.11957	1.23157	1.07076	0.87608	4.58460	2.69447	1.29201	0.52906	0.48969	0.43475	0.97633	0.76428	0.58614	4.31610	2.71593	1.52558
53690	0.22115	0.19269	0.11810	1.22839	1.06875	0.87455	4.57653	2.69109	1.28674	0.52730	0.48823	0.43200	0.97810	0.76832	0.58920	4.31741	2.72105	1.53033
53860	0.22567	0.19654	0.11959	1.23265	1.07384	0.87797	4.58388	2.69539	1.29027	0.52994	0.49189	0.43465	0.97761	0.76723	0.58505	4.31363	2.71788	1.52660
54020	0.22380	0.19519	0.11801	1.23218	1.07370	0.87861	4.59536	2.69676	1.29163	0.53082	0.49116	0.43572	0.97573	0.76655	0.58503	4.31769	2.71684	1.52795	28.86	6.1	0.00	7.28	0.01270	0.01291	0.01640	0.00785	0.00584	0.00640	0.00469	0.01267	0.01683	0.00680	0.00702	0.00885	0.01490	0.01095	0.01197	0.00219	0.00621	0.00872
54190	0.22393	0.19488	0.11765	1.23194	1.07303	0.87838	4.57628	2.69795	1.28739	0.52989	0.49017	0.43567	0.97458	0.76292	0.58620	4.31522	2.71789	1.52729
54350	0.22527	0.19537	0.12179	1.23465	1.07534	0.88158	4.58750	2.69798	1.29056	0.53284	0.49272	0.43817	0.97697	0.76569	0.58780	4.31883	2.72191	1.53067
54510	0.22322	0.19353	0.11847	1.23375	1.07320	0.87953	4.57400	2.69174	1.28797	0.52975	0.49000	0.43612	0.97728	0.76516	0.58869	4.31906	2.72158	1.53190
54680	0.22270	0.19496	0.11857	1.23370	1.07390	0.88017	4.57544	2.69410	1.28627	0.53125	0.49063	0.43648	0.97506	0.76459	0.58807	4.31740	2.72069	1.53059
54840	0.22248	0.19320	0.11738	1.23262	1.07219	0.87768	4.58214	2.69357	1.28722	0.53029	0.49070	0.43567	0.97510	0.76685	0.58905	4.32164	2.72453	1.53339
55010	0.22600	0.19699	0.12111	1.23552	1.07451	0.88067	4.59054	2.69618	1.28932	0.53347	0.49328	0.43816	0.97559	0.76531	0.58657	4.31740	2.72157	1.53079
55170	0.22535	0.19683	0.12074	1.23624	1.07640	0.88195	4.58779	2.69807	1.29009	0.53357	0.49312	0.43832	0.97744	0.76686	0.58782	4.32095	2.72148	1.53111
55330	0.22388	0.19550	0.11771	1.23469	1.07467	0.88050	4.57975	2.69599	1.29065	0.53194	0.49225	0.43650	0.97595	0.76363	0.58528	4.31620	2.71911	1.52873
55500	0.22560	0.19664	0.12197	1.23710	1.07826	0.88355	4.58026	2.69894	1.29317	0.53433	0.49401	0.43932	0.97830	0.76779	0.58924	4.32411	2.72423	1.53266
55660	0.22467	0.19626	0.11815	1.23534	1.07446	0.87923	4.58555	2.69437	1.28847	0.53014	0.49056	0.43607	0.97390	0.76463	0.58544	4.31657	2.72096	1.52971	28.92	6.2	0.00	7.35	0.01270	0.01291	0.01640	0.00784	0.00584	0.00640	0.00469	0.01267	0.01683	0.00679	0.00702	0.00885	0.01490	0.01095	0.01196	0.00219	0.00621	0.00872
55820	0.22104	0.19260	0.11529	1.23247	1.07244	0.87790	4.57979	2.69344	1.28951	0.52941	0.48975	0.43477	0.97383	0.76127	0.58284	4.31491	2.71776	1.52682
55990	0.21967	0.19397	0.11785	1.23085	1.07081	0.87665	4.57661	2.68973	1.28740	0.52874	0.48978	0.43397	0.97599	0.76179	0.58431	4.32127	2.72058	1.52885
56150	0.22227	0.19586	0.11959	1.23320	1.07258	0.87815	4.57310	2.69305	1.28800	0.53005	0.49106	0.43501	0.97448	0.76495	0.58667	4.31983	2.72035	1.52879
56320	0.22210	0.19400	0.11998	1.23224	1.07466	0.88123	4.58084	2.69773	1.29042	0.53249	0.49309	0.43712	0.97898	0.76974	0.58934	4.32511	2.72457	1.53293
56480	0.22506	0.19516	0.11821	1.23430	1.07409	0.87954	4.56919	2.69324	1.28804	0.52919	0.48997	0.43514	0.97705	0.76640	0.58853	4.32328	2.72552	1.53293
56640	0.22533	0.19522	0.11902	1.23541	1.07425	0.88051	4.57205	2.69368	1.28990	0.53043	0.49055	0.43600	0.97437	0.76472	0.58357	4.32333	2.72457	1.53047
56810	0.22126	0.19436	0.11887	1.23311	1.07199	0.87786	4.56760	2.69007	1.28663	0.52778	0.48913	0.43372	0.97626	0.76789	0.58843	4.32763	2.72867	1.53535
56970	0.22685	0.19760	0.12118	1.23813	1.07630	0.88184	4.57621	2.69555	1.28937	0.53185	0.49243	0.43656	0.97750	0.76599	0.58752	4.32746	2.72602	1.53323
57130	0.22346	0.19548	0.11818	1.23593	1.07582	0.88066	4.57433	2.69427	1.28870	0.53139	0.49298	0.43592	0.97517	0.76347	0.58590	4.32597	2.72618	1.53254
57300	0.22188	0.19614	0.11747	1.23541	1.07499	0.87995	4.57799	2.68858	1.28780	0.53094	0.49181	0.43603	0.97372	0.76111	0.58345	4.32451	2.72336	1.53102	28.86	6.3	0.00	7.46	0.01270	0.01291	0.01640	0.00784	0.00584	0.00640	0.00469	0.01267	0.01683	0.00679	0.00702	0.00885	0.01490	0.01095	0.01196	0.00219	0.00621	0.00872
57460	0.21925	0.19306	0.11600	1.23365	1.07227	0.87727	4.58002	2.69054	1.28391	0.52879	0.49001	0.43358	0.97648	0.76602	0.58894	4.32726	2.73001	1.53746
57630	0.22533	0.19803	0.12019	1.23883	1.07806	0.88341	4.56863	2.69400	1.28992	0.53422	0.49466	0.43819	0.97398	0.76257	0.58597	4.32720	2.72741	1.53398
57790	0.22451	0.19450	0.12090	1.23872	1.07987	0.88567	4.57593	2.69650	1.29025	0.53611	0.49758	0.44063	0.97488	0.76423	0.58855	4.33335	2.73094	1.53701
57950	0.22521	0.19306	0.11757	1.23901	1.07792	0.88236	4.57651	2.69465	1.28756	0.53492	0.49544	0.43948	0.97459	0.75854	0.58348	4.32824	2.72733	1.53443
58120	0.22451	0.19852	0.12155	1.24296	1.08352	0.88796	4.58828	2.69615	1.29180	0.53942	0.50042	0.44369	0.98012	0.76563	0.58922	4.33846	2.73591	1.54153
58280	0.22673	0.19731	0.11932	1.24303	1.08213	0.88606	4.58527	2.69332	1.28883	0.53739	0.49788	0.44224	0.97624	0.76464	0.58177	4.33231	2.72965	1.53748
58440	0.22392	0.19564	0.12204	1.24455	1.08605	0.89044	4.59060	2.69709	1.29109	0.54112	0.50187	0.44573	0.97694	0.76864	0.58701	4.33513	2.73549	1.54113
58610	0.22453	0.19488	0.11820	1.24310	1.08349	0.88656	4.56584	2.69333	1.28611	0.53721	0.49880	0.44312	0.97262	0.76379	0.58496	4.33225	2.73148	1.53768
58770	0.22126	0.19296	0.11442	1.23955	1.08051	0.88464	4.57789	2.68798	1.28508	0.53432	0.49726	0.44012	0.97372	0.76547	0.58590	4.33248	2.73472	1.54147
58930	0.22358	0.19471	0.11919	1.24326	1.08232	0.88800	4.57216	2.69191	1.28691	0.53638	0.49832	0.44223	0.97329	0.76183	0.58374	4.32933	2.72972	1.53697	28.92	6.2	0.00	7.38	0.01270	0.01291	0.01640	0.00784	0.00584	0.00640	0.00469	0.01267	0.01683	0.00679	0.00702	0.00885	0.01490	0.01095	0.01196	0.00219	0.00621	0.00872
59100	0.22210	0.19578	0.11460	1.23986	1.08040	0.88533	4.56193	2.68942	1.28240	0.53502	0.49734	0.44029	0.97566	0.76537	0.58420	4.33294	2.73467	1.54073
59260	0.22383	0.19447	0.11833	1.24371	1.08312	0.88796	4.56442	2.69055	1.28775	0.53784	0.49947	0.44283	0.97414	0.76504	0.58255	4.32996	2.73092	1.53800
59420	0.22278	0.19109	0.11750	1.24097	1.08078	0.88611	4.56634	2.68970	1.28383	0.53497	0.49733	0.44034	0.97601	0.76330	0.58569	4.33180	2.73199	1.53890
59590	0.22468	0.19460	0.11827	1.24270	1.08322	0.88699	4.57151	2.69286	1.28860	0.53743	0.49963	0.44264	0.97999	0.76792	0.59112	4.33501	2.73662	1.54322
59750	0.22635	0.19783	0.12062	1.24571	1.08747	0.89097	4.57885	2.69439	1.29246	0.53877	0.50007	0.44383	0.97884	0.76587	0.58510	4.33289	2.73371	1.53969
59920	0.22212	0.19737	0.12012	1.24229	1.08542	0.88949	4.58291	2.69680	1.29175	0.53791	0.50005	0.44395	0.97793	0.76796	0.58812	4.33185	2.73213	1.53846
60080	0.22295	0.19453	0.11804	1.24121	1.08164	0.88571	4.57144	2.69143	1.28807	0.53417	0.49624	0.44011	0.97374	0.76413	0.58222	4.32795	2.72701	1.53399
60240	0.21909	0.19376	0.11833	1.23921	1.08122	0.88624	4.58501	2.69301	1.29120	0.53521	0.49824	0.44108	0.97628	0.76639	0.58639	4.33260	2.73128	1.53698
60400	0.22203	0.19421	0.11827	1.23818	1.07982	0.88319	4.56930	2.68989	1.28537	0.53132	0.49423	0.43801	0.97259	0.76259	0.58210	4.32485	2.72726	1.53217
60570	0.21829	0.19377	0.11741	1.23596	1.08034	0.88473	4.57419	2.69121	1.28731	0.53429	0.49662	0.43907	0.97680	0.76306	0.58535	4.32943	2.72904	1.53524	28.86	6.1	0.00	7.44	0.01270	0.01291	0.01640	0.00784	0.00584	0.00640	0.00469	0.01267	0.01683	0.00679	0.00702	0.00885	0.01490	0.01095	0.01196	0.00219	0.00621	0.00872
60730	0.22020	0.19446	0.11828	1.23815	1.08064	0.88408	4.56722	2.68979	1.28732	0.53276	0.49681	0.43888	0.97234	0.76340	0.58609	4.32989	2.72762	1.53454
60900	0.22278	0.19560	0.12053	1.24146	1.08405	0.88693	4.57799	2.69263	1.28965	0.53568	0.49903	0.44139	0.97980	0.76475	0.58680	4.33247	2.73233	1.53744
61060	0.22180	0.19398	0.11694	1.24116	1.08192	0.88528	4.57322	2.68792	1.28538	0.53442	0.49707	0.43950	0.97335	0.76200	0.58205	4.33029	2.73030	1.53590
61220	0.22479	0.19569	0.11896	1.24337	1.08469	0.88881	4.56989	2.69533	1.29162	0.53784	0.50019	0.44287	0.97597	0.76675	0.58956	4.32943	2.73406	1.54064
61390	0.22278	0.19373	0.11678	1.24223	1.08238	0.88664	4.57188	2.69030	1.28599	0.53567	0.49803	0.44134	0.97367	0.76020	0.58282	4.32897	2.73026	1.53764
61550	0.22265	0.19836	0.11912	1.24494	1.08806	0.89143	4.56559	2.69276	1.29199	0.53977	0.50261	0.44451	0.97465	0.76566	0.58426	4.33706	2.73630	1.54313
61710	0.22388	0.19473	0.11884	1.24506	1.08473	0.88879	4.56284	2.68616	1.28720	0.53729	0.49922	0.44293	0.97547	0.76112	0.58338	4.32880	2.73237	1.54018
61880	0.22187	0.19601	0.12011	1.24602	1.08783	0.89272	4.58027	2.69294	1.28882	0.53991	0.50176	0.44494	0.97392	0.76497	0.58670	4.33637	2.73700	1.54376
62040	0.22343	0.19344	0.11687	1.24571	1.08637	0.88925	4.56371	2.69109	1.28571	0.53716	0.50003	0.44263	0.97174	0.76255	0.58065	4.32994	2.73367	1.53895
62200	0.21949	0.19226	0.11494	1.24224	1.08321	0.88707	4.56646	2.68383	1.28138	0.53538	0.49811	0.44044	0.97519	0.76663	0.58426	4.33896	2.73883	1.54606	28.92	6.1	0.00	7.32	0.01270	0.01291	0.01640	0.00784	0.00584	0.00640	0.00469	0.01267	0.01683	0.00680	0.00702	0.00885	0.01490	0.01095	0.01196	0.00219	0.00621	0.00872
62370	0.22378	0.19447	0.11634	1.24812	1.08798	0.89101	4.57883	2.69188	1.28747	0.53930	0.50214	0.44453	0.97331	0.76307	0.58190	4.33821	2.73596	1.54287
62530	0.21983	0.19113	0.11368	1.24420	1.08463	0.88789	4.56140	2.68291	1.28267	0.53702	0.50005	0.44208	0.97490	0.76608	0.58583	4.34051	2.73949	1.54710
62690	0.22459	0.19439	0.11906	1.24856	1.08862	0.89155	4.57420	2.69036	1.28841	0.54102	0.50310	0.44540	0.97508	0.76196	0.58604	4.33586	2.73694	1.54416
62860	0.22372	0.19518	0.12089	1.24901	1.09039	0.89482	4.57185	2.69328	1.28950	0.54082	0.50386	0.44700	0.97448	0.76506	0.58473	4.34016	2.73822	1.54496
63020	0.22282	0.19431	0.11656	1.24800	1.08779	0.89178	4.56418	2.69030	1.28657	0.53842	0.50107	0.44416	0.97367	0.76106	0.58531	4.33241	2.73402	1.54075
63180	0.22122	0.19615	0.12085	1.24960	1.09005	0.89522	4.57807	2.69178	1.29071	0.54194	0.50418	0.44631	0.97616	0.76537	0.58637	4.33718	2.73755	1.54557
63350	0.22247	0.19431	0.11672	1.24787	1.08680	0.89232	4.57265	2.69003	1.28676	0.53848	0.50183	0.44347	0.97554	0.76726	0.58533	4.33792	2.73662	1.54466
63510	0.22335	0.19500	0.11909	1.24909	1.09032	0.89418	4.57500	2.69220	1.29113	0.54161	0.50528	0.44614	0.97422	0.76542	0.58447	4.33402	2.73564	1.54267
63670	0.22251	0.19423	0.11674	1.24617	1.08607	0.89049	4.56845	2.68893	1.28530	0.53713	0.50200	0.44349	0.97044	0.76028	0.58062	4.33052	2.73067	1.53840
63830	0.21910	0.19391	0.11975	1.24298	1.08695	0.89227	4.57538	2.69305	1.28794	0.53839	0.50235	0.44452	0.97553	0.76447	0.58373	4.33251	2.73248	1.54074	28.92	6.2	0.00	7.37	0.01270	0.01291	0.01640	0.00784	0.00584	0.00640	0.00469	0.01267	0.01683	0.00679	0.00702	0.00885	0.01490	0.01095	0.01196	0.00219	0.00621	0.00872
64000	0.22223	0.19415	0.11769	1.24400	1.08386	0.88956	4.55774	2.68605	1.28387	0.53530	0.49948	0.44200	0.97161	0.76416	0.58042	4.33016	2.73053	1.53897
64160	0.21976	0.19194	0.11772	1.24307	1.08207	0.88795	4.56446	2.68651	1.28578	0.53419	0.49882	0.44022	0.97318	0.76359	0.58269	4.33142	2.73280	1.54109
64320	0.22287	0.19480	0.11938	1.24553	1.08613	0.89103	4.57494	2.68714	1.28746	0.53784	0.50023	0.44285	0.97245	0.76439	0.58478	4.33274	2.73017	1.54042
64490	0.22266	0.19559	0.11759	1.24393	1.08381	0.88806	4.56800	2.68927	1.28553	0.53609	0.49939	0.44117	0.97656	0.76713	0.58576	4.33154	2.73338	1.54173
64650	0.22505	0.19687	0.11835	1.24628	1.08606	0.89103	4.56532	2.69100	1.28910	0.53718	0.50041	0.44323	0.97345	0.76298	0.58818	4.33182	2.73047	1.53923
64810	0.22123	0.19347	0.11770	1.24220	1.08108	0.88774	4.55741	2.68817	1.28125	0.53465	0.49811	0.44035	0.97629	0.76397	0.58535	4.33091	2.73373	1.54270
64980	0.22376	0.19481	0.11904	1.24574	1.08568	0.89033	4.57715	2.69115	1.28623	0.53639	0.50065	0.44250	0.97444	0.76307	0.58575	4.32873	2.72861	1.53875
65140	0.22256	0.19466	0.11818	1.24161	1.08191	0.88679	4.55842	2.68442	1.28246	0.53477	0.49639	0.44064	0.97555	0.76553	0.58744	4.33355	2.73310	1.54419
65310	0.22626	0.19640	0.12061	1.24681	1.08766	0.89200	4.57418	2.69004	1.28982	0.53983	0.50229	0.44409	0.97655	0.76155	0.58386	4.33223	2.73058	1.54027
65470	0.22432	0.19605	0.12002	1.24719	1.08824	0.89266	4.57288	2.69378	1.28850	0.54097	0.50375	0.44556	0.97476	0.76410	0.58682	4.33492	2.73368	1.54160	28.92	6.2	0.00	7.31	0.01270	0.01291	0.01640	0.00784	0.00584	0.00640	0.00469	0.01267	0.01683	0.00679	0.00702	0.00885	0.01490	0.01095	0.01196	0.00219	0.00621	0.00872
65630	0.22442	0.19378	0.11853	1.24583	1.08608	0.88996	4.56591	2.69078	1.28496	0.53793	0.50179	0.44366	0.97448	0.76353	0.58632	4.33217	2.73094	1.54037
65800	0.22257	0.19252	0.11823	1.24390	1.08441	0.88968	4.56117	2.68820	1.28487	0.53697	0.50099	0.44275	0.97222	0.76135	0.57961	4.33027	2.73037	1.53956
65960	0.22174	0.19284	0.11745	1.24361	1.08385	0.88898	4.56168	2.68641	1.28587	0.53774	0.49941	0.44247	0.97178	0.75800	0.58306	4.32620	2.72830	1.53763
66120	0.22201	0.19700	0.12137	1.24719	1.08729	0.89342	4.57245	2.69035	1.29178	0.54202	0.50430	0.44699	0.97634	0.76460	0.58617	4.33596	2.73413	1.54297
66290	0.22420	0.19633	0.12021	1.24614	1.08646	0.89174	4.56157	2.69030	1.28696	0.53951	0.50094	0.44401	0.97489	0.76348	0.58495	4.33314	2.73256	1.54176
66450	0.22322	0.19361	0.11792	1.24542	1.08429	0.88978	4.55705	2.68615	1.28563	0.53780	0.49999	0.44315	0.97043	0.76214	0.57888	4.32901	2.72940	1.53889
66620	0.22211	0.19306	0.11717	1.24128	1.08079	0.88794	4.56948	2.68468	1.28311	0.53633	0.49814	0.44133	0.97120	0.76250	0.58548	4.32941	2.73103	1.54041
66780	0.22230	0.19278	0.11788	1.24439	1.08474	0.88955	4.56876	2.68841	1.28580	0.53812	0.50093	0.44272	0.97316	0.76224	0.58230	4.32907	2.72928	1.53849
66940	0.22192	0.19175	0.11677	1.24190	1.08174	0.88768	4.55741	2.68367	1.28287	0.53610	0.49864	0.44046	0.97300	0.76498	0.58575	4.33033	2.73147	1.54150
67110	0.22438	0.19587	0.11987	1.24415	1.08387	0.88920	4.57809	2.69093	1.28598	0.53740	0.50027	0.44261	0.97470	0.76597	0.58698	4.32959	2.73219	1.54097	28.92	6.0	0.00	7.46	0.01270	0.01291	0.01640	0.00784	0.00584	0.00640	0.00469	0.01267	0.01683	0.00679	0.00702	0.00885	0.01490	0.01095	0.01196	0.00219	0.00621	0.00872
67270	0.22336	0.19727	0.12102	1.24555	1.08573	0.89106	4.57397	2.69021	1.28926	0.53830	0.50162	0.44383	0.97725	0.76661	0.58624	4.32976	2.73089	1.53954
67430	0.22325	0.19576	0.11961	1.24271	1.08287	0.88835	4.57169	2.68968	1.28778	0.53658	0.49852	0.44172	0.97761	0.76329	0.58379	4.32586	2.72744	1.53679
67600	0.22259	0.19353	0.11894	1.24000	1.08061	0.88569	4.56185	2.68491	1.28587	0.53478	0.49739	0.44013	0.97268	0.76048	0.58296	4.32138	2.72363	1.53295
67760	0.22173	0.19324	0.11985	1.23876	1.07984	0.88561	4.56836	2.68817	1.28626	0.53595	0.49697	0.44061	0.97532	0.76336	0.58299	4.32437	2.72482	1.53410
67930	0.22335	0.19255	0.11719	1.23839	1.07811	0.88426	4.55990	2.68805	1.28582	0.53331	0.49470	0.43913	0.97404	0.76127	0.58295	4.31806	2.72141	1.53232
68090	0.22037	0.19420	0.11802	1.23640	1.07784	0.88528	4.56482	2.68887	1.28730	0.53490	0.49705	0.43951	0.97443	0.76494	0.58434	4.32494	2.72485	1.53408
68250	0.22108	0.19422	0.11809	1.23792	1.07697	0.88362	4.57064	2.68649	1.28581	0.53320	0.49385	0.43753	0.97088	0.76031	0.58328	4.31938	2.72322	1.53286
68420	0.22352	0.19682	0.11959	1.24047	1.08032	0.88616	4.56565	2.68862	1.28742	0.53558	0.49659	0.43883	0.97526	0.76381	0.58367	4.32500	2.72765	1.53566
68580	0.22463	0.19298	0.11855	1.23766	1.07696	0.88266	4.56261	2.68632	1.28498	0.53169	0.49451	0.43621	0.97537	0.76206	0.58296	4.32247	2.72558	1.53409
68750	0.22337	0.19522	0.11896	1.23668	1.07683	0.88292	4.56466	2.68473	1.28448	0.53123	0.49373	0.43634	0.97443	0.76250	0.58237	4.32157	2.72381	1.53315	28.92	6.2	0.00	7.39	0.01270	0.01291	0.01640	0.00784	0.00584	0.00640	0.00469	0.01267	0.01683	0.00679	0.00702	0.00885	0.01490	0.01095	0.01196	0.00219	0.00621	0.00872
68910	0.22317	0.19247	0.11743	1.23582	1.07445	0.88051	4.55873	2.68156	1.28160	0.52927	0.49195	0.43338	0.97392	0.76283	0.58607	4.32427	2.72574	1.53480
69070	0.22510	0.19598	0.11943	1.23755	1.07730	0.88310	4.57026	2.68715	1.28481	0.53219	0.49531	0.43568	0.97092	0.76051	0.58018	4.32312	2.72409	1.53227
69240	0.22450	0.19636	0.11965	1.23805	1.07790	0.88445	4.56867	2.69017	1.28832	0.53316	0.49468	0.43744	0.97562	0.76268	0.58359	4.32484	2.72498	1.53399
69400	0.22174	0.19566	0.11953	1.23758	1.07660	0.88256	4.56946	2.68662	1.28478	0.53109	0.49290	0.43535	0.97234	0.75910	0.58053	4.32157	2.72294	1.53110
69560	0.22566	0.19701	0.12263	1.24002	1.08048	0.88636	4.57793	2.68939	1.29039	0.53504	0.49703	0.43853	0.97614	0.76412	0.58619	4.33029	2.72762	1.53584
69730	0.22711	0.19582	0.11959	1.23898	1.07778	0.88331	4.56820	2.68522	1.28539	0.53196	0.49523	0.43600	0.97398	0.76408	0.58597	4.32535	2.72686	1.53497
69890	0.22302	0.19512	0.11899	1.23696	1.07694	0.88196	4.57746	2.68516	1.28499	0.53034	0.49443	0.43433	0.97217	0.76136	0.58359	4.32014	2.72269	1.53163
70060	0.22276	0.19258	0.11844	1.23460	1.07500	0.87983	4.55801	2.68436	1.28163	0.52750	0.49296	0.43229	0.97530	0.76202	0.58558	4.32008	2.72547	1.53445
70220	0.22473	0.19575	0.12001	1.23810	1.07741	0.88279	4.56863	2.68597	1.28400	0.52987	0.49369	0.43436	0.97453	0.76049	0.58521	4.32214	2.72440	1.53233
70380	0.22153	0.19281	0.11708	1.23523	1.07451	0.88003	4.55870	2.68416	1.28225	0.52783	0.49199	0.43143	0.97023	0.76166	0.58364	4.32188	2.72440	1.53204	28.86	6.1	0.00	7.26	0.01270	0.01291	0.01640	0.00784	0.00584	0.00640	0.00469	0.01267	0.01683	0.00679	0.00702	0.00885	0.01490	0.01095	0.01196	0.00219	0.00621	0.00872
70550	0.22500	0.19357	0.11938	1.23739	1.07740	0.88234	4.56401	2.68712	1.28503	0.52891	0.49489	0.43435	0.97658	0.76608	0.58793	4.32607	2.72966	1.53586
70710	0.22729	0.19761	0.12064	1.24056	1.08067	0.88403	4.55921	2.68940	1.28566	0.53111	0.49579	0.43558	0.97503	0.76533	0.58616	4.32527	2.72752	1.53423
70880	0.22616	0.19680	0.12216	1.23807	1.07949	0.88351	4.56257	2.69174	1.28691	0.53027	0.49814	0.43640	0.97433	0.76545	0.58652	4.32544	2.72715	1.53459
71040	0.22375	0.19558	0.11695	1.23818	1.07752	0.88135	4.56235	2.68209	1.28451	0.52724	0.49339	0.43328	0.97074	0.76016	0.58326	4.32016	2.72214	1.52967
71200	0.22091	0.19481	0.11865	1.23391	1.07739	0.88284	4.56654	2.68903	1.28652	0.52957	0.49532	0.43560	0.97293	0.76234	0.58373	4.32596	2.72553	1.53352
71370	0.22414	0.19339	0.11807	1.23586	1.07539	0.87993	4.56578	2.68405	1.28227	0.52565	0.49196	0.43166	0.97219	0.76020	0.57888	4.31787	2.72026	1.52997
71530	0.22033	0.19391	0.11950	1.23411	1.07649	0.88137	4.56293	2.68601	1.28611	0.52802	0.49367	0.43288	0.97413	0.76197	0.58536	4.31965	2.72352	1.53251
71690	0.22171	0.19480	0.11863	1.23539	1.07570	0.88017	4.56517	2.68227	1.28106	0.52602	0.49182	0.43093	0.97212	0.76074	0.57897	4.31564	2.71913	1.52836
71860	0.22316	0.19633	0.11882	1.23696	1.07786	0.88216	4.55986	2.68619	1.28656	0.52863	0.49510	0.43422	0.97243	0.76107	0.58317	4.32062	2.72316	1.53060
72020	0.22092	0.19129	0.11835	1.23465	1.07510	0.88054	4.56262	2.68485	1.28236	0.52647	0.49268	0.43220	0.96945	0.76016	0.58040	4.31847	2.71965	1.52865	28.86	6.0	0.00	7.42	0.01270	0.01291	0.01640	0.00784	0.00584	0.00640	0.00469	0.01267	0.01683	0.00679	0.00702	0.00885	0.01490	0.01095	0.01196	0.00219	0.00621	0.00872
72180	0.22062	0.19559	0.11901	1.23594	1.07695	0.88237	4.55478	2.68568	1.28434	0.52870	0.49500	0.43424	0.97298	0.76466	0.58401	4.31962	2.72527	1.53291
72350	0.22083	0.19572	0.11754	1.23469	1.07575	0.87944	4.56924	2.68195	1.28251	0.52622	0.49283	0.43256	0.97014	0.75944	0.58068	4.31693	2.72048	1.52893
72510	0.22348	0.19648	0.11802	1.23631	1.07721	0.88279	4.56298	2.68602	1.28543	0.52874	0.49414	0.43409	0.97386	0.76196	0.58393	4.32392	2.72483	1.53241
72670	0.22474	0.19397	0.11615	1.23483	1.07535	0.87925	4.56269	2.68497	1.28125	0.52597	0.49164	0.43169	0.97031	0.75896	0.58258	4.31469	2.71890	1.52848
72840	0.22225	0.19521	0.12072	1.23605	1.07847	0.88211	4.56569	2.68725	1.28464	0.52969	0.49503	0.43379	0.97324	0.76498	0.58614	4.32042	2.72324	1.53083
73000	0.22141	0.19280	0.11868	1.23399	1.07550	0.87936	4.56212	2.68354	1.28256	0.52619	0.49290	0.43207	0.97218	0.76044	0.58184	4.31635	2.71970	1.52823
73160	0.22242	0.19425	0.11960	1.23596	1.07755	0.88127	4.57948	2.68770	1.28510	0.52874	0.49477	0.43322	0.97364	0.76167	0.58600	4.31750	2.72229	1.53066
73330	0.22335	0.19432	0.11764	1.23335	1.07480	0.87904	4.55186	2.68412	1.28293	0.52537	0.49167	0.43080	0.97124	0.75952	0.58241	4.31515	2.71887	1.52716
73490	0.22291	0.19461	0.12001	1.23423	1.07556	0.88061	4.55926	2.68491	1.28470	0.52718	0.49386	0.43260	0.97309	0.76186	0.58314	4.31830	2.72070	1.52982
73650	0.22226	0.19348	0.11723	1.23239	1.07467	0.87897	4.57181	2.68178	1.28334	0.52519	0.49162	0.43144	0.97084	0.76013	0.57970	4.31674	2.71792	1.52743	28.92	6.0	0.00	7.32	0.01270	0.01291	0.01640	0.00784	0.00584	0.00640	0.00469	0.01267	0.01683	0.00679	0.00702	0.00885	0.01490	0.01095	0.01196	0.00219	0.00621	0.00872
73820	0.22169	0.19363	0.12143	1.23449	1.07480	0.88021	4.56805	2.68409	1.28687	0.52750	0.49355	0.43216	0.97364	0.76203	0.58137	4.32138	2.72078	1.52940
73980	0.22333	0.19380	0.11795	1.23341	1.07396	0.87860	4.55927	2.68248	1.28360	0.52538	0.49141	0.43129	0.97070	0.75734	0.58163	4.31708	2.71816	1.52706
74140	0.22288	0.19441	0.11986	1.23393	1.07513	0.87941	4.56053	2.68884	1.28463	0.52606	0.49363	0.43270	0.97023	0.76306	0.58565	4.31966	2.71929	1.52931
74310	0.22074	0.19242	0.11695	1.23265	1.07299	0.87822	4.55335	2.68383	1.28396	0.52500	0.49146	0.43091	0.97674	0.76371	0.58517	4.31777	2.72141	1.53024
74470	0.22496	0.19555	0.12050	1.23445	1.07564	0.88021	4.56950	2.68678	1.28648	0.52746	0.49320	0.43249	0.97391	0.76032	0.58411	4.31943	2.72016	1.52863
74630	0.22088	0.19323	0.11620	1.23210	1.07217	0.87631	4.56368	2.68341	1.28220	0.52448	0.49064	0.43020	0.97312	0.76234	0.58663	4.32035	2.72065	1.53042
74800	0.22434	0.19624	0.11725	1.23474	1.07448	0.87909	4.55996	2.68247	1.28647	0.52599	0.49214	0.43195	0.97248	0.75872	0.58204	4.31800	2.71756	1.52704
74960	0.22162	0.19217	0.11491	1.23042	1.07141	0.87563	4.55898	2.68106	1.28092	0.52337	0.49022	0.42924	0.97287	0.76240	0.58488	4.31525	2.72029	1.52984
75120	0.22352	0.19511	0.12004	1.23356	1.07386	0.87900	4.55721	2.68265	1.28412	0.52664	0.49294	0.43165	0.97267	0.76158	0.58202	4.31772	2.71772	1.52717
75290	0.22175	0.19351	0.11795	1.23073	1.07106	0.87515	4.56546	2.68365	1.28224	0.52476	0.49098	0.43067	0.97405	0.76348	0.58553	4.31370	2.72087	1.53024	28.92	6.1	0.00	7.45	0.01270	0.01291	0.01640	0.00784	0.00584	0.00640	0.00469	0.01267	0.01683	0.00679	0.00702	0.00885	0.01490	0.01095	0.01196	0.00219	0.00621	0.00872
75450	0.22371	0.19486	0.11771	1.23473	1.07507	0.88002	4.56687	2.68585	1.28472	0.52724	0.49351	0.43319	0.97272	0.76009	0.58389	4.30900	2.71711	1.52634
75610	0.22387	0.19455	0.11953	1.23217	1.07398	0.87725	4.56326	2.68516	1.28428	0.52627	0.49238	0.43294	0.97206	0.76244	0.58165	4.31015	2.71678	1.52670
75780	0.22207	0.19335	0.11768	1.23135	1.07280	0.87697	4.55791	2.68291	1.28337	0.52617	0.49247	0.43211	0.97215	0.75850	0.58216	4.30917	2.71570	1.52494
75940	0.22269	0.19365	0.11928	1.23150	1.07349	0.87837	4.56452	2.68612	1.28481	0.52712	0.49336	0.43280	0.97184	0.76197	0.58440	4.30808	2.71553	1.52540
76110	0.22084	0.19283	0.11902	1.23116	1.07165	0.87637	4.55448	2.67997	1.28199	0.52590	0.49202	0.43137	0.97119	0.75813	0.58115	4.30700	2.71304	1.52356
76270	0.22134	0.19699	0.11901	1.23137	1.07380	0.87833	4.56337	2.68509	1.28671	0.52769	0.49451	0.43392	0.97268	0.76309	0.58417	4.31135	2.71604	1.52621
76430	0.22355	0.19000	0.11888	1.23079	1.07008	0.87575	4.55730	2.68306	1.28138	0.52446	0.49166	0.43074	0.97051	0.76088	0.58005	4.30860	2.71248	1.52308
76600	0.22360	0.19487	0.12046	1.23157	1.07354	0.87887	4.55835	2.68596	1.28669	0.52811	0.49335	0.43400	0.97554	0.76276	0.58459	4.31158	2.71726	1.52727
76760	0.22255	0.19194	0.11937	1.23087	1.07109	0.87574	4.55567	2.68049	1.28041	0.52532	0.49150	0.43070	0.96910	0.75893	0.58096	4.30333	2.71287	1.52293
76920	0.22519	0.19742	0.12016	1.23213	1.07534	0.87947	4.56525	2.68626	1.28736	0.52875	0.49437	0.43442	0.97169	0.76456	0.58087	4.31067	2.71699	1.52596	28.86	6.1	0.00	7.31	0.01270	0.01291	0.01640	0.00784	0.00584	0.00640	0.00468	0.01267	0.01683	0.00679	0.00702	0.00885	0.01490	0.01095	0.01196	0.00219	0.00621	0.00872
77090	0.22160	0.19296	0.11889	1.23156	1.07169	0.87576	4.55940	2.68423	1.28207	0.52503	0.49192	0.43111	0.97160	0.76090	0.58084	4.30420	2.71213	1.52166
77250	0.22117	0.19580	0.12049	1.23131	1.07352	0.87888	4.56121	2.68778	1.28555	0.52756	0.49329	0.43288	0.97509	0.76354	0.58241	4.30838	2.71557	1.52494
77410	0.22222	0.19191	0.11750	1.22883	1.07109	0.87438	4.55933	2.68317	1.28220	0.52436	0.48981	0.43011	0.97073	0.75762	0.57966	4.30225	2.70985	1.51993
77580	0.21913	0.18803	0.11523	1.22524	1.06667	0.87085	4.55568	2.67846	1.27913	0.52237	0.48729	0.42693	0.97168	0.76094	0.58449	4.30569	2.71503	1.52512
77740	0.22203	0.19324	0.11795	1.22902	1.07138	0.87400	4.56229	2.67917	1.28238	0.52415	0.48917	0.42928	0.97104	0.76102	0.58242	4.30139	2.71093	1.52076
77900	0.22055	0.19193	0.11597	1.22518	1.06687	0.87090	4.54943	2.68066	1.27895	0.52066	0.48674	0.42587	0.97234	0.76059	0.58382	4.30592	2.71491	1.52499
78070	0.22229	0.19697	0.12158	1.22945	1.07199	0.87491	4.55951	2.68474	1.28295	0.52405	0.49010	0.42918	0.97297	0.76114	0.58416	4.30729	2.71508	1.52368
78230	0.22512	0.19602	0.11884	1.22942	1.07208	0.87471	4.55153	2.68415	1.28524	0.52485	0.49042	0.42975	0.97317	0.76331	0.58492	4.30729	2.71452	1.52295
78390	0.22190	0.19129	0.11885	1.22762	1.06870	0.87232	4.55839	2.67974	1.28120	0.52154	0.48760	0.42663	0.97275	0.76169	0.58463	4.31004	2.71579	1.52442
78560	0.22285	0.19354	0.11894	1.22944	1.07072	0.87621	4.55121	2.68129	1.28429	0.52346	0.48895	0.42923	0.97361	0.76138	0.58472	4.30764	2.71255	1.52220	28.92	6.2	0.00	6.23	0.01270	0.01291	0.01640	0.00784	0.00584	0.00640	0.00469	0.01267	0.01683	0.00679	0.00702	0.00885	0.01490	0.01095	0.01196	0.00219	0.00621	0.00872
78720	0.22079	0.19194	0.11552	1.22649	1.06756	0.87210	4.54865	2.67950	1.28022	0.51980	0.48694	0.42583	0.97168	0.76236	0.58555	4.30666	2.71253	1.52269
78880	0.22373	0.19468	0.11855	1.22900	1.06966	0.87410	4.56313	2.68196	1.28382	0.52265	0.48876	0.42786	0.97120	0.76078	0.58206	4.30254	2.70921	1.51912
79050	0.22242	0.19117	0.11697	1.22521	1.06688	0.87141	4.55121	2.67650	1.27917	0.52099	0.48677	0.42570	0.96958	0.76079	0.58281	4.30638	2.71370	1.52336
79210	0.22411	0.19350	0.12052	1.22893	1.07004	0.87447	4.55302	2.68496	1.28411	0.52257	0.48939	0.42820	0.97163	0.76024	0.58309	4.30598	2.71074	1.52068
79370	0.22128	0.19105	0.11557	1.22501	1.06560	0.87152	4.55147	2.67830	1.27952	0.51950	0.48625	0.42545	0.97225	0.76087	0.58196	4.30437	2.71318	1.52368
79540	0.22213	0.19354	0.11786	1.22859	1.06960	0.87513	4.56400	2.68572	1.28359	0.52256	0.48989	0.42849	0.97104	0.75895	0.58264	4.30248	2.71011	1.51963
79700	0.21981	0.19248	0.11606	1.22446	1.06581	0.87167	4.54703	2.67888	1.28005	0.52024	0.48665	0.42542	0.97480	0.76511	0.58311	4.30804	2.71475	1.52464
79870	0.22366	0.19615	0.12053	1.22973	1.07035	0.87610	4.56151	2.68573	1.28577	0.52398	0.49059	0.42947	0.97200	0.76117	0.58273	4.30781	2.71169	1.52116
80030	0.22418	0.19501	0.11887	1.22849	1.07017	0.87615	4.55750	2.68571	1.28692	0.52450	0.49059	0.43008	0.97478	0.76297	0.58444	4.30563	2.71291	1.52307
80190	0.22221	0.19550	0.11816	1.22762	1.06743	0.87283	4.55700	2.68097	1.28171	0.52000	0.48693	0.42653	0.97002	0.75964	0.58005	4.30196	2.71018	1.51822	28.86	6.0	0.00	7.35	0.01270	0.01291	0.01640	0.00784	0.00584	0.00640	0.00468	0.01267	0.01683	0.00679	0.00701	0.00885	0.01490	0.01095	0.01196	0.00219	0.00621	0.00871
80360	0.22330	0.19330	0.11930	1.22786	1.06972	0.87384	4.56907	2.68463	1.28646	0.52196	0.48887	0.42794	0.97170	0.76432	0.58317	4.30499	2.71150	1.52087
80520	0.22034	0.19428	0.11984	1.22559	1.06727	0.87264	4.55140	2.68190	1.28391	0.51937	0.48595	0.42609	0.96830	0.75852	0.57933	4.29858	2.70600	1.51622
80680	0.21886	0.19148	0.11497	1.22139	1.06271	0.86820	4.55107	2.67667	1.27829	0.51773	0.48254	0.42291	0.97139	0.76147	0.58200	4.30367	2.71133	1.52086
80850	0.22236	0.19341	0.11920	1.22607	1.06643	0.87162	4.55125	2.68161	1.28268	0.51971	0.48597	0.42607	0.97126	0.76073	0.58045	4.30282	2.70876	1.51824
81010	0.22142	0.19212	0.11597	1.22298	1.06301	0.86799	4.56448	2.67937	1.27824	0.51786	0.48412	0.42369	0.97087	0.76362	0.58364	4.30511	2.71143	1.52172
81170	0.22228	0.19463	0.11746	1.22652	1.06700	0.87202	4.55924	2.68177	1.28563	0.52056	0.48639	0.42646	0.97122	0.76150	0.58460	4.30081	2.70908	1.51909
81340	0.22427	0.19624	0.11808	1.22786	1.06753	0.87491	4.55598	2.68781	1.28744	0.52354	0.48928	0.42947	0.97503	0.76441	0.58577	4.30734	2.71326	1.52179
81500	0.22197	0.19553	0.11743	1.22554	1.06604	0.87249	4.55512	2.67946	1.28252	0.52156	0.48614	0.42670	0.96963	0.75642	0.58018	4.29778	2.70754	1.51746
81660	0.22310	0.19310	0.12031	1.22692	1.06880	0.87525	4.55996	2.68401	1.28469	0.52258	0.48720	0.42811	0.97150	0.76257	0.58478	4.30774	2.71411	1.52319
81830	0.22195	0.19405	0.11730	1.22707	1.06788	0.87440	4.55670	2.67876	1.28282	0.52232	0.48846	0.42712	0.97261	0.76111	0.58463	4.30946	2.71325	1.52286	28.86	6.1	0.00	7.38	0.01270	0.01291	0.01640	0.00784	0.00584	0.00640	0.00468	0.01266	0.01683	0.00679	0.00702	0.00885	0.01490	0.01095	0.01196	0.00219	0.00621	0.00871
81990	0.22410	0.19412	0.11889	1.22857	1.06958	0.87604	4.56158	2.68136	1.28094	0.52138	0.48707	0.42524	0.96800	0.75929	0.58163	4.30310	2.70754	1.51775
