WetView ver 7.1	07-13-2018	16:30:27
AC9 Absorption and Attenuation Meter
00000266		; Serial number
2	; structure version number
Reserved
0.000000	0.000000		; Depth calibration
19200			; Baud rate
0.100000			; Path length (meters)
31			; number of temperature calibration bins
				12.59339	13.44920	14.48425	15.49668	16.50852	17.49564	18.50545	19.52458	20.50176	21.48889	22.47318	23.48707	24.50962	25.49370	26.49784	27.51372	28.50746	29.47237	30.47938	31.50214	32.50470	33.49235	34.50337	35.50914	36.50618	37.52058	38.51018	39.51308	40.49994	41.49866	42.47204	; temperature bins
a650	Blue	20.34952		-0.00383	-0.00415	-0.00430	-0.00391	-0.00363	-0.00317	-0.00269	-0.00237	-0.00179	-0.00130	-0.00099	-0.00071	-0.00015	0.00000	0.00004	-0.00001	0.00015	0.00036	0.00058	0.00101	0.00161	0.00132	0.00160	0.00169	0.00242	0.00273	0.00336	0.00365	0.00427	0.00566	0.00670		; offset and temperature correction info
a676	Green	20.51193		-0.00398	-0.00384	-0.00360	-0.00306	-0.00302	-0.00255	-0.00235	-0.00212	-0.00163	-0.00136	-0.00118	-0.00089	-0.00029	0.00000	0.00068	0.00082	0.00099	0.00137	0.00145	0.00212	0.00260	0.00252	0.00321	0.00354	0.00457	0.00535	0.00617	0.00648	0.00742	0.00887	0.01002		; offset and temperature correction info
a715	Brown	20.23230		-0.00421	-0.00394	-0.00391	-0.00291	-0.00264	-0.00192	-0.00204	-0.00179	-0.00188	-0.00239	-0.00180	-0.00187	-0.00099	0.00000	0.00084	0.00162	0.00188	0.00224	0.00321	0.00381	0.00466	0.00528	0.00588	0.00696	0.00859	0.01041	0.01148	0.01282	0.01333	0.01456	0.01617		; offset and temperature correction info
c510	Red	20.40042		-0.00261	-0.00247	-0.00258	-0.00225	-0.00203	-0.00197	-0.00199	-0.00203	-0.00154	-0.00103	-0.00069	-0.00019	-0.00007	0.00000	0.00011	-0.00021	-0.00042	-0.00056	-0.00040	0.00011	0.00036	0.00050	0.00077	0.00079	0.00050	0.00042	0.00043	0.00092	0.00147	0.00200	0.00232		; offset and temperature correction info
c532	Magenta	20.40760		-0.00248	-0.00265	-0.00278	-0.00279	-0.00296	-0.00292	-0.00238	-0.00206	-0.00129	-0.00096	-0.00092	-0.00052	-0.00009	0.00000	0.00007	-0.00049	-0.00136	-0.00107	-0.00079	-0.00065	-0.00074	-0.00105	-0.00152	-0.00192	-0.00236	-0.00269	-0.00252	-0.00233	-0.00172	-0.00128	-0.00067		; offset and temperature correction info
c555	Black	20.50654		-0.00053	-0.00063	-0.00106	-0.00094	-0.00068	-0.00055	-0.00053	-0.00039	-0.00028	-0.00025	-0.00011	-0.00035	-0.00007	0.00000	-0.00037	-0.00055	-0.00036	-0.00014	0.00019	0.00044	0.00032	0.00040	0.00050	0.00028	0.00014	0.00013	0.00030	0.00073	0.00117	0.00176	0.00241		; offset and temperature correction info
a412	LtBlue	17.15231		-0.01972	-0.01823	-0.01612	-0.01381	-0.01272	-0.01080	-0.00959	-0.00866	-0.00710	-0.00532	-0.00354	-0.00148	-0.00028	0.00000	0.00176	0.00297	0.00394	0.00440	0.00453	0.00487	0.00804	0.00856	0.01065	0.01248	0.01388	0.01439	0.01659	0.01881	0.02256	0.02450	0.02719		; offset and temperature correction info
a440	LtGreen	18.00171		-0.00729	-0.00642	-0.00581	-0.00502	-0.00426	-0.00349	-0.00244	-0.00218	-0.00179	-0.00101	-0.00046	-0.00006	0.00036	0.00000	0.00040	0.00045	0.00030	-0.00015	-0.00024	-0.00035	0.00012	-0.00013	-0.00033	-0.00089	-0.00142	-0.00189	-0.00231	-0.00205	-0.00140	-0.00140	-0.00146		; offset and temperature correction info
a488	Yellow	18.86491		-0.00113	-0.00102	-0.00106	-0.00064	-0.00027	-0.00020	-0.00030	-0.00037	-0.00047	-0.00059	-0.00052	-0.00012	0.00008	0.00000	0.00025	0.00012	-0.00013	-0.00043	-0.00065	-0.00076	-0.00025	0.00010	0.00090	0.00111	0.00113	0.00104	0.00073	0.00068	0.00120	0.00186	0.00258		; offset and temperature correction info
c650	Blue	20.46075		-0.00145	-0.00097	-0.00092	-0.00139	-0.00185	-0.00196	-0.00237	-0.00266	-0.00238	-0.00163	-0.00083	-0.00041	-0.00010	0.00000	0.00005	-0.00001	0.00015	0.00034	0.00029	0.00065	0.00101	0.00164	0.00126	0.00156	0.00175	0.00270	0.00287	0.00371	0.00407	0.00473	0.00534		; offset and temperature correction info
c676	Green	20.10118		-0.00170	-0.00144	-0.00149	-0.00177	-0.00188	-0.00194	-0.00198	-0.00196	-0.00177	-0.00156	-0.00140	-0.00091	-0.00033	0.00000	0.00050	0.00092	0.00110	0.00141	0.00167	0.00199	0.00216	0.00265	0.00269	0.00289	0.00315	0.00374	0.00367	0.00408	0.00486	0.00561	0.00646		; offset and temperature correction info
c715	Brown	19.91219		-0.01201	-0.01097	-0.00859	-0.00680	-0.00651	-0.00592	-0.00535	-0.00440	-0.00387	-0.00303	-0.00222	-0.00153	-0.00028	0.00000	0.00093	0.00149	0.00247	0.00322	0.00330	0.00427	0.00373	0.00464	0.00536	0.00551	0.00643	0.00733	0.00779	0.00884	0.00899	0.01021	0.01120		; offset and temperature correction info
a510	Red	19.21192		0.00201	0.00193	0.00158	0.00098	0.00089	0.00049	0.00011	-0.00016	-0.00016	-0.00005	0.00028	0.00025	0.00006	0.00000	0.00035	-0.00022	-0.00023	-0.00080	-0.00144	-0.00154	-0.00153	-0.00204	-0.00220	-0.00219	-0.00190	-0.00128	-0.00069	-0.00018	0.00068	0.00152	0.00241		; offset and temperature correction info
a532	Magenta	19.41084		-0.00097	-0.00072	-0.00060	-0.00081	-0.00062	-0.00071	-0.00040	0.00020	0.00028	0.00043	0.00000	-0.00035	0.00007	0.00000	-0.00011	-0.00059	-0.00080	-0.00098	-0.00137	-0.00162	-0.00163	-0.00130	-0.00073	-0.00018	0.00090	0.00185	0.00175	0.00247	0.00291	0.00327	0.00349		; offset and temperature correction info
a555	Black	19.69776		0.00171	0.00183	0.00183	0.00186	0.00191	0.00170	0.00115	0.00131	0.00097	0.00073	0.00060	0.00013	0.00015	0.00000	0.00014	-0.00029	-0.00066	-0.00082	-0.00116	-0.00139	-0.00134	-0.00167	-0.00119	-0.00093	-0.00048	0.00053	0.00111	0.00095	0.00178	0.00206	0.00273		; offset and temperature correction info
c412	LtBlue	19.91180		-0.02051	-0.01853	-0.01589	-0.01311	-0.01059	-0.00877	-0.00705	-0.00581	-0.00413	-0.00231	-0.00098	-0.00066	-0.00011	0.00000	-0.00013	-0.00085	-0.00170	-0.00170	-0.00302	-0.00330	-0.00429	-0.00551	-0.00626	-0.00775	-0.00978	-0.01181	-0.01113	-0.01108	-0.01116	-0.01192	-0.01291		; offset and temperature correction info
c440	LtGreen	20.06241		-0.01064	-0.00992	-0.00892	-0.00766	-0.00639	-0.00531	-0.00478	-0.00384	-0.00287	-0.00187	-0.00102	-0.00063	-0.00023	0.00000	-0.00007	-0.00053	-0.00090	-0.00119	-0.00169	-0.00197	-0.00226	-0.00257	-0.00260	-0.00289	-0.00394	-0.00470	-0.00481	-0.00493	-0.00520	-0.00580	-0.00620		; offset and temperature correction info
c488	Yellow	20.35984		-0.01125	-0.01082	-0.00966	-0.00833	-0.00726	-0.00661	-0.00579	-0.00500	-0.00389	-0.00278	-0.00167	-0.00113	-0.00041	0.00000	0.00055	0.00121	0.00187	0.00226	0.00222	0.00251	0.00281	0.00359	0.00414	0.00427	0.00401	0.00404	0.00486	0.00563	0.00638	0.00684	0.00718		; offset and temperature correction info
0.003500	0.004000	0.015000	0.020000	0.015000	0.020000	2500.000000	2000.000000	1000.000000	; maxANoise	maxCNoise	maxADifference	maxCDifference	minACounts	minCCounts	minRCounts	maxTempSdev	maxDepthSdev
0			; auxilliary capabilities
1			; acquisition binsize
0	-0.18939	-0.17693	-0.75000	0.21376	0.27575	0.22920	0.66742	0.30258	0.15020	0.21666	0.22160	0.22102	0.09555	0.12289	0.08334	0.02378	0.11825	0.22579	31.69	6.0	0.00	7.67	0.01274	0.01303	0.01639	0.00796	0.00592	0.00649	0.00470	0.01273	0.01689	0.00689	0.00712	0.00893	0.01497	0.01100	0.01201	0.00223	0.00632	0.00884
160	-0.17065	-0.18633	-0.76199	0.21578	0.27832	0.23334	0.60609	0.30537	0.17265	0.21881	0.22335	0.22375	0.11112	0.14250	0.05922	0.02726	0.12234	0.22978
320	-0.17287	-0.20038	-0.74386	0.21539	0.27660	0.23157	0.59314	0.33026	0.15013	0.21744	0.22197	0.22262	0.11448	0.10536	0.07861	0.02733	0.11915	0.22684
490	-0.18896	-0.17520	-0.74996	0.21668	0.27932	0.23313	0.67756	0.30189	0.15432	0.21843	0.22321	0.22445	0.10122	0.13280	0.08380	0.02836	0.12247	0.22910
650	-0.16809	-0.18878	-0.75952	0.21453	0.27582	0.23010	0.58334	0.30769	0.17284	0.21707	0.22089	0.22169	0.11504	0.13804	0.05476	0.02613	0.11866	0.22630
810	-0.17581	-0.19472	-0.74028	0.21509	0.27819	0.23156	0.61070	0.33291	0.14889	0.21825	0.22198	0.22390	0.11534	0.11035	0.08783	0.02821	0.12261	0.22855
980	-0.18562	-0.17369	-0.76058	0.21392	0.27465	0.22871	0.65828	0.29354	0.16349	0.21557	0.21821	0.22037	0.09844	0.14506	0.06919	0.02851	0.12250	0.22901
1140	-0.16331	-0.19908	-0.75019	0.21559	0.27749	0.23222	0.57269	0.32990	0.16171	0.21697	0.22127	0.22272	0.12049	0.11454	0.07377	0.02788	0.12071	0.22782
1300	-0.19192	-0.17981	-0.75158	0.21166	0.27277	0.22672	0.66235	0.30018	0.15264	0.21452	0.21745	0.21922	0.09486	0.13145	0.07696	0.01939	0.11683	0.22331
1470	-0.17172	-0.19561	-0.75669	0.20972	0.27479	0.22994	0.57446	0.31867	0.17201	0.21731	0.22115	0.22264	0.11956	0.13052	0.05798	0.02942	0.12063	0.22774
1630	-0.18201	-0.18853	-0.74481	0.21254	0.27326	0.22691	0.63567	0.31868	0.14351	0.21508	0.21775	0.21950	0.10132	0.11173	0.08697	0.01894	0.11706	0.22352	31.75	6.1	0.00	7.94	0.01274	0.01303	0.01639	0.00796	0.00592	0.00649	0.00470	0.01273	0.01689	0.00689	0.00712	0.00893	0.01497	0.01100	0.01201	0.00223	0.00632	0.00884
1790	-0.17868	-0.18014	-0.76274	0.21032	0.27453	0.22887	0.64041	0.29787	0.17023	0.21707	0.21978	0.22094	0.10550	0.14198	0.06220	0.02323	0.12032	0.22596
1950	-0.16881	-0.20111	-0.74585	0.21245	0.27285	0.22671	0.57403	0.32754	0.15591	0.21481	0.21946	0.21994	0.11772	0.10931	0.07391	0.01942	0.11696	0.22423
2120	-0.19102	-0.17690	-0.74772	0.20991	0.27420	0.22887	0.66798	0.30950	0.15241	0.21585	0.21987	0.22084	0.09999	0.12622	0.09050	0.02568	0.11929	0.22525
2280	-0.17032	-0.18048	-0.76027	0.21187	0.27296	0.22803	0.61892	0.30374	0.17343	0.21474	0.21929	0.22010	0.11334	0.14706	0.06274	0.02250	0.11809	0.22446
2450	-0.16289	-0.19521	-0.74028	0.21368	0.27474	0.22946	0.60457	0.33916	0.15921	0.21725	0.21985	0.22250	0.12659	0.11578	0.08593	0.02418	0.12185	0.22687
2610	-0.18443	-0.17040	-0.74753	0.21096	0.27333	0.22761	0.68185	0.30933	0.15730	0.21418	0.21852	0.22002	0.10268	0.13520	0.08996	0.01997	0.11678	0.22367
2770	-0.16357	-0.18283	-0.75469	0.21264	0.27568	0.22947	0.61836	0.31573	0.17832	0.21739	0.22030	0.22158	0.12106	0.14698	0.06323	0.02411	0.12006	0.22630
2940	-0.16949	-0.19142	-0.74049	0.21204	0.27349	0.22627	0.62492	0.33539	0.15187	0.21437	0.21774	0.21953	0.11768	0.11321	0.09156	0.01851	0.11664	0.22250
3100	-0.18398	-0.16676	-0.75248	0.21255	0.27503	0.22917	0.67760	0.30161	0.16651	0.21702	0.22057	0.22175	0.10365	0.14708	0.08019	0.02554	0.12078	0.22633
3260	-0.16170	-0.19274	-0.75346	0.21086	0.27182	0.22600	0.58071	0.32583	0.16667	0.21381	0.21711	0.21792	0.12140	0.12389	0.06631	0.02116	0.11578	0.22151	31.69	6.0	0.00	7.67	0.01274	0.01303	0.01638	0.00796	0.00592	0.00649	0.00470	0.01273	0.01689	0.00689	0.00712	0.00893	0.01497	0.01100	0.01201	0.00223	0.00632	0.00884
3430	-0.18239	-0.18170	-0.74115	0.21200	0.27393	0.22871	0.66109	0.32159	0.15222	0.21615	0.21860	0.22061	0.10335	0.12437	0.09413	0.02142	0.11892	0.22634
3590	-0.17367	-0.17936	-0.76201	0.21074	0.27126	0.22695	0.61801	0.30379	0.17224	0.21237	0.21651	0.21776	0.10961	0.14268	0.06196	0.01812	0.11508	0.22216
3750	-0.16798	-0.19722	-0.74267	0.21041	0.27278	0.22706	0.60173	0.33413	0.15284	0.21607	0.21812	0.21992	0.12094	0.11173	0.08296	0.02255	0.11742	0.22385
3920	-0.18622	-0.17315	-0.75415	0.20908	0.27130	0.22531	0.66978	0.29409	0.15860	0.21341	0.21600	0.21836	0.10038	0.13803	0.08173	0.01688	0.11519	0.22156
4080	-0.16586	-0.19323	-0.75776	0.20673	0.26858	0.22216	0.58337	0.30865	0.16872	0.21080	0.21513	0.21642	0.12003	0.14080	0.06404	0.02394	0.12124	0.22742
4240	-0.17072	-0.19277	-0.74251	0.21250	0.27303	0.22679	0.59567	0.33084	0.15313	0.21393	0.21733	0.22021	0.11894	0.10685	0.07958	0.02197	0.11657	0.22362
4410	-0.18709	-0.17263	-0.75087	0.21242	0.27333	0.22905	0.67090	0.30211	0.15693	0.21537	0.21858	0.22045	0.09988	0.13564	0.08588	0.02248	0.11950	0.22507
4570	-0.16571	-0.19039	-0.75975	0.20905	0.27048	0.22499	0.58124	0.31066	0.17113	0.21316	0.21645	0.21767	0.11577	0.13494	0.05849	0.01677	0.11443	0.22115
4730	-0.17359	-0.19280	-0.73931	0.21060	0.27372	0.22846	0.62973	0.33447	0.15198	0.21567	0.21946	0.22090	0.11570	0.11451	0.09041	0.02197	0.11871	0.22535
4900	-0.18171	-0.17299	-0.76014	0.21005	0.27151	0.22474	0.64905	0.29424	0.16733	0.21102	0.21499	0.21733	0.10279	0.14291	0.06777	0.02286	0.12030	0.22506	31.69	6.0	0.00	7.62	0.01274	0.01303	0.01638	0.00796	0.00592	0.00649	0.00470	0.01273	0.01689	0.00689	0.00712	0.00893	0.01497	0.01100	0.01201	0.00223	0.00632	0.00884
5060	-0.16306	-0.20013	-0.74845	0.21121	0.27383	0.22797	0.57168	0.33039	0.15886	0.21421	0.21804	0.21932	0.12131	0.10856	0.07491	0.02198	0.11889	0.22367
5220	-0.19139	-0.18024	-0.75621	0.20996	0.27000	0.22502	0.65807	0.29151	0.15429	0.21072	0.21395	0.21632	0.09251	0.13094	0.06991	0.01642	0.11286	0.21890
5390	-0.17126	-0.19915	-0.75788	0.20670	0.27296	0.22709	0.57299	0.31881	0.16831	0.21433	0.21826	0.21927	0.11800	0.12276	0.06233	0.01993	0.11825	0.22355
5550	-0.18657	-0.18661	-0.74794	0.20938	0.27073	0.22474	0.64593	0.31124	0.14495	0.21185	0.21472	0.21596	0.09839	0.11618	0.08425	0.01543	0.11413	0.21916
5710	-0.17724	-0.18535	-0.76339	0.20708	0.27059	0.22599	0.60765	0.29934	0.17088	0.21329	0.21583	0.21795	0.10873	0.13932	0.05491	0.01744	0.11712	0.22091
5870	-0.17314	-0.19951	-0.74501	0.20850	0.27089	0.22441	0.59075	0.32630	0.14857	0.21188	0.21592	0.21713	0.11332	0.10399	0.08164	0.01576	0.11483	0.21912
6040	-0.19246	-0.17676	-0.75703	0.20563	0.26684	0.22155	0.65953	0.29601	0.15250	0.20890	0.21346	0.21434	0.10064	0.13545	0.08837	0.02107	0.11969	0.22576
6200	-0.16625	-0.18666	-0.75911	0.21264	0.27371	0.22716	0.59390	0.31423	0.17431	0.21410	0.21716	0.21973	0.11889	0.13907	0.06201	0.02001	0.11824	0.22357
6360	-0.17680	-0.19129	-0.74052	0.21008	0.27190	0.22669	0.62761	0.32772	0.14884	0.21321	0.21686	0.21813	0.11117	0.11424	0.09062	0.02015	0.11661	0.22249
6530	-0.17996	-0.17614	-0.76236	0.20689	0.26979	0.22299	0.63876	0.29795	0.17077	0.21056	0.21445	0.21675	0.10670	0.14314	0.06142	0.01136	0.11396	0.21952	31.75	6.3	0.00	7.75	0.01274	0.01303	0.01638	0.00796	0.00592	0.00649	0.00470	0.01273	0.01689	0.00689	0.00712	0.00893	0.01497	0.01100	0.01201	0.00223	0.00632	0.00884
6690	-0.17059	-0.20186	-0.74621	0.20476	0.26596	0.22010	0.59343	0.32970	0.15242	0.20818	0.21189	0.21374	0.11871	0.10961	0.08142	0.01447	0.11705	0.22292
6850	-0.18425	-0.17241	-0.74799	0.20804	0.26952	0.22397	0.67931	0.30543	0.15526	0.21160	0.21525	0.21667	0.09838	0.13252	0.08661	0.01224	0.11499	0.22085
7020	-0.16703	-0.18531	-0.76179	0.20532	0.26637	0.22145	0.60715	0.30781	0.17259	0.20872	0.21229	0.21529	0.11568	0.14498	0.06378	0.01546	0.11811	0.22413
7180	-0.16862	-0.19822	-0.74212	0.20981	0.27075	0.22447	0.59266	0.33474	0.15392	0.21147	0.21533	0.21607	0.12042	0.10778	0.07408	0.01418	0.11532	0.21987
7350	-0.18906	-0.17828	-0.75075	0.20864	0.27089	0.22580	0.65586	0.30011	0.14844	0.21295	0.21538	0.21760	0.09282	0.11767	0.07844	0.01575	0.11555	0.22216
7510	-0.18048	-0.19371	-0.77006	0.20813	0.26955	0.22424	0.56711	0.28941	0.16308	0.21099	0.21402	0.21705	0.09800	0.12304	0.04368	0.01450	0.11363	0.21976
7670	-0.18048	-0.20928	-0.75324	0.20903	0.27069	0.22525	0.54059	0.31824	0.14388	0.21233	0.21573	0.21760	0.10745	0.09658	0.06962	0.01831	0.11554	0.22118
7840	-0.19404	-0.18111	-0.75709	0.20813	0.27010	0.22410	0.65033	0.29583	0.14993	0.21124	0.21560	0.21574	0.08969	0.12185	0.07557	0.01275	0.11304	0.21941
8000	-0.17369	-0.19621	-0.76489	0.20940	0.27322	0.22659	0.55740	0.30530	0.16577	0.21293	0.21719	0.21868	0.10823	0.12269	0.04847	0.01626	0.11743	0.22252
8160	-0.18898	-0.20231	-0.74894	0.20697	0.26833	0.22260	0.59109	0.31589	0.13930	0.21138	0.21505	0.21655	0.10175	0.10393	0.08194	0.01437	0.11264	0.21870	31.75	6.0	0.00	7.64	0.01274	0.01303	0.01638	0.00796	0.00592	0.00649	0.00470	0.01273	0.01689	0.00689	0.00712	0.00893	0.01497	0.01100	0.01201	0.00223	0.00632	0.00884
8330	-0.18660	-0.17929	-0.76238	0.20740	0.26944	0.22492	0.62837	0.29649	0.16800	0.21304	0.21627	0.21925	0.09937	0.13917	0.05475	0.01733	0.11584	0.22228
8490	-0.17192	-0.20615	-0.75006	0.20724	0.26842	0.22208	0.56321	0.32378	0.14455	0.21096	0.21393	0.21696	0.10889	0.09751	0.07504	0.01510	0.11258	0.21828
8650	-0.19589	-0.18285	-0.76401	0.20368	0.26586	0.22079	0.64072	0.28712	0.14941	0.20909	0.21256	0.21401	0.09314	0.12994	0.07313	0.01748	0.11725	0.22226
8820	-0.16996	-0.19846	-0.75830	0.20761	0.26960	0.22358	0.58255	0.31661	0.17291	0.21234	0.21604	0.21684	0.12834	0.14823	0.07800	0.01546	0.11618	0.22242
8980	-0.16035	-0.17029	-0.72418	0.20864	0.26991	0.22327	0.73842	0.36943	0.18063	0.21321	0.21883	0.22052	0.15172	0.16539	0.14061	0.01931	0.11703	0.22255
9140	-0.13371	-0.12505	-0.71511	0.20699	0.26774	0.22123	0.90370	0.38253	0.21453	0.20898	0.21318	0.21357	0.16617	0.22228	0.15705	0.01349	0.11540	0.22393
9310	-0.10873	-0.13338	-0.72159	0.21291	0.27765	0.23205	0.73871	0.34111	0.18433	0.21796	0.22298	0.22252	0.11452	0.13515	0.05375	0.02140	0.12206	0.22542
9470	-0.18325	-0.21647	-0.76061	0.20419	0.26099	0.20798	0.56671	0.33999	0.17596	0.19025	0.19490	0.20093	0.15054	0.16270	0.12928	0.00299	0.11137	0.22407
9630	-0.15547	-0.15136	-0.73961	0.22231	0.28905	0.24230	0.66502	0.30381	0.14978	0.21752	0.21218	0.20604	0.10916	0.15422	0.11432	-0.01071	0.09042	0.20357
9800	-0.12973	-0.15629	-0.72692	0.20558	0.27463	0.23425	0.70927	0.34416	0.18488	0.22956	0.23172	0.22724	0.11609	0.14949	0.07628	0.00788	0.09910	0.20145	31.75	6.1	0.00	7.72	0.01274	0.01303	0.01638	0.00796	0.00592	0.00649	0.00470	0.01273	0.01689	0.00689	0.00712	0.00893	0.01497	0.01100	0.01201	0.00223	0.00632	0.00884
9960	-0.14981	-0.16312	-0.71694	0.18970	0.25863	0.21856	0.80868	0.37897	0.18192	0.22072	0.22830	0.22961	0.13637	0.13233	0.09729	0.02751	0.12427	0.22580
10130	-0.17783	-0.16962	-0.74732	0.20848	0.27049	0.22396	0.69314	0.31857	0.16935	0.21662	0.21903	0.22064	0.11724	0.15746	0.10310	0.01560	0.11690	0.22322
10290	-0.14724	-0.17324	-0.74294	0.20726	0.26923	0.22441	0.65041	0.32218	0.16731	0.21762	0.22220	0.22657	0.09775	0.09949	0.01664	0.02798	0.12139	0.22324
10450	-0.20951	-0.22926	-0.76143	0.20234	0.26336	0.21568	0.59259	0.33553	0.16595	0.20822	0.21168	0.21664	0.13859	0.16563	0.13006	0.01890	0.12460	0.23705
10620	-0.14527	-0.16271	-0.74872	0.22505	0.28738	0.24195	0.63536	0.30040	0.16355	0.22640	0.22578	0.21985	0.09835	0.13261	0.05815	-0.00097	0.09745	0.20777
10780	-0.17126	-0.18821	-0.73824	0.20259	0.26951	0.22570	0.66367	0.32528	0.14502	0.22054	0.22549	0.22779	0.09328	0.09147	0.06502	0.02501	0.11774	0.21975
10940	-0.20063	-0.20203	-0.77625	0.20301	0.26710	0.22071	0.57243	0.29307	0.16044	0.20795	0.21126	0.21482	0.10467	0.11927	0.04048	0.01633	0.11802	0.22339
11100	-0.20258	-0.21757	-0.76711	0.20706	0.27146	0.22596	0.51527	0.28078	0.11690	0.21345	0.21681	0.21826	0.07357	0.07025	0.04847	0.01619	0.11835	0.22596
11270	-0.21485	-0.21130	-0.79053	0.21578	0.27915	0.23308	0.48433	0.24377	0.13242	0.22250	0.22571	0.22660	0.06241	0.08454	0.01461	0.03183	0.12864	0.23289
11430	-0.21161	-0.24417	-0.78165	0.21507	0.27813	0.23092	0.40447	0.27163	0.11669	0.21928	0.22199	0.22257	0.07913	0.05535	0.02738	0.02439	0.12153	0.22872	31.75	6.1	0.00	7.73	0.01274	0.01303	0.01638	0.00796	0.00592	0.00649	0.00470	0.01273	0.01689	0.00689	0.00712	0.00893	0.01497	0.01100	0.01201	0.00223	0.00632	0.00884
11590	-0.22979	-0.21412	-0.78156	0.21556	0.27788	0.23133	0.51543	0.25234	0.12148	0.22006	0.22113	0.22441	0.06280	0.08660	0.04334	0.02564	0.12166	0.22845
11760	-0.20146	-0.22478	-0.78903	0.21263	0.27418	0.22833	0.43638	0.25760	0.13413	0.21813	0.21856	0.22053	0.07553	0.07763	0.00553	0.01926	0.11758	0.22473
11920	-0.21577	-0.23353	-0.76987	0.21257	0.27395	0.22820	0.46849	0.28752	0.11931	0.21801	0.21855	0.22159	0.08665	0.06741	0.05244	0.02014	0.11835	0.22543
12080	-0.21458	-0.19993	-0.77656	0.21112	0.27339	0.22733	0.56059	0.25825	0.13393	0.21756	0.21765	0.22021	0.06852	0.10220	0.04308	0.02076	0.11842	0.22529
12250	-0.19121	-0.21982	-0.77648	0.21396	0.27604	0.23182	0.48030	0.28946	0.15091	0.22049	0.22098	0.22305	0.09797	0.10380	0.03638	0.02391	0.12141	0.22919
12410	-0.20148	-0.21040	-0.75567	0.21222	0.27563	0.22848	0.55091	0.29869	0.12767	0.21705	0.21912	0.22117	0.08942	0.08380	0.06789	0.01904	0.11798	0.22585
12570	-0.19945	-0.19125	-0.77125	0.21440	0.27722	0.23032	0.58983	0.27672	0.15581	0.21997	0.22072	0.22427	0.08914	0.12772	0.04706	0.02212	0.12067	0.22815
12740	-0.17925	-0.21548	-0.75891	0.21161	0.27267	0.22640	0.50719	0.31009	0.14549	0.21557	0.21693	0.22024	0.11013	0.09550	0.06098	0.01963	0.12017	0.22788
12900	-0.19933	-0.18610	-0.75903	0.21425	0.27523	0.22948	0.62455	0.28894	0.14887	0.21797	0.21940	0.22242	0.08742	0.12477	0.06806	0.02036	0.11869	0.22590
13060	-0.17239	-0.20929	-0.76170	0.21081	0.27230	0.22601	0.52988	0.31132	0.15226	0.21505	0.21746	0.21910	0.10986	0.10146	0.05873	0.01288	0.11465	0.22061	31.75	6.3	0.00	7.64	0.01274	0.01303	0.01638	0.00796	0.00592	0.00649	0.00470	0.01273	0.01689	0.00689	0.00712	0.00893	0.01497	0.01100	0.01201	0.00223	0.00632	0.00884
13220	-0.20188	-0.18619	-0.75461	0.20699	0.27356	0.22726	0.63964	0.29185	0.14761	0.21589	0.21889	0.22110	0.08885	0.12367	0.07300	0.01654	0.11748	0.22429
13390	-0.17316	-0.20241	-0.76327	0.20935	0.27104	0.22530	0.53275	0.31044	0.15925	0.21472	0.21700	0.21910	0.11181	0.11217	0.05459	0.01405	0.11240	0.22041
13550	-0.19548	-0.19004	-0.74991	0.20628	0.26936	0.22284	0.62366	0.30136	0.13840	0.21248	0.21439	0.21733	0.09570	0.11283	0.08777	0.01486	0.11742	0.22490
13710	-0.17688	-0.18583	-0.76771	0.21054	0.27426	0.22762	0.58805	0.29746	0.16894	0.21645	0.21814	0.22007	0.10579	0.13512	0.05278	0.01654	0.11525	0.22291
13880	-0.17376	-0.20433	-0.74697	0.20895	0.27082	0.22530	0.57210	0.32382	0.14387	0.21439	0.21581	0.21835	0.11627	0.10312	0.08232	0.01984	0.11829	0.22548
14040	-0.19106	-0.17482	-0.75555	0.21088	0.27368	0.22763	0.65291	0.29109	0.15731	0.21626	0.21981	0.21943	0.09337	0.13276	0.07158	0.01621	0.11556	0.22162
14200	-0.16842	-0.20006	-0.76072	0.20824	0.27281	0.22561	0.55526	0.31420	0.16389	0.21425	0.21926	0.21941	0.11875	0.12359	0.05898	0.01965	0.11910	0.22617
14370	-0.18165	-0.19093	-0.74295	0.21295	0.27629	0.22771	0.62414	0.32146	0.14386	0.21672	0.22163	0.22181	0.10476	0.10668	0.08699	0.01694	0.11674	0.22394
14530	-0.18281	-0.17682	-0.76437	0.20963	0.27360	0.22551	0.64100	0.28847	0.16206	0.21276	0.21881	0.21799	0.09912	0.14229	0.07148	0.01746	0.11824	0.22509
14700	-0.16192	-0.19950	-0.75527	0.21001	0.27320	0.22611	0.57171	0.32481	0.16803	0.21479	0.21817	0.21864	0.12054	0.12157	0.06347	0.02013	0.11556	0.22265	31.69	6.1	0.00	7.62	0.01274	0.01303	0.01638	0.00796	0.00592	0.00649	0.00470	0.01273	0.01689	0.00689	0.00712	0.00893	0.01497	0.01100	0.01201	0.00223	0.00632	0.00884
14860	-0.18201	-0.18626	-0.74177	0.21021	0.27293	0.22787	0.65130	0.32588	0.14847	0.21570	0.21814	0.22103	0.10762	0.11320	0.09255	0.01958	0.11684	0.22300
15020	-0.17851	-0.17330	-0.76132	0.20961	0.27219	0.22565	0.65907	0.29631	0.16803	0.21201	0.21597	0.21729	0.10237	0.14422	0.06737	0.01340	0.11362	0.21875
15190	-0.16193	-0.19809	-0.74768	0.20803	0.27261	0.22678	0.57734	0.33293	0.16732	0.21318	0.21695	0.21770	0.12438	0.11789	0.07184	0.01665	0.11482	0.22123
15350	-0.18664	-0.18059	-0.74535	0.20669	0.27110	0.22494	0.65522	0.31074	0.14661	0.21362	0.21736	0.21860	0.10012	0.12043	0.09113	0.01471	0.11586	0.22112
15510	-0.17106	-0.18008	-0.76135	0.21127	0.27512	0.22852	0.62368	0.30415	0.17514	0.21627	0.22083	0.22075	0.11137	0.14423	0.05905	0.02064	0.11683	0.22247
15680	-0.17063	-0.20026	-0.74378	0.20746	0.26983	0.22365	0.60205	0.32986	0.14691	0.21215	0.21535	0.21639	0.11487	0.10507	0.08374	0.01175	0.11170	0.21709
15840	-0.18720	-0.17035	-0.75406	0.20588	0.27188	0.22406	0.67780	0.29819	0.16376	0.21178	0.21617	0.21696	0.10131	0.13897	0.07220	0.01508	0.11210	0.21876
16000	-0.16400	-0.20025	-0.75344	0.20411	0.26836	0.22178	0.55907	0.32298	0.16222	0.21039	0.21396	0.21545	0.11899	0.11548	0.06393	0.00959	0.11071	0.21645
16170	-0.18676	-0.18270	-0.74378	0.20608	0.26957	0.22423	0.65388	0.31012	0.14911	0.21241	0.21679	0.21803	0.09602	0.12165	0.08617	0.01468	0.11361	0.21892
16330	-0.17495	-0.18796	-0.76466	0.20373	0.26729	0.22162	0.57898	0.30359	0.16951	0.21134	0.21511	0.21511	0.11218	0.13282	0.05377	0.01178	0.10854	0.21532	31.69	6.2	0.00	7.74	0.01274	0.01303	0.01638	0.00796	0.00592	0.00649	0.00470	0.01273	0.01689	0.00689	0.00712	0.00893	0.01497	0.01100	0.01201	0.00223	0.00632	0.00884
16490	-0.18103	-0.20117	-0.74642	0.20108	0.26453	0.21882	0.59287	0.32657	0.14050	0.20946	0.21219	0.21288	0.11428	0.10291	0.08534	0.01511	0.11408	0.22049
16660	-0.18899	-0.17364	-0.75553	0.20711	0.26864	0.22329	0.65903	0.29175	0.15605	0.21410	0.21701	0.21764	0.09474	0.13370	0.07601	0.01771	0.11531	0.22257
16820	-0.16573	-0.19473	-0.75680	0.21009	0.27314	0.22666	0.56302	0.31648	0.17008	0.21618	0.21685	0.21944	0.11833	0.12566	0.05956	0.01757	0.11363	0.22119
16980	-0.18508	-0.18782	-0.74163	0.20653	0.26873	0.22394	0.64224	0.31638	0.14381	0.21318	0.21632	0.21742	0.10264	0.11224	0.09074	0.01907	0.11550	0.22241
17150	-0.17936	-0.17983	-0.76484	0.20844	0.27013	0.22557	0.61465	0.29416	0.16810	0.21392	0.21623	0.21859	0.10305	0.13830	0.05692	0.01980	0.11523	0.22215
17310	-0.16983	-0.20265	-0.74724	0.20813	0.27229	0.22488	0.56947	0.32715	0.14772	0.21402	0.21594	0.21735	0.11606	0.10390	0.07801	0.01973	0.11689	0.22250
17470	-0.18902	-0.17688	-0.75102	0.21010	0.27196	0.22642	0.65881	0.29745	0.15010	0.21560	0.21848	0.21954	0.09518	0.12621	0.08279	0.02112	0.11808	0.22381
17640	-0.16974	-0.19213	-0.76169	0.21117	0.27379	0.22701	0.57336	0.30569	0.16990	0.21748	0.22043	0.22120	0.11163	0.13633	0.05608	0.02522	0.12144	0.22864
17800	-0.17133	-0.19625	-0.74192	0.21527	0.27652	0.23009	0.59580	0.33036	0.14686	0.22014	0.22153	0.22243	0.11350	0.10272	0.08342	0.02522	0.12200	0.22790
17970	-0.19110	-0.17404	-0.75570	0.21256	0.27583	0.22830	0.65623	0.29388	0.15100	0.21740	0.22134	0.22156	0.09680	0.13108	0.08499	0.02853	0.12498	0.23208	31.75	6.1	0.00	7.65	0.01274	0.01303	0.01638	0.00796	0.00592	0.00649	0.00470	0.01273	0.01689	0.00689	0.00712	0.00893	0.01497	0.01100	0.01201	0.00223	0.00632	0.00884
18130	-0.16724	-0.18930	-0.75957	0.21807	0.28140	0.23388	0.58989	0.30825	0.17237	0.22147	0.22418	0.22643	0.11374	0.13502	0.05791	0.02761	0.12532	0.23124
18290	-0.17335	-0.19639	-0.74054	0.22090	0.28545	0.23912	0.58979	0.33290	0.14881	0.22640	0.22792	0.22894	0.11797	0.10499	0.08264	0.03469	0.13018	0.23441
18460	-0.18962	-0.17415	-0.75668	0.21920	0.27999	0.23351	0.65983	0.29498	0.15337	0.22184	0.22337	0.22400	0.09564	0.13159	0.07817	0.02047	0.11829	0.22395
18620	-0.16741	-0.18924	-0.75864	0.21479	0.27741	0.23193	0.57706	0.31374	0.17434	0.22148	0.22366	0.22528	0.11693	0.13338	0.05745	0.02505	0.12050	0.22748
18780	-0.17721	-0.19310	-0.74329	0.21324	0.27409	0.22900	0.61656	0.32583	0.14524	0.21909	0.22085	0.22250	0.10955	0.10392	0.08716	0.01812	0.11483	0.22242
18950	-0.18095	-0.17104	-0.75852	0.21381	0.27713	0.23147	0.66591	0.29796	0.17038	0.22272	0.22352	0.22471	0.10230	0.14359	0.06817	0.02541	0.11921	0.22640
19110	-0.16316	-0.20129	-0.74737	0.21056	0.27285	0.22707	0.56374	0.33089	0.15714	0.21805	0.21944	0.22130	0.11938	0.10415	0.07745	0.01655	0.11454	0.22068
19270	-0.18712	-0.17273	-0.75163	0.21086	0.27245	0.22692	0.66867	0.29966	0.15814	0.21829	0.22009	0.22121	0.09518	0.13751	0.07408	0.01739	0.11488	0.22185
19430	-0.16548	-0.19901	-0.75645	0.20692	0.27054	0.22385	0.55944	0.31868	0.16318	0.21384	0.21686	0.21837	0.11850	0.11347	0.06241	0.01369	0.11157	0.21962
19600	-0.18841	-0.18420	-0.74780	0.20406	0.26686	0.22196	0.64822	0.31132	0.14285	0.21218	0.21409	0.21705	0.10165	0.11464	0.09131	0.01497	0.11667	0.22203	31.75	6.1	0.00	7.72	0.01273	0.01303	0.01638	0.00796	0.00592	0.00649	0.00470	0.01273	0.01689	0.00689	0.00712	0.00892	0.01497	0.01100	0.01201	0.00223	0.00632	0.00884
19760	-0.17491	-0.17598	-0.76163	0.20831	0.26941	0.22462	0.63133	0.29827	0.16973	0.21447	0.21629	0.21812	0.10307	0.14052	0.06031	0.01218	0.11101	0.21648
19930	-0.16889	-0.20346	-0.74870	0.20280	0.26437	0.22050	0.56503	0.32728	0.15651	0.21066	0.21412	0.21485	0.12166	0.11955	0.06729	0.01548	0.11525	0.22174
20090	-0.18301	-0.18144	-0.74102	0.20720	0.26996	0.22365	0.64622	0.32142	0.14643	0.21449	0.21660	0.21762	0.10405	0.10942	0.08889	0.01401	0.11103	0.21758
20250	-0.18059	-0.16976	-0.75776	0.20649	0.26945	0.22428	0.64941	0.29680	0.17032	0.21507	0.21710	0.21904	0.10017	0.14469	0.06654	0.01398	0.11131	0.21796
20420	-0.16314	-0.20055	-0.74900	0.20307	0.26410	0.22096	0.56619	0.32506	0.16018	0.21113	0.21264	0.21440	0.12287	0.11517	0.07182	0.01204	0.11267	0.21872
20580	-0.18550	-0.17715	-0.74126	0.20649	0.26785	0.22421	0.66255	0.31136	0.15391	0.21392	0.21590	0.21676	0.09869	0.12617	0.08764	0.01218	0.11112	0.21756
20740	-0.16689	-0.19208	-0.75883	0.20432	0.26570	0.22120	0.57543	0.31751	0.17043	0.21066	0.21385	0.21523	0.12169	0.12376	0.06190	0.00970	0.10994	0.21645
20900	-0.18659	-0.18140	-0.74364	0.20372	0.26565	0.22044	0.66148	0.30599	0.14969	0.21095	0.21388	0.21500	0.09468	0.12456	0.08468	0.00794	0.10657	0.21285
21070	-0.16985	-0.19201	-0.76038	0.20049	0.26246	0.21766	0.57385	0.31223	0.16781	0.20891	0.21063	0.21333	0.11612	0.12239	0.05733	0.00615	0.10397	0.21130
21230	-0.18706	-0.19012	-0.74643	0.19858	0.26150	0.21660	0.64472	0.31654	0.14132	0.20730	0.20997	0.21181	0.10118	0.11327	0.09199	0.00965	0.10900	0.21730	31.75	6.1	0.00	7.60	0.01274	0.01303	0.01638	0.00796	0.00592	0.00649	0.00470	0.01273	0.01689	0.00689	0.00712	0.00893	0.01497	0.01100	0.01201	0.00223	0.00632	0.00884
21390	-0.17765	-0.17602	-0.76235	0.20355	0.26639	0.22028	0.62948	0.30059	0.17303	0.21031	0.21411	0.21593	0.10846	0.14079	0.05848	0.00716	0.10744	0.21514
21560	-0.16690	-0.20260	-0.74677	0.20047	0.26363	0.21764	0.58378	0.32872	0.15160	0.20858	0.21141	0.21369	0.11926	0.10625	0.08030	0.00910	0.11077	0.21792
21720	-0.18713	-0.17314	-0.75301	0.20480	0.26776	0.22373	0.67838	0.29916	0.16022	0.21132	0.21472	0.21686	0.09741	0.13904	0.07384	0.01064	0.11187	0.21679
21880	-0.16537	-0.19948	-0.75688	0.20211	0.26457	0.21991	0.56241	0.32167	0.16560	0.20933	0.21209	0.21452	0.12016	0.12016	0.06304	0.01313	0.11072	0.21847
22050	-0.18388	-0.18422	-0.74583	0.20400	0.26598	0.22029	0.64291	0.31672	0.14764	0.20997	0.21279	0.21459	0.10093	0.11318	0.08895	0.00789	0.10864	0.21494
22210	-0.17624	-0.17951	-0.76294	0.20065	0.26404	0.21877	0.62756	0.29726	0.16790	0.20944	0.21150	0.21466	0.10381	0.14143	0.05877	0.01009	0.10766	0.21620
22370	-0.16520	-0.20373	-0.74784	0.20376	0.26596	0.22083	0.57077	0.32992	0.16073	0.21101	0.21355	0.21555	0.11954	0.11136	0.06913	0.00789	0.10798	0.21624
22540	-0.18953	-0.18439	-0.74468	0.20215	0.26347	0.21879	0.65371	0.31397	0.14136	0.20912	0.21186	0.21434	0.10391	0.10995	0.09296	0.01046	0.11122	0.21933
22700	-0.18041	-0.17146	-0.75783	0.20631	0.26854	0.22224	0.65795	0.29307	0.16318	0.21337	0.21430	0.21610	0.09655	0.13811	0.07169	0.00870	0.10924	0.21571
22870	-0.16394	-0.19532	-0.75615	0.20504	0.26813	0.22272	0.56797	0.31663	0.17129	0.21275	0.21557	0.21711	0.11845	0.12987	0.05705	0.01112	0.11097	0.21743	31.75	6.1	0.00	7.63	0.01273	0.01303	0.01638	0.00796	0.00592	0.00649	0.00470	0.01273	0.01689	0.00689	0.00712	0.00892	0.01497	0.01100	0.01201	0.00223	0.00632	0.00884
23030	-0.17761	-0.19537	-0.74157	0.20352	0.26655	0.22112	0.61151	0.32882	0.14610	0.21166	0.21594	0.21561	0.11186	0.10263	0.08220	0.01109	0.10826	0.21614
23190	-0.18728	-0.17083	-0.75255	0.20700	0.27030	0.22527	0.67312	0.30013	0.16076	0.21584	0.21737	0.21889	0.09969	0.13624	0.07825	0.01570	0.11362	0.22042
23360	-0.16312	-0.19693	-0.75565	0.20532	0.26774	0.22263	0.57002	0.31942	0.16737	0.21294	0.21501	0.21694	0.11923	0.12166	0.06342	0.01357	0.11106	0.21808
23520	-0.18653	-0.18589	-0.74370	0.20302	0.26633	0.22066	0.64986	0.31034	0.14500	0.21102	0.21457	0.21511	0.09789	0.11748	0.08673	0.01207	0.10966	0.21654
23680	-0.17389	-0.18320	-0.76418	0.20440	0.26673	0.22129	0.60816	0.29850	0.17266	0.21077	0.21389	0.21527	0.10783	0.13636	0.05482	0.01002	0.10822	0.21516
23850	-0.16916	-0.19808	-0.74193	0.20533	0.26987	0.22399	0.58729	0.33338	0.15353	0.21430	0.21744	0.21777	0.11777	0.10758	0.08399	0.01405	0.11231	0.21902
24010	-0.18792	-0.17404	-0.75558	0.20439	0.26725	0.22174	0.66556	0.29617	0.16210	0.21101	0.21498	0.21631	0.09597	0.13803	0.07177	0.01244	0.10868	0.21527
24170	-0.16420	-0.19833	-0.75410	0.20518	0.26884	0.22379	0.57357	0.32824	0.16683	0.21297	0.21522	0.21777	0.12105	0.11581	0.06705	0.01416	0.11168	0.21794
24340	-0.19030	-0.18257	-0.74699	0.20307	0.26713	0.22100	0.66824	0.30643	0.14743	0.21061	0.21364	0.21465	0.09763	0.12545	0.08846	0.01215	0.11022	0.21831
24500	-0.16894	-0.18793	-0.76298	0.20479	0.26669	0.22133	0.59859	0.30662	0.17290	0.21083	0.21400	0.21617	0.11207	0.13482	0.05775	0.01140	0.11043	0.21604	31.80	6.1	0.00	7.70	0.01274	0.01303	0.01638	0.00796	0.00592	0.00649	0.00470	0.01273	0.01689	0.00689	0.00712	0.00892	0.01496	0.01100	0.01201	0.00223	0.00632	0.00884
24660	-0.17638	-0.19595	-0.74211	0.20320	0.26640	0.21877	0.60424	0.32908	0.14542	0.21092	0.21492	0.21484	0.10963	0.10144	0.08476	0.01059	0.10798	0.21498
24830	-0.18987	-0.17560	-0.75825	0.20279	0.26753	0.22314	0.66850	0.29930	0.16717	0.21286	0.21665	0.21770	0.10029	0.14198	0.07259	0.01663	0.11280	0.21869
24990	-0.16369	-0.20003	-0.75353	0.20544	0.26726	0.22056	0.56403	0.32511	0.16341	0.21068	0.21417	0.21489	0.12130	0.11583	0.06333	0.00920	0.10879	0.21427
25150	-0.19014	-0.18415	-0.74299	0.20259	0.26719	0.22185	0.65131	0.31829	0.14919	0.21318	0.21664	0.21763	0.10276	0.11876	0.09126	0.01377	0.11198	0.21819
25320	-0.17624	-0.18184	-0.76460	0.20381	0.26695	0.22032	0.61455	0.30040	0.16962	0.21022	0.21426	0.21576	0.10615	0.13826	0.05705	0.01107	0.10806	0.21428
25480	-0.17249	-0.20150	-0.74399	0.20303	0.26759	0.22235	0.58534	0.33565	0.15700	0.21287	0.21766	0.21804	0.12144	0.10686	0.07924	0.01432	0.11186	0.21764
25640	-0.18941	-0.17440	-0.75354	0.20381	0.26723	0.22039	0.66733	0.29935	0.15278	0.21086	0.21456	0.21531	0.09523	0.12839	0.07883	0.01033	0.10843	0.21438
25810	-0.16721	-0.18969	-0.76014	0.20554	0.26860	0.22317	0.58485	0.31318	0.17475	0.21256	0.21672	0.21803	0.11913	0.13386	0.05961	0.01465	0.11253	0.21743
25970	-0.18066	-0.19421	-0.74134	0.20405	0.26648	0.22030	0.62969	0.32527	0.14484	0.20971	0.21561	0.21509	0.10947	0.10479	0.08736	0.00876	0.10707	0.21464
26130	-0.18134	-0.17250	-0.75938	0.20549	0.26757	0.22269	0.66081	0.29167	0.16786	0.21193	0.21606	0.21682	0.10149	0.14237	0.06659	0.01351	0.11201	0.21598	31.75	6.1	0.00	7.62	0.01273	0.01303	0.01638	0.00796	0.00592	0.00649	0.00470	0.01273	0.01689	0.00689	0.00712	0.00892	0.01497	0.01100	0.01201	0.00223	0.00632	0.00884
26300	-0.16451	-0.19914	-0.75045	0.20360	0.26538	0.22131	0.56233	0.32781	0.16264	0.21108	0.21426	0.21552	0.11886	0.10967	0.06485	0.01091	0.10849	0.21449
26460	-0.18580	-0.17703	-0.74527	0.20464	0.26730	0.22295	0.66225	0.31342	0.15001	0.21307	0.21582	0.21773	0.09941	0.11803	0.08880	0.01325	0.11023	0.21623
26620	-0.17282	-0.18139	-0.76429	0.20359	0.26502	0.22019	0.60663	0.29984	0.17004	0.21135	0.21469	0.21621	0.10565	0.13826	0.05738	0.01157	0.10790	0.21528
26790	-0.16923	-0.19934	-0.74217	0.20543	0.26682	0.22278	0.59318	0.33382	0.15321	0.21308	0.21554	0.21760	0.11944	0.10604	0.08259	0.01329	0.11054	0.21634
26950	-0.18830	-0.17268	-0.75553	0.20387	0.26422	0.22072	0.66637	0.29359	0.15588	0.21164	0.21505	0.21525	0.09586	0.13433	0.07527	0.01095	0.10801	0.21391
27110	-0.16550	-0.19368	-0.75743	0.20418	0.26629	0.22167	0.57449	0.31967	0.17122	0.21223	0.21581	0.21673	0.11857	0.12957	0.05686	0.01124	0.10996	0.21588
27280	-0.18185	-0.18937	-0.74170	0.20377	0.26467	0.22074	0.63219	0.32145	0.14584	0.21151	0.21453	0.21554	0.10485	0.10902	0.08870	0.01194	0.10808	0.21344
27440	-0.18349	-0.17545	-0.76443	0.20112	0.26190	0.21719	0.64894	0.29178	0.16022	0.20856	0.21239	0.21419	0.10225	0.14332	0.07408	0.01589	0.11364	0.21900
27600	-0.16179	-0.19690	-0.75438	0.20671	0.26660	0.22225	0.57151	0.32412	0.16924	0.21245	0.21604	0.21718	0.12007	0.12819	0.06251	0.01282	0.11023	0.21547
27770	-0.18484	-0.18614	-0.74179	0.20448	0.26812	0.22183	0.65476	0.32249	0.14696	0.21256	0.21578	0.21721	0.10634	0.11717	0.09331	0.01265	0.11075	0.21679	31.75	6.1	0.00	7.65	0.01274	0.01303	0.01638	0.00796	0.00592	0.00649	0.00470	0.01273	0.01689	0.00689	0.00712	0.00892	0.01496	0.01100	0.01201	0.00223	0.00632	0.00884
27930	-0.17531	-0.18007	-0.76463	0.20254	0.26468	0.21956	0.60966	0.30112	0.17261	0.20968	0.21231	0.21420	0.10904	0.13794	0.05573	0.01016	0.10614	0.21178
28090	-0.17540	-0.20033	-0.74714	0.20075	0.26114	0.21730	0.59433	0.32672	0.14590	0.20804	0.21149	0.21214	0.11870	0.10674	0.08684	0.01612	0.11314	0.21794
28260	-0.18642	-0.17235	-0.75535	0.20568	0.26662	0.22117	0.66564	0.29763	0.15877	0.21154	0.21488	0.21661	0.09482	0.13692	0.07873	0.01385	0.11146	0.21665
28420	-0.16476	-0.19681	-0.75402	0.20436	0.26625	0.22197	0.57114	0.32067	0.16873	0.21184	0.21443	0.21542	0.11952	0.12062	0.06456	0.01243	0.10910	0.21493
28580	-0.18645	-0.18408	-0.74518	0.20231	0.26375	0.22008	0.65305	0.31225	0.14633	0.20908	0.21293	0.21437	0.09932	0.11304	0.08765	0.01049	0.10655	0.21185
28750	-0.17831	-0.17968	-0.76248	0.20151	0.26576	0.22185	0.62579	0.30104	0.17470	0.21292	0.21638	0.21886	0.10893	0.14651	0.05959	0.01535	0.11282	0.21713
28910	-0.16482	-0.19861	-0.74362	0.20471	0.26576	0.22078	0.58651	0.33166	0.15091	0.21078	0.21371	0.21469	0.11614	0.10340	0.08272	0.01243	0.10722	0.21287
29070	-0.19080	-0.17392	-0.75408	0.20166	0.26518	0.22112	0.67252	0.29938	0.16019	0.21311	0.21605	0.21761	0.09659	0.13859	0.07799	0.01294	0.11069	0.21651
29240	-0.16497	-0.19706	-0.75776	0.20293	0.26529	0.21961	0.56809	0.31718	0.16702	0.21089	0.21388	0.21401	0.11884	0.12369	0.06134	0.01045	0.10685	0.21320
29400	-0.18535	-0.18595	-0.74330	0.20223	0.26550	0.22294	0.64063	0.32050	0.14730	0.21089	0.21593	0.21633	0.10493	0.11378	0.09022	0.01392	0.11165	0.21656	31.80	6.1	0.00	7.68	0.01273	0.01303	0.01638	0.00796	0.00592	0.00649	0.00470	0.01273	0.01689	0.00689	0.00712	0.00892	0.01496	0.01100	0.01201	0.00223	0.00632	0.00884
29560	-0.18004	-0.17666	-0.76421	0.20397	0.26467	0.22157	0.62922	0.29386	0.16812	0.20927	0.21434	0.21422	0.10274	0.14231	0.06147	0.01143	0.10727	0.21305
29730	-0.16503	-0.19970	-0.74765	0.20498	0.26682	0.22301	0.57361	0.33303	0.16067	0.21216	0.21585	0.21617	0.12297	0.11178	0.07446	0.01571	0.11120	0.21672
29890	-0.18848	-0.17629	-0.75052	0.20360	0.26491	0.22150	0.66264	0.30352	0.15278	0.20937	0.21306	0.21528	0.09557	0.12839	0.08434	0.01223	0.10886	0.21368
30050	-0.16679	-0.18792	-0.75976	0.20372	0.26614	0.22177	0.58818	0.31161	0.17298	0.21033	0.21481	0.21652	0.11576	0.13759	0.05873	0.01308	0.10965	0.21490
30220	-0.17899	-0.19437	-0.74374	0.20340	0.26473	0.22039	0.61280	0.32409	0.14457	0.20877	0.21294	0.21403	0.10800	0.10328	0.08495	0.01157	0.10771	0.21250
30380	-0.18509	-0.17103	-0.75997	0.20335	0.26612	0.22176	0.65645	0.29364	0.16430	0.21048	0.21378	0.21561	0.09785	0.14293	0.06932	0.01121	0.10985	0.21471
30540	-0.16379	-0.19771	-0.75330	0.20203	0.26410	0.21947	0.56240	0.32443	0.16552	0.20906	0.21244	0.21425	0.11688	0.12065	0.06200	0.00967	0.10703	0.21203
30710	-0.18088	-0.18493	-0.74025	0.20473	0.26711	0.22231	0.63861	0.32499	0.14726	0.21051	0.21522	0.21640	0.10543	0.10987	0.09249	0.01450	0.11017	0.21587
30870	-0.17906	-0.17441	-0.76242	0.20267	0.26532	0.22068	0.64633	0.29455	0.16787	0.20936	0.21216	0.21316	0.09877	0.14330	0.06431	0.01084	0.10786	0.21296
31030	-0.16439	-0.20079	-0.74898	0.20342	0.26567	0.22179	0.57214	0.33089	0.16539	0.21137	0.21451	0.21509	0.12278	0.11452	0.07037	0.01403	0.11038	0.21536	31.75	6.1	0.00	7.64	0.01273	0.01303	0.01638	0.00796	0.00592	0.00649	0.00470	0.01273	0.01689	0.00689	0.00712	0.00892	0.01496	0.01100	0.01201	0.00223	0.00632	0.00884
31200	-0.18776	-0.17782	-0.74649	0.20169	0.26494	0.22044	0.65619	0.30719	0.14907	0.20886	0.21243	0.21362	0.09926	0.12354	0.08864	0.00935	0.10613	0.21213
31360	-0.17083	-0.18304	-0.76115	0.20258	0.26537	0.22118	0.60481	0.30843	0.17484	0.21100	0.21332	0.21513	0.11385	0.14096	0.05753	0.00928	0.10977	0.21469
31520	-0.17169	-0.19697	-0.74120	0.20076	0.26377	0.21845	0.60185	0.32677	0.14760	0.20789	0.21227	0.21299	0.11159	0.10582	0.08517	0.00829	0.10599	0.21170
31690	-0.18517	-0.17199	-0.76028	0.20154	0.26601	0.22122	0.66651	0.29618	0.16659	0.21077	0.21457	0.21588	0.10014	0.14407	0.07132	0.01338	0.10947	0.21505
31850	-0.16291	-0.19937	-0.75210	0.20144	0.26430	0.21876	0.56341	0.32778	0.16147	0.20931	0.21096	0.21366	0.11951	0.11268	0.06870	0.00712	0.10636	0.21201
32010	-0.19112	-0.18063	-0.74920	0.19779	0.26058	0.21715	0.66368	0.30406	0.14548	0.20681	0.21060	0.21190	0.10091	0.12387	0.09284	0.01242	0.11166	0.21710
32180	-0.16957	-0.18045	-0.76195	0.20369	0.26582	0.21969	0.60656	0.30079	0.17373	0.21103	0.21463	0.21450	0.11276	0.14769	0.05959	0.01283	0.11113	0.21570
32340	-0.16566	-0.19790	-0.74224	0.20331	0.26670	0.22129	0.58579	0.33359	0.15231	0.21038	0.21391	0.21523	0.11746	0.10728	0.08387	0.01210	0.10991	0.21395
32500	-0.18892	-0.17401	-0.75828	0.20145	0.26355	0.21857	0.66143	0.29353	0.15605	0.20767	0.21196	0.21275	0.09880	0.13941	0.07794	0.01290	0.11009	0.21619
32670	-0.16625	-0.19432	-0.76093	0.20247	0.26507	0.22020	0.57063	0.31490	0.17089	0.20865	0.21285	0.21446	0.11797	0.13258	0.05753	0.01113	0.10941	0.21302	31.80	6.2	0.00	7.60	0.01273	0.01303	0.01638	0.00796	0.00592	0.00649	0.00470	0.01273	0.01689	0.00689	0.00712	0.00892	0.01496	0.01100	0.01201	0.00223	0.00632	0.00884
32830	-0.17879	-0.19226	-0.74393	0.19982	0.26292	0.21882	0.62437	0.32526	0.14490	0.20865	0.21247	0.21385	0.11363	0.10764	0.08916	0.01120	0.10984	0.21487
32990	-0.18525	-0.17130	-0.75766	0.20162	0.26460	0.21972	0.65643	0.29229	0.16076	0.20982	0.21295	0.21484	0.09791	0.14062	0.07586	0.01098	0.10900	0.21308
33160	-0.16437	-0.19656	-0.75701	0.20088	0.26356	0.21837	0.57130	0.31513	0.16895	0.20826	0.21159	0.21295	0.11929	0.13568	0.05941	0.01658	0.11130	0.21628
33320	-0.17683	-0.19092	-0.74066	0.20351	0.26669	0.22220	0.61232	0.33280	0.14965	0.21204	0.21471	0.21574	0.11317	0.10885	0.08697	0.01292	0.10858	0.21438
33480	-0.18649	-0.17264	-0.76040	0.20027	0.26351	0.21788	0.65709	0.29037	0.16008	0.20744	0.21074	0.21256	0.10049	0.14462	0.07528	0.01285	0.11224	0.21758
33650	-0.16244	-0.19611	-0.75502	0.20321	0.26602	0.22042	0.57307	0.32519	0.17035	0.21099	0.21413	0.21629	0.11907	0.12619	0.06358	0.01091	0.10907	0.21339
33810	-0.18330	-0.18747	-0.74456	0.19934	0.26191	0.21654	0.64854	0.31657	0.14407	0.20790	0.21023	0.21216	0.10571	0.11692	0.09471	0.01500	0.11129	0.21670
33970	-0.17643	-0.17446	-0.76420	0.20255	0.26459	0.22075	0.63042	0.29856	0.17231	0.21025	0.21359	0.21549	0.10741	0.14433	0.06016	0.01124	0.10784	0.21264
34140	-0.16883	-0.20089	-0.74763	0.19800	0.26116	0.21612	0.59016	0.32728	0.15177	0.20742	0.21041	0.21235	0.12144	0.11164	0.08191	0.01687	0.11253	0.21673
34300	-0.18662	-0.17375	-0.75177	0.20219	0.26561	0.22007	0.66463	0.30291	0.15628	0.20951	0.21397	0.21573	0.09519	0.13509	0.07854	0.00914	0.10694	0.21247	31.75	6.3	0.00	7.61	0.01273	0.01303	0.01638	0.00796	0.00592	0.00649	0.00470	0.01273	0.01689	0.00689	0.00712	0.00892	0.01496	0.01100	0.01201	0.00223	0.00632	0.00884
34470	-0.16783	-0.19625	-0.76174	0.19860	0.26024	0.21634	0.58256	0.31185	0.16885	0.20600	0.21110	0.21211	0.11845	0.13687	0.06107	0.01555	0.11053	0.21695
34630	-0.17452	-0.19114	-0.73978	0.20274	0.26447	0.22023	0.61867	0.33285	0.14988	0.21047	0.21435	0.21615	0.11416	0.10710	0.08693	0.01057	0.10685	0.21454
34790	-0.18512	-0.17287	-0.75659	0.19935	0.26218	0.21791	0.67474	0.29483	0.15561	0.20798	0.21287	0.21432	0.10023	0.13890	0.08734	0.01774	0.11429	0.22041
34960	-0.16228	-0.18614	-0.75698	0.20631	0.26873	0.22281	0.59971	0.31562	0.17606	0.21352	0.21764	0.21887	0.11717	0.13883	0.06105	0.01525	0.11120	0.21778
35120	-0.17198	-0.19275	-0.73759	0.20558	0.26883	0.22378	0.61546	0.33910	0.15320	0.21393	0.21804	0.21846	0.11882	0.11091	0.08900	0.01877	0.11164	0.21715
35280	-0.18329	-0.16876	-0.75556	0.20252	0.26422	0.22026	0.67835	0.29806	0.16725	0.20980	0.21411	0.21533	0.10008	0.14399	0.07379	0.01167	0.10673	0.21257
35450	-0.16124	-0.19300	-0.74948	0.20302	0.26600	0.22164	0.59077	0.32978	0.17135	0.21143	0.21659	0.21749	0.12526	0.12169	0.07513	0.01496	0.10979	0.21618
35610	-0.18461	-0.17705	-0.74482	0.20101	0.26267	0.21884	0.67471	0.31168	0.15228	0.20795	0.21281	0.21373	0.10058	0.13008	0.08648	0.00951	0.10375	0.21119
35770	-0.16885	-0.18413	-0.76246	0.19604	0.26034	0.21590	0.61170	0.30796	0.17252	0.20948	0.21417	0.21449	0.11604	0.14545	0.06447	0.01500	0.10994	0.21541
35940	-0.16476	-0.19451	-0.73896	0.20106	0.26379	0.21827	0.61152	0.33870	0.15639	0.20929	0.21331	0.21363	0.12219	0.11386	0.09135	0.00978	0.10631	0.21235	31.75	6.0	0.00	7.65	0.01273	0.01303	0.01638	0.00796	0.00592	0.00649	0.00470	0.01273	0.01689	0.00689	0.00712	0.00892	0.01497	0.01100	0.01201	0.00223	0.00632	0.00884
36100	-0.18373	-0.16722	-0.75514	0.20038	0.26333	0.21943	0.68785	0.30271	0.16762	0.20925	0.21445	0.21500	0.10256	0.14454	0.07489	0.01037	0.10756	0.21365
36260	-0.16099	-0.19455	-0.74917	0.19977	0.26357	0.21784	0.58590	0.33203	0.16620	0.20857	0.21293	0.21365	0.12311	0.11794	0.06989	0.00715	0.10286	0.20997
36430	-0.18670	-0.17808	-0.74176	0.19969	0.26690	0.22285	0.67473	0.32123	0.15525	0.21367	0.21917	0.21922	0.10477	0.12458	0.09305	0.01670	0.11301	0.21829
36590	-0.16628	-0.18131	-0.76011	0.20483	0.26813	0.22312	0.60145	0.31096	0.17560	0.21084	0.21715	0.21671	0.11590	0.13629	0.05708	0.01176	0.11064	0.21479
36750	-0.17825	-0.19077	-0.74095	0.20206	0.26744	0.22319	0.63752	0.33045	0.15054	0.21255	0.21707	0.21704	0.10705	0.11375	0.09170	0.01370	0.11076	0.21625
36910	-0.17545	-0.17643	-0.76435	0.20178	0.26494	0.21919	0.62755	0.29960	0.17249	0.20881	0.21360	0.21382	0.10656	0.13972	0.05421	0.00865	0.10591	0.21240
37080	-0.17179	-0.20091	-0.74556	0.19869	0.26204	0.21700	0.59542	0.32960	0.14795	0.20787	0.21174	0.21270	0.11651	0.10786	0.08209	0.01381	0.11327	0.21899
37240	-0.18531	-0.17322	-0.75187	0.20659	0.26873	0.22336	0.67935	0.29908	0.15814	0.21187	0.21698	0.21688	0.09672	0.13506	0.07988	0.01388	0.11108	0.21662
37400	-0.16442	-0.19758	-0.75911	0.20295	0.26450	0.22037	0.57165	0.31299	0.16634	0.21047	0.21496	0.21514	0.11833	0.12636	0.06115	0.01498	0.11463	0.22068
37570	-0.18176	-0.18886	-0.74169	0.20660	0.26802	0.22316	0.63401	0.32139	0.14637	0.21261	0.21640	0.21733	0.10163	0.11139	0.08587	0.01175	0.11073	0.21601	31.80	6.3	0.00	7.73	0.01273	0.01303	0.01638	0.00796	0.00592	0.00649	0.00470	0.01273	0.01689	0.00689	0.00712	0.00892	0.01496	0.01100	0.01201	0.00223	0.00632	0.00884
37730	-0.18026	-0.17939	-0.76625	0.20230	0.26291	0.21828	0.62513	0.29341	0.16549	0.20865	0.21389	0.21255	0.10510	0.14277	0.06015	0.01135	0.11157	0.21673
37890	-0.16777	-0.20274	-0.74845	0.20391	0.26563	0.22077	0.57604	0.32862	0.15606	0.21222	0.21606	0.21516	0.11824	0.10547	0.07033	0.01266	0.11003	0.21443
38060	-0.19297	-0.18183	-0.75354	0.20107	0.26405	0.21832	0.64771	0.30179	0.14308	0.20847	0.21434	0.21306	0.09850	0.11983	0.08827	0.01453	0.11522	0.22085
38220	-0.17441	-0.18218	-0.76366	0.20811	0.26954	0.22534	0.61185	0.29689	0.17029	0.21413	0.21879	0.21840	0.10415	0.14084	0.05788	0.01340	0.11280	0.21819
38390	-0.16535	-0.20110	-0.74582	0.20824	0.27084	0.22595	0.57340	0.33370	0.15669	0.21544	0.22085	0.22142	0.12058	0.10904	0.07556	0.01951	0.11567	0.22111
38550	-0.19145	-0.17740	-0.75162	0.20746	0.26889	0.22544	0.66015	0.29914	0.15151	0.21568	0.21942	0.21976	0.09735	0.12696	0.08351	0.01614	0.11455	0.21985
38710	-0.16919	-0.18960	-0.76017	0.20946	0.27228	0.22803	0.58535	0.31021	0.17310	0.21624	0.21977	0.22099	0.11393	0.13962	0.06078	0.02035	0.11774	0.22313
38880	-0.17660	-0.19657	-0.74236	0.20923	0.27141	0.22741	0.60450	0.32822	0.14917	0.21574	0.22021	0.22013	0.11224	0.10761	0.08727	0.01903	0.11666	0.22144
39040	-0.18360	-0.17089	-0.75722	0.21209	0.27505	0.23064	0.66937	0.29870	0.16783	0.21714	0.22247	0.22155	0.10298	0.14609	0.06748	0.02152	0.11848	0.22435
39200	-0.16199	-0.19860	-0.75156	0.21030	0.27147	0.22683	0.57275	0.33068	0.16115	0.21466	0.21799	0.21922	0.12152	0.11309	0.06756	0.01706	0.11335	0.21925	31.80	6.0	0.00	7.60	0.01273	0.01303	0.01638	0.00796	0.00592	0.00649	0.00470	0.01273	0.01689	0.00689	0.00712	0.00892	0.01497	0.01100	0.01201	0.00223	0.00632	0.00884
39370	-0.18659	-0.17667	-0.74478	0.21021	0.27252	0.22790	0.66141	0.31089	0.15194	0.21698	0.22086	0.22085	0.10043	0.12554	0.08944	0.02006	0.11703	0.22222
39530	-0.16746	-0.18447	-0.76114	0.20861	0.27139	0.22588	0.59095	0.31010	0.17228	0.21561	0.21837	0.21916	0.11521	0.13562	0.06083	0.01658	0.11431	0.21991
39690	-0.17642	-0.19561	-0.74297	0.20571	0.26726	0.22275	0.60395	0.32394	0.14582	0.21194	0.21471	0.21547	0.11644	0.10684	0.08729	0.01951	0.11862	0.22450
39860	-0.18551	-0.17016	-0.75502	0.21025	0.27234	0.22737	0.65872	0.29844	0.15970	0.21530	0.21878	0.21964	0.09939	0.13683	0.08005	0.02006	0.11776	0.22302
40020	-0.16180	-0.19055	-0.75570	0.21077	0.27256	0.22706	0.57367	0.32228	0.16983	0.21726	0.21952	0.22015	0.12128	0.12669	0.06326	0.02233	0.11694	0.22162
40180	-0.18456	-0.18607	-0.74480	0.20748	0.26851	0.22267	0.64807	0.31371	0.14457	0.21300	0.21610	0.21722	0.10253	0.11888	0.09041	0.01805	0.11680	0.22220
40350	-0.17331	-0.18005	-0.76425	0.20914	0.27030	0.22538	0.61057	0.30297	0.17175	0.21492	0.21784	0.21886	0.11039	0.13868	0.05924	0.01680	0.11365	0.21980
40510	-0.17236	-0.19814	-0.74236	0.20613	0.26863	0.22290	0.59280	0.32826	0.14578	0.21329	0.21553	0.21710	0.10987	0.10355	0.08472	0.01314	0.11188	0.21731
40670	-0.18964	-0.17399	-0.75515	0.20523	0.27031	0.22794	0.66282	0.29627	0.16611	0.21771	0.22034	0.22166	0.10288	0.14218	0.07288	0.02072	0.11697	0.22331
40840	-0.16302	-0.19818	-0.75484	0.20969	0.26915	0.22521	0.56624	0.32534	0.16590	0.21398	0.21680	0.21778	0.12212	0.11940	0.06828	0.01289	0.11341	0.21953	31.80	6.0	0.00	7.60	0.01273	0.01303	0.01638	0.00796	0.00592	0.00649	0.00470	0.01273	0.01689	0.00689	0.00712	0.00892	0.01497	0.01100	0.01201	0.00223	0.00632	0.00884
41000	-0.18753	-0.17842	-0.74126	0.20592	0.26971	0.22723	0.67725	0.31776	0.15554	0.21706	0.21937	0.22065	0.10796	0.13392	0.09615	0.01853	0.11645	0.22348
41160	-0.16283	-0.18143	-0.75588	0.20890	0.26865	0.22519	0.61858	0.32045	0.17775	0.21341	0.21717	0.21817	0.12631	0.14259	0.06735	0.01556	0.11233	0.21882
41320	-0.16980	-0.18084	-0.73313	0.20800	0.27018	0.22667	0.65972	0.34032	0.15492	0.21550	0.21754	0.21930	0.11536	0.12378	0.10063	0.01743	0.11596	0.22166
41490	-0.17252	-0.17019	-0.75861	0.20759	0.26880	0.22422	0.66194	0.30898	0.17798	0.21391	0.21644	0.21739	0.11371	0.15037	0.06363	0.01442	0.11250	0.21852
41650	-0.16255	-0.19534	-0.74454	0.20404	0.26559	0.22051	0.60540	0.33563	0.15548	0.21076	0.21380	0.21496	0.12464	0.11648	0.08484	0.02193	0.11740	0.22403
41820	-0.18391	-0.17206	-0.74424	0.20961	0.26943	0.22612	0.68632	0.31336	0.15527	0.21496	0.21711	0.21772	0.10170	0.12968	0.09116	0.01549	0.11355	0.21977
41980	-0.16581	-0.17936	-0.75815	0.20804	0.26989	0.22586	0.62048	0.31265	0.17773	0.21503	0.21652	0.21765	0.11745	0.14947	0.06506	0.01307	0.11217	0.21926
42140	-0.16570	-0.19518	-0.74033	0.20645	0.26678	0.22291	0.60511	0.34057	0.15630	0.21283	0.21524	0.21686	0.12484	0.11347	0.08514	0.01201	0.11174	0.21775
42310	-0.18092	-0.16642	-0.74393	0.20752	0.26965	0.22551	0.70681	0.31219	0.16331	0.21445	0.21856	0.21843	0.10733	0.14186	0.09518	0.01505	0.11343	0.22022
42470	-0.15818	-0.18060	-0.75417	0.20541	0.26647	0.22212	0.61631	0.32096	0.17957	0.21246	0.21567	0.21660	0.12274	0.14607	0.06799	0.01176	0.10909	0.21583	31.80	6.0	0.00	7.57	0.01273	0.01303	0.01638	0.00796	0.00592	0.00649	0.00470	0.01273	0.01689	0.00689	0.00712	0.00892	0.01497	0.01100	0.01201	0.00223	0.00632	0.00884
42630	-0.16429	-0.18323	-0.73448	0.20758	0.26932	0.22608	0.64666	0.34201	0.15907	0.21652	0.21923	0.21960	0.12548	0.12227	0.09993	0.01905	0.11405	0.22066
42800	-0.17473	-0.16532	-0.75447	0.20628	0.26676	0.22257	0.68381	0.30675	0.17410	0.21224	0.21463	0.21636	0.10751	0.15024	0.07289	0.01249	0.10975	0.21594
42960	-0.15765	-0.19144	-0.74109	0.20523	0.26774	0.22437	0.60485	0.34195	0.16607	0.21382	0.21747	0.21908	0.13131	0.12020	0.09215	0.01531	0.11295	0.21901
43120	-0.18332	-0.16829	-0.75290	0.20469	0.26612	0.22116	0.68756	0.30099	0.16477	0.21042	0.21474	0.21629	0.10339	0.14600	0.07558	0.01176	0.10928	0.21521
43290	-0.16021	-0.19539	-0.75102	0.20067	0.26301	0.21925	0.58120	0.32985	0.16549	0.20926	0.21222	0.21387	0.12785	0.12393	0.07376	0.01454	0.11281	0.22012
43450	-0.17900	-0.17755	-0.74172	0.20552	0.26664	0.22257	0.67118	0.31910	0.15293	0.21258	0.21537	0.21625	0.10472	0.12576	0.09237	0.01143	0.10989	0.21600
43610	-0.17001	-0.18159	-0.76174	0.20118	0.26333	0.21885	0.62542	0.30458	0.17219	0.20881	0.21193	0.21381	0.11350	0.14849	0.06634	0.01516	0.11336	0.22022
43780	-0.16481	-0.19740	-0.74107	0.20536	0.26579	0.22262	0.60060	0.33693	0.15774	0.21234	0.21521	0.21626	0.12414	0.11054	0.08033	0.01608	0.11227	0.21813
43940	-0.18658	-0.17214	-0.74685	0.20487	0.26740	0.22211	0.67423	0.30784	0.15538	0.21305	0.21600	0.21731	0.10357	0.12955	0.08892	0.01429	0.11035	0.21667
44100	-0.16660	-0.18392	-0.75966	0.20293	0.26397	0.21960	0.61042	0.30530	0.17106	0.21035	0.21296	0.21420	0.11493	0.14344	0.06251	0.01285	0.11315	0.21881	31.80	6.0	0.00	7.65	0.01273	0.01303	0.01638	0.00796	0.00592	0.00649	0.00470	0.01273	0.01689	0.00689	0.00712	0.00892	0.01497	0.01100	0.01201	0.00223	0.00632	0.00884
44270	-0.16586	-0.19646	-0.74347	0.20611	0.26724	0.22168	0.59597	0.33266	0.15493	0.21335	0.21577	0.21727	0.11995	0.10773	0.07839	0.01201	0.11069	0.21611
44430	-0.18653	-0.17451	-0.75300	0.20314	0.26486	0.21993	0.66820	0.30157	0.15189	0.21155	0.21412	0.21498	0.09985	0.12797	0.09065	0.01464	0.11288	0.22005
44590	-0.16554	-0.18512	-0.76124	0.20634	0.26876	0.22368	0.59851	0.31140	0.17475	0.21342	0.21666	0.21851	0.11564	0.13852	0.06066	0.01501	0.11117	0.21783
44760	-0.17490	-0.19246	-0.74071	0.20392	0.26552	0.22188	0.61411	0.32734	0.14659	0.21209	0.21589	0.21704	0.11099	0.11023	0.09022	0.01025	0.10779	0.21601
44920	-0.18229	-0.17432	-0.76129	0.20314	0.26502	0.22024	0.65365	0.29560	0.16595	0.21183	0.21400	0.21537	0.10372	0.14210	0.06757	0.01157	0.10739	0.21473
45080	-0.16563	-0.20068	-0.75305	0.20108	0.26161	0.21749	0.56721	0.32537	0.15822	0.20902	0.21175	0.21359	0.12192	0.11830	0.07158	0.01267	0.11360	0.21967
45250	-0.18314	-0.17987	-0.74331	0.20586	0.26696	0.22198	0.66026	0.31827	0.14884	0.21303	0.21439	0.21750	0.10236	0.11646	0.09204	0.01065	0.10883	0.21581
45410	-0.17408	-0.17656	-0.76161	0.20423	0.26573	0.22163	0.62797	0.30104	0.17287	0.21210	0.21593	0.21742	0.10602	0.14470	0.06305	0.00908	0.10803	0.21560
45580	-0.16667	-0.20140	-0.74681	0.20221	0.26364	0.21960	0.57202	0.32843	0.15466	0.21042	0.21388	0.21553	0.11789	0.10646	0.07493	0.00740	0.10638	0.21311
45740	-0.18860	-0.17626	-0.74941	0.20382	0.26761	0.22114	0.66868	0.30681	0.15253	0.21239	0.21503	0.21647	0.10219	0.12917	0.09020	0.01279	0.11017	0.21594	31.80	6.1	0.00	7.71	0.01273	0.01303	0.01638	0.00796	0.00592	0.00649	0.00470	0.01273	0.01689	0.00689	0.00712	0.00892	0.01497	0.01100	0.01201	0.00223	0.00632	0.00884
45900	-0.16977	-0.18375	-0.76295	0.20337	0.26604	0.21992	0.59886	0.30505	0.17186	0.21162	0.21369	0.21496	0.11142	0.13815	0.05969	0.00847	0.10778	0.21343
46070	-0.16843	-0.19626	-0.74113	0.20519	0.26770	0.22211	0.59808	0.33525	0.15502	0.21359	0.21638	0.21769	0.11732	0.10790	0.08655	0.01509	0.11036	0.21767
46230	-0.18594	-0.17401	-0.75956	0.20326	0.26561	0.21806	0.66802	0.29564	0.16329	0.21130	0.21278	0.21453	0.09764	0.14026	0.06908	0.00869	0.10645	0.21328
46390	-0.16318	-0.19844	-0.75385	0.20382	0.26786	0.22134	0.57290	0.32630	0.16785	0.21339	0.21512	0.21663	0.12340	0.12273	0.06713	0.01110	0.11023	0.21679
46560	-0.18547	-0.18157	-0.74674	0.20230	0.26457	0.21790	0.66356	0.31199	0.14728	0.21122	0.21349	0.21479	0.09810	0.11996	0.08722	0.00675	0.10617	0.21303
46720	-0.17308	-0.18231	-0.76233	0.20437	0.26752	0.22170	0.61186	0.30862	0.17420	0.21287	0.21545	0.21664	0.11353	0.13969	0.05788	0.01389	0.10998	0.21608
46880	-0.17507	-0.19475	-0.74154	0.20239	0.26529	0.21912	0.60858	0.32719	0.14495	0.20960	0.21246	0.21472	0.10797	0.10441	0.08628	0.00942	0.10581	0.21248
47050	-0.18307	-0.17256	-0.76102	0.20270	0.26677	0.21962	0.65614	0.29616	0.16743	0.21208	0.21521	0.21675	0.10163	0.14472	0.06486	0.01067	0.10807	0.21468
47210	-0.16626	-0.20092	-0.74941	0.20326	0.26537	0.21847	0.57358	0.33014	0.15725	0.21037	0.21394	0.21512	0.12037	0.11062	0.07640	0.01037	0.10723	0.21321
47370	-0.19028	-0.18011	-0.75171	0.19865	0.26254	0.21610	0.65886	0.30047	0.14856	0.20754	0.21057	0.21267	0.09861	0.12664	0.09044	0.01503	0.11127	0.21709	31.80	6.1	0.00	7.65	0.01273	0.01303	0.01637	0.00796	0.00592	0.00649	0.00470	0.01273	0.01689	0.00689	0.00712	0.00892	0.01497	0.01100	0.01201	0.00223	0.00632	0.00884
47540	-0.17163	-0.18155	-0.76248	0.20335	0.26561	0.21961	0.59855	0.30255	0.17221	0.21104	0.21395	0.21519	0.11245	0.14363	0.05710	0.01031	0.10973	0.21595
47700	-0.16959	-0.19787	-0.74314	0.20302	0.26639	0.21941	0.59887	0.33165	0.15017	0.21116	0.21432	0.21546	0.11781	0.10672	0.08312	0.01057	0.10781	0.21528
47860	-0.18914	-0.17302	-0.75845	0.20131	0.26275	0.21776	0.65922	0.29405	0.15691	0.20913	0.21171	0.21347	0.09650	0.14055	0.08026	0.01079	0.10951	0.21692
48030	-0.16615	-0.19238	-0.75804	0.20336	0.26518	0.21966	0.57015	0.31561	0.16881	0.21068	0.21347	0.21491	0.11992	0.12963	0.05979	0.01112	0.10745	0.21378
48190	-0.18254	-0.19310	-0.74480	0.20164	0.26330	0.21769	0.62334	0.32309	0.14353	0.20840	0.21049	0.21304	0.11294	0.10882	0.09061	0.01313	0.11111	0.21703
48350	-0.18410	-0.17265	-0.75955	0.20435	0.26607	0.21992	0.66230	0.29467	0.16384	0.21208	0.21367	0.21518	0.09985	0.14198	0.07366	0.00907	0.10868	0.21447
48520	-0.16345	-0.19793	-0.75820	0.20097	0.26307	0.21652	0.56380	0.31850	0.16653	0.20931	0.21135	0.21274	0.12309	0.13328	0.06531	0.01357	0.11269	0.21942
48680	-0.17802	-0.18675	-0.73856	0.20568	0.26803	0.22161	0.63564	0.32889	0.14915	0.21300	0.21462	0.21666	0.10862	0.11729	0.09482	0.01335	0.11023	0.21623
48840	-0.17964	-0.17664	-0.76167	0.20315	0.26493	0.21985	0.63778	0.29904	0.17160	0.21140	0.21470	0.21634	0.10782	0.14254	0.05986	0.01049	0.10827	0.21367
49010	-0.16767	-0.20141	-0.74547	0.20081	0.26344	0.21778	0.59261	0.33239	0.14878	0.20861	0.21302	0.21276	0.11729	0.10720	0.08352	0.00737	0.10531	0.21195	31.80	6.3	0.00	7.71	0.01273	0.01303	0.01637	0.00796	0.00592	0.00649	0.00470	0.01273	0.01689	0.00689	0.00712	0.00892	0.01497	0.01100	0.01201	0.00223	0.00632	0.00884
49170	-0.19053	-0.17692	-0.75953	0.19766	0.26146	0.21494	0.66480	0.29217	0.15529	0.20643	0.21142	0.21020	0.10008	0.14127	0.08560	0.00939	0.10873	0.21598
49340	-0.16542	-0.19180	-0.75832	0.20269	0.26500	0.21881	0.58038	0.31807	0.17397	0.20974	0.21334	0.21324	0.11931	0.13320	0.06001	0.00833	0.10600	0.21239
49500	-0.17963	-0.19624	-0.74610	0.19937	0.26232	0.21559	0.61308	0.32623	0.14523	0.20775	0.21069	0.21065	0.11689	0.10811	0.08887	0.01041	0.11082	0.21804
49660	-0.18294	-0.16896	-0.75423	0.20421	0.26792	0.22121	0.67730	0.30006	0.16075	0.21064	0.21363	0.21480	0.10026	0.13727	0.07639	0.00950	0.10756	0.21477
49830	-0.16385	-0.19293	-0.75424	0.20378	0.26722	0.22097	0.56948	0.32386	0.17311	0.21161	0.21483	0.21506	0.12130	0.12612	0.06672	0.01140	0.10841	0.21531
49990	-0.18501	-0.18404	-0.74490	0.20191	0.26315	0.21791	0.65702	0.31356	0.14735	0.20903	0.21166	0.21332	0.09769	0.11825	0.08603	0.00529	0.10395	0.21138
50150	-0.17243	-0.18472	-0.76302	0.20088	0.26464	0.21917	0.60020	0.30503	0.17399	0.20991	0.21197	0.21433	0.11477	0.13812	0.05566	0.00814	0.10604	0.21304
50320	-0.17746	-0.19513	-0.74357	0.19843	0.26244	0.21736	0.61242	0.32790	0.14546	0.20702	0.21109	0.21208	0.10781	0.10559	0.08783	0.00719	0.10526	0.21225
50480	-0.18474	-0.17555	-0.76262	0.19926	0.26127	0.21521	0.65629	0.29145	0.15986	0.20671	0.20990	0.21077	0.10016	0.14254	0.07978	0.01308	0.10910	0.21654
50640	-0.16285	-0.19556	-0.75620	0.20322	0.26421	0.21850	0.57501	0.32021	0.16867	0.21007	0.21177	0.21301	0.12112	0.12838	0.05999	0.00792	0.10576	0.21241	31.86	6.0	0.00	7.59	0.01273	0.01303	0.01637	0.00796	0.00592	0.00649	0.00470	0.01273	0.01689	0.00689	0.00712	0.00892	0.01496	0.01100	0.01201	0.00223	0.00632	0.00884
50810	-0.18004	-0.19015	-0.74176	0.20239	0.26505	0.21917	0.63274	0.32709	0.14705	0.20991	0.21268	0.21403	0.11229	0.10983	0.09097	0.00960	0.10777	0.21336
50970	-0.18427	-0.17523	-0.76020	0.20089	0.26526	0.21784	0.65427	0.29591	0.16480	0.20821	0.21136	0.21279	0.09967	0.14010	0.06505	0.00649	0.10512	0.21199
51130	-0.16421	-0.19696	-0.75133	0.20193	0.26589	0.21961	0.56892	0.33058	0.17049	0.21119	0.21394	0.21445	0.12398	0.12068	0.06642	0.01084	0.10804	0.21436
51300	-0.18514	-0.18383	-0.74557	0.19984	0.26409	0.21625	0.64974	0.31540	0.14484	0.20778	0.21129	0.21205	0.10314	0.11832	0.09187	0.01212	0.10959	0.21593
51460	-0.17303	-0.17486	-0.76243	0.20472	0.26619	0.22126	0.63474	0.30318	0.17675	0.21101	0.21375	0.21502	0.11116	0.14408	0.06221	0.01051	0.10985	0.21546
51620	-0.17107	-0.19926	-0.74317	0.20056	0.26325	0.21758	0.60566	0.32884	0.14436	0.20883	0.21064	0.21251	0.11424	0.11057	0.09104	0.01172	0.10820	0.21495
51790	-0.18227	-0.17456	-0.76226	0.20267	0.26502	0.21947	0.65534	0.30058	0.17083	0.21029	0.21204	0.21403	0.10323	0.14274	0.06039	0.01029	0.10694	0.21334
51950	-0.16903	-0.19989	-0.74604	0.19937	0.26217	0.21583	0.59390	0.32808	0.14977	0.20746	0.21009	0.21220	0.11384	0.10387	0.08303	0.00488	0.10448	0.21032
52110	-0.18659	-0.17247	-0.75973	0.19739	0.26369	0.21865	0.66295	0.29621	0.16504	0.21027	0.21275	0.21453	0.09959	0.14228	0.07010	0.01461	0.10813	0.21454
52280	-0.16509	-0.20110	-0.75209	0.19968	0.26138	0.21698	0.57075	0.32668	0.15928	0.20755	0.20985	0.21229	0.12215	0.11084	0.06815	0.00833	0.10405	0.21037	31.80	6.3	0.00	7.60	0.01273	0.01303	0.01637	0.00796	0.00592	0.00649	0.00470	0.01273	0.01689	0.00689	0.00712	0.00892	0.01496	0.01100	0.01201	0.00223	0.00632	0.00884
52440	-0.18845	-0.17959	-0.74896	0.19845	0.26020	0.21453	0.65767	0.30730	0.14461	0.20583	0.20893	0.21090	0.10248	0.12183	0.09357	0.01525	0.11103	0.21741
52600	-0.17179	-0.17714	-0.76100	0.20533	0.26568	0.22069	0.62977	0.30150	0.17298	0.21090	0.21343	0.21521	0.10977	0.14438	0.06122	0.01239	0.10830	0.21500
52760	-0.16784	-0.19546	-0.74183	0.20292	0.26490	0.21890	0.59350	0.33128	0.15161	0.20959	0.21136	0.21546	0.11632	0.11021	0.08395	0.01115	0.10653	0.21316
52930	-0.18545	-0.17659	-0.75944	0.20057	0.26289	0.21771	0.66109	0.29223	0.16447	0.20789	0.20956	0.21206	0.09842	0.14158	0.06888	0.00727	0.10523	0.21194
53090	-0.16607	-0.20318	-0.75239	0.19884	0.25890	0.21288	0.55935	0.32292	0.15943	0.20549	0.20757	0.20983	0.12065	0.12257	0.06818	0.01122	0.10888	0.21550
53250	-0.18611	-0.17948	-0.74325	0.20304	0.26486	0.21779	0.65394	0.31841	0.14633	0.20925	0.21160	0.21297	0.10250	0.11544	0.08899	0.01027	0.10507	0.21152
53420	-0.18005	-0.17907	-0.76423	0.19925	0.26099	0.21421	0.63699	0.29228	0.16474	0.20628	0.20833	0.21054	0.10431	0.14551	0.06733	0.01309	0.11075	0.21670
53580	-0.15994	-0.19923	-0.74927	0.20407	0.26508	0.21931	0.57288	0.33146	0.16662	0.20922	0.21254	0.21455	0.12201	0.11808	0.06917	0.01042	0.10639	0.21420
53750	-0.18698	-0.17773	-0.74413	0.20319	0.26638	0.22011	0.65723	0.31708	0.14985	0.21054	0.21328	0.21501	0.10226	0.12058	0.08864	0.01477	0.10817	0.21326
53910	-0.17258	-0.18199	-0.76357	0.20079	0.26235	0.21727	0.61055	0.30739	0.17452	0.20717	0.21085	0.21234	0.11222	0.13758	0.05551	0.00863	0.10368	0.21102	31.80	6.1	0.00	7.72	0.01273	0.01303	0.01637	0.00796	0.00592	0.00649	0.00470	0.01273	0.01689	0.00689	0.00712	0.00892	0.01496	0.01100	0.01201	0.00223	0.00632	0.00884
54070	-0.17398	-0.19776	-0.74211	0.20058	0.26420	0.21908	0.60575	0.33125	0.14880	0.20786	0.21179	0.21330	0.11410	0.10980	0.08932	0.01057	0.10472	0.21239
54240	-0.18604	-0.17425	-0.76163	0.19976	0.26162	0.21651	0.66126	0.29542	0.16545	0.20553	0.20914	0.21209	0.09970	0.14070	0.06389	0.00687	0.10266	0.21028
54400	-0.16717	-0.20371	-0.75447	0.19707	0.25800	0.21438	0.55867	0.32486	0.16295	0.20490	0.20838	0.21030	0.12323	0.12069	0.06656	0.01368	0.10908	0.21580
54560	-0.18273	-0.18222	-0.74314	0.20273	0.26250	0.21831	0.64868	0.32020	0.14828	0.20784	0.21025	0.21283	0.10233	0.11173	0.09380	0.00786	0.10491	0.21151
54730	-0.17977	-0.17395	-0.76252	0.20145	0.26345	0.21940	0.64958	0.29744	0.17052	0.20915	0.21226	0.21314	0.10518	0.14240	0.06521	0.01137	0.10694	0.21237
54890	-0.16595	-0.20158	-0.74889	0.20053	0.26388	0.21701	0.56942	0.33085	0.15954	0.20624	0.21022	0.21305	0.11987	0.10998	0.07144	0.01057	0.10389	0.21083
55050	-0.18862	-0.18043	-0.74535	0.20099	0.26432	0.21880	0.66536	0.31010	0.15364	0.21051	0.21146	0.21476	0.10040	0.12617	0.09002	0.01247	0.10800	0.21400
55220	-0.16981	-0.18373	-0.76103	0.19958	0.26255	0.21719	0.59791	0.30130	0.17195	0.20660	0.20928	0.21284	0.11292	0.14131	0.06052	0.01298	0.10872	0.21531
55380	-0.16846	-0.19482	-0.73915	0.20391	0.26486	0.22058	0.61157	0.33342	0.15055	0.21012	0.21292	0.21509	0.11467	0.11026	0.09140	0.01243	0.10676	0.21405
55540	-0.18324	-0.17687	-0.76389	0.20127	0.26262	0.21648	0.64752	0.29599	0.16818	0.20648	0.20868	0.21114	0.10339	0.14319	0.06213	0.01071	0.10595	0.21257	31.86	6.1	0.00	7.59	0.01273	0.01303	0.01637	0.00796	0.00592	0.00649	0.00470	0.01273	0.01689	0.00689	0.00712	0.00892	0.01496	0.01100	0.01201	0.00223	0.00632	0.00884
55710	-0.16610	-0.19987	-0.74585	0.20050	0.26179	0.21755	0.58905	0.32962	0.14961	0.20808	0.21035	0.21125	0.11499	0.10711	0.08359	0.00844	0.10393	0.21064
55870	-0.18988	-0.17411	-0.75882	0.19809	0.26136	0.21563	0.66454	0.29332	0.16211	0.20594	0.20908	0.21203	0.09659	0.13907	0.06787	0.00811	0.10230	0.20934
56030	-0.16638	-0.19885	-0.75239	0.19793	0.26257	0.21788	0.56740	0.32664	0.16709	0.20803	0.21130	0.21374	0.12165	0.11749	0.06504	0.01067	0.10578	0.21263
56200	-0.18320	-0.18163	-0.74528	0.19993	0.26222	0.21731	0.65481	0.31315	0.14536	0.20593	0.21004	0.21150	0.09835	0.11372	0.08903	0.00943	0.10326	0.20990
56360	-0.17789	-0.17947	-0.76246	0.19972	0.26284	0.21813	0.62868	0.30192	0.17142	0.20769	0.21142	0.21317	0.10767	0.14411	0.06281	0.01155	0.10539	0.21180
56520	-0.16510	-0.20321	-0.74857	0.20006	0.26213	0.21789	0.57588	0.33146	0.15760	0.20653	0.21094	0.21239	0.12105	0.10936	0.07152	0.00968	0.10340	0.21117
56690	-0.18726	-0.17636	-0.74339	0.20308	0.26511	0.22034	0.66427	0.31487	0.15335	0.20947	0.21411	0.21543	0.10257	0.12557	0.09041	0.01513	0.10889	0.21499
56850	-0.16795	-0.18424	-0.76141	0.20128	0.26319	0.21836	0.59378	0.30713	0.17292	0.20618	0.21059	0.21231	0.11451	0.13387	0.05616	0.00873	0.10390	0.21160
57010	-0.17437	-0.19185	-0.73996	0.20181	0.26524	0.21941	0.62144	0.33313	0.14913	0.20939	0.21221	0.21393	0.11253	0.10970	0.08928	0.01418	0.10662	0.21377
57180	-0.18113	-0.17471	-0.76219	0.20126	0.26352	0.21673	0.64902	0.29701	0.16913	0.20621	0.21022	0.21213	0.10047	0.14047	0.06227	0.01011	0.10381	0.21114	31.80	6.0	0.00	7.60	0.01273	0.01303	0.01637	0.00796	0.00592	0.00649	0.00470	0.01273	0.01689	0.00689	0.00712	0.00892	0.01496	0.01100	0.01201	0.00223	0.00632	0.00884
57340	-0.16536	-0.20173	-0.74478	0.20117	0.26396	0.21991	0.57647	0.33310	0.15702	0.21023	0.21203	0.21402	0.12318	0.10983	0.08099	0.01084	0.10657	0.21377
57500	-0.18906	-0.17596	-0.75379	0.19982	0.26302	0.21718	0.66512	0.29625	0.15438	0.20719	0.21051	0.21216	0.09546	0.13197	0.07428	0.00704	0.10345	0.21067
57670	-0.16901	-0.19450	-0.76052	0.19739	0.25969	0.21378	0.57188	0.30658	0.16536	0.20415	0.20810	0.20967	0.11834	0.13508	0.06046	0.01205	0.11053	0.21630
57830	-0.17200	-0.19425	-0.74220	0.20450	0.26561	0.21952	0.60150	0.33198	0.14892	0.20910	0.21384	0.21337	0.11340	0.10433	0.08561	0.01238	0.10600	0.21287
57990	-0.18663	-0.17291	-0.76006	0.20194	0.26353	0.21967	0.65899	0.29376	0.16059	0.20978	0.21267	0.21385	0.09506	0.13465	0.06621	0.01300	0.10647	0.21328
58160	-0.16678	-0.20331	-0.75747	0.20061	0.26279	0.21654	0.55217	0.31741	0.15976	0.20702	0.21029	0.21154	0.11312	0.11133	0.05521	0.00924	0.10371	0.21029
58320	-0.19166	-0.18968	-0.74699	0.20144	0.26342	0.21847	0.62444	0.30859	0.13992	0.20881	0.21328	0.21403	0.09494	0.10827	0.08157	0.01286	0.10598	0.21275
58480	-0.18235	-0.18850	-0.76916	0.19933	0.26179	0.21672	0.58347	0.29031	0.16357	0.20650	0.21079	0.21252	0.10047	0.12956	0.04615	0.00832	0.10481	0.21035
58650	-0.17604	-0.20918	-0.74958	0.20119	0.26404	0.21929	0.55197	0.32456	0.14522	0.20849	0.21224	0.21480	0.11088	0.09502	0.07077	0.01278	0.10654	0.21232
58810	-0.19735	-0.18372	-0.76414	0.19933	0.26138	0.21633	0.62732	0.28527	0.14876	0.20613	0.21049	0.21139	0.08605	0.12601	0.06076	0.00646	0.10273	0.20922	31.86	6.2	0.00	7.67	0.01273	0.01303	0.01637	0.00796	0.00592	0.00649	0.00470	0.01273	0.01689	0.00689	0.00712	0.00892	0.01496	0.01099	0.01201	0.00223	0.00632	0.00884
58970	-0.17665	-0.20876	-0.76508	0.19705	0.25967	0.21400	0.53080	0.30737	0.15729	0.20478	0.20898	0.21017	0.11034	0.11837	0.05368	0.01338	0.10737	0.21529
59140	-0.18829	-0.19979	-0.75016	0.20159	0.26310	0.21847	0.59656	0.31643	0.13782	0.20876	0.21274	0.21269	0.10324	0.09875	0.08255	0.01261	0.10703	0.21426
59300	-0.19026	-0.17943	-0.76402	0.20288	0.26456	0.21986	0.63448	0.29132	0.16079	0.21003	0.21224	0.21394	0.09240	0.13364	0.05761	0.01422	0.10639	0.21256
59460	-0.17075	-0.20761	-0.75589	0.19935	0.26207	0.21520	0.54851	0.32165	0.15338	0.20623	0.21032	0.21162	0.11403	0.10816	0.06492	0.01001	0.10616	0.21338
59630	-0.19189	-0.18304	-0.75050	0.20173	0.26303	0.21790	0.64175	0.30005	0.14686	0.20821	0.21218	0.21215	0.09248	0.11999	0.08153	0.01261	0.10368	0.21094
59790	-0.17340	-0.19256	-0.76798	0.19816	0.26063	0.21563	0.57768	0.29999	0.16674	0.20610	0.20867	0.21043	0.11025	0.13290	0.05318	0.01221	0.10505	0.21247
59950	-0.17393	-0.19975	-0.74534	0.20116	0.26366	0.21656	0.58043	0.32514	0.14399	0.20776	0.21139	0.21246	0.11331	0.10133	0.08131	0.01078	0.10497	0.21204
60120	-0.19084	-0.17695	-0.75897	0.19842	0.26063	0.21548	0.65635	0.29020	0.15149	0.20718	0.21002	0.21197	0.09473	0.13281	0.07875	0.01242	0.10710	0.21425
60280	-0.16781	-0.19292	-0.75814	0.20190	0.26415	0.21929	0.57151	0.30988	0.16921	0.20886	0.21241	0.21337	0.11548	0.13084	0.05404	0.00983	0.10410	0.21171
60450	-0.17847	-0.19634	-0.74452	0.19888	0.26098	0.21377	0.60156	0.32208	0.14149	0.20500	0.20932	0.21064	0.11274	0.10452	0.08613	0.01226	0.10764	0.21557	31.86	6.1	0.00	7.64	0.01273	0.01303	0.01637	0.00796	0.00592	0.00649	0.00470	0.01273	0.01689	0.00689	0.00712	0.00892	0.01496	0.01099	0.01201	0.00223	0.00632	0.00884
60610	-0.18606	-0.17178	-0.75632	0.20232	0.26466	0.21711	0.65299	0.29355	0.15883	0.20883	0.21242	0.21311	0.09714	0.13350	0.07658	0.00754	0.10465	0.21100
60770	-0.16579	-0.19688	-0.75710	0.20047	0.26383	0.21673	0.56895	0.31957	0.16796	0.20952	0.21233	0.21324	0.11930	0.12448	0.06163	0.00937	0.10409	0.21132
60940	-0.18331	-0.18850	-0.74315	0.19998	0.26262	0.21609	0.63465	0.31907	0.14275	0.20870	0.21092	0.21269	0.10243	0.11000	0.08882	0.00516	0.10276	0.21014
61100	-0.17872	-0.17382	-0.76091	0.20043	0.26425	0.21719	0.63188	0.29433	0.16808	0.20990	0.21219	0.21365	0.10314	0.14215	0.06339	0.01229	0.10509	0.21180
61260	-0.16502	-0.20079	-0.74776	0.19951	0.26243	0.21645	0.56484	0.32819	0.15566	0.20781	0.21106	0.21317	0.12090	0.10770	0.06914	0.00831	0.10237	0.20996
61430	-0.18635	-0.17745	-0.74795	0.20013	0.26470	0.21841	0.65987	0.30587	0.15101	0.20892	0.21231	0.21319	0.09700	0.12553	0.08316	0.01127	0.10624	0.21218
61590	-0.16747	-0.18768	-0.76168	0.20003	0.26217	0.21545	0.58913	0.30595	0.17074	0.20711	0.21011	0.21208	0.11077	0.13655	0.05538	0.00677	0.10312	0.20988
61750	-0.16920	-0.19725	-0.74160	0.20065	0.26413	0.21782	0.60302	0.33201	0.15006	0.20973	0.21224	0.21298	0.11771	0.10753	0.08397	0.00885	0.10546	0.21247
61920	-0.18876	-0.17299	-0.75549	0.19972	0.26355	0.21618	0.66192	0.29697	0.15778	0.20805	0.21058	0.21233	0.09440	0.13454	0.07621	0.00918	0.10326	0.21024
62080	-0.16303	-0.19266	-0.75654	0.20075	0.26552	0.21918	0.57378	0.31884	0.17272	0.21056	0.21205	0.21325	0.12045	0.13345	0.06181	0.01364	0.10517	0.21212	31.86	6.1	0.00	7.62	0.01273	0.01303	0.01637	0.00796	0.00592	0.00649	0.00470	0.01273	0.01689	0.00689	0.00712	0.00892	0.01496	0.01100	0.01201	0.00223	0.00632	0.00884
62240	-0.17970	-0.19147	-0.74186	0.19909	0.26236	0.21570	0.63243	0.32514	0.14662	0.20746	0.21075	0.21108	0.10622	0.10997	0.09122	0.00980	0.10239	0.20968
62410	-0.18027	-0.17181	-0.76009	0.20130	0.26576	0.21915	0.65225	0.30022	0.17221	0.21008	0.21324	0.21374	0.10556	0.14474	0.06387	0.01284	0.10661	0.21306
62570	-0.16415	-0.20266	-0.74541	0.19978	0.26330	0.21665	0.57659	0.33147	0.15203	0.20715	0.21003	0.21098	0.11738	0.10481	0.07778	0.00987	0.10295	0.20927
