WetView ver 7.1	07-18-2018	19:25:51
AC9 Absorption and Attenuation Meter
00000266		; Serial number
2	; structure version number
Reserved
0.000000	0.000000		; Depth calibration
19200			; Baud rate
0.100000			; Path length (meters)
31			; number of temperature calibration bins
				12.59339	13.44920	14.48425	15.49668	16.50852	17.49564	18.50545	19.52458	20.50176	21.48889	22.47318	23.48707	24.50962	25.49370	26.49784	27.51372	28.50746	29.47237	30.47938	31.50214	32.50470	33.49235	34.50337	35.50914	36.50618	37.52058	38.51018	39.51308	40.49994	41.49866	42.47204	; temperature bins
a650	Blue	20.34952		-0.00383	-0.00415	-0.00430	-0.00391	-0.00363	-0.00317	-0.00269	-0.00237	-0.00179	-0.00130	-0.00099	-0.00071	-0.00015	0.00000	0.00004	-0.00001	0.00015	0.00036	0.00058	0.00101	0.00161	0.00132	0.00160	0.00169	0.00242	0.00273	0.00336	0.00365	0.00427	0.00566	0.00670		; offset and temperature correction info
a676	Green	20.51193		-0.00398	-0.00384	-0.00360	-0.00306	-0.00302	-0.00255	-0.00235	-0.00212	-0.00163	-0.00136	-0.00118	-0.00089	-0.00029	0.00000	0.00068	0.00082	0.00099	0.00137	0.00145	0.00212	0.00260	0.00252	0.00321	0.00354	0.00457	0.00535	0.00617	0.00648	0.00742	0.00887	0.01002		; offset and temperature correction info
a715	Brown	20.23230		-0.00421	-0.00394	-0.00391	-0.00291	-0.00264	-0.00192	-0.00204	-0.00179	-0.00188	-0.00239	-0.00180	-0.00187	-0.00099	0.00000	0.00084	0.00162	0.00188	0.00224	0.00321	0.00381	0.00466	0.00528	0.00588	0.00696	0.00859	0.01041	0.01148	0.01282	0.01333	0.01456	0.01617		; offset and temperature correction info
c510	Red	20.40042		-0.00261	-0.00247	-0.00258	-0.00225	-0.00203	-0.00197	-0.00199	-0.00203	-0.00154	-0.00103	-0.00069	-0.00019	-0.00007	0.00000	0.00011	-0.00021	-0.00042	-0.00056	-0.00040	0.00011	0.00036	0.00050	0.00077	0.00079	0.00050	0.00042	0.00043	0.00092	0.00147	0.00200	0.00232		; offset and temperature correction info
c532	Magenta	20.40760		-0.00248	-0.00265	-0.00278	-0.00279	-0.00296	-0.00292	-0.00238	-0.00206	-0.00129	-0.00096	-0.00092	-0.00052	-0.00009	0.00000	0.00007	-0.00049	-0.00136	-0.00107	-0.00079	-0.00065	-0.00074	-0.00105	-0.00152	-0.00192	-0.00236	-0.00269	-0.00252	-0.00233	-0.00172	-0.00128	-0.00067		; offset and temperature correction info
c555	Black	20.50654		-0.00053	-0.00063	-0.00106	-0.00094	-0.00068	-0.00055	-0.00053	-0.00039	-0.00028	-0.00025	-0.00011	-0.00035	-0.00007	0.00000	-0.00037	-0.00055	-0.00036	-0.00014	0.00019	0.00044	0.00032	0.00040	0.00050	0.00028	0.00014	0.00013	0.00030	0.00073	0.00117	0.00176	0.00241		; offset and temperature correction info
a412	LtBlue	17.15231		-0.01972	-0.01823	-0.01612	-0.01381	-0.01272	-0.01080	-0.00959	-0.00866	-0.00710	-0.00532	-0.00354	-0.00148	-0.00028	0.00000	0.00176	0.00297	0.00394	0.00440	0.00453	0.00487	0.00804	0.00856	0.01065	0.01248	0.01388	0.01439	0.01659	0.01881	0.02256	0.02450	0.02719		; offset and temperature correction info
a440	LtGreen	18.00171		-0.00729	-0.00642	-0.00581	-0.00502	-0.00426	-0.00349	-0.00244	-0.00218	-0.00179	-0.00101	-0.00046	-0.00006	0.00036	0.00000	0.00040	0.00045	0.00030	-0.00015	-0.00024	-0.00035	0.00012	-0.00013	-0.00033	-0.00089	-0.00142	-0.00189	-0.00231	-0.00205	-0.00140	-0.00140	-0.00146		; offset and temperature correction info
a488	Yellow	18.86491		-0.00113	-0.00102	-0.00106	-0.00064	-0.00027	-0.00020	-0.00030	-0.00037	-0.00047	-0.00059	-0.00052	-0.00012	0.00008	0.00000	0.00025	0.00012	-0.00013	-0.00043	-0.00065	-0.00076	-0.00025	0.00010	0.00090	0.00111	0.00113	0.00104	0.00073	0.00068	0.00120	0.00186	0.00258		; offset and temperature correction info
c650	Blue	20.46075		-0.00145	-0.00097	-0.00092	-0.00139	-0.00185	-0.00196	-0.00237	-0.00266	-0.00238	-0.00163	-0.00083	-0.00041	-0.00010	0.00000	0.00005	-0.00001	0.00015	0.00034	0.00029	0.00065	0.00101	0.00164	0.00126	0.00156	0.00175	0.00270	0.00287	0.00371	0.00407	0.00473	0.00534		; offset and temperature correction info
c676	Green	20.10118		-0.00170	-0.00144	-0.00149	-0.00177	-0.00188	-0.00194	-0.00198	-0.00196	-0.00177	-0.00156	-0.00140	-0.00091	-0.00033	0.00000	0.00050	0.00092	0.00110	0.00141	0.00167	0.00199	0.00216	0.00265	0.00269	0.00289	0.00315	0.00374	0.00367	0.00408	0.00486	0.00561	0.00646		; offset and temperature correction info
c715	Brown	19.91219		-0.01201	-0.01097	-0.00859	-0.00680	-0.00651	-0.00592	-0.00535	-0.00440	-0.00387	-0.00303	-0.00222	-0.00153	-0.00028	0.00000	0.00093	0.00149	0.00247	0.00322	0.00330	0.00427	0.00373	0.00464	0.00536	0.00551	0.00643	0.00733	0.00779	0.00884	0.00899	0.01021	0.01120		; offset and temperature correction info
a510	Red	19.21192		0.00201	0.00193	0.00158	0.00098	0.00089	0.00049	0.00011	-0.00016	-0.00016	-0.00005	0.00028	0.00025	0.00006	0.00000	0.00035	-0.00022	-0.00023	-0.00080	-0.00144	-0.00154	-0.00153	-0.00204	-0.00220	-0.00219	-0.00190	-0.00128	-0.00069	-0.00018	0.00068	0.00152	0.00241		; offset and temperature correction info
a532	Magenta	19.41084		-0.00097	-0.00072	-0.00060	-0.00081	-0.00062	-0.00071	-0.00040	0.00020	0.00028	0.00043	0.00000	-0.00035	0.00007	0.00000	-0.00011	-0.00059	-0.00080	-0.00098	-0.00137	-0.00162	-0.00163	-0.00130	-0.00073	-0.00018	0.00090	0.00185	0.00175	0.00247	0.00291	0.00327	0.00349		; offset and temperature correction info
a555	Black	19.69776		0.00171	0.00183	0.00183	0.00186	0.00191	0.00170	0.00115	0.00131	0.00097	0.00073	0.00060	0.00013	0.00015	0.00000	0.00014	-0.00029	-0.00066	-0.00082	-0.00116	-0.00139	-0.00134	-0.00167	-0.00119	-0.00093	-0.00048	0.00053	0.00111	0.00095	0.00178	0.00206	0.00273		; offset and temperature correction info
c412	LtBlue	19.91180		-0.02051	-0.01853	-0.01589	-0.01311	-0.01059	-0.00877	-0.00705	-0.00581	-0.00413	-0.00231	-0.00098	-0.00066	-0.00011	0.00000	-0.00013	-0.00085	-0.00170	-0.00170	-0.00302	-0.00330	-0.00429	-0.00551	-0.00626	-0.00775	-0.00978	-0.01181	-0.01113	-0.01108	-0.01116	-0.01192	-0.01291		; offset and temperature correction info
c440	LtGreen	20.06241		-0.01064	-0.00992	-0.00892	-0.00766	-0.00639	-0.00531	-0.00478	-0.00384	-0.00287	-0.00187	-0.00102	-0.00063	-0.00023	0.00000	-0.00007	-0.00053	-0.00090	-0.00119	-0.00169	-0.00197	-0.00226	-0.00257	-0.00260	-0.00289	-0.00394	-0.00470	-0.00481	-0.00493	-0.00520	-0.00580	-0.00620		; offset and temperature correction info
c488	Yellow	20.35984		-0.01125	-0.01082	-0.00966	-0.00833	-0.00726	-0.00661	-0.00579	-0.00500	-0.00389	-0.00278	-0.00167	-0.00113	-0.00041	0.00000	0.00055	0.00121	0.00187	0.00226	0.00222	0.00251	0.00281	0.00359	0.00414	0.00427	0.00401	0.00404	0.00486	0.00563	0.00638	0.00684	0.00718		; offset and temperature correction info
0.003500	0.004000	0.015000	0.020000	0.015000	0.020000	2500.000000	2000.000000	1000.000000	; maxANoise	maxCNoise	maxADifference	maxCDifference	minACounts	minCCounts	minRCounts	maxTempSdev	maxDepthSdev
0			; auxilliary capabilities
1			; acquisition binsize
0	0.11045	0.10842	0.07783	0.40376	0.40700	0.32277	1.98015	1.14300	0.54238	0.24682	0.24880	0.24166	0.40718	0.33533	0.25521	1.26979	0.80540	0.49829	32.08	6.1	0.00	7.66	0.01265	0.01289	0.01621	0.00786	0.00585	0.00641	0.00467	0.01265	0.01678	0.00679	0.00703	0.00876	0.01487	0.01092	0.01194	0.00219	0.00624	0.00873
160	0.11097	0.10940	0.07378	0.40261	0.40478	0.32119	1.98149	1.14233	0.53775	0.24580	0.24672	0.24004	0.40560	0.33043	0.25203	1.26882	0.80335	0.49527
330	0.10870	0.10880	0.07579	0.40111	0.40714	0.32403	1.98046	1.14880	0.54446	0.24980	0.25028	0.24345	0.40880	0.33810	0.25770	1.27544	0.80807	0.50023
490	0.11158	0.10922	0.07378	0.40272	0.40427	0.32043	1.97777	1.14268	0.53978	0.24641	0.24721	0.24102	0.40473	0.33225	0.25120	1.26739	0.80431	0.49515
650	0.10769	0.10970	0.07321	0.39979	0.40524	0.32224	1.98298	1.14636	0.54095	0.24823	0.24960	0.24318	0.40894	0.33418	0.25633	1.27350	0.80694	0.49850
810	0.10996	0.11031	0.07410	0.40146	0.40398	0.32038	1.97545	1.14383	0.53812	0.24646	0.24657	0.24134	0.40409	0.33270	0.25207	1.26865	0.80393	0.49611
980	0.10936	0.10868	0.07405	0.39963	0.40482	0.32208	1.98205	1.14667	0.54189	0.24897	0.24709	0.24255	0.40695	0.33452	0.25310	1.27211	0.80644	0.49820
1140	0.10987	0.10987	0.07453	0.40125	0.40521	0.32192	1.97743	1.14304	0.54063	0.24731	0.24693	0.24166	0.40730	0.33596	0.25732	1.27072	0.80673	0.49794
1310	0.11117	0.11096	0.07652	0.40298	0.40510	0.32289	1.98514	1.14830	0.54251	0.24747	0.24739	0.24291	0.40747	0.33624	0.25536	1.27253	0.80764	0.49962
1470	0.11046	0.10744	0.07408	0.40280	0.40604	0.32242	1.98393	1.14594	0.54135	0.24788	0.24641	0.24153	0.40770	0.33323	0.25180	1.27203	0.80666	0.49759
1630	0.10991	0.11070	0.07492	0.40262	0.40647	0.32396	1.97469	1.14652	0.54083	0.24689	0.24606	0.24136	0.40765	0.33298	0.25286	1.27355	0.80707	0.49812	32.08	6.1	0.00	7.61	0.01265	0.01289	0.01621	0.00786	0.00585	0.00641	0.00467	0.01265	0.01678	0.00679	0.00703	0.00876	0.01487	0.01092	0.01194	0.00219	0.00624	0.00873
1800	0.10921	0.10962	0.07245	0.40133	0.40533	0.32172	1.97444	1.14521	0.53893	0.24569	0.24538	0.24087	0.40724	0.33485	0.25073	1.27405	0.80814	0.49843
1960	0.10996	0.11066	0.07738	0.40519	0.40863	0.32420	1.98217	1.14371	0.54153	0.24817	0.24910	0.24213	0.40815	0.33621	0.25571	1.27237	0.81164	0.50144
2120	0.11123	0.10897	0.07339	0.40367	0.40523	0.32154	1.97413	1.14404	0.53827	0.24563	0.24647	0.24064	0.40388	0.33288	0.25179	1.27161	0.80743	0.49738
2290	0.11007	0.11085	0.07363	0.40576	0.41043	0.32581	1.97547	1.14971	0.54180	0.24896	0.24917	0.24529	0.40933	0.33747	0.25579	1.27823	0.81222	0.50186
2450	0.11179	0.11080	0.07380	0.40473	0.40760	0.32358	1.97343	1.14302	0.53856	0.24688	0.24654	0.24080	0.40449	0.33382	0.25173	1.27123	0.80666	0.49751
2610	0.11163	0.11032	0.07369	0.40421	0.40850	0.32397	1.97931	1.14612	0.54244	0.24735	0.24948	0.24310	0.40765	0.33562	0.25410	1.27654	0.81185	0.50153
2780	0.10818	0.10748	0.07455	0.40443	0.40701	0.32302	1.97889	1.14267	0.53966	0.24510	0.24620	0.24034	0.40559	0.33222	0.25468	1.27414	0.80827	0.49865
2940	0.10789	0.10520	0.07140	0.40111	0.40378	0.32090	1.97413	1.14233	0.53672	0.24369	0.24403	0.23967	0.41021	0.33660	0.25600	1.27502	0.81427	0.50394
3100	0.11346	0.11177	0.07594	0.40663	0.40908	0.32501	1.97967	1.14666	0.54124	0.24883	0.24743	0.24253	0.40682	0.33253	0.25553	1.27372	0.80984	0.49991
3270	0.11088	0.10986	0.07607	0.40387	0.40709	0.32448	1.98144	1.14591	0.54127	0.24728	0.24695	0.24176	0.40580	0.33313	0.25323	1.27480	0.80907	0.49890	32.14	6.1	0.00	7.65	0.01265	0.01289	0.01621	0.00786	0.00585	0.00640	0.00467	0.01265	0.01678	0.00679	0.00703	0.00876	0.01487	0.01092	0.01194	0.00219	0.00624	0.00873
3430	0.10989	0.10661	0.07174	0.40222	0.40677	0.32086	1.97870	1.14445	0.53827	0.24534	0.24440	0.23954	0.40454	0.33289	0.25152	1.27025	0.80487	0.49604
3590	0.10849	0.10871	0.07117	0.39843	0.40293	0.31872	1.98458	1.13932	0.53620	0.24370	0.24471	0.23924	0.40759	0.33577	0.25703	1.27497	0.81013	0.50094
3760	0.11190	0.11055	0.07442	0.40421	0.40701	0.32235	1.98136	1.14014	0.54088	0.24640	0.24682	0.24091	0.40849	0.33515	0.25651	1.27615	0.80926	0.49965
3920	0.11131	0.10860	0.07406	0.40323	0.40740	0.32257	1.97996	1.14630	0.54244	0.24684	0.24678	0.24150	0.40586	0.33361	0.25492	1.27295	0.80720	0.49796
4080	0.10994	0.10870	0.07282	0.40176	0.40555	0.32014	1.98410	1.14093	0.53845	0.24479	0.24606	0.23999	0.40564	0.33556	0.25542	1.27392	0.80845	0.50007
4250	0.11223	0.10941	0.07438	0.40418	0.40738	0.32234	1.97192	1.14418	0.53900	0.24618	0.24657	0.24116	0.40568	0.33191	0.25265	1.27367	0.80585	0.49794
4410	0.11170	0.11109	0.07319	0.40291	0.40683	0.32307	1.97847	1.14254	0.53873	0.24579	0.24724	0.24093	0.40325	0.33227	0.25098	1.26992	0.80588	0.49664
4570	0.10709	0.11078	0.07531	0.40116	0.40908	0.32604	1.98242	1.14908	0.54403	0.24955	0.25148	0.24511	0.41130	0.33632	0.25405	1.28151	0.81258	0.50367
4740	0.11396	0.10990	0.07592	0.40705	0.41028	0.32572	1.97576	1.14143	0.53974	0.24779	0.24888	0.24255	0.40331	0.33247	0.25150	1.27312	0.80792	0.49805
4900	0.11078	0.10862	0.07513	0.40422	0.41068	0.32702	1.98491	1.15022	0.54307	0.25016	0.25268	0.24608	0.40790	0.33700	0.25558	1.28156	0.81129	0.50088	32.14	6.2	0.00	7.66	0.01265	0.01289	0.01621	0.00786	0.00585	0.00640	0.00467	0.01265	0.01678	0.00679	0.00703	0.00876	0.01487	0.01092	0.01193	0.00219	0.00623	0.00873
5060	0.10763	0.10817	0.07436	0.40576	0.41002	0.32448	1.97581	1.14248	0.53869	0.24702	0.25013	0.24337	0.40468	0.33332	0.25062	1.27515	0.80723	0.49692
5220	0.10861	0.10796	0.07123	0.40094	0.40621	0.31992	1.97853	1.13579	0.53510	0.24436	0.24747	0.24072	0.40549	0.33664	0.25486	1.27697	0.81066	0.50224
5390	0.11169	0.11007	0.07392	0.40675	0.41111	0.32514	1.97105	1.14231	0.53940	0.24811	0.25090	0.24415	0.40554	0.33302	0.25239	1.27519	0.80774	0.49738
5550	0.10735	0.10751	0.07086	0.40149	0.40711	0.32107	1.97074	1.13697	0.53611	0.24551	0.24951	0.24228	0.40078	0.33061	0.25151	1.27355	0.80480	0.49604
5710	0.11062	0.11218	0.07623	0.40721	0.41288	0.32679	1.98704	1.14653	0.54209	0.25032	0.25297	0.24608	0.40749	0.33726	0.25593	1.27954	0.81105	0.50187
5880	0.11296	0.10776	0.07500	0.40646	0.40890	0.32477	1.97480	1.13971	0.53913	0.24706	0.24959	0.24318	0.40498	0.33349	0.24996	1.27342	0.80628	0.49664
6040	0.11040	0.11319	0.07497	0.40571	0.41146	0.32737	1.98074	1.14774	0.54226	0.24978	0.25137	0.24529	0.40680	0.33474	0.25286	1.27793	0.80922	0.49900
6200	0.10903	0.10899	0.07216	0.40313	0.40694	0.32282	1.97329	1.14277	0.53871	0.24650	0.24869	0.24272	0.40361	0.33152	0.25109	1.27347	0.80375	0.49473
6360	0.10706	0.10686	0.06843	0.40063	0.40463	0.32006	1.97251	1.13840	0.53544	0.24492	0.24697	0.24074	0.40739	0.33498	0.25477	1.27903	0.81154	0.50164
6530	0.11203	0.11048	0.07431	0.40499	0.40906	0.32376	1.97618	1.14404	0.53868	0.24802	0.24923	0.24296	0.40372	0.33447	0.25361	1.27648	0.80649	0.49737	32.08	6.3	0.00	7.64	0.01265	0.01289	0.01621	0.00786	0.00585	0.00640	0.00467	0.01265	0.01678	0.00679	0.00702	0.00876	0.01487	0.01092	0.01193	0.00219	0.00623	0.00873
6690	0.10811	0.10770	0.07231	0.40177	0.40539	0.31936	1.97335	1.13903	0.53472	0.24487	0.24597	0.24094	0.40602	0.33330	0.25399	1.28205	0.81031	0.50049
6860	0.11274	0.11034	0.07378	0.40567	0.40951	0.32323	1.97836	1.14414	0.53907	0.24798	0.24763	0.24202	0.40237	0.33638	0.25149	1.27484	0.80722	0.49624
7020	0.10935	0.10799	0.07243	0.40065	0.40489	0.31894	1.96381	1.13893	0.53481	0.24397	0.24405	0.23937	0.40767	0.33400	0.25574	1.28138	0.81085	0.50102
7180	0.11186	0.10946	0.07373	0.40540	0.40871	0.32305	1.98256	1.14540	0.53895	0.24676	0.24752	0.24190	0.40541	0.33377	0.25279	1.27661	0.80743	0.49729
7350	0.11030	0.11111	0.07424	0.40432	0.40922	0.32392	1.98293	1.14411	0.54205	0.24865	0.24880	0.24360	0.40932	0.33385	0.25492	1.27657	0.80976	0.49857
7510	0.11133	0.10967	0.07322	0.40301	0.40760	0.32187	1.97926	1.14259	0.53942	0.24609	0.24653	0.24180	0.40421	0.33365	0.25091	1.27509	0.80550	0.49505
7670	0.11157	0.11101	0.07491	0.40337	0.41056	0.32344	1.97816	1.14377	0.54125	0.24795	0.24886	0.24363	0.40720	0.33577	0.25426	1.27560	0.80787	0.49684
7840	0.10874	0.11099	0.07448	0.40241	0.40682	0.32129	1.98186	1.14444	0.53817	0.24585	0.24593	0.24077	0.40586	0.33581	0.25280	1.27918	0.80792	0.49774
8000	0.11047	0.11117	0.07430	0.40416	0.40910	0.32245	1.96554	1.14513	0.53999	0.24547	0.24756	0.24111	0.40520	0.33292	0.25409	1.27779	0.80709	0.49550
8160	0.10838	0.10940	0.07426	0.40216	0.40580	0.31971	1.97396	1.13987	0.53773	0.24360	0.24590	0.23874	0.40175	0.33089	0.25090	1.27311	0.80297	0.49278	32.14	6.3	0.00	7.62	0.01265	0.01289	0.01621	0.00786	0.00584	0.00640	0.00467	0.01265	0.01678	0.00679	0.00702	0.00876	0.01487	0.01092	0.01193	0.00219	0.00623	0.00873
8330	0.10822	0.10814	0.07476	0.40067	0.40717	0.32284	1.97136	1.14511	0.54125	0.24834	0.24932	0.24167	0.40776	0.33719	0.25506	1.27889	0.81008	0.49877
8490	0.11089	0.11022	0.07441	0.40319	0.40648	0.31989	1.97189	1.14129	0.53823	0.24407	0.24641	0.23963	0.40249	0.33155	0.25003	1.27446	0.80617	0.49467
8650	0.10782	0.10715	0.07331	0.39978	0.40757	0.32126	1.97598	1.14315	0.54083	0.24449	0.24769	0.24034	0.40533	0.33475	0.25277	1.27725	0.80881	0.49626
8810	0.10921	0.10806	0.07220	0.40158	0.40589	0.32092	1.97629	1.14222	0.53851	0.24367	0.24607	0.23916	0.40472	0.33171	0.25042	1.27316	0.80502	0.49454
8980	0.10654	0.10740	0.07328	0.39953	0.40682	0.32119	1.97365	1.14385	0.53941	0.24530	0.24720	0.24090	0.40640	0.33319	0.25240	1.27775	0.80817	0.49728
9140	0.10989	0.10810	0.07194	0.40227	0.40637	0.32092	1.97312	1.14062	0.53869	0.24535	0.24601	0.23911	0.40428	0.33159	0.25156	1.27843	0.80690	0.49523
9310	0.10846	0.10750	0.07429	0.40375	0.40753	0.32214	1.97259	1.14531	0.53919	0.24625	0.24691	0.24084	0.40549	0.33417	0.25346	1.28058	0.80999	0.49878
9470	0.11020	0.10820	0.07421	0.40339	0.40622	0.32155	1.97172	1.14224	0.53875	0.24554	0.24568	0.23923	0.40530	0.33411	0.24878	1.27421	0.80635	0.49631
9630	0.11026	0.11028	0.07508	0.40399	0.40853	0.32405	1.97713	1.14758	0.54124	0.24814	0.24849	0.24165	0.40537	0.33287	0.25576	1.28197	0.81235	0.49910
9800	0.10932	0.10853	0.07312	0.40231	0.40577	0.32077	1.97524	1.14121	0.53744	0.24354	0.24372	0.23753	0.40280	0.33258	0.25064	1.27116	0.80774	0.49562	32.14	6.0	0.00	7.60	0.01265	0.01289	0.01621	0.00786	0.00584	0.00640	0.00467	0.01264	0.01678	0.00679	0.00702	0.00876	0.01487	0.01092	0.01193	0.00219	0.00623	0.00873
9960	0.10906	0.10923	0.07314	0.40373	0.40831	0.32288	1.98695	1.14290	0.54159	0.24439	0.24544	0.23981	0.40577	0.33256	0.25165	1.27748	0.80935	0.49782
10120	0.10680	0.10792	0.07280	0.40242	0.40477	0.32124	1.97681	1.14337	0.53741	0.24267	0.24318	0.23777	0.40422	0.33235	0.24953	1.27428	0.80505	0.49453
10290	0.10647	0.10731	0.07282	0.40295	0.40746	0.32176	1.97877	1.14297	0.54039	0.24439	0.24515	0.23866	0.40715	0.33242	0.24955	1.27563	0.80807	0.49723
10450	0.10801	0.10832	0.07288	0.40297	0.40581	0.32089	1.97804	1.14297	0.53875	0.24276	0.24378	0.23815	0.40355	0.33006	0.25253	1.27681	0.80711	0.49591
10610	0.10784	0.10608	0.06979	0.39962	0.40246	0.31756	1.97490	1.13791	0.53427	0.24051	0.24037	0.23383	0.40522	0.33648	0.25436	1.27909	0.81278	0.50105
10780	0.11239	0.11153	0.07392	0.40565	0.40848	0.32227	1.98126	1.14323	0.54029	0.24375	0.24449	0.23845	0.40501	0.33492	0.25305	1.27441	0.80758	0.49681
10940	0.11120	0.10953	0.07546	0.40427	0.40751	0.32187	1.98266	1.14370	0.54156	0.24508	0.24483	0.23852	0.40452	0.33454	0.25211	1.27719	0.80917	0.49735
11100	0.10919	0.10709	0.07201	0.40172	0.40652	0.31986	1.97132	1.14113	0.53750	0.24286	0.24416	0.23656	0.40318	0.33268	0.25251	1.27466	0.80549	0.49501
11270	0.10906	0.10975	0.07390	0.40342	0.40831	0.32183	1.97728	1.14581	0.54313	0.24423	0.24521	0.23979	0.40560	0.33711	0.25125	1.27613	0.80863	0.49684
11430	0.11005	0.10845	0.07368	0.40152	0.40426	0.31921	1.97538	1.14102	0.53829	0.24160	0.24278	0.23745	0.40329	0.33320	0.25075	1.27317	0.80425	0.49401	32.14	6.2	0.00	7.67	0.01265	0.01289	0.01621	0.00786	0.00584	0.00640	0.00467	0.01264	0.01678	0.00679	0.00702	0.00876	0.01487	0.01092	0.01193	0.00219	0.00623	0.00873
11590	0.10872	0.10588	0.07070	0.39898	0.40285	0.31737	1.96838	1.13571	0.53614	0.23935	0.24072	0.23578	0.40693	0.33535	0.25568	1.27970	0.81036	0.49960
11760	0.11072	0.11128	0.07401	0.40366	0.40782	0.32166	1.97798	1.14455	0.54146	0.24325	0.24522	0.23869	0.40642	0.33734	0.25522	1.27827	0.80962	0.49829
11920	0.11109	0.11109	0.07426	0.40413	0.40841	0.32181	1.97910	1.14734	0.53992	0.24390	0.24419	0.23917	0.40655	0.33533	0.25215	1.27742	0.80850	0.49660
12080	0.10925	0.10765	0.07252	0.40145	0.40574	0.31811	1.97306	1.14209	0.53807	0.24125	0.24260	0.23660	0.40556	0.33164	0.24913	1.27317	0.80478	0.49362
12250	0.10737	0.10669	0.07302	0.40097	0.40695	0.32235	1.98249	1.14658	0.54397	0.24555	0.24803	0.24096	0.40948	0.33830	0.25521	1.28156	0.81186	0.50000
12410	0.11071	0.10770	0.07295	0.40430	0.40727	0.32101	1.97734	1.14347	0.53740	0.24312	0.24458	0.23779	0.40556	0.33132	0.25233	1.27519	0.80680	0.49533
12570	0.10686	0.10891	0.07356	0.40224	0.40727	0.32239	1.98362	1.14597	0.53907	0.24537	0.24798	0.24033	0.40670	0.33494	0.25299	1.27641	0.81008	0.49771
12730	0.10976	0.10564	0.07143	0.40307	0.40754	0.32050	1.97454	1.13986	0.53754	0.24210	0.24541	0.23836	0.40425	0.33460	0.25115	1.27591	0.80735	0.49600
12900	0.10894	0.10686	0.07076	0.40263	0.40616	0.31948	1.97647	1.14041	0.53576	0.24139	0.24421	0.23763	0.40597	0.33333	0.25565	1.27654	0.80969	0.49938
13060	0.11221	0.11026	0.07466	0.40643	0.40933	0.32298	1.98256	1.14089	0.53949	0.24470	0.24698	0.23963	0.40583	0.33534	0.25160	1.27614	0.80850	0.49719	32.08	6.2	0.00	7.58	0.01265	0.01289	0.01621	0.00786	0.00584	0.00640	0.00467	0.01264	0.01678	0.00679	0.00702	0.00876	0.01487	0.01092	0.01193	0.00219	0.00623	0.00873
13220	0.10647	0.10685	0.07152	0.40175	0.40609	0.31910	1.98093	1.14231	0.53593	0.24103	0.24445	0.23662	0.40451	0.33283	0.25298	1.27737	0.80903	0.49752
13390	0.10877	0.10905	0.07460	0.40380	0.40722	0.32144	1.97600	1.14348	0.53852	0.24344	0.24611	0.23876	0.40434	0.33333	0.25229	1.27353	0.80822	0.49663
13550	0.10964	0.10667	0.07096	0.40098	0.40548	0.31876	1.97522	1.13845	0.53602	0.24135	0.24417	0.23739	0.40619	0.33470	0.25584	1.27429	0.81002	0.49869
13710	0.10932	0.11033	0.07411	0.40390	0.40701	0.32176	1.97875	1.14448	0.53786	0.24334	0.24572	0.23815	0.40470	0.33216	0.25166	1.27572	0.80811	0.49766
13880	0.10913	0.10856	0.07291	0.40219	0.40548	0.31873	1.97598	1.14216	0.53512	0.24124	0.24347	0.23638	0.40645	0.33793	0.25635	1.27564	0.81189	0.50056
14040	0.11333	0.10961	0.07310	0.40655	0.40999	0.32256	1.97550	1.14216	0.53976	0.24435	0.24621	0.23939	0.40369	0.33232	0.25364	1.27323	0.80645	0.49609
14210	0.11090	0.10827	0.07452	0.40400	0.41085	0.32277	1.97614	1.14653	0.54115	0.24476	0.24715	0.24004	0.40551	0.33433	0.25487	1.27454	0.80886	0.49618
14370	0.10901	0.10908	0.07384	0.40265	0.40640	0.31996	1.98374	1.13958	0.53952	0.24447	0.24559	0.23921	0.40430	0.33313	0.25293	1.27020	0.80669	0.49446
14530	0.10732	0.10906	0.07409	0.40328	0.40774	0.32211	1.97754	1.14443	0.54135	0.24480	0.24764	0.23954	0.40701	0.33336	0.25242	1.27395	0.80733	0.49580
14700	0.10922	0.10625	0.07170	0.40175	0.40462	0.31951	1.98217	1.14141	0.53725	0.24188	0.24483	0.23778	0.40274	0.33105	0.24997	1.27013	0.80309	0.49314	32.08	6.2	0.00	7.57	0.01265	0.01289	0.01621	0.00786	0.00584	0.00640	0.00467	0.01264	0.01678	0.00678	0.00702	0.00876	0.01486	0.01091	0.01193	0.00219	0.00623	0.00873
14860	0.10733	0.10423	0.06966	0.39851	0.40375	0.31733	1.97268	1.13713	0.53581	0.24102	0.24253	0.23558	0.40459	0.33580	0.25482	1.27372	0.80900	0.49848
15020	0.11074	0.10892	0.07283	0.40357	0.40673	0.32103	1.98265	1.14217	0.53905	0.24387	0.24566	0.23856	0.40493	0.33343	0.24983	1.27313	0.80627	0.49560
15190	0.11005	0.10792	0.07559	0.40353	0.40788	0.32225	1.98595	1.14590	0.54008	0.24463	0.24638	0.24014	0.40554	0.33468	0.25297	1.27667	0.80878	0.49789
15350	0.10890	0.10841	0.07358	0.40343	0.40733	0.32171	1.97948	1.14286	0.53776	0.24345	0.24562	0.23928	0.40551	0.33206	0.25260	1.27401	0.80666	0.49619
15510	0.10847	0.10613	0.07175	0.40153	0.40504	0.31978	1.97567	1.13704	0.53497	0.24128	0.24385	0.23583	0.40851	0.33503	0.25670	1.27933	0.81187	0.50125
15680	0.11340	0.10925	0.07386	0.40740	0.41117	0.32489	1.97895	1.14669	0.53904	0.24629	0.24912	0.24057	0.40761	0.33499	0.25450	1.27363	0.80993	0.50030
15840	0.11084	0.10868	0.07477	0.40776	0.41155	0.32521	1.97808	1.14398	0.54196	0.24754	0.25067	0.24240	0.40680	0.33501	0.25369	1.27393	0.80949	0.49874
16000	0.10914	0.10469	0.07179	0.40389	0.40667	0.32161	1.98130	1.14150	0.53748	0.24408	0.24744	0.23959	0.40316	0.33433	0.24819	1.27363	0.80498	0.49514
16170	0.10491	0.10698	0.07265	0.40148	0.40875	0.32400	1.97674	1.14566	0.54287	0.24644	0.25125	0.24190	0.40665	0.33615	0.25270	1.27815	0.80899	0.49972
16330	0.10827	0.10526	0.07301	0.40467	0.40731	0.32328	1.97974	1.14254	0.53918	0.24428	0.24678	0.23908	0.39946	0.33172	0.25143	1.26899	0.80399	0.49399	32.14	6.3	0.00	7.98	0.01265	0.01289	0.01621	0.00786	0.00584	0.00640	0.00467	0.01264	0.01678	0.00678	0.00702	0.00876	0.01486	0.01091	0.01193	0.00219	0.00623	0.00872
16490	0.10699	0.10501	0.07042	0.40039	0.40351	0.31910	1.96577	1.13608	0.53545	0.24190	0.24404	0.23670	0.40439	0.33692	0.25181	1.27742	0.81083	0.50062
16650	0.11203	0.11099	0.07690	0.40844	0.41114	0.32496	1.98706	1.14730	0.54258	0.24654	0.24826	0.24153	0.40430	0.33361	0.25182	1.27426	0.80897	0.49791
16820	0.10799	0.10703	0.07225	0.40343	0.40662	0.32114	1.97708	1.14041	0.53734	0.24298	0.24587	0.23907	0.40564	0.33469	0.25210	1.27607	0.80968	0.49996
16980	0.11109	0.10855	0.07512	0.40661	0.40965	0.32473	1.98790	1.14730	0.54260	0.24684	0.24853	0.24114	0.40481	0.33405	0.25137	1.27409	0.80800	0.49680
17140	0.10770	0.10844	0.07079	0.40285	0.40626	0.32050	1.97977	1.13899	0.53682	0.24430	0.24536	0.23858	0.40102	0.32957	0.24825	1.26894	0.80277	0.49327
17310	0.10958	0.10862	0.07567	0.40690	0.41196	0.32625	1.98767	1.14847	0.54429	0.24819	0.25115	0.24359	0.40678	0.33606	0.25472	1.27535	0.81039	0.49885
17470	0.10969	0.10597	0.07328	0.40525	0.40870	0.32268	1.97034	1.14267	0.53961	0.24458	0.24815	0.23995	0.40136	0.33452	0.25063	1.27362	0.80596	0.49571
17630	0.10663	0.10839	0.07466	0.40576	0.41023	0.32447	1.98081	1.14491	0.54202	0.24726	0.24951	0.24220	0.40617	0.33428	0.25180	1.27392	0.80848	0.49822
17790	0.10680	0.10852	0.07452	0.40452	0.40985	0.32351	1.97717	1.14085	0.53838	0.24468	0.24770	0.24116	0.40407	0.33277	0.25205	1.27303	0.80781	0.49714
17960	0.10759	0.10451	0.07125	0.40168	0.40607	0.32044	1.97200	1.13996	0.53552	0.24232	0.24426	0.23720	0.40226	0.33420	0.25501	1.27351	0.81015	0.50030	32.14	6.1	0.00	7.71	0.01265	0.01289	0.01620	0.00786	0.00584	0.00640	0.00467	0.01264	0.01678	0.00678	0.00702	0.00876	0.01486	0.01091	0.01193	0.00219	0.00623	0.00872
18120	0.10736	0.10725	0.07481	0.40587	0.40977	0.32386	1.97586	1.14393	0.54044	0.24560	0.24815	0.24073	0.40437	0.33204	0.25258	1.27443	0.80799	0.49703
18290	0.10754	0.10499	0.07115	0.40284	0.40649	0.32174	1.97766	1.13849	0.53516	0.24277	0.24487	0.23824	0.40504	0.33375	0.25572	1.27637	0.81163	0.50137
18450	0.11036	0.10758	0.07410	0.40691	0.41051	0.32520	1.96965	1.14683	0.54104	0.24650	0.24728	0.24110	0.40607	0.33339	0.25218	1.27532	0.80815	0.49736
18610	0.10889	0.10825	0.07355	0.40710	0.40955	0.32594	1.97956	1.14024	0.53923	0.24754	0.24926	0.24223	0.40602	0.33623	0.25214	1.27726	0.80824	0.49784
18780	0.10844	0.10514	0.07239	0.40581	0.40912	0.32402	1.98284	1.14426	0.53655	0.24584	0.24737	0.24073	0.40306	0.33165	0.25096	1.27308	0.80658	0.49671
18940	0.10896	0.10748	0.07534	0.40809	0.41234	0.32778	1.98727	1.14705	0.54111	0.24942	0.25035	0.24396	0.40587	0.33334	0.25303	1.27604	0.81043	0.50043
19100	0.11089	0.10730	0.07388	0.40770	0.41000	0.32558	1.97578	1.14208	0.53866	0.24733	0.24914	0.24182	0.40478	0.33176	0.24921	1.27422	0.80694	0.49733
19270	0.11192	0.10844	0.07476	0.40898	0.41379	0.32887	1.98225	1.14578	0.54225	0.25014	0.25028	0.24505	0.40601	0.33622	0.25538	1.27907	0.81110	0.50200
19430	0.10908	0.10709	0.07293	0.40803	0.41021	0.32575	1.98632	1.14487	0.53959	0.24714	0.24766	0.24202	0.40243	0.33093	0.24787	1.27258	0.80733	0.49719
19590	0.10631	0.10652	0.07165	0.40313	0.40589	0.32313	1.97176	1.13910	0.53507	0.24471	0.24467	0.23857	0.40460	0.33555	0.25387	1.27649	0.81036	0.50316	32.14	6.1	0.00	7.58	0.01265	0.01289	0.01620	0.00786	0.00584	0.00640	0.00467	0.01264	0.01678	0.00678	0.00702	0.00876	0.01486	0.01091	0.01193	0.00219	0.00623	0.00872
19760	0.11144	0.11084	0.07495	0.40905	0.41146	0.32790	1.97181	1.14289	0.53825	0.24853	0.24905	0.24224	0.40466	0.33389	0.25378	1.27619	0.80932	0.50044
19920	0.10962	0.10754	0.07495	0.40746	0.41137	0.32738	1.97495	1.14290	0.53993	0.24881	0.24914	0.24282	0.40416	0.33354	0.25257	1.27408	0.80825	0.49983
20080	0.10893	0.10833	0.07207	0.40655	0.40874	0.32501	1.96773	1.13986	0.53609	0.24653	0.24666	0.24036	0.40094	0.33024	0.24662	1.27311	0.80578	0.49748
20250	0.10644	0.10758	0.07439	0.40669	0.41173	0.32936	1.97643	1.14677	0.54263	0.25102	0.25179	0.24557	0.40668	0.33536	0.25362	1.27990	0.81177	0.50394
20410	0.11049	0.10672	0.07506	0.41014	0.41237	0.32747	1.98173	1.14142	0.53770	0.24873	0.24983	0.24235	0.40197	0.33212	0.24896	1.27450	0.80761	0.49934
20570	0.10810	0.10689	0.07239	0.40703	0.41216	0.32849	1.98271	1.14614	0.54231	0.25119	0.25157	0.24493	0.40362	0.33320	0.25140	1.27547	0.81034	0.50238
20730	0.10892	0.10721	0.07420	0.40813	0.41049	0.32684	1.97775	1.14374	0.53763	0.24851	0.24984	0.24268	0.40426	0.33324	0.25034	1.27488	0.80794	0.49960
20900	0.10693	0.10722	0.07124	0.40567	0.40882	0.32516	1.97095	1.13781	0.53530	0.24670	0.24900	0.24049	0.40339	0.33339	0.25395	1.28007	0.81375	0.50563
21060	0.11293	0.11217	0.07521	0.41251	0.41526	0.33083	1.97856	1.14569	0.54047	0.25091	0.25342	0.24552	0.40598	0.33581	0.25359	1.28180	0.81266	0.50421
21230	0.11113	0.10845	0.07321	0.40772	0.41106	0.32601	1.97360	1.14098	0.53631	0.24711	0.24961	0.24257	0.40614	0.33704	0.25477	1.28076	0.81367	0.50633	32.14	6.1	0.00	7.63	0.01265	0.01289	0.01620	0.00786	0.00584	0.00640	0.00467	0.01264	0.01678	0.00678	0.00702	0.00876	0.01486	0.01091	0.01193	0.00219	0.00623	0.00872
21390	0.11222	0.11101	0.07566	0.41035	0.41302	0.32916	1.98301	1.14249	0.54172	0.25021	0.25183	0.24464	0.40467	0.33311	0.25043	1.27992	0.80973	0.50191
21550	0.10901	0.10751	0.07335	0.40661	0.40819	0.32490	1.97511	1.14144	0.53480	0.24608	0.24804	0.24101	0.40388	0.33562	0.25340	1.28059	0.80992	0.50272
21710	0.10949	0.10843	0.07333	0.40770	0.41077	0.32678	1.98044	1.14411	0.53968	0.24841	0.25081	0.24259	0.40460	0.33194	0.25294	1.27629	0.80954	0.50079
21880	0.10773	0.10686	0.07290	0.40575	0.40907	0.32462	1.97750	1.14220	0.53645	0.24647	0.24751	0.24110	0.40129	0.32979	0.24890	1.27220	0.80540	0.49636
22040	0.10910	0.10971	0.07511	0.40724	0.41225	0.32902	1.98486	1.14745	0.54206	0.25055	0.25274	0.24431	0.40752	0.33625	0.25487	1.28009	0.81084	0.50119
22200	0.10805	0.10546	0.07339	0.40543	0.40800	0.32481	1.98097	1.14014	0.53780	0.24704	0.24848	0.24157	0.40522	0.33271	0.24788	1.27401	0.80599	0.49708
22370	0.10938	0.10767	0.07505	0.40650	0.40979	0.32746	1.98209	1.14670	0.54038	0.24842	0.25019	0.24355	0.40519	0.33149	0.25375	1.27734	0.80823	0.50018
22530	0.10727	0.10627	0.07066	0.40392	0.40608	0.32337	1.97665	1.14140	0.53694	0.24551	0.24760	0.24081	0.40320	0.33080	0.24899	1.27477	0.80572	0.49692
22690	0.10588	0.10467	0.07094	0.40046	0.40289	0.31984	1.97033	1.13674	0.53190	0.24201	0.24448	0.23799	0.40319	0.33347	0.25277	1.27718	0.80800	0.50020
22860	0.10815	0.10535	0.07270	0.40466	0.40831	0.32449	1.97071	1.14107	0.53915	0.24716	0.24854	0.24210	0.40249	0.33440	0.25193	1.27317	0.80787	0.49793	32.08	6.2	0.00	7.64	0.01265	0.01289	0.01620	0.00785	0.00584	0.00640	0.00467	0.01264	0.01678	0.00678	0.00702	0.00876	0.01486	0.01091	0.01193	0.00219	0.00623	0.00872
23020	0.10741	0.10693	0.06941	0.40122	0.40539	0.32106	1.97813	1.13936	0.53532	0.24410	0.24630	0.23908	0.40174	0.33380	0.25262	1.27397	0.80723	0.49914
23180	0.10898	0.10669	0.07383	0.40460	0.40740	0.32312	1.97741	1.14371	0.53911	0.24722	0.24840	0.24020	0.40194	0.33303	0.25217	1.27317	0.80589	0.49602
23350	0.10466	0.10594	0.06972	0.40125	0.40441	0.32059	1.96976	1.14003	0.53455	0.24473	0.24561	0.23864	0.40350	0.33295	0.25434	1.27220	0.80939	0.50065
23510	0.10942	0.10766	0.07266	0.40551	0.40811	0.32304	1.97220	1.14243	0.53858	0.24666	0.24909	0.24232	0.40421	0.33329	0.24946	1.27296	0.80678	0.49703
23670	0.10704	0.10830	0.07464	0.40494	0.41004	0.32489	1.97984	1.14398	0.54033	0.24824	0.25017	0.24369	0.40649	0.33023	0.25155	1.27536	0.80763	0.49881
23840	0.10837	0.10890	0.07272	0.40336	0.40753	0.32307	1.97760	1.14169	0.53755	0.24615	0.24903	0.24185	0.40558	0.33427	0.25439	1.27920	0.80967	0.50120
24000	0.10857	0.10855	0.07559	0.40864	0.41279	0.32750	1.98200	1.14495	0.54078	0.24999	0.25227	0.24442	0.40643	0.33342	0.25594	1.27747	0.80962	0.50013
24160	0.10944	0.10731	0.07298	0.40522	0.40931	0.32512	1.97556	1.13926	0.53696	0.24701	0.24921	0.24240	0.40387	0.33472	0.25343	1.27806	0.80865	0.50001
24330	0.10937	0.10802	0.07253	0.40559	0.41011	0.32463	1.97777	1.14371	0.53809	0.24784	0.24990	0.24361	0.40286	0.33127	0.24985	1.27426	0.80644	0.49676
24490	0.10834	0.10438	0.07214	0.40286	0.40847	0.32193	1.97838	1.14329	0.53779	0.24667	0.24858	0.24219	0.40143	0.33167	0.25086	1.27170	0.80546	0.49665	32.14	6.0	0.00	7.96	0.01265	0.01289	0.01620	0.00785	0.00584	0.00640	0.00467	0.01264	0.01678	0.00678	0.00702	0.00876	0.01486	0.01091	0.01193	0.00219	0.00623	0.00872
24650	0.10524	0.10670	0.07331	0.40271	0.40975	0.32399	1.98132	1.14453	0.54021	0.24861	0.25139	0.24441	0.40211	0.33231	0.25290	1.27431	0.80849	0.49863
24810	0.11059	0.10726	0.07351	0.40492	0.40899	0.32358	1.98172	1.14441	0.53774	0.24815	0.25006	0.24222	0.40235	0.33134	0.25104	1.27233	0.80537	0.49667
24980	0.10667	0.10712	0.07015	0.40146	0.40582	0.32077	1.98211	1.14117	0.53508	0.24558	0.24850	0.24106	0.40590	0.33445	0.25901	1.27596	0.80991	0.50064
25140	0.11106	0.10958	0.07653	0.40662	0.41133	0.32425	1.97611	1.14601	0.53983	0.24877	0.25085	0.24414	0.40648	0.33612	0.25341	1.27756	0.80775	0.49844
25300	0.10707	0.10572	0.07278	0.40387	0.40650	0.32226	1.98592	1.13825	0.53485	0.24648	0.24858	0.24193	0.40324	0.33509	0.25211	1.27684	0.81046	0.49986
25470	0.11105	0.10781	0.07262	0.40505	0.40794	0.32347	1.97463	1.13971	0.53694	0.24776	0.24892	0.24300	0.40312	0.33198	0.25018	1.27515	0.80618	0.49815
25630	0.10884	0.10450	0.07202	0.40211	0.40585	0.32153	1.97074	1.13910	0.53471	0.24679	0.24666	0.24106	0.40312	0.33480	0.25342	1.27798	0.80770	0.49905
25790	0.10981	0.10740	0.07412	0.40424	0.40723	0.32365	1.98172	1.14226	0.53878	0.24864	0.24940	0.24315	0.40280	0.32971	0.25126	1.27081	0.80602	0.49718
25960	0.10748	0.10379	0.07331	0.40165	0.40510	0.32100	1.97709	1.13775	0.53604	0.24645	0.24706	0.24128	0.40356	0.33378	0.25469	1.28064	0.80912	0.50035
26120	0.10874	0.10864	0.07028	0.40484	0.40769	0.32364	1.97981	1.14170	0.53796	0.24713	0.24795	0.24239	0.40490	0.33147	0.25442	1.27548	0.80664	0.49721	32.19	6.1	0.00	7.66	0.01265	0.01289	0.01620	0.00785	0.00584	0.00640	0.00467	0.01264	0.01678	0.00678	0.00702	0.00876	0.01486	0.01091	0.01193	0.00219	0.00623	0.00872
26290	0.10759	0.10759	0.07118	0.40422	0.40753	0.32295	1.97731	1.14085	0.53823	0.24849	0.24871	0.24230	0.40372	0.33139	0.24988	1.27232	0.80609	0.49716
26450	0.10677	0.10678	0.07254	0.40430	0.40738	0.32435	1.98185	1.14187	0.53847	0.24950	0.25038	0.24342	0.40558	0.33250	0.25388	1.27553	0.80556	0.49688
26610	0.10812	0.11051	0.07641	0.40536	0.40871	0.32518	1.97513	1.14452	0.54056	0.25033	0.24991	0.24447	0.40697	0.33414	0.25132	1.27835	0.80775	0.49851
26780	0.10799	0.10788	0.07216	0.40387	0.40665	0.32283	1.97664	1.14275	0.53654	0.24794	0.24866	0.24269	0.40324	0.33166	0.25084	1.27295	0.80589	0.49609
26940	0.10785	0.10717	0.07525	0.40671	0.40955	0.32707	1.97448	1.14334	0.53902	0.25141	0.25063	0.24436	0.40649	0.33324	0.25405	1.27937	0.80920	0.49906
27100	0.10863	0.10769	0.07227	0.40468	0.40702	0.32386	1.97275	1.13897	0.53742	0.24821	0.24644	0.24174	0.40053	0.33087	0.24813	1.26916	0.80500	0.49504
27270	0.10729	0.10760	0.07406	0.40362	0.40652	0.32404	1.97426	1.14253	0.53971	0.24877	0.24885	0.24396	0.40494	0.33357	0.25242	1.27443	0.80680	0.49786
27430	0.10667	0.10732	0.07227	0.40420	0.40626	0.32334	1.97989	1.14268	0.53662	0.24849	0.24675	0.24212	0.40262	0.33243	0.24740	1.27257	0.80450	0.49616
27590	0.10628	0.10637	0.07165	0.40139	0.40372	0.32105	1.97863	1.13969	0.53507	0.24607	0.24583	0.23987	0.40226	0.33359	0.25341	1.27283	0.80761	0.49903
27760	0.11114	0.10802	0.07175	0.40391	0.40530	0.32272	1.97442	1.14181	0.53802	0.24747	0.24547	0.24120	0.40454	0.32989	0.25126	1.26983	0.80481	0.49533	32.14	6.3	0.00	7.60	0.01265	0.01289	0.01620	0.00785	0.00584	0.00640	0.00467	0.01264	0.01678	0.00678	0.00702	0.00876	0.01486	0.01091	0.01193	0.00219	0.00623	0.00872
27920	0.10564	0.10469	0.06972	0.39994	0.40146	0.31877	1.96619	1.13711	0.53372	0.24642	0.24456	0.23833	0.40492	0.33472	0.25179	1.27194	0.80726	0.49740
28080	0.10855	0.10774	0.07387	0.40365	0.40574	0.32313	1.97475	1.14211	0.53746	0.24879	0.24681	0.24114	0.40844	0.33378	0.25447	1.27359	0.80983	0.50062
28250	0.11168	0.11016	0.07394	0.40644	0.40789	0.32414	1.97313	1.14475	0.53892	0.25039	0.24857	0.24342	0.40614	0.33370	0.25302	1.27384	0.80686	0.49752
28410	0.10841	0.10946	0.07367	0.40242	0.40593	0.32315	1.97117	1.14357	0.53877	0.25123	0.24839	0.24293	0.40364	0.33233	0.25281	1.27249	0.80760	0.49750
28580	0.10801	0.10774	0.07128	0.40238	0.40483	0.32299	1.97994	1.13813	0.53511	0.24761	0.24641	0.24073	0.40310	0.33216	0.24922	1.27059	0.80425	0.49455
28740	0.10864	0.10967	0.07534	0.40098	0.40614	0.32440	1.97772	1.14539	0.54036	0.25102	0.24796	0.24320	0.40584	0.33381	0.25268	1.27477	0.80691	0.49755
28900	0.10753	0.10799	0.07266	0.40241	0.40463	0.32208	1.96887	1.14101	0.53627	0.24768	0.24544	0.24032	0.40653	0.33335	0.25378	1.27586	0.80629	0.49641
29070	0.11120	0.11011	0.07261	0.40305	0.40559	0.32305	1.97369	1.14194	0.53808	0.24911	0.24697	0.24163	0.40652	0.33349	0.25132	1.27283	0.80601	0.49682
29230	0.10929	0.10726	0.07277	0.40156	0.40381	0.32059	1.96247	1.14230	0.53650	0.24866	0.24583	0.23952	0.40606	0.33493	0.25472	1.27565	0.80836	0.49909
29400	0.11137	0.10892	0.07346	0.40345	0.40666	0.32263	1.97249	1.14408	0.53881	0.24962	0.24634	0.24105	0.40650	0.33305	0.25297	1.27045	0.80625	0.49691	32.14	6.3	0.00	7.66	0.01265	0.01289	0.01620	0.00785	0.00584	0.00640	0.00467	0.01264	0.01678	0.00678	0.00702	0.00876	0.01486	0.01091	0.01193	0.00219	0.00623	0.00872
29560	0.10843	0.10579	0.07224	0.40208	0.40494	0.32004	1.96471	1.14028	0.53510	0.24788	0.24497	0.23912	0.40914	0.33795	0.25653	1.27665	0.81042	0.50183
29720	0.11300	0.11159	0.07487	0.40656	0.40887	0.32509	1.97566	1.14560	0.54232	0.25047	0.24972	0.24333	0.40605	0.33172	0.25283	1.27594	0.80815	0.49792
29890	0.11076	0.10958	0.07570	0.40614	0.40890	0.32560	1.98546	1.14630	0.54291	0.25189	0.24928	0.24379	0.40648	0.33733	0.25502	1.27610	0.80898	0.49938
30050	0.11032	0.10862	0.07460	0.40394	0.40528	0.32164	1.97706	1.14352	0.53925	0.24801	0.24565	0.23995	0.40483	0.33222	0.25103	1.27222	0.80516	0.49510
30210	0.10987	0.10987	0.07294	0.40312	0.40742	0.32349	1.98616	1.14638	0.53956	0.24908	0.24699	0.24193	0.40615	0.33462	0.24904	1.27298	0.80587	0.49647
30370	0.11014	0.10862	0.07296	0.40207	0.40516	0.32128	1.97930	1.14213	0.53920	0.24724	0.24507	0.23981	0.40330	0.33134	0.24986	1.27307	0.80419	0.49584
30540	0.10913	0.10716	0.07141	0.40047	0.40316	0.31950	1.97451	1.14106	0.53478	0.24464	0.24341	0.23772	0.40514	0.33307	0.25367	1.27328	0.80721	0.49806
30700	0.10996	0.10915	0.07445	0.40348	0.40526	0.32258	1.98230	1.14374	0.53821	0.24821	0.24676	0.24053	0.40439	0.33079	0.25123	1.27332	0.80484	0.49531
30870	0.10818	0.10484	0.07197	0.40079	0.40371	0.31852	1.97728	1.13851	0.53436	0.24495	0.24419	0.23752	0.40625	0.33489	0.25451	1.27467	0.80770	0.49929
31030	0.11028	0.10850	0.07394	0.40362	0.40619	0.32084	1.97966	1.14288	0.54027	0.24693	0.24619	0.24039	0.40569	0.33481	0.25134	1.27198	0.80479	0.49584	32.14	6.0	0.00	7.74	0.01265	0.01289	0.01620	0.00785	0.00584	0.00640	0.00467	0.01264	0.01678	0.00678	0.00702	0.00876	0.01486	0.01091	0.01193	0.00219	0.00623	0.00872
31190	0.10751	0.10893	0.07517	0.40285	0.40640	0.32189	1.97411	1.14547	0.54048	0.24876	0.24783	0.24137	0.40681	0.33278	0.25139	1.27169	0.80580	0.49722
31360	0.10719	0.10911	0.07307	0.40107	0.40437	0.32077	1.98170	1.13908	0.53624	0.24669	0.24540	0.24034	0.40569	0.33635	0.25440	1.27536	0.80968	0.49994
31520	0.11023	0.11105	0.07601	0.40441	0.40992	0.32447	1.98448	1.14694	0.54167	0.25068	0.24811	0.24356	0.40601	0.33540	0.25239	1.27540	0.80751	0.49858
31680	0.10757	0.10523	0.07226	0.40246	0.40536	0.32114	1.97464	1.13884	0.53777	0.24627	0.24490	0.24035	0.40549	0.33660	0.25350	1.27434	0.80816	0.49867
31850	0.10931	0.10748	0.07250	0.40174	0.40587	0.32159	1.96174	1.14168	0.53811	0.24665	0.24612	0.24125	0.40530	0.33091	0.25312	1.27114	0.80538	0.49633
32010	0.10990	0.10664	0.07156	0.40111	0.40537	0.32025	1.97697	1.14003	0.53878	0.24626	0.24442	0.24012	0.40204	0.33061	0.24885	1.26941	0.80327	0.49402
32170	0.10497	0.10805	0.07411	0.39900	0.40584	0.32240	1.97921	1.14261	0.54143	0.24856	0.24782	0.24334	0.40593	0.33314	0.25162	1.27135	0.80546	0.49743
32330	0.10792	0.10970	0.07290	0.40143	0.40503	0.32034	1.97638	1.14354	0.53711	0.24663	0.24710	0.24041	0.40413	0.33246	0.25059	1.27186	0.80440	0.49503
32500	0.10768	0.10936	0.07383	0.40134	0.40684	0.32133	1.98103	1.14633	0.53952	0.24767	0.24845	0.24128	0.40536	0.33272	0.25347	1.27228	0.80652	0.49733
32660	0.10811	0.10955	0.07335	0.40176	0.40615	0.32086	1.97958	1.14232	0.53881	0.24591	0.24644	0.24038	0.40437	0.33362	0.25149	1.27003	0.80418	0.49359	32.14	6.1	0.00	7.60	0.01265	0.01289	0.01620	0.00785	0.00584	0.00640	0.00467	0.01264	0.01677	0.00678	0.00702	0.00875	0.01486	0.01091	0.01193	0.00219	0.00623	0.00872
32830	0.10991	0.10996	0.07340	0.40158	0.40600	0.32173	1.97516	1.14239	0.53889	0.24810	0.24874	0.24266	0.40516	0.33363	0.25127	1.27412	0.80768	0.49678
32990	0.10959	0.10633	0.07122	0.40173	0.40542	0.32078	1.97995	1.14052	0.53795	0.24635	0.24694	0.24084	0.40549	0.33379	0.25270	1.27066	0.80596	0.49553
33150	0.10949	0.11122	0.07312	0.40295	0.40815	0.32334	1.97869	1.14578	0.54017	0.24779	0.24889	0.24208	0.40749	0.33476	0.25168	1.27420	0.80722	0.49762
33320	0.10897	0.10818	0.07278	0.40174	0.40658	0.32220	1.97420	1.14036	0.53738	0.24650	0.24596	0.24039	0.40225	0.33189	0.25102	1.26678	0.80461	0.49507
33480	0.10879	0.11057	0.07448	0.40280	0.40808	0.32355	1.97911	1.14773	0.54147	0.24945	0.24922	0.24342	0.40674	0.33554	0.25347	1.27560	0.80736	0.49805
33640	0.10981	0.10654	0.07296	0.40192	0.40664	0.32120	1.98070	1.14196	0.53769	0.24527	0.24839	0.24106	0.40260	0.33236	0.25096	1.26851	0.80534	0.49561
33810	0.10961	0.11056	0.07478	0.40383	0.40977	0.32418	1.97247	1.14569	0.54130	0.24933	0.24995	0.24380	0.40552	0.33415	0.25769	1.27327	0.80941	0.49955
33970	0.11037	0.10778	0.07301	0.40358	0.40848	0.32153	1.97342	1.14035	0.53969	0.24675	0.24851	0.24177	0.40255	0.33106	0.25121	1.27079	0.80468	0.49505
34130	0.10809	0.10986	0.07411	0.40300	0.40912	0.32438	1.98115	1.14471	0.54182	0.24918	0.25044	0.24355	0.40672	0.33373	0.25134	1.27230	0.80829	0.49793
34300	0.10921	0.10521	0.07405	0.40253	0.40690	0.32229	1.97639	1.14182	0.53848	0.24749	0.24721	0.24163	0.40420	0.33108	0.25101	1.26852	0.80473	0.49474	32.08	6.2	0.00	7.59	0.01265	0.01289	0.01620	0.00785	0.00584	0.00640	0.00467	0.01264	0.01677	0.00678	0.00702	0.00875	0.01486	0.01091	0.01193	0.00219	0.00623	0.00872
34460	0.10773	0.10579	0.07214	0.40128	0.40632	0.32094	1.97177	1.14234	0.53500	0.24464	0.24629	0.23999	0.40559	0.33741	0.25680	1.27751	0.81072	0.50137
34620	0.11223	0.10961	0.07533	0.40750	0.41244	0.32695	1.98267	1.14561	0.54081	0.25068	0.25065	0.24389	0.40796	0.33621	0.25277	1.27413	0.80720	0.49744
34790	0.11090	0.10956	0.07216	0.40608	0.41077	0.32724	1.98351	1.14709	0.54164	0.25054	0.24997	0.24453	0.40597	0.33363	0.25640	1.27392	0.80822	0.49928
34950	0.10887	0.10686	0.07340	0.40518	0.40897	0.32550	1.97289	1.14312	0.53872	0.24845	0.24679	0.24256	0.40451	0.33251	0.25138	1.26957	0.80416	0.49522
35110	0.10580	0.10441	0.07134	0.40188	0.40620	0.32263	1.96567	1.13676	0.53529	0.24728	0.24545	0.24050	0.40542	0.33412	0.25375	1.27105	0.80822	0.50054
35280	0.11093	0.10807	0.07347	0.40682	0.40953	0.32520	1.97065	1.14261	0.54097	0.24954	0.24897	0.24305	0.40375	0.33083	0.25263	1.26928	0.80630	0.49731
35440	0.10920	0.10719	0.06955	0.40275	0.40649	0.32265	1.97163	1.13920	0.53641	0.24623	0.24654	0.24032	0.40447	0.33236	0.25058	1.27211	0.80596	0.49831
35600	0.10802	0.11100	0.07261	0.40560	0.40812	0.32540	1.96978	1.14184	0.53773	0.24964	0.24829	0.24261	0.40741	0.33471	0.25361	1.27396	0.80970	0.50109
35770	0.11114	0.10808	0.07362	0.40851	0.41053	0.32801	1.97451	1.14713	0.54128	0.25107	0.25029	0.24398	0.40559	0.33380	0.25260	1.27173	0.80759	0.49990
35930	0.10810	0.10558	0.07296	0.40485	0.40768	0.32462	1.96928	1.13888	0.53513	0.24872	0.24726	0.24242	0.40561	0.33463	0.25495	1.27701	0.81145	0.50410	32.14	6.1	0.00	7.57	0.01265	0.01289	0.01620	0.00785	0.00584	0.00640	0.00467	0.01264	0.01677	0.00678	0.00702	0.00875	0.01486	0.01091	0.01193	0.00219	0.00623	0.00872
36100	0.11469	0.11348	0.07693	0.40922	0.41073	0.32915	1.97858	1.14773	0.54234	0.25305	0.25190	0.24564	0.40538	0.33386	0.25357	1.27511	0.80823	0.50133
36260	0.11008	0.11162	0.07514	0.40713	0.40934	0.32835	1.97620	1.14357	0.54147	0.25263	0.25025	0.24479	0.40443	0.33333	0.25039	1.27490	0.80704	0.50109
36420	0.11046	0.10784	0.07295	0.40528	0.40731	0.32427	1.98654	1.13872	0.53779	0.24939	0.24679	0.24231	0.40445	0.32840	0.24950	1.27093	0.80407	0.49710
36580	0.10693	0.10558	0.07002	0.40270	0.40389	0.32178	1.97353	1.13753	0.53327	0.24692	0.24555	0.24043	0.40612	0.33583	0.25585	1.27794	0.81095	0.50411
36750	0.10976	0.11073	0.07203	0.40834	0.40967	0.32531	1.98045	1.14463	0.53915	0.25081	0.24963	0.24391	0.40571	0.33219	0.25141	1.27181	0.80784	0.50008
36910	0.10819	0.10637	0.07257	0.40535	0.40645	0.32331	1.98060	1.13658	0.53487	0.24767	0.24523	0.24073	0.40679	0.33504	0.25425	1.27675	0.81145	0.50444
37080	0.11311	0.11043	0.07545	0.40877	0.41025	0.32776	1.97961	1.14401	0.54155	0.25265	0.24983	0.24405	0.40351	0.33122	0.25433	1.27021	0.80852	0.50025
37240	0.10874	0.10767	0.07372	0.40710	0.40866	0.32698	1.98887	1.14586	0.54182	0.25234	0.24954	0.24493	0.40419	0.33016	0.25283	1.27333	0.80828	0.49972
37400	0.10787	0.10663	0.07250	0.40381	0.40638	0.32475	1.96989	1.14091	0.53750	0.25015	0.24768	0.24224	0.40340	0.33233	0.25005	1.27283	0.80720	0.49962
37570	0.10626	0.10742	0.07194	0.40506	0.40519	0.32426	1.97488	1.14065	0.53513	0.24834	0.24545	0.24088	0.40538	0.33506	0.25388	1.27678	0.81062	0.50265	32.14	6.1	0.00	7.59	0.01265	0.01289	0.01620	0.00785	0.00584	0.00640	0.00467	0.01264	0.01677	0.00678	0.00702	0.00875	0.01486	0.01091	0.01193	0.00219	0.00623	0.00872
37730	0.10882	0.10840	0.07216	0.40625	0.40591	0.32522	1.97191	1.14220	0.53848	0.24853	0.24688	0.24154	0.40375	0.33194	0.25195	1.27023	0.80666	0.50016
37890	0.10908	0.10812	0.07082	0.40457	0.40635	0.32438	1.97222	1.14070	0.53515	0.24918	0.24633	0.24119	0.40640	0.33526	0.25418	1.27391	0.81363	0.50624
38060	0.11237	0.11028	0.07614	0.41102	0.41243	0.33097	1.97967	1.14703	0.54285	0.25594	0.25348	0.24862	0.40725	0.33742	0.25608	1.28269	0.81829	0.50911
38220	0.11351	0.11215	0.07745	0.41685	0.41759	0.33562	1.97998	1.14880	0.54476	0.25840	0.25604	0.24922	0.40901	0.33709	0.25747	1.28155	0.81558	0.50785
38380	0.11172	0.10970	0.07527	0.41216	0.41301	0.33118	1.97967	1.14344	0.53851	0.25365	0.25213	0.24726	0.40383	0.33309	0.25002	1.27674	0.81150	0.50436
38540	0.10655	0.10711	0.07423	0.40952	0.41077	0.32839	1.97455	1.14000	0.53793	0.25165	0.25010	0.24428	0.40699	0.33545	0.25507	1.27906	0.81386	0.50617
38710	0.11090	0.10843	0.07372	0.41053	0.41101	0.32849	1.98621	1.14269	0.53898	0.25171	0.24933	0.24368	0.40354	0.33116	0.25118	1.27205	0.80588	0.49885
38870	0.10700	0.10597	0.06892	0.40301	0.40527	0.32218	1.97326	1.13603	0.53371	0.24775	0.24405	0.23985	0.40139	0.32562	0.24659	1.26395	0.80130	0.49373
39030	0.10860	0.10912	0.07525	0.40463	0.40783	0.32613	1.97920	1.14355	0.53817	0.25126	0.24786	0.24338	0.40653	0.33219	0.25171	1.27243	0.80695	0.49947
39200	0.10840	0.10590	0.07272	0.40686	0.40695	0.32575	1.97427	1.14034	0.53640	0.25016	0.24612	0.24180	0.40166	0.33245	0.25087	1.27126	0.80751	0.49942	32.14	6.1	0.00	7.70	0.01265	0.01289	0.01620	0.00785	0.00584	0.00640	0.00467	0.01264	0.01677	0.00678	0.00702	0.00875	0.01486	0.01091	0.01193	0.00219	0.00623	0.00872
39360	0.10861	0.10628	0.07279	0.40418	0.40529	0.32411	1.97248	1.13749	0.53386	0.24852	0.24459	0.23955	0.40046	0.32768	0.24635	1.26911	0.80347	0.49524
39520	0.10752	0.10671	0.07034	0.40152	0.40457	0.32435	1.97223	1.14130	0.53553	0.24864	0.24608	0.23999	0.40180	0.33047	0.25125	1.26936	0.80390	0.49645
39690	0.10680	0.10710	0.07173	0.40058	0.40253	0.32018	1.97657	1.13812	0.53313	0.24575	0.24177	0.23710	0.39854	0.32860	0.24939	1.26636	0.79987	0.49352
39850	0.10469	0.10448	0.07215	0.39973	0.40376	0.32201	1.96879	1.13876	0.53537	0.24792	0.24425	0.24009	0.40335	0.32959	0.24885	1.26847	0.80280	0.49551
40020	0.10662	0.10435	0.06880	0.40051	0.40089	0.31942	1.96313	1.13487	0.53172	0.24469	0.24095	0.23654	0.39984	0.32451	0.24460	1.26337	0.79764	0.49018
40180	0.10386	0.10359	0.07082	0.39621	0.39984	0.31887	1.96968	1.13889	0.53526	0.24479	0.24167	0.23749	0.40133	0.32863	0.25029	1.27012	0.80164	0.49381
40340	0.10557	0.10583	0.07037	0.39863	0.40073	0.31903	1.96565	1.13725	0.53303	0.24414	0.24097	0.23733	0.40028	0.32508	0.24711	1.26358	0.79911	0.49259
40510	0.10818	0.10973	0.07676	0.40384	0.40779	0.32525	1.97738	1.14337	0.53860	0.24929	0.24659	0.24208	0.40503	0.33437	0.25190	1.27160	0.80604	0.49916
40670	0.10828	0.10794	0.07059	0.40252	0.40359	0.32233	1.96873	1.13787	0.53627	0.24717	0.24285	0.23818	0.40121	0.32792	0.24816	1.26708	0.80138	0.49523
40830	0.10854	0.10941	0.07164	0.40344	0.40732	0.32404	1.97373	1.14229	0.53847	0.24833	0.24531	0.24067	0.40113	0.33121	0.24903	1.27243	0.80382	0.49584	32.14	6.2	0.00	7.59	0.01265	0.01289	0.01620	0.00785	0.00584	0.00640	0.00467	0.01264	0.01677	0.00678	0.00702	0.00875	0.01486	0.01091	0.01193	0.00219	0.00623	0.00872
40990	0.10680	0.10288	0.07118	0.40138	0.40258	0.32076	1.97709	1.13733	0.53195	0.24629	0.24307	0.23804	0.39838	0.32822	0.24479	1.26602	0.79946	0.49278
41160	0.10306	0.10154	0.06757	0.39737	0.39900	0.31787	1.96290	1.13265	0.53103	0.24264	0.24089	0.23548	0.40038	0.32932	0.25076	1.26897	0.80234	0.49605
41320	0.10584	0.10408	0.07031	0.40152	0.40444	0.32226	1.97202	1.13903	0.53506	0.24611	0.24419	0.23826	0.40091	0.32864	0.24747	1.27019	0.80261	0.49496
41480	0.10545	0.10303	0.06879	0.39954	0.40135	0.32021	1.96863	1.13854	0.53123	0.24504	0.24224	0.23684	0.39815	0.32888	0.24789	1.26344	0.79952	0.49172
41650	0.10689	0.10918	0.07277	0.40400	0.40657	0.32638	1.97174	1.14109	0.53992	0.25009	0.24810	0.24245	0.40570	0.33340	0.25000	1.27209	0.80659	0.49828
41810	0.10751	0.10719	0.07146	0.40274	0.40493	0.32231	1.96891	1.13534	0.53521	0.24636	0.24432	0.23857	0.40154	0.32898	0.24699	1.26893	0.80245	0.49465
41970	0.10723	0.10691	0.07283	0.40426	0.40683	0.32449	1.96877	1.14110	0.53791	0.24861	0.24541	0.24103	0.40380	0.33127	0.24951	1.27268	0.80415	0.49690
42130	0.10715	0.10690	0.06933	0.40133	0.40241	0.32074	1.96959	1.13826	0.53390	0.24490	0.24397	0.23863	0.39947	0.32563	0.24573	1.26585	0.80180	0.49368
42300	0.10363	0.10428	0.06707	0.39851	0.39990	0.31906	1.96897	1.13448	0.53188	0.24334	0.24173	0.23581	0.40117	0.33258	0.25257	1.27125	0.80524	0.49676
42460	0.10790	0.10406	0.07163	0.40259	0.40369	0.32261	1.96912	1.13920	0.53335	0.24611	0.24502	0.23937	0.40156	0.33024	0.24972	1.26870	0.80338	0.49587	32.14	6.2	0.00	7.63	0.01265	0.01289	0.01620	0.00785	0.00584	0.00640	0.00467	0.01264	0.01677	0.00678	0.00702	0.00875	0.01486	0.01091	0.01193	0.00219	0.00623	0.00872
42620	0.10517	0.10242	0.06970	0.40092	0.39972	0.31878	1.96985	1.13381	0.53081	0.24266	0.24314	0.23633	0.40356	0.32934	0.25282	1.26827	0.80524	0.49791
42790	0.10921	0.10558	0.07205	0.40236	0.40394	0.32187	1.97833	1.13821	0.53388	0.24601	0.24665	0.23881	0.40192	0.32887	0.25096	1.26979	0.80286	0.49556
42950	0.10564	0.10581	0.06952	0.40028	0.40090	0.31987	1.96663	1.13822	0.53277	0.24384	0.24251	0.23642	0.40205	0.32897	0.25085	1.26625	0.80386	0.49691
43120	0.10651	0.10575	0.07167	0.40161	0.40296	0.32183	1.96512	1.13793	0.53371	0.24613	0.24592	0.23880	0.40372	0.33142	0.25172	1.26992	0.80572	0.49676
43280	0.10657	0.10671	0.07197	0.40209	0.40412	0.32320	1.97318	1.14013	0.53631	0.24636	0.24656	0.23946	0.40291	0.33220	0.25195	1.26815	0.80332	0.49586
43440	0.10533	0.10437	0.07079	0.40005	0.40037	0.31969	1.96831	1.13585	0.53316	0.24381	0.24293	0.23726	0.40435	0.33264	0.25340	1.27152	0.80505	0.49678
43610	0.10817	0.10783	0.07176	0.40260	0.40415	0.32235	1.97475	1.13890	0.53733	0.24607	0.24554	0.23975	0.40288	0.32956	0.25040	1.26667	0.80283	0.49466
43770	0.10511	0.10395	0.06962	0.39940	0.40003	0.31942	1.96923	1.13483	0.53313	0.24374	0.24271	0.23781	0.40210	0.33273	0.25190	1.26844	0.80351	0.49594
43930	0.10876	0.10428	0.07058	0.40278	0.40281	0.32137	1.97615	1.13948	0.53668	0.24553	0.24406	0.23876	0.40183	0.33017	0.25108	1.26507	0.80183	0.49367
44100	0.10572	0.10575	0.07029	0.39901	0.39985	0.31864	1.96918	1.13680	0.53394	0.24317	0.24211	0.23641	0.40292	0.33067	0.25028	1.26695	0.80461	0.49573	32.14	6.1	0.00	7.66	0.01265	0.01289	0.01620	0.00785	0.00584	0.00640	0.00467	0.01264	0.01678	0.00678	0.00702	0.00875	0.01486	0.01091	0.01193	0.00219	0.00623	0.00872
44260	0.10611	0.10623	0.07296	0.40160	0.40276	0.32099	1.96899	1.14023	0.53664	0.24497	0.24442	0.23797	0.40236	0.32965	0.24812	1.26699	0.80304	0.49339
44420	0.10489	0.10488	0.07088	0.39864	0.39996	0.31916	1.96711	1.13764	0.53127	0.24271	0.24086	0.23666	0.40318	0.33182	0.25209	1.26766	0.80626	0.49726
44590	0.10718	0.10575	0.07002	0.40256	0.40330	0.32166	1.97845	1.13866	0.53600	0.24435	0.24416	0.23769	0.40254	0.33041	0.25136	1.26551	0.80276	0.49410
44750	0.10688	0.10238	0.07019	0.39824	0.39970	0.31910	1.97316	1.13445	0.53243	0.24253	0.24107	0.23574	0.40415	0.33146	0.25336	1.27087	0.80623	0.49774
44920	0.10942	0.10764	0.07251	0.40212	0.40442	0.32257	1.97882	1.13873	0.53557	0.24644	0.24386	0.23841	0.40199	0.32860	0.25144	1.26492	0.80295	0.49476
45080	0.10686	0.10709	0.07427	0.40096	0.40418	0.32269	1.98504	1.14077	0.53758	0.24604	0.24454	0.23912	0.40442	0.33104	0.25221	1.26830	0.80564	0.49598
45240	0.10932	0.10709	0.07227	0.40081	0.40290	0.32202	1.96756	1.13786	0.53724	0.24550	0.24325	0.23834	0.40491	0.33063	0.25151	1.26758	0.80256	0.49343
45410	0.11095	0.10829	0.07295	0.40430	0.40588	0.32409	1.97383	1.14414	0.54096	0.24861	0.24604	0.24150	0.40346	0.33506	0.25135	1.27171	0.80765	0.49779
45570	0.10859	0.10525	0.07281	0.40230	0.40354	0.32179	1.97428	1.13847	0.53790	0.24569	0.24395	0.23897	0.40205	0.33121	0.24894	1.26631	0.80239	0.49429
45730	0.10837	0.10745	0.07365	0.40333	0.40528	0.32469	1.98581	1.14207	0.53915	0.24710	0.24548	0.24051	0.40175	0.33137	0.25075	1.26651	0.80575	0.49557	32.14	6.1	0.00	7.63	0.01265	0.01289	0.01620	0.00785	0.00584	0.00640	0.00467	0.01264	0.01678	0.00678	0.00702	0.00875	0.01486	0.01091	0.01193	0.00219	0.00623	0.00872
45890	0.10725	0.10482	0.07125	0.40076	0.40387	0.32091	1.96542	1.13585	0.53497	0.24487	0.24307	0.23832	0.40025	0.32865	0.24993	1.26386	0.80191	0.49203
46060	0.10460	0.10494	0.06971	0.39764	0.40158	0.31798	1.97244	1.13358	0.53213	0.24288	0.24008	0.23541	0.40013	0.32959	0.25107	1.26829	0.80496	0.49638
46220	0.10539	0.10549	0.07033	0.40196	0.40513	0.32248	1.96861	1.14304	0.53511	0.24512	0.24394	0.23935	0.40232	0.32789	0.25114	1.26542	0.80361	0.49483
46390	0.10608	0.10369	0.06810	0.39835	0.40178	0.31933	1.96872	1.13676	0.53175	0.24259	0.24053	0.23586	0.40296	0.33020	0.25205	1.26664	0.80649	0.49754
46550	0.10879	0.10860	0.07371	0.40228	0.40521	0.32263	1.96956	1.14107	0.53488	0.24529	0.24365	0.23918	0.40026	0.33085	0.25004	1.26795	0.80577	0.49632
46710	0.10802	0.10520	0.07004	0.40027	0.40259	0.32073	1.96765	1.13821	0.53183	0.24363	0.24296	0.23714	0.40142	0.33360	0.25250	1.26816	0.80743	0.49933
46880	0.10987	0.10742	0.07366	0.40422	0.40701	0.32314	1.97334	1.13914	0.53651	0.24582	0.24542	0.23986	0.40491	0.33014	0.25224	1.27352	0.80851	0.49917
47040	0.11047	0.11019	0.07337	0.40469	0.40847	0.32549	1.97975	1.14072	0.53852	0.24860	0.24669	0.24116	0.40308	0.33267	0.25132	1.26913	0.80769	0.49768
47200	0.10844	0.10655	0.06986	0.40221	0.40470	0.32315	1.97222	1.13707	0.53444	0.24633	0.24427	0.23856	0.40544	0.33207	0.25353	1.27238	0.80910	0.49952
47370	0.10751	0.10852	0.07312	0.40532	0.40743	0.32614	1.97447	1.14186	0.53871	0.24872	0.24720	0.24062	0.40306	0.32955	0.25361	1.26909	0.80743	0.49791	32.14	6.2	0.00	7.59	0.01265	0.01289	0.01620	0.00785	0.00584	0.00640	0.00467	0.01264	0.01678	0.00678	0.00702	0.00875	0.01486	0.01091	0.01193	0.00219	0.00623	0.00872
47530	0.10678	0.10494	0.07176	0.40382	0.40556	0.32386	1.96308	1.13771	0.53513	0.24628	0.24491	0.23881	0.40451	0.33046	0.25264	1.26855	0.80679	0.49818
47690	0.10764	0.10652	0.07329	0.40415	0.40759	0.32478	1.97195	1.14007	0.53598	0.24696	0.24679	0.23952	0.40500	0.32971	0.25019	1.26956	0.80707	0.49697
47860	0.10632	0.10547	0.07200	0.40169	0.40609	0.32299	1.96806	1.13720	0.53589	0.24582	0.24633	0.23907	0.40289	0.32935	0.24826	1.26825	0.80423	0.49572
48020	0.10632	0.10814	0.07144	0.40171	0.40838	0.32751	1.97447	1.14456	0.53989	0.24916	0.24955	0.24230	0.40677	0.33552	0.25195	1.27293	0.80955	0.49922
48180	0.10977	0.10838	0.07221	0.40410	0.40765	0.32457	1.96853	1.13871	0.53620	0.24670	0.24534	0.23864	0.40271	0.32983	0.25029	1.26981	0.80470	0.49549
48350	0.10844	0.11004	0.07429	0.40478	0.40871	0.32653	1.97926	1.14130	0.53986	0.24862	0.24723	0.24060	0.40229	0.33226	0.25074	1.27002	0.80732	0.49808
48510	0.10871	0.10530	0.07183	0.40337	0.40617	0.32314	1.97240	1.13612	0.53430	0.24493	0.24292	0.23829	0.40021	0.32854	0.24861	1.26467	0.80294	0.49442
48670	0.10395	0.10136	0.06791	0.39823	0.40040	0.31833	1.96249	1.13501	0.53171	0.24244	0.24146	0.23522	0.40374	0.33205	0.25146	1.26935	0.80882	0.49855
48830	0.10679	0.10758	0.07115	0.40362	0.40566	0.32426	1.96870	1.13814	0.53552	0.24543	0.24534	0.23787	0.40100	0.32768	0.24779	1.27040	0.80437	0.49509
49000	0.10427	0.10461	0.07042	0.39992	0.40202	0.31884	1.96044	1.13050	0.53156	0.24325	0.24123	0.23553	0.40304	0.32861	0.25241	1.26949	0.80592	0.49760	32.19	6.1	0.00	6.78	0.01265	0.01289	0.01620	0.00785	0.00584	0.00640	0.00467	0.01264	0.01678	0.00678	0.00702	0.00875	0.01486	0.01091	0.01193	0.00219	0.00623	0.00872
49160	0.10884	0.10583	0.07199	0.40183	0.40488	0.32210	1.97012	1.13880	0.53614	0.24671	0.24610	0.23926	0.40253	0.32962	0.25152	1.26894	0.80592	0.49678
49320	0.10814	0.10555	0.07087	0.40032	0.40226	0.31971	1.96802	1.13284	0.53364	0.24340	0.24208	0.23700	0.40307	0.33427	0.25288	1.27451	0.80757	0.50009
49490	0.10844	0.10697	0.07422	0.40374	0.40604	0.32294	1.96674	1.13832	0.53636	0.24718	0.24522	0.23910	0.40282	0.33232	0.25198	1.26949	0.80602	0.49804
49650	0.10741	0.10611	0.07172	0.40114	0.40411	0.32136	1.96444	1.13514	0.53342	0.24517	0.24363	0.23735	0.40477	0.33373	0.25376	1.27333	0.80934	0.50112
49820	0.10862	0.10846	0.07276	0.40418	0.40739	0.32356	1.97612	1.13739	0.53860	0.24793	0.24626	0.24023	0.40345	0.33064	0.25187	1.27160	0.80584	0.49780
49980	0.10943	0.10733	0.07377	0.40344	0.40764	0.32492	1.97606	1.14066	0.53849	0.24887	0.24791	0.24107	0.40513	0.33312	0.25213	1.27328	0.80750	0.49904
50140	0.10823	0.10809	0.07228	0.40311	0.40752	0.32449	1.96537	1.13790	0.53751	0.24729	0.24491	0.23930	0.40309	0.33028	0.24975	1.26763	0.80427	0.49659
50310	0.10864	0.10785	0.07344	0.40467	0.40832	0.32584	1.98422	1.14164	0.53923	0.24915	0.24830	0.24132	0.40351	0.33367	0.25308	1.27240	0.80837	0.49911
50470	0.10833	0.10562	0.07031	0.40312	0.40810	0.32221	1.96968	1.13947	0.53578	0.24629	0.24635	0.23880	0.39988	0.32864	0.25010	1.26729	0.80390	0.49579
50630	0.10373	0.10416	0.07034	0.40022	0.40475	0.32041	1.96120	1.13454	0.53109	0.24396	0.24500	0.23714	0.40341	0.33252	0.25390	1.27192	0.81010	0.50132	32.14	6.1	0.00	7.58	0.01265	0.01289	0.01620	0.00785	0.00584	0.00640	0.00467	0.01264	0.01678	0.00678	0.00702	0.00875	0.01486	0.01091	0.01193	0.00219	0.00623	0.00872
50800	0.10983	0.10770	0.07347	0.40648	0.41081	0.32396	1.97595	1.14111	0.53638	0.24772	0.24798	0.24037	0.40436	0.33592	0.25195	1.27070	0.80876	0.49934
50960	0.10717	0.10909	0.07348	0.40479	0.40850	0.32481	1.96828	1.14461	0.53758	0.24863	0.24809	0.24165	0.40166	0.33235	0.25151	1.27104	0.80725	0.49894
51120	0.10602	0.10553	0.07111	0.40379	0.40715	0.32217	1.97144	1.13809	0.53428	0.24507	0.24556	0.23845	0.39929	0.32915	0.24836	1.26615	0.80218	0.49410
51290	0.10384	0.10561	0.07158	0.40048	0.40888	0.32576	1.97867	1.14534	0.54026	0.24875	0.25076	0.24285	0.40542	0.33300	0.25302	1.27222	0.80900	0.50061
51450	0.10900	0.10612	0.07117	0.40410	0.40738	0.32288	1.97074	1.13842	0.53613	0.24561	0.24612	0.23938	0.39929	0.32984	0.24699	1.26602	0.80402	0.49569
51610	0.10519	0.10625	0.07385	0.40238	0.40889	0.32376	1.97015	1.14093	0.53912	0.24736	0.24741	0.24094	0.40027	0.33078	0.25196	1.26872	0.80557	0.49732
51770	0.10598	0.10480	0.07078	0.40169	0.40537	0.32186	1.96181	1.13876	0.53463	0.24493	0.24639	0.23931	0.39980	0.33163	0.24804	1.26695	0.80501	0.49513
51940	0.10533	0.10619	0.07246	0.40108	0.40591	0.32230	1.96859	1.14049	0.53897	0.24602	0.24712	0.24032	0.40317	0.32925	0.24976	1.26855	0.80611	0.49712
52100	0.10731	0.10476	0.07317	0.40265	0.40546	0.32144	1.98175	1.14130	0.53488	0.24496	0.24626	0.23924	0.40017	0.32783	0.24698	1.26547	0.80416	0.49551
52270	0.10680	0.10592	0.07099	0.40340	0.40741	0.32307	1.97701	1.14185	0.53668	0.24720	0.24754	0.24107	0.40260	0.32902	0.24825	1.27073	0.80749	0.49746	32.19	6.1	0.00	7.61	0.01265	0.01289	0.01620	0.00785	0.00584	0.00640	0.00467	0.01264	0.01678	0.00678	0.00702	0.00875	0.01486	0.01091	0.01193	0.00219	0.00623	0.00872
52430	0.10720	0.10628	0.07062	0.40305	0.40775	0.32223	1.98272	1.14027	0.53770	0.24610	0.24704	0.24011	0.40137	0.33045	0.24539	1.26879	0.80519	0.49650
52590	0.10461	0.10467	0.06987	0.40009	0.40339	0.31828	1.96945	1.13268	0.53334	0.24258	0.24182	0.23711	0.40366	0.33084	0.25431	1.27069	0.81003	0.50114
52760	0.11057	0.10788	0.07371	0.40546	0.40844	0.32448	1.97440	1.14129	0.53703	0.24746	0.24703	0.24102	0.40345	0.33287	0.25017	1.26740	0.80669	0.49709
52920	0.10685	0.10783	0.07341	0.40386	0.40789	0.32438	1.97225	1.14003	0.53748	0.24735	0.24641	0.24107	0.40425	0.33154	0.25386	1.26828	0.80668	0.49699
53080	0.10830	0.10584	0.07296	0.40125	0.40569	0.32129	1.97583	1.13892	0.53510	0.24538	0.24402	0.23941	0.40274	0.32769	0.24856	1.26537	0.80364	0.49448
53250	0.10778	0.10532	0.07249	0.40314	0.40746	0.32345	1.98037	1.14293	0.53836	0.24763	0.24691	0.24103	0.40520	0.33317	0.25028	1.26727	0.80740	0.49752
53410	0.10829	0.10508	0.07158	0.40214	0.40684	0.32203	1.97174	1.13697	0.53638	0.24531	0.24559	0.23945	0.40076	0.32969	0.25047	1.26685	0.80448	0.49530
53570	0.10697	0.10756	0.07370	0.40263	0.40708	0.32287	1.97578	1.13961	0.53603	0.24804	0.24666	0.24085	0.40156	0.33174	0.24993	1.26685	0.80530	0.49609
53740	0.10554	0.10469	0.07098	0.40066	0.40444	0.32027	1.97622	1.13553	0.53616	0.24538	0.24443	0.23887	0.40073	0.32765	0.24860	1.26381	0.80310	0.49336
53900	0.10624	0.10561	0.07368	0.40158	0.40579	0.32339	1.97299	1.13829	0.53714	0.24618	0.24566	0.23959	0.40190	0.32994	0.25104	1.26824	0.80329	0.49481	32.14	6.1	0.00	7.72	0.01265	0.01289	0.01620	0.00785	0.00584	0.00640	0.00467	0.01264	0.01678	0.00678	0.00702	0.00875	0.01486	0.01091	0.01193	0.00219	0.00623	0.00872
54060	0.10640	0.10490	0.07095	0.39929	0.40386	0.31948	1.97252	1.13944	0.53570	0.24490	0.24537	0.23872	0.40080	0.32957	0.24803	1.26841	0.80172	0.49293
54230	0.10430	0.10663	0.07212	0.40009	0.40496	0.32080	1.97627	1.13923	0.53812	0.24510	0.24528	0.23929	0.40253	0.33529	0.25085	1.27009	0.80455	0.49538
54390	0.10636	0.10501	0.07067	0.39959	0.40404	0.31953	1.97383	1.13819	0.53276	0.24394	0.24365	0.23669	0.40034	0.32765	0.24868	1.26318	0.80145	0.49204
54550	0.10638	0.10787	0.07315	0.40013	0.40627	0.32188	1.97582	1.13953	0.53704	0.24679	0.24589	0.23930	0.40282	0.33364	0.25171	1.26613	0.80419	0.49552
54720	0.10603	0.10406	0.06879	0.39969	0.40390	0.32087	1.96432	1.13942	0.53484	0.24569	0.24383	0.23835	0.40490	0.33410	0.25283	1.27039	0.80725	0.49800
54880	0.10862	0.10778	0.07357	0.40267	0.40734	0.32290	1.97633	1.14105	0.53851	0.24798	0.24712	0.24117	0.40454	0.33416	0.25464	1.27187	0.80777	0.49825
55040	0.10853	0.10660	0.07082	0.40147	0.40450	0.32015	1.97330	1.13664	0.53460	0.24451	0.24332	0.23750	0.40474	0.33385	0.25389	1.27250	0.80600	0.49763
55210	0.11027	0.10593	0.07420	0.40322	0.40716	0.32261	1.97417	1.13943	0.53636	0.24596	0.24459	0.23955	0.40284	0.33125	0.25318	1.26883	0.80512	0.49551
55370	0.10463	0.10592	0.07026	0.39912	0.40346	0.31936	1.97372	1.13771	0.53564	0.24470	0.24452	0.23833	0.40131	0.32903	0.24778	1.26567	0.80373	0.49269
55530	0.10323	0.10485	0.07008	0.39862	0.40605	0.32075	1.97586	1.14169	0.53806	0.24763	0.24585	0.24017	0.40428	0.32876	0.25096	1.26926	0.80573	0.49593	32.14	6.1	0.00	7.61	0.01265	0.01289	0.01620	0.00785	0.00584	0.00640	0.00467	0.01264	0.01678	0.00678	0.00702	0.00875	0.01486	0.01091	0.01193	0.00219	0.00623	0.00872
55690	0.10641	0.10580	0.07086	0.40133	0.40652	0.32073	1.96822	1.14038	0.53566	0.24587	0.24450	0.23848	0.40136	0.33055	0.24993	1.26804	0.80440	0.49485
55860	0.10537	0.10515	0.07061	0.40001	0.40376	0.31916	1.97253	1.13371	0.53364	0.24471	0.24252	0.23708	0.40501	0.33294	0.25030	1.27040	0.80752	0.50022
56020	0.10687	0.10839	0.07408	0.40402	0.40916	0.32339	1.98003	1.14440	0.53862	0.24872	0.24589	0.24056	0.40628	0.33131	0.24912	1.26761	0.80583	0.49678
56180	0.10729	0.10465	0.07025	0.40069	0.40606	0.31932	1.96131	1.13800	0.53485	0.24480	0.24407	0.23779	0.40373	0.33340	0.25304	1.27057	0.80769	0.49866
56350	0.10870	0.10703	0.07107	0.40318	0.40666	0.32140	1.97160	1.14074	0.53841	0.24695	0.24445	0.23939	0.40337	0.33042	0.24990	1.26947	0.80423	0.49515
56510	0.10421	0.10419	0.07002	0.40041	0.40432	0.31863	1.97247	1.13522	0.53224	0.24412	0.24271	0.23587	0.40483	0.33050	0.25185	1.26934	0.80653	0.49687
56670	0.10685	0.10745	0.07157	0.40272	0.40667	0.32081	1.97659	1.14043	0.53756	0.24784	0.24562	0.23945	0.40437	0.33001	0.25145	1.26846	0.80483	0.49544
56840	0.10697	0.10533	0.07001	0.39963	0.40351	0.31831	1.97242	1.13977	0.53331	0.24300	0.24288	0.23642	0.40535	0.33184	0.25359	1.26723	0.80773	0.49869
57000	0.10954	0.10712	0.07396	0.40309	0.40762	0.32127	1.97354	1.13779	0.53731	0.24581	0.24457	0.23858	0.40313	0.33350	0.25186	1.26757	0.80339	0.49391
57170	0.10718	0.10430	0.06888	0.39849	0.40421	0.31815	1.97002	1.13605	0.53333	0.24340	0.24232	0.23613	0.40752	0.33333	0.25702	1.27272	0.80966	0.49862	32.19	6.1	0.00	7.61	0.01265	0.01289	0.01620	0.00785	0.00584	0.00640	0.00467	0.01264	0.01678	0.00678	0.00702	0.00875	0.01486	0.01091	0.01193	0.00219	0.00623	0.00872
57330	0.11125	0.10808	0.07330	0.40319	0.40678	0.32126	1.97335	1.14222	0.53956	0.24624	0.24428	0.23889	0.40358	0.32861	0.25033	1.27251	0.80538	0.49491
57490	0.10858	0.10664	0.07208	0.40226	0.40646	0.32137	1.97181	1.13866	0.53893	0.24540	0.24443	0.23852	0.40558	0.33236	0.25078	1.26893	0.80456	0.49482
57660	0.10872	0.10410	0.07028	0.39953	0.40463	0.31929	1.96954	1.13742	0.53568	0.24411	0.24175	0.23627	0.40254	0.32690	0.25053	1.26446	0.80052	0.49124
57820	0.10708	0.10728	0.07290	0.39947	0.40622	0.32059	1.97682	1.13755	0.53757	0.24589	0.24440	0.23824	0.40409	0.33049	0.25012	1.26762	0.80450	0.49437
57980	0.10550	0.10486	0.07203	0.40000	0.40547	0.31860	1.97312	1.13987	0.53712	0.24449	0.24347	0.23728	0.40246	0.33076	0.24874	1.26635	0.80316	0.49238
58150	0.10779	0.10898	0.07312	0.40063	0.40610	0.32116	1.97763	1.14290	0.53639	0.24468	0.24485	0.23770	0.40275	0.32988	0.25068	1.26914	0.80337	0.49300
58310	0.10784	0.10617	0.06951	0.39932	0.40398	0.31796	1.97002	1.13804	0.53477	0.24406	0.24319	0.23689	0.39992	0.32858	0.24824	1.26745	0.80226	0.49354
58470	0.10700	0.10445	0.06841	0.39808	0.40282	0.31682	1.97870	1.13625	0.53410	0.24119	0.24098	0.23389	0.40355	0.33160	0.25179	1.27040	0.80530	0.49632
58640	0.10903	0.10813	0.07121	0.40069	0.40717	0.31973	1.97116	1.14014	0.53747	0.24392	0.24394	0.23665	0.40265	0.32990	0.24966	1.26661	0.80459	0.49465
58800	0.10788	0.10850	0.07231	0.40024	0.40664	0.32058	1.96590	1.13950	0.53738	0.24288	0.24402	0.23678	0.40275	0.33140	0.25084	1.27059	0.80403	0.49335	32.14	6.1	0.00	7.73	0.01265	0.01289	0.01620	0.00785	0.00584	0.00640	0.00467	0.01264	0.01678	0.00678	0.00702	0.00875	0.01486	0.01091	0.01193	0.00219	0.00623	0.00872
58960	0.10740	0.10519	0.07077	0.39903	0.40461	0.31785	1.97214	1.13771	0.53504	0.24186	0.24238	0.23445	0.40330	0.33110	0.25169	1.27506	0.80533	0.49536
59130	0.10826	0.10618	0.07256	0.40081	0.40588	0.31994	1.96959	1.14092	0.53886	0.24246	0.24382	0.23557	0.40333	0.33232	0.24822	1.27021	0.80401	0.49364
59290	0.10842	0.10631	0.06999	0.39862	0.40429	0.31939	1.97132	1.13833	0.53513	0.24164	0.24234	0.23437	0.40425	0.33307	0.25307	1.27008	0.80605	0.49590
59450	0.10830	0.10533	0.07158	0.40101	0.40670	0.32088	1.97401	1.14134	0.53958	0.24363	0.24212	0.23659	0.40392	0.33295	0.24970	1.26996	0.80404	0.49312
59620	0.10896	0.10513	0.06840	0.39854	0.40389	0.31824	1.97275	1.13802	0.53533	0.24213	0.24228	0.23452	0.40478	0.33469	0.25485	1.27434	0.80772	0.49687
59780	0.10999	0.10939	0.07324	0.40259	0.40732	0.32172	1.97718	1.14149	0.53749	0.24386	0.24502	0.23684	0.40584	0.33220	0.25051	1.26991	0.80556	0.49427
59940	0.10688	0.10742	0.07127	0.39825	0.40344	0.31816	1.97620	1.13703	0.53461	0.24160	0.24106	0.23533	0.40487	0.33170	0.25215	1.27468	0.80530	0.49520
60110	0.10916	0.10524	0.07315	0.39954	0.40551	0.31934	1.97046	1.14121	0.53767	0.24213	0.24315	0.23639	0.40336	0.32913	0.24785	1.26781	0.80223	0.49171
60270	0.10460	0.10422	0.06918	0.39620	0.40126	0.31629	1.96313	1.13570	0.53434	0.23917	0.23970	0.23351	0.39995	0.32624	0.24831	1.26342	0.79808	0.48765
60430	0.10893	0.10861	0.07193	0.39957	0.40681	0.32232	1.97851	1.14434	0.53972	0.24586	0.24416	0.23756	0.40409	0.33240	0.25251	1.27150	0.80397	0.49386	32.19	6.2	0.00	7.58	0.01265	0.01289	0.01620	0.00785	0.00584	0.00640	0.00467	0.01264	0.01678	0.00678	0.00702	0.00875	0.01486	0.01091	0.01193	0.00219	0.00623	0.00872
60600	0.10831	0.10582	0.06997	0.39710	0.40308	0.31897	1.97535	1.13792	0.53534	0.24176	0.24115	0.23532	0.40170	0.32976	0.24814	1.26665	0.80000	0.48986
60760	0.10662	0.10618	0.07238	0.39777	0.40515	0.31994	1.98333	1.14047	0.53836	0.24290	0.24176	0.23639	0.40192	0.33198	0.24851	1.26757	0.80236	0.49253
60920	0.10772	0.10347	0.07014	0.39685	0.40314	0.31811	1.96992	1.13816	0.53372	0.24138	0.23951	0.23430	0.40048	0.32940	0.24825	1.26412	0.79801	0.48868
61080	0.10307	0.10401	0.06753	0.39337	0.39949	0.31487	1.96871	1.13628	0.53358	0.23833	0.23794	0.23275	0.40229	0.33069	0.25284	1.26955	0.80277	0.49404
61250	0.10552	0.10827	0.07215	0.39812	0.40423	0.31825	1.97305	1.14250	0.53531	0.24262	0.24176	0.23472	0.40429	0.32831	0.25061	1.26778	0.80060	0.49071
61410	0.10663	0.10373	0.07076	0.39474	0.40105	0.31561	1.97322	1.13636	0.53411	0.24013	0.23938	0.23329	0.40373	0.33060	0.25099	1.26787	0.80295	0.49234
61570	0.10823	0.10623	0.07077	0.39783	0.40358	0.31812	1.96561	1.13792	0.53818	0.24247	0.24171	0.23520	0.40279	0.33132	0.25124	1.26846	0.80104	0.49133
61740	0.10701	0.10528	0.07008	0.39542	0.40155	0.31605	1.98353	1.13655	0.53421	0.23901	0.23936	0.23276	0.40447	0.33276	0.25189	1.27019	0.80268	0.49363
61900	0.10818	0.10894	0.07274	0.39885	0.40488	0.31883	1.97871	1.14069	0.53561	0.24205	0.24057	0.23534	0.40215	0.32881	0.25090	1.26492	0.80038	0.49049
62070	0.10420	0.10366	0.07040	0.39443	0.40051	0.31483	1.96680	1.13739	0.53341	0.23929	0.23895	0.23219	0.40521	0.33193	0.25370	1.27041	0.80724	0.49529	32.19	6.1	0.00	7.60	0.01265	0.01289	0.01620	0.00785	0.00584	0.00640	0.00467	0.01264	0.01678	0.00678	0.00702	0.00875	0.01486	0.01091	0.01193	0.00219	0.00623	0.00872
62230	0.10875	0.10801	0.07314	0.40019	0.40650	0.31882	1.97977	1.14281	0.53866	0.24371	0.24137	0.23588	0.40396	0.33296	0.25145	1.26948	0.80322	0.49225
62390	0.11038	0.10769	0.07442	0.40037	0.40784	0.32095	1.98035	1.14451	0.54002	0.24572	0.24279	0.23789	0.40610	0.33277	0.25521	1.27340	0.80457	0.49353
62560	0.10661	0.10561	0.07205	0.39788	0.40397	0.31730	1.97590	1.13951	0.53676	0.24151	0.23863	0.23454	0.40525	0.33737	0.25219	1.27348	0.80495	0.49524
62720	0.10847	0.10843	0.07331	0.40080	0.40738	0.32054	1.97436	1.14304	0.53882	0.24441	0.24240	0.23646	0.40410	0.33486	0.25076	1.27357	0.80437	0.49372
62880	0.10603	0.10304	0.07134	0.39837	0.40481	0.31659	1.97444	1.13862	0.53566	0.24183	0.24021	0.23433	0.40120	0.32968	0.24775	1.26821	0.79918	0.48893
63040	0.10442	0.10363	0.07023	0.39564	0.40469	0.31815	1.98013	1.14200	0.53857	0.24377	0.24155	0.23601	0.40218	0.33393	0.25078	1.26855	0.80204	0.49054
63210	0.10773	0.10359	0.07138	0.39594	0.40378	0.31502	1.97075	1.13674	0.53584	0.24060	0.23912	0.23343	0.40033	0.32883	0.24783	1.26623	0.80055	0.48913
63370	0.10246	0.10297	0.06930	0.39514	0.40170	0.31501	1.97232	1.13847	0.53424	0.23999	0.23906	0.23243	0.40051	0.32730	0.24716	1.26375	0.79794	0.48716
63530	0.10364	0.10331	0.07059	0.39419	0.40288	0.31744	1.97643	1.14107	0.53676	0.24258	0.24199	0.23512	0.40150	0.33195	0.25316	1.26788	0.80299	0.49204
63700	0.10803	0.10464	0.07089	0.39749	0.40199	0.31664	1.97143	1.13881	0.53373	0.23949	0.23969	0.23283	0.39978	0.32891	0.24932	1.26884	0.79810	0.48859	32.19	6.0	0.00	7.59	0.01265	0.01289	0.01620	0.00785	0.00584	0.00640	0.00467	0.01264	0.01678	0.00678	0.00702	0.00875	0.01486	0.01091	0.01193	0.00219	0.00623	0.00872
63860	0.10386	0.10360	0.07181	0.39462	0.40268	0.31706	1.97952	1.13989	0.53659	0.24157	0.24230	0.23441	0.40298	0.33142	0.24998	1.26981	0.80083	0.49106
64020	0.10838	0.10344	0.07076	0.39684	0.40158	0.31524	1.96628	1.13778	0.53535	0.24034	0.23955	0.23242	0.40038	0.32955	0.24718	1.26715	0.80012	0.48923
64190	0.10778	0.10634	0.07255	0.39927	0.40352	0.31780	1.97067	1.14171	0.53800	0.24246	0.24093	0.23359	0.40405	0.33021	0.25099	1.26960	0.80182	0.49139
64350	0.10597	0.10426	0.07106	0.39717	0.40250	0.31627	1.97473	1.13664	0.53395	0.23985	0.23951	0.23244	0.39989	0.32915	0.24742	1.26568	0.79840	0.48858
64510	0.10535	0.10303	0.06839	0.39451	0.39930	0.31311	1.96958	1.13316	0.53175	0.23767	0.23702	0.23023	0.40508	0.33167	0.25229	1.26977	0.80501	0.49490
64680	0.11238	0.10929	0.07430	0.40015	0.40547	0.31778	1.97235	1.13745	0.53998	0.24245	0.24037	0.23403	0.40353	0.32988	0.25043	1.27031	0.80186	0.49151
64840	0.10810	0.10706	0.07288	0.39893	0.40336	0.31742	1.97543	1.14139	0.53545	0.24170	0.24234	0.23423	0.40338	0.33037	0.25059	1.27133	0.80113	0.49122
65000	0.10662	0.10610	0.07099	0.39660	0.40155	0.31608	1.97131	1.13901	0.53376	0.23973	0.23953	0.23220	0.40104	0.32853	0.24890	1.26770	0.79819	0.48843
65170	0.10444	0.10450	0.07019	0.39313	0.39861	0.31294	1.97288	1.13546	0.53156	0.23662	0.23601	0.22952	0.40346	0.33087	0.25308	1.26934	0.80352	0.49392
65330	0.11038	0.10714	0.07305	0.39932	0.40396	0.31814	1.98068	1.13927	0.53625	0.24145	0.24077	0.23392	0.40137	0.32992	0.24849	1.26716	0.80041	0.49000	32.19	6.3	0.00	7.72	0.01265	0.01289	0.01620	0.00785	0.00584	0.00640	0.00467	0.01264	0.01678	0.00678	0.00702	0.00875	0.01486	0.01091	0.01193	0.00219	0.00623	0.00872
65490	0.10853	0.10403	0.06982	0.39602	0.40092	0.31430	1.96634	1.13449	0.53326	0.23872	0.23765	0.23095	0.40238	0.33174	0.25335	1.27353	0.80414	0.49395
65660	0.10892	0.10585	0.07200	0.39965	0.40409	0.31813	1.97440	1.14238	0.53736	0.24162	0.24071	0.23357	0.40085	0.33144	0.24854	1.26784	0.80063	0.49007
65820	0.10781	0.10710	0.07286	0.39503	0.40015	0.31465	1.96701	1.13750	0.53367	0.23862	0.23852	0.23112	0.40408	0.33131	0.25298	1.27087	0.80470	0.49425
65980	0.11071	0.10861	0.07365	0.40038	0.40472	0.31810	1.97250	1.14307	0.53694	0.24190	0.24075	0.23444	0.40218	0.33046	0.25027	1.26581	0.80085	0.49038
66150	0.10679	0.10837	0.07377	0.39878	0.40358	0.31813	1.98084	1.14346	0.53803	0.24316	0.24144	0.23461	0.40414	0.33123	0.25000	1.26872	0.80201	0.49095
66310	0.10777	0.10731	0.07119	0.39618	0.40184	0.31660	1.97420	1.14181	0.53600	0.23942	0.23894	0.23150	0.40184	0.32973	0.24942	1.26345	0.79943	0.48851
66470	0.10515	0.10625	0.06994	0.39398	0.39903	0.31336	1.97079	1.13636	0.53200	0.23772	0.23753	0.22983	0.40258	0.33285	0.25052	1.26721	0.80194	0.49141
66640	0.10878	0.10706	0.07279	0.39747	0.40138	0.31679	1.98084	1.13661	0.53523	0.23966	0.23858	0.23249	0.40151	0.32929	0.25070	1.26409	0.79779	0.48758
66800	0.10530	0.10284	0.06953	0.39251	0.39746	0.31197	1.96950	1.13309	0.53215	0.23593	0.23636	0.22920	0.40151	0.33073	0.24963	1.26253	0.79914	0.48921
66970	0.10544	0.10476	0.07302	0.39563	0.40035	0.31411	1.96980	1.13697	0.53473	0.23818	0.23799	0.23067	0.40249	0.32870	0.25328	1.26791	0.80107	0.49098	32.19	6.0	0.00	7.60	0.01265	0.01289	0.01620	0.00785	0.00584	0.00640	0.00467	0.01264	0.01678	0.00678	0.00702	0.00875	0.01486	0.01091	0.01193	0.00219	0.00623	0.00872
67130	0.11156	0.10808	0.07390	0.39831	0.40269	0.31682	1.97753	1.13889	0.53555	0.23964	0.24032	0.23137	0.40350	0.33077	0.24774	1.26648	0.79915	0.48823
67290	0.10439	0.10704	0.07214	0.39555	0.40127	0.31654	1.97924	1.14218	0.53761	0.24103	0.24127	0.23300	0.40413	0.33089	0.25185	1.26850	0.79975	0.49121
67460	0.10633	0.10793	0.07168	0.39680	0.40019	0.31428	1.97084	1.14110	0.53491	0.23941	0.23989	0.23183	0.40308	0.33238	0.25064	1.26758	0.80065	0.49016
67620	0.10781	0.10490	0.07315	0.39684	0.40109	0.31551	1.97529	1.13867	0.53431	0.23962	0.23918	0.23218	0.40010	0.32868	0.25093	1.26842	0.79958	0.48970
67780	0.10794	0.10343	0.07019	0.39537	0.39906	0.31368	1.97129	1.13500	0.53234	0.23780	0.23852	0.22987	0.40225	0.33368	0.25334	1.26947	0.80281	0.49248
67950	0.10911	0.10982	0.07398	0.39884	0.40239	0.31673	1.97409	1.14036	0.53862	0.24028	0.24041	0.23263	0.40125	0.32847	0.24895	1.26606	0.79799	0.48841
68110	0.11038	0.10534	0.07518	0.39719	0.40276	0.31701	1.97714	1.14171	0.53728	0.24067	0.24066	0.23316	0.40278	0.33171	0.24933	1.26572	0.79951	0.48984
68280	0.10653	0.10704	0.07163	0.39532	0.40083	0.31569	1.98039	1.13784	0.53719	0.23950	0.24011	0.23203	0.40045	0.32923	0.24920	1.26391	0.79647	0.48724
68440	0.10579	0.10852	0.07379	0.39701	0.40353	0.31801	1.98106	1.14513	0.53893	0.24113	0.24183	0.23445	0.40475	0.33437	0.24941	1.26732	0.80024	0.49025
68600	0.10708	0.10711	0.07275	0.39602	0.40002	0.31480	1.97410	1.13862	0.53415	0.23844	0.23962	0.23105	0.39953	0.32807	0.24716	1.26323	0.79732	0.48691	32.19	6.0	0.00	7.57	0.01265	0.01289	0.01620	0.00785	0.00584	0.00640	0.00467	0.01264	0.01678	0.00678	0.00702	0.00875	0.01486	0.01091	0.01193	0.00219	0.00623	0.00872
68770	0.10752	0.10858	0.07457	0.39864	0.40205	0.31840	1.97933	1.14269	0.53852	0.24259	0.24177	0.23412	0.40169	0.33305	0.25208	1.26504	0.80131	0.49064
68930	0.10889	0.10534	0.07195	0.39574	0.39934	0.31478	1.97384	1.13838	0.53437	0.23905	0.23969	0.23151	0.40259	0.32748	0.24784	1.26184	0.79720	0.48667
69090	0.10665	0.10872	0.07243	0.39698	0.40097	0.31577	1.97099	1.13942	0.53809	0.24083	0.24020	0.23282	0.40141	0.33235	0.25023	1.26668	0.79995	0.48915
69250	0.10529	0.10612	0.07083	0.39504	0.39983	0.31360	1.97065	1.13736	0.53422	0.23867	0.23970	0.23091	0.40014	0.32870	0.24643	1.26314	0.79685	0.48513
69420	0.10523	0.10313	0.06903	0.39211	0.39696	0.31230	1.96992	1.13652	0.53182	0.23639	0.23783	0.22950	0.40334	0.33082	0.25076	1.26382	0.80090	0.49035
69580	0.10585	0.10693	0.07191	0.39590	0.40039	0.31544	1.97872	1.13959	0.53588	0.23928	0.23924	0.23176	0.40133	0.32997	0.25159	1.26104	0.79717	0.48647
69750	0.10452	0.10382	0.06940	0.39278	0.39712	0.31198	1.97482	1.13346	0.53021	0.23627	0.23560	0.22870	0.40095	0.33008	0.25366	1.26449	0.80206	0.49123
69910	0.10891	0.10605	0.07199	0.39625	0.40096	0.31605	1.96992	1.13772	0.53496	0.23897	0.23964	0.23144	0.40047	0.32988	0.24748	1.25960	0.79622	0.48569
70070	0.10317	0.10519	0.07005	0.39142	0.39590	0.31177	1.97138	1.13425	0.53042	0.23611	0.23767	0.22929	0.40327	0.33339	0.25214	1.26555	0.80262	0.49179
70240	0.10836	0.10559	0.07058	0.39700	0.40020	0.31519	1.97912	1.14034	0.53689	0.23849	0.23917	0.23109	0.40363	0.33173	0.25227	1.26601	0.80135	0.49096	32.19	6.0	0.00	6.74	0.01265	0.01289	0.01620	0.00785	0.00584	0.00640	0.00467	0.01264	0.01678	0.00678	0.00702	0.00875	0.01486	0.01091	0.01193	0.00219	0.00623	0.00872
70400	0.10751	0.10694	0.07263	0.39829	0.40282	0.31813	1.97721	1.14019	0.53877	0.24171	0.24162	0.23252	0.40476	0.33172	0.25023	1.26622	0.80074	0.49098
70560	0.10911	0.10707	0.07336	0.39906	0.40252	0.31823	1.98377	1.14129	0.53805	0.24248	0.24441	0.23461	0.40697	0.33556	0.25496	1.27647	0.81084	0.50050
70730	0.11283	0.11115	0.07670	0.40892	0.41307	0.32725	1.97671	1.14897	0.54493	0.24881	0.24987	0.24170	0.40680	0.33816	0.25361	1.28053	0.81241	0.50080
70890	0.11160	0.10912	0.07236	0.40663	0.40954	0.32241	1.97993	1.14329	0.53891	0.24510	0.24468	0.23671	0.40193	0.33418	0.25017	1.27023	0.80473	0.49222
71050	0.10400	0.10349	0.07101	0.39728	0.39989	0.31449	1.97004	1.13372	0.53435	0.23871	0.23979	0.23215	0.39855	0.32723	0.24713	1.26639	0.80112	0.48988
71210	0.10423	0.10430	0.07417	0.39873	0.40559	0.32125	1.98133	1.14489	0.53947	0.24331	0.24422	0.23620	0.40286	0.33351	0.24943	1.26939	0.80494	0.49337
71370	0.10419	0.10486	0.07008	0.39816	0.40144	0.31553	1.97461	1.13427	0.53780	0.23968	0.23991	0.23254	0.40093	0.32851	0.24627	1.26171	0.79690	0.48592
71540	0.10368	0.10256	0.06843	0.39199	0.39615	0.31169	1.96190	1.13326	0.53006	0.23598	0.23710	0.22975	0.40184	0.33064	0.24880	1.26273	0.80119	0.49023
71700	0.10748	0.10678	0.07115	0.39780	0.40119	0.31615	1.96856	1.13512	0.53334	0.23920	0.23916	0.23113	0.39797	0.32617	0.24865	1.26066	0.79729	0.48804
71860	0.10592	0.10343	0.07011	0.39647	0.39922	0.31413	1.97250	1.13393	0.53169	0.23803	0.23809	0.23059	0.39918	0.32613	0.24742	1.26012	0.79491	0.48489	32.19	5.9	0.00	7.57	0.01265	0.01289	0.01620	0.00786	0.00584	0.00640	0.00467	0.01264	0.01678	0.00678	0.00702	0.00875	0.01486	0.01091	0.01193	0.00219	0.00623	0.00872
72030	0.10704	0.10581	0.07315	0.39807	0.40292	0.31840	1.97230	1.14023	0.53634	0.24223	0.24225	0.23315	0.40628	0.33044	0.24982	1.26404	0.80054	0.49015
72190	0.10769	0.10402	0.07039	0.39690	0.39911	0.31495	1.96690	1.13537	0.53364	0.23936	0.24035	0.23128	0.39973	0.32935	0.24616	1.26526	0.79652	0.48720
72350	0.10602	0.10515	0.07110	0.39698	0.40139	0.31739	1.97113	1.14035	0.53826	0.24141	0.24222	0.23315	0.40254	0.33193	0.24890	1.26421	0.79857	0.48851
72510	0.10628	0.10426	0.07079	0.39564	0.39904	0.31423	1.97057	1.13579	0.53338	0.23920	0.23925	0.23070	0.39806	0.32831	0.24607	1.26159	0.79641	0.48601
72680	0.10331	0.10068	0.06704	0.39229	0.39559	0.31046	1.96480	1.13280	0.52937	0.23477	0.23533	0.22670	0.40024	0.32974	0.25060	1.26109	0.79931	0.49076
72840	0.10581	0.10445	0.07022	0.39663	0.39991	0.31576	1.97012	1.13698	0.53403	0.23924	0.24045	0.23109	0.39960	0.32794	0.24688	1.25995	0.79757	0.48759
73000	0.10284	0.10251	0.06816	0.39309	0.39638	0.31328	1.96558	1.13377	0.53068	0.23602	0.23672	0.22807	0.39997	0.32524	0.24910	1.26109	0.79976	0.48972
73170	0.10744	0.10393	0.07175	0.39777	0.40153	0.31807	1.97244	1.13693	0.53433	0.24061	0.24174	0.23195	0.39985	0.32917	0.24925	1.26657	0.80013	0.48943
73330	0.10510	0.10392	0.06888	0.39602	0.39983	0.31530	1.96987	1.13494	0.53389	0.23889	0.23854	0.23063	0.40400	0.33211	0.25245	1.26834	0.80289	0.49243
73500	0.10708	0.10676	0.07085	0.39888	0.40219	0.31696	1.97176	1.13588	0.53559	0.24052	0.24139	0.23214	0.40098	0.32964	0.24485	1.26508	0.79852	0.48825	32.14	6.2	0.00	7.59	0.01265	0.01289	0.01620	0.00786	0.00584	0.00640	0.00467	0.01264	0.01678	0.00678	0.00702	0.00875	0.01486	0.01091	0.01193	0.00219	0.00623	0.00872
73660	0.10334	0.10519	0.06980	0.39434	0.39859	0.31374	1.96325	1.13651	0.53062	0.23763	0.23885	0.22952	0.40287	0.33339	0.25163	1.26735	0.80343	0.49305
