WetView ver 7.1	07-16-2018	12:36:33
AC9 Absorption and Attenuation Meter
00000266		; Serial number
2	; structure version number
Reserved
0.000000	0.000000		; Depth calibration
19200			; Baud rate
0.100000			; Path length (meters)
31			; number of temperature calibration bins
				12.59339	13.44920	14.48425	15.49668	16.50852	17.49564	18.50545	19.52458	20.50176	21.48889	22.47318	23.48707	24.50962	25.49370	26.49784	27.51372	28.50746	29.47237	30.47938	31.50214	32.50470	33.49235	34.50337	35.50914	36.50618	37.52058	38.51018	39.51308	40.49994	41.49866	42.47204	; temperature bins
a650	Blue	20.34952		-0.00383	-0.00415	-0.00430	-0.00391	-0.00363	-0.00317	-0.00269	-0.00237	-0.00179	-0.00130	-0.00099	-0.00071	-0.00015	0.00000	0.00004	-0.00001	0.00015	0.00036	0.00058	0.00101	0.00161	0.00132	0.00160	0.00169	0.00242	0.00273	0.00336	0.00365	0.00427	0.00566	0.00670		; offset and temperature correction info
a676	Green	20.51193		-0.00398	-0.00384	-0.00360	-0.00306	-0.00302	-0.00255	-0.00235	-0.00212	-0.00163	-0.00136	-0.00118	-0.00089	-0.00029	0.00000	0.00068	0.00082	0.00099	0.00137	0.00145	0.00212	0.00260	0.00252	0.00321	0.00354	0.00457	0.00535	0.00617	0.00648	0.00742	0.00887	0.01002		; offset and temperature correction info
a715	Brown	20.23230		-0.00421	-0.00394	-0.00391	-0.00291	-0.00264	-0.00192	-0.00204	-0.00179	-0.00188	-0.00239	-0.00180	-0.00187	-0.00099	0.00000	0.00084	0.00162	0.00188	0.00224	0.00321	0.00381	0.00466	0.00528	0.00588	0.00696	0.00859	0.01041	0.01148	0.01282	0.01333	0.01456	0.01617		; offset and temperature correction info
c510	Red	20.40042		-0.00261	-0.00247	-0.00258	-0.00225	-0.00203	-0.00197	-0.00199	-0.00203	-0.00154	-0.00103	-0.00069	-0.00019	-0.00007	0.00000	0.00011	-0.00021	-0.00042	-0.00056	-0.00040	0.00011	0.00036	0.00050	0.00077	0.00079	0.00050	0.00042	0.00043	0.00092	0.00147	0.00200	0.00232		; offset and temperature correction info
c532	Magenta	20.40760		-0.00248	-0.00265	-0.00278	-0.00279	-0.00296	-0.00292	-0.00238	-0.00206	-0.00129	-0.00096	-0.00092	-0.00052	-0.00009	0.00000	0.00007	-0.00049	-0.00136	-0.00107	-0.00079	-0.00065	-0.00074	-0.00105	-0.00152	-0.00192	-0.00236	-0.00269	-0.00252	-0.00233	-0.00172	-0.00128	-0.00067		; offset and temperature correction info
c555	Black	20.50654		-0.00053	-0.00063	-0.00106	-0.00094	-0.00068	-0.00055	-0.00053	-0.00039	-0.00028	-0.00025	-0.00011	-0.00035	-0.00007	0.00000	-0.00037	-0.00055	-0.00036	-0.00014	0.00019	0.00044	0.00032	0.00040	0.00050	0.00028	0.00014	0.00013	0.00030	0.00073	0.00117	0.00176	0.00241		; offset and temperature correction info
a412	LtBlue	17.15231		-0.01972	-0.01823	-0.01612	-0.01381	-0.01272	-0.01080	-0.00959	-0.00866	-0.00710	-0.00532	-0.00354	-0.00148	-0.00028	0.00000	0.00176	0.00297	0.00394	0.00440	0.00453	0.00487	0.00804	0.00856	0.01065	0.01248	0.01388	0.01439	0.01659	0.01881	0.02256	0.02450	0.02719		; offset and temperature correction info
a440	LtGreen	18.00171		-0.00729	-0.00642	-0.00581	-0.00502	-0.00426	-0.00349	-0.00244	-0.00218	-0.00179	-0.00101	-0.00046	-0.00006	0.00036	0.00000	0.00040	0.00045	0.00030	-0.00015	-0.00024	-0.00035	0.00012	-0.00013	-0.00033	-0.00089	-0.00142	-0.00189	-0.00231	-0.00205	-0.00140	-0.00140	-0.00146		; offset and temperature correction info
a488	Yellow	18.86491		-0.00113	-0.00102	-0.00106	-0.00064	-0.00027	-0.00020	-0.00030	-0.00037	-0.00047	-0.00059	-0.00052	-0.00012	0.00008	0.00000	0.00025	0.00012	-0.00013	-0.00043	-0.00065	-0.00076	-0.00025	0.00010	0.00090	0.00111	0.00113	0.00104	0.00073	0.00068	0.00120	0.00186	0.00258		; offset and temperature correction info
c650	Blue	20.46075		-0.00145	-0.00097	-0.00092	-0.00139	-0.00185	-0.00196	-0.00237	-0.00266	-0.00238	-0.00163	-0.00083	-0.00041	-0.00010	0.00000	0.00005	-0.00001	0.00015	0.00034	0.00029	0.00065	0.00101	0.00164	0.00126	0.00156	0.00175	0.00270	0.00287	0.00371	0.00407	0.00473	0.00534		; offset and temperature correction info
c676	Green	20.10118		-0.00170	-0.00144	-0.00149	-0.00177	-0.00188	-0.00194	-0.00198	-0.00196	-0.00177	-0.00156	-0.00140	-0.00091	-0.00033	0.00000	0.00050	0.00092	0.00110	0.00141	0.00167	0.00199	0.00216	0.00265	0.00269	0.00289	0.00315	0.00374	0.00367	0.00408	0.00486	0.00561	0.00646		; offset and temperature correction info
c715	Brown	19.91219		-0.01201	-0.01097	-0.00859	-0.00680	-0.00651	-0.00592	-0.00535	-0.00440	-0.00387	-0.00303	-0.00222	-0.00153	-0.00028	0.00000	0.00093	0.00149	0.00247	0.00322	0.00330	0.00427	0.00373	0.00464	0.00536	0.00551	0.00643	0.00733	0.00779	0.00884	0.00899	0.01021	0.01120		; offset and temperature correction info
a510	Red	19.21192		0.00201	0.00193	0.00158	0.00098	0.00089	0.00049	0.00011	-0.00016	-0.00016	-0.00005	0.00028	0.00025	0.00006	0.00000	0.00035	-0.00022	-0.00023	-0.00080	-0.00144	-0.00154	-0.00153	-0.00204	-0.00220	-0.00219	-0.00190	-0.00128	-0.00069	-0.00018	0.00068	0.00152	0.00241		; offset and temperature correction info
a532	Magenta	19.41084		-0.00097	-0.00072	-0.00060	-0.00081	-0.00062	-0.00071	-0.00040	0.00020	0.00028	0.00043	0.00000	-0.00035	0.00007	0.00000	-0.00011	-0.00059	-0.00080	-0.00098	-0.00137	-0.00162	-0.00163	-0.00130	-0.00073	-0.00018	0.00090	0.00185	0.00175	0.00247	0.00291	0.00327	0.00349		; offset and temperature correction info
a555	Black	19.69776		0.00171	0.00183	0.00183	0.00186	0.00191	0.00170	0.00115	0.00131	0.00097	0.00073	0.00060	0.00013	0.00015	0.00000	0.00014	-0.00029	-0.00066	-0.00082	-0.00116	-0.00139	-0.00134	-0.00167	-0.00119	-0.00093	-0.00048	0.00053	0.00111	0.00095	0.00178	0.00206	0.00273		; offset and temperature correction info
c412	LtBlue	19.91180		-0.02051	-0.01853	-0.01589	-0.01311	-0.01059	-0.00877	-0.00705	-0.00581	-0.00413	-0.00231	-0.00098	-0.00066	-0.00011	0.00000	-0.00013	-0.00085	-0.00170	-0.00170	-0.00302	-0.00330	-0.00429	-0.00551	-0.00626	-0.00775	-0.00978	-0.01181	-0.01113	-0.01108	-0.01116	-0.01192	-0.01291		; offset and temperature correction info
c440	LtGreen	20.06241		-0.01064	-0.00992	-0.00892	-0.00766	-0.00639	-0.00531	-0.00478	-0.00384	-0.00287	-0.00187	-0.00102	-0.00063	-0.00023	0.00000	-0.00007	-0.00053	-0.00090	-0.00119	-0.00169	-0.00197	-0.00226	-0.00257	-0.00260	-0.00289	-0.00394	-0.00470	-0.00481	-0.00493	-0.00520	-0.00580	-0.00620		; offset and temperature correction info
c488	Yellow	20.35984		-0.01125	-0.01082	-0.00966	-0.00833	-0.00726	-0.00661	-0.00579	-0.00500	-0.00389	-0.00278	-0.00167	-0.00113	-0.00041	0.00000	0.00055	0.00121	0.00187	0.00226	0.00222	0.00251	0.00281	0.00359	0.00414	0.00427	0.00401	0.00404	0.00486	0.00563	0.00638	0.00684	0.00718		; offset and temperature correction info
0.003500	0.004000	0.015000	0.020000	0.015000	0.020000	2500.000000	2000.000000	1000.000000	; maxANoise	maxCNoise	maxADifference	maxCDifference	minACounts	minCCounts	minRCounts	maxTempSdev	maxDepthSdev
0			; auxilliary capabilities
1			; acquisition binsize
0	1.29641	1.23462	1.63937	6.89002	5.90816	4.09177	9.69752	6.72964	3.17909	2.19698	2.83870	1.91742	3.06011	3.08016	4.66019	10.97214	5.89868	3.97908	30.12	6.1	0.00	7.62	0.01267	0.01288	0.01635	0.00781	0.00581	0.00637	0.00466	0.01264	0.01679	0.00677	0.00697	0.00881	0.01487	0.01092	0.01194	0.00217	0.00618	0.00867
160	2.29868	2.81486	2.14196	3.47966	3.17212	3.94603	10.93563	6.89553	3.29302	3.24255	2.41089	2.10668	2.52345	1.87722	1.82871	10.67876	6.47027	3.37335
320	1.96195	0.89709	1.08975	2.51266	2.48254	4.15836	9.77757	5.83634	3.33140	1.52481	1.51472	1.41796	2.63647	3.33845	2.69367	8.87499	6.65412	3.14774
490	2.24378	0.93681	0.49351	2.91173	2.25133	3.21614	9.78540	8.06248	3.97702	2.16105	3.00372	3.54390	3.67810	2.91915	3.16768	11.24675	8.04237	3.25005
650	1.06575	0.77819	0.73942	4.22309	5.89457	4.59682	9.06868	5.37511	2.54150	2.15705	2.93874	2.61625	2.01337	1.94869	1.82327	9.18723	6.00377	3.93158
820	0.64121	0.68027	0.61631	2.39590	2.07047	2.88831	9.94900	7.71156	4.86247	1.76083	2.48209	1.06997	2.73861	2.83638	1.78406	8.62598	5.51141	2.54307
980	0.87982	1.39356	0.70386	3.04506	2.92631	1.76927	9.96282	5.59040	2.97824	1.47965	1.34370	2.99489	2.87323	2.47687	2.57713	8.58388	6.48503	5.03743
1140	1.81933	1.27607	0.85857	3.44727	5.95315	3.47785	10.55696	6.45872	3.22019	3.59225	3.23728	4.71366	3.30875	2.47041	2.38124	11.58282	6.55813	3.74413
1310	2.41864	1.97139	1.74464	3.54541	2.47355	2.82750	9.57013	5.74643	2.91399	2.13076	1.70638	1.37716	2.94258	2.17246	3.61275	10.26359	6.42315	3.53189
1470	1.53217	1.88179	1.61378	3.24733	2.91867	2.49998	9.44878	5.86173	2.80586	3.45766	2.90128	1.98674	2.63334	2.56595	2.72080	10.21266	6.01565	3.59165
1630	1.79855	1.39377	0.88349	5.27117	3.80974	2.60781	9.87245	5.81037	2.88372	1.77991	2.34009	2.55655	2.49616	1.99592	1.50582	12.64166	6.18502	4.33403	30.12	6.2	0.00	7.58	0.01267	0.01288	0.01635	0.00781	0.00581	0.00637	0.00466	0.01264	0.01679	0.00677	0.00697	0.00881	0.01487	0.01092	0.01194	0.00217	0.00618	0.00867
1800	1.07891	0.70270	0.49777	3.88098	3.92174	4.13255	9.32110	5.60093	3.23172	1.92639	1.88851	1.61908	2.46586	2.80361	2.13140	8.63104	5.95926	3.37474
1960	1.62551	1.75321	0.98223	4.41703	2.80238	2.32888	9.96643	6.35000	3.15941	1.68407	2.62152	2.21067	2.41302	2.19988	1.92872	8.92172	6.57242	3.67103
2120	0.95412	0.93148	1.14935	2.23237	1.94706	1.70393	9.13624	5.78580	2.87067	0.87376	0.64763	0.99154	2.13022	2.15277	1.44185	8.72042	5.26857	2.79180
2290	0.87411	1.24695	1.26117	2.16424	1.72360	1.22085	9.97554	5.79005	3.24062	1.63582	1.18888	0.85022	2.14886	2.08449	1.35328	9.21225	5.90863	4.15941
2450	0.81109	1.29680	0.85061	2.12537	2.23279	1.93251	9.18633	6.22038	2.78749	1.50135	1.28174	1.35319	2.41366	2.14701	2.24748	9.56363	5.91690	3.70098
2610	0.95839	0.68750	0.74930	1.97787	2.47359	1.91227	9.47366	5.83970	3.61398	1.95024	2.14975	1.50467	3.05230	2.73329	3.17844	8.78512	5.57881	3.39637
2780	2.45466	0.79722	1.12548	3.43847	3.63398	2.67846	10.14573	6.04991	3.20921	3.66000	3.93058	2.34258	2.20191	1.84149	1.49866	10.49396	8.31789	3.95676
2940	0.91068	0.94373	1.00530	4.98145	4.92565	3.13965	9.07607	5.59048	2.90160	1.86059	2.46309	2.21805	3.12172	2.57313	1.70393	11.42533	6.50223	2.61910
3100	2.10645	1.37786	1.54459	3.35705	3.60442	3.20241	9.37348	5.83818	3.80201	2.08577	2.26544	1.72252	2.49376	2.11944	1.51957	11.32300	6.94513	5.39481
3270	0.81449	1.28681	0.93638	3.36082	2.79821	2.21328	9.53027	5.36221	2.84307	1.67196	1.27446	1.56309	3.94375	2.63996	1.66676	9.00587	6.82641	3.57090	30.12	6.1	0.00	7.54	0.01267	0.01288	0.01635	0.00781	0.00581	0.00637	0.00466	0.01264	0.01679	0.00677	0.00697	0.00881	0.01487	0.01092	0.01194	0.00217	0.00618	0.00867
3430	1.56211	1.66507	0.92919	2.71095	2.27773	1.37996	9.29167	5.91933	3.57839	1.48214	0.94102	0.67766	2.51169	2.21044	2.22125	9.03867	5.83651	3.14967
3590	1.96415	1.67514	2.29319	3.17007	2.82483	2.33218	11.06027	6.41674	4.86960	1.67049	2.20840	1.10372	3.28607	3.00972	2.62497	9.02609	5.15070	5.65307
3760	1.53831	1.16553	1.05025	3.20600	2.29194	2.43541	9.73431	5.93696	2.88009	2.58818	2.49860	1.36811	2.88910	2.57093	2.28372	9.99976	6.89956	5.52366
3920	1.07958	1.01958	1.16031	3.74598	3.84838	2.14544	10.43923	6.04601	3.57663	2.51477	4.14708	3.25145	2.63161	2.26167	2.08805	9.74913	6.06460	4.19536
4080	0.84983	1.22742	1.86650	2.19778	2.28495	2.61667	9.73547	5.85524	3.26360	1.43907	0.95536	0.77750	2.30468	1.77345	1.45679	8.68891	5.30947	2.95537
4250	0.56805	0.66930	0.93241	2.82065	2.24567	1.99478	9.94907	6.44202	3.67233	1.57430	1.70913	1.65434	3.99625	1.79848	1.68537	8.81726	6.03467	3.16123
4410	1.81510	1.32026	0.82643	3.46023	2.35930	2.97958	9.20448	5.80692	4.22819	1.13933	1.18480	2.04734	2.75926	1.71263	1.21245	8.57145	5.75400	4.44121
4570	0.59710	0.77815	1.26810	2.62219	1.64325	1.39613	9.09906	5.46952	2.40366	0.87934	0.90254	0.86970	2.01107	1.83878	1.26396	8.61022	5.50091	3.02704
4740	0.70124	0.83824	1.10334	2.22788	1.91908	2.18096	8.93711	5.22690	2.48004	1.53148	1.19551	1.12606	1.88583	1.47398	1.12147	8.58020	5.09570	3.38416
4900	0.50912	0.54262	0.64392	2.32651	2.48447	1.94966	9.19661	5.98031	3.35467	1.30838	1.57410	1.28504	2.75644	3.17744	2.42623	8.90144	5.23363	2.53430	30.12	6.1	0.00	7.65	0.01267	0.01288	0.01635	0.00781	0.00581	0.00637	0.00466	0.01264	0.01679	0.00677	0.00698	0.00881	0.01487	0.01092	0.01194	0.00217	0.00618	0.00867
5060	2.25698	0.82075	0.44232	3.27475	2.52376	2.09473	9.71802	5.51241	2.69746	1.18672	1.77990	1.96619	2.78586	1.63098	1.12451	8.84375	5.11777	2.62465
5230	0.88871	0.71420	0.47380	1.99880	1.59760	1.68510	9.01556	5.91785	2.76179	1.78814	0.66363	0.66431	2.69607	2.08836	1.65508	9.11509	5.84563	3.94583
5390	1.07689	1.16427	0.79381	3.06312	2.36110	1.65193	9.15319	7.12698	3.94704	1.89208	0.61733	2.18379	3.18304	2.46041	2.80992	10.02971	6.11210	3.41603
5550	1.27573	0.88015	0.94107	2.36414	2.84687	3.27773	9.43593	5.60629	3.23583	1.75685	1.97336	2.70122	2.74809	3.01892	1.65840	11.04972	6.91356	3.74052
5720	1.31273	0.83670	1.04695	2.76250	2.34717	2.24362	10.34155	5.63065	2.68697	1.52030	1.44398	1.42054	2.86701	2.06649	2.54765	8.57957	5.90255	4.15750
5880	2.73248	1.67186	1.26465	3.92826	2.71749	2.38764	10.97673	7.23489	3.24338	3.30539	2.67504	1.97983	2.49864	3.26005	1.76441	10.17347	6.88083	4.40307
6040	0.87743	1.31519	0.75607	3.26326	2.67567	2.33627	9.71152	6.22898	3.13174	1.01771	1.08210	1.33311	2.80716	3.47144	2.03950	9.54218	5.83702	3.37241
6210	1.14188	1.01152	0.66874	3.21594	2.64411	2.91339	9.44350	6.53618	3.19004	2.17072	2.43035	0.96905	2.05535	1.72953	1.87487	9.52099	5.60251	3.02904
6370	1.54074	2.40545	1.25259	5.59078	4.23691	4.15280	9.71899	5.81882	3.60669	3.91941	3.94835	5.08079	2.19580	1.86606	1.54949	10.63006	5.92538	3.26719
6530	1.54019	0.74456	0.60985	3.27147	2.40231	1.68078	9.53283	5.71409	2.89223	1.71837	2.06290	1.64135	2.86787	2.27777	1.73170	9.39024	6.37768	3.77610	30.12	6.1	0.00	7.52	0.01267	0.01288	0.01635	0.00781	0.00581	0.00637	0.00466	0.01264	0.01679	0.00678	0.00698	0.00881	0.01487	0.01092	0.01194	0.00217	0.00618	0.00867
6700	1.27231	0.55828	0.65121	2.51482	3.02176	1.73914	10.40503	5.74343	3.37372	1.66798	1.29873	1.58146	1.91204	1.46517	1.16946	8.50318	5.51443	2.87577
6860	0.34253	0.50051	0.44315	1.81839	2.13029	1.35809	8.85829	5.19403	2.81148	0.44211	0.82052	0.77291	2.33997	2.06467	1.49878	8.59385	5.34994	2.71155
7020	0.51272	0.53074	0.30594	2.01904	2.26647	1.71170	8.95369	5.48908	2.65587	1.19209	0.84638	1.34655	2.15064	2.06527	1.47083	9.03062	5.93247	3.52475
7190	1.19493	0.79214	0.28279	3.47554	2.59248	1.75378	9.41418	5.24772	2.47853	1.12471	1.43389	1.67152	1.90499	1.49293	1.31599	8.65084	5.04741	2.81042
7350	0.44456	0.63882	1.38815	2.16476	2.34996	1.52671	9.53432	6.51797	3.61883	1.86631	1.57635	1.28207	2.14812	1.86852	1.98182	9.91890	5.89943	3.60658
7510	0.75203	0.58448	1.03950	4.73608	3.43971	4.27283	9.27253	5.49311	2.87533	2.18205	1.79822	1.93929	2.43003	2.36183	2.37676	11.74236	7.12107	3.91602
7680	1.96530	1.42672	1.24382	4.88207	5.08395	4.62754	9.56097	6.04349	3.56336	1.66731	1.57202	0.93039	2.11957	2.11059	1.87259	8.98357	6.30436	3.69319
7840	0.81552	0.96993	0.93544	2.55901	1.99660	2.13710	9.50053	5.49754	2.65387	1.03481	0.93417	0.53021	1.90392	1.48042	1.46682	9.44223	6.28303	3.26861
8000	0.61717	0.70199	0.89075	3.26846	2.14450	1.49445	9.30164	5.68524	3.41898	2.03414	1.90807	1.26712	2.55370	2.29839	2.60579	9.10626	7.18846	5.86404
8170	1.87184	1.64995	1.56306	3.00303	1.93802	1.48928	9.53018	6.50165	3.07213	1.62509	1.26767	1.40525	1.79312	1.51243	1.17135	8.71532	4.91676	2.61020	30.12	6.1	0.00	7.55	0.01267	0.01288	0.01635	0.00781	0.00581	0.00637	0.00466	0.01264	0.01679	0.00678	0.00698	0.00882	0.01487	0.01092	0.01194	0.00217	0.00618	0.00867
8330	0.39474	0.43587	0.66530	2.15891	1.66027	1.52038	9.08910	5.50924	2.64688	1.12451	0.69400	0.63232	1.97180	1.65512	1.59714	9.32888	5.70260	3.06122
8490	0.86406	0.63462	1.03804	2.13733	2.52737	2.19588	9.51743	5.78619	3.26881	1.33793	0.88186	1.11881	2.25013	1.97232	1.66686	8.65785	5.41844	3.05753
8660	0.89456	0.87792	0.59169	2.13370	1.60406	1.60240	9.31751	5.71344	3.06606	0.81701	1.23252	1.04712	2.18261	2.05576	1.40128	8.59211	5.20344	3.06076
8820	1.45846	1.48196	1.33861	1.94098	2.04052	2.41323	9.85604	6.07886	3.22115	1.10938	0.92381	0.90950	3.67284	3.75006	3.24725	8.36478	5.44147	3.39427
8980	1.96186	2.19621	0.96989	2.25725	2.36849	1.86567	9.51206	6.22550	3.31888	1.28194	1.12150	1.49255	4.40132	2.09845	2.86648	11.41871	6.03023	3.14599
9150	1.67926	1.14801	1.83808	2.66854	2.44658	2.52271	9.64358	6.05578	3.02444	2.05425	3.21278	2.72504	2.52720	1.91821	1.60842	9.73543	5.49517	2.92906
9310	0.79369	0.71025	0.89762	2.62136	2.29885	1.81719	9.76450	5.93841	3.25585	1.06567	0.93177	2.33315	2.48313	2.32175	1.65659	8.59202	5.88826	2.99922
9470	0.79922	0.95112	0.66774	4.05416	4.04497	2.05712	9.40273	5.55988	2.83653	1.35379	1.55737	1.46162	1.88215	1.75130	1.61280	8.73560	6.57276	4.30187
9640	0.85520	0.60708	0.62855	2.86389	2.28841	1.77221	9.42119	5.71753	2.36558	1.68059	2.27793	1.26252	2.50260	3.06753	2.34417	9.26939	5.69640	3.10258
9800	1.16393	0.89558	1.11836	2.58709	3.06124	1.70037	9.13105	5.44765	2.65002	1.69473	1.56566	2.23288	2.12435	1.59193	1.29062	9.43164	5.55366	3.34671	30.12	6.2	0.00	7.66	0.01267	0.01288	0.01635	0.00781	0.00581	0.00638	0.00466	0.01264	0.01679	0.00678	0.00698	0.00882	0.01487	0.01092	0.01194	0.00217	0.00618	0.00867
9960	1.21668	0.93849	1.41287	2.42103	2.24188	2.30043	9.54449	6.22865	3.44941	1.35445	1.21906	1.40901	3.74346	2.97873	2.20023	8.73197	5.40659	3.41738
10130	1.89499	2.27513	2.15870	2.54043	2.07919	1.82440	11.32771	6.69069	3.27211	1.07503	1.65872	1.49842	3.85925	2.04945	2.43284	9.02555	5.75214	3.97054
10290	2.02232	1.68867	1.61645	3.47856	1.86640	1.40314	9.46356	5.46689	2.91824	1.82984	1.53326	1.60126	2.88012	3.06983	2.40880	9.69758	5.27320	3.48148
10450	2.06785	2.17136	2.12163	3.80876	3.72743	2.40773	9.12480	6.04690	3.53957	2.72849	2.25029	2.03298	3.18973	3.18917	2.67169	10.88136	7.71837	5.58010
10620	1.88440	1.28123	1.43324	4.34360	2.39684	2.05608	9.43285	5.52927	3.01699	0.81101	0.77672	0.91948	2.61197	1.70566	1.60261	8.84326	6.37218	3.66328
10780	1.64750	1.46166	1.03327	2.60508	3.13189	2.09460	9.87645	5.90130	3.08675	1.97833	2.11830	1.67755	2.33365	1.85729	1.64619	9.89628	6.10655	3.76750
10940	0.67181	0.44721	0.54206	2.18553	2.07694	2.25324	9.00249	5.32421	2.57234	1.60440	0.86000	0.75565	1.98946	1.95966	1.25451	8.41444	5.20611	2.71056
11110	1.31355	1.60623	1.37230	2.31453	1.93450	1.58803	9.59192	6.16880	2.80024	2.13555	2.03652	1.13897	2.67899	3.05180	1.95134	9.23347	5.84697	3.26121
11270	1.21469	1.17609	0.87411	3.11449	2.26463	1.45851	9.20932	5.57349	3.03503	0.90301	1.26038	1.25876	2.47061	2.09696	1.59673	9.00154	6.55665	4.09152
11440	1.16773	0.83019	0.74107	3.06956	2.66376	2.69646	8.90589	5.56858	2.78445	0.77881	1.03905	0.78348	2.29267	2.41243	1.52832	8.65627	5.18645	2.56809	30.12	6.3	0.00	7.56	0.01267	0.01288	0.01635	0.00781	0.00581	0.00638	0.00466	0.01264	0.01679	0.00678	0.00698	0.00882	0.01487	0.01092	0.01194	0.00217	0.00618	0.00868
11600	0.98299	1.68031	2.13145	2.31647	2.28374	1.70726	10.38615	6.54084	2.90557	1.63482	1.98525	1.78794	3.20942	2.81484	2.16001	8.75659	5.36191	2.87560
11760	1.54110	1.73183	1.41331	2.56556	2.38325	2.39235	10.55292	5.83000	3.11301	1.17027	0.94907	1.03903	2.84958	1.89206	1.48547	8.40871	5.58456	3.05808
11930	0.61289	0.57416	0.44119	2.55778	2.20082	1.77615	8.82484	5.24797	2.62149	1.76725	2.15236	2.64705	1.84347	1.66014	1.29537	8.89005	5.80617	3.24015
12090	1.53807	0.92947	0.84923	3.20871	2.11836	1.94493	9.28548	5.37754	2.90420	1.66714	1.80783	1.56066	2.52989	2.95051	2.60641	9.06614	6.08430	2.97981
12250	1.27647	1.17420	0.97293	4.77733	4.05330	4.98883	9.49525	6.07114	2.68468	3.57052	3.37564	2.19674	2.28197	2.42679	1.72867	11.14633	6.07210	3.95230
12420	1.38426	1.21523	0.94652	2.67399	2.27959	2.15591	9.52556	6.64322	3.82847	1.99268	1.13706	1.24479	3.48654	3.99505	2.06105	10.08675	7.32532	3.90919
12580	1.12881	0.84961	0.56339	2.74143	2.57474	2.34680	10.59185	5.97739	2.68420	1.89790	1.28592	1.28167	2.11505	1.56486	1.18608	8.82554	5.66904	2.74577
12740	0.52280	0.63561	0.91886	2.63156	4.20401	2.70125	9.22263	6.08848	3.45142	1.33201	1.36298	1.62034	2.02823	1.55316	1.32505	9.53437	5.67240	2.95502
12910	1.09501	1.13080	1.58024	2.21137	1.95564	1.70446	9.62582	5.61095	2.56583	1.45255	1.84237	2.71048	2.75838	3.79740	3.24186	10.59408	6.89600	4.07467
13070	2.33380	1.99350	2.29595	3.75439	3.83143	3.78928	9.11114	5.50465	2.75850	2.60493	2.04406	3.18652	3.54128	2.62380	1.43084	9.74382	6.88640	3.96612	30.12	6.2	0.00	7.71	0.01267	0.01288	0.01634	0.00781	0.00581	0.00637	0.00466	0.01264	0.01679	0.00678	0.00698	0.00881	0.01487	0.01092	0.01194	0.00217	0.00618	0.00867
13230	1.62028	1.55833	1.24490	4.26044	5.30923	3.04848	9.32871	5.65023	2.70703	1.26745	1.36191	1.70242	2.26370	2.03436	2.36062	9.78881	7.70549	3.83364
13400	1.37106	1.59540	1.05027	3.16287	3.69879	2.35966	9.73305	5.96726	3.10855	3.50239	3.23950	2.26487	2.41131	1.90223	1.40205	8.92557	7.05820	4.48239
13560	0.96704	0.89597	0.62807	3.81181	3.89262	4.32226	9.55386	5.72388	2.90458	1.99474	2.96887	2.99704	3.08775	3.01779	2.15673	10.66799	7.29103	2.94753
13720	0.64924	0.64868	0.38728	2.16286	1.85175	1.75777	9.02791	5.44289	2.59507	1.25488	0.61776	1.00861	1.96684	1.62937	1.10509	9.00180	6.15145	2.72755
13890	0.94959	1.02069	0.77882	2.15649	1.72346	1.56146	8.90633	5.54011	2.47104	0.81616	1.86236	1.85102	2.47372	1.63342	1.45738	8.92438	5.62091	4.15494
14050	0.99994	0.77031	0.75105	4.13811	2.70192	3.70935	9.57313	6.26167	3.28177	4.68188	3.92935	3.72346	3.09717	1.95012	2.00101	10.02253	7.61087	6.32821
14210	1.31260	2.02172	0.88622	6.79242	5.89961	3.05408	10.68201	6.87674	5.01604	1.73771	2.66763	3.29154	3.18190	3.16477	1.55542	10.10187	7.63459	7.23851
14380	1.10073	1.41245	2.29425	4.04417	4.09024	4.63261	10.83295	6.30407	3.39960	2.74457	2.87892	2.45253	2.46030	2.30322	2.08496	10.27261	5.73662	2.82133
14540	2.28410	1.29985	1.26411	2.05482	2.02733	1.63111	9.52633	6.54644	3.16923	1.21928	1.85758	0.92861	2.08420	1.87554	2.29894	8.95443	5.60878	3.25964
14710	1.95143	1.28131	0.63553	2.72629	2.00101	2.29489	9.47843	5.45498	3.11554	1.50852	0.50300	1.00263	1.91518	2.02724	1.20628	9.40789	4.95016	2.54086	30.12	6.1	0.00	7.55	0.01267	0.01288	0.01635	0.00781	0.00581	0.00638	0.00467	0.01264	0.01679	0.00678	0.00698	0.00881	0.01487	0.01092	0.01194	0.00217	0.00618	0.00867
14870	1.35968	1.51904	0.71005	2.31649	1.72005	1.52724	9.77063	5.84975	3.17069	1.17465	1.08515	0.97444	1.82753	1.53243	1.38891	9.10381	5.59112	3.03513
15030	1.23885	0.81090	0.71871	2.71856	2.91880	2.91749	9.53306	6.33167	3.49273	1.19904	1.37276	0.98304	3.12799	3.01838	2.58589	8.67058	5.46854	2.83769
15200	2.49223	1.13680	1.39128	1.84142	1.62536	1.16686	9.70274	5.75448	2.86810	2.07647	0.65358	0.68716	2.49185	3.08364	2.05692	9.47078	5.98779	3.56311
15360	1.67809	2.66248	2.07389	2.99883	2.53520	2.31778	9.38453	5.68601	2.77528	3.26594	2.36445	1.11063	2.84194	2.30863	1.73828	10.21359	6.12434	2.85514
15520	0.95646	0.76800	0.74645	3.53618	2.22049	2.28373	9.37742	6.52936	3.45235	2.20519	1.56459	1.41669	2.21757	1.78303	1.66312	9.03698	5.59550	2.95789
15690	0.77602	0.98295	0.72952	3.65866	2.14895	2.24530	9.66960	8.29885	4.98873	1.44368	1.71941	1.77926	3.24107	2.69115	1.69859	8.64716	5.15247	2.68665
15850	1.54137	0.96781	0.41612	2.19071	2.00006	1.41494	9.13438	5.40776	2.88992	1.29868	0.56244	0.51208	2.19330	2.02983	1.81402	8.46710	5.03108	3.31139
16020	0.88497	0.73241	1.08556	2.09125	1.94051	1.84547	9.24658	5.89180	3.06904	1.66377	1.53362	1.16838	2.38401	1.88900	3.20538	11.18158	5.86231	3.87979
16180	1.01205	0.99278	0.79491	3.37523	1.87068	1.90150	11.31759	6.00178	2.98975	3.19414	2.39312	1.46676	3.98751	2.76055	2.14426	10.58255	7.25274	2.95626
16350	1.43179	3.61805	2.52954	3.47237	2.78504	2.34964	10.93929	7.66689	3.80819	1.74815	1.86729	2.51624	3.33868	2.36639	2.03998	9.28825	6.89805	4.26207	30.17	6.1	0.00	7.58	0.01267	0.01288	0.01634	0.00781	0.00581	0.00638	0.00466	0.01264	0.01679	0.00678	0.00698	0.00882	0.01487	0.01092	0.01194	0.00217	0.00618	0.00868
16510	1.05197	1.00154	1.02778	4.12739	3.96084	2.61459	10.00063	6.79882	3.58892	2.01424	1.86877	1.91397	3.20542	2.29709	2.70698	8.88630	6.18881	2.84316
16670	1.18119	1.18132	1.21407	3.01437	2.64698	2.10451	9.34037	5.67434	3.04633	1.81224	1.26118	0.61952	2.53855	2.03345	1.65495	8.32521	5.00741	2.48819
16840	0.83190	0.86931	0.94727	1.78688	1.47641	1.05610	8.95897	5.30993	2.61671	0.99374	1.18316	0.41389	2.32468	1.76339	1.24952	8.35704	4.93381	2.39291
17000	0.62806	0.36499	0.33596	2.29217	1.78420	1.45952	8.97312	5.30023	2.75840	0.62147	0.58467	0.46283	2.01658	1.54506	1.38735	8.57219	5.15442	2.46832
17160	0.77870	1.10097	0.87092	2.35430	1.71403	1.06555	9.25545	5.76687	2.98184	0.82962	0.49161	0.47734	2.47832	2.08596	1.45316	8.34538	5.04021	2.90185
17330	1.13525	1.23858	1.60378	2.16485	1.89857	3.15119	10.67402	6.27627	3.07070	1.85414	0.89572	0.78704	2.75363	2.89860	2.02228	9.70200	6.74399	4.39076
17490	1.93016	2.35777	2.22532	3.27145	3.15835	2.03397	9.50366	6.35303	3.37125	2.09622	2.02871	1.38415	3.47789	2.67963	3.78420	9.15718	6.10729	4.81231
17660	1.91508	1.18693	1.87949	3.34399	4.11605	2.55081	11.96423	6.10125	3.12772	2.46070	4.10919	3.32646	2.72778	2.26521	1.61954	10.63895	7.08502	3.40571
17820	1.69025	1.79125	1.35816	2.86150	2.57444	2.02201	9.38084	5.53817	3.69076	1.12001	0.85419	0.95348	4.11975	2.90157	1.89817	8.45238	5.36393	2.91461
17980	1.03653	0.84764	0.53674	2.60301	2.11218	1.78243	9.58667	5.88611	3.64735	1.45657	1.66710	1.42221	2.64967	2.74928	2.35925	9.33503	5.59075	3.59438	30.12	6.1	0.00	7.54	0.01267	0.01288	0.01635	0.00781	0.00581	0.00638	0.00466	0.01264	0.01679	0.00678	0.00698	0.00882	0.01487	0.01092	0.01194	0.00217	0.00618	0.00868
18150	0.99553	0.71137	0.82426	5.67620	3.78449	2.29497	9.16370	5.79475	2.99956	1.87473	2.28933	2.61822	2.38022	1.75253	1.62114	9.44252	6.61323	4.70964
18310	1.30099	1.85530	1.91841	3.20641	2.66042	2.04819	9.39682	7.28379	4.82878	1.31040	1.92308	1.20364	3.54938	2.30740	1.39271	9.09689	5.79942	3.62859
18480	0.83295	0.76422	0.75308	2.84581	2.40014	2.02905	9.13941	5.65518	2.87615	0.67681	0.89359	1.62111	3.51632	3.80025	2.68844	9.02171	5.95410	3.36349
18640	0.93149	1.16544	1.01100	3.30408	2.85796	2.15064	9.69209	6.52475	3.42422	2.03704	1.62775	1.45482	2.63457	1.76128	1.24971	8.95351	5.09850	2.63283
18800	0.59950	0.65971	1.00356	2.47384	2.73325	2.17637	9.13585	5.81459	2.84969	2.45877	1.49091	0.75500	2.89821	1.81557	1.22062	8.95956	5.06117	2.93465
18970	0.66092	0.65142	0.61583	2.85785	1.76360	1.74865	9.69718	5.69625	2.66609	1.66115	2.20730	1.34482	2.84993	2.73653	3.30204	9.30040	6.47143	4.07392
19130	1.09355	1.42129	1.16195	3.36870	3.98650	2.70814	9.31539	6.25455	3.33442	2.18921	3.06169	2.45997	3.97306	2.93521	2.92334	12.94151	9.62110	6.63102
19290	1.90371	1.45749	1.46430	3.72759	3.29455	3.13988	9.88076	5.72566	3.01924	4.68068	2.68875	3.75406	2.78559	2.15727	1.53014	8.85557	6.47126	3.56463
19460	0.62926	0.66529	0.55324	2.03172	2.34859	1.64898	9.76473	5.76705	2.90986	0.91019	0.90036	1.01583	2.25794	2.19718	1.95809	8.81658	5.38517	3.07976
19620	0.72087	1.02141	1.24021	2.12232	1.88777	1.72863	9.27767	5.71522	3.07710	0.77622	1.07261	1.23324	1.87723	1.81857	1.47894	9.13570	5.63280	2.73320	30.12	6.2	0.00	7.54	0.01267	0.01288	0.01635	0.00781	0.00581	0.00638	0.00466	0.01264	0.01679	0.00678	0.00698	0.00882	0.01487	0.01092	0.01194	0.00217	0.00618	0.00868
19790	1.03188	0.82946	1.34049	2.34202	1.90656	2.31842	10.02975	6.06773	3.14774	1.35252	1.44373	0.57751	3.20818	2.53126	2.28589	8.95452	6.11609	3.15299
19950	0.91222	1.01284	1.20611	2.82201	2.10655	1.44535	9.14465	5.74149	2.92268	2.02368	1.64014	1.83247	2.63820	2.92465	1.73054	9.46071	6.07808	3.12553
20110	1.23479	1.15103	0.99410	3.59846	3.02931	1.98949	9.43390	5.81218	3.62971	1.75454	2.56672	1.68975	3.68169	2.04535	1.75231	8.63997	5.36677	3.28173
20280	2.00625	1.13859	0.46999	2.55432	1.50906	1.91229	9.39334	5.59629	3.33788	1.03666	1.41618	1.16486	2.73713	2.13596	1.70668	8.75649	5.61080	2.78914
20440	1.20634	1.24136	1.16563	2.85782	2.66874	2.24764	9.19402	5.73619	2.79036	2.25969	1.39371	0.54837	2.35809	1.90615	1.18944	8.55983	4.96306	2.82783
20610	0.65506	0.75065	0.65207	2.58600	1.83706	1.41741	9.33671	5.42385	2.85695	2.52087	0.82479	0.88399	2.50445	2.45421	3.30578	8.70830	6.00540	3.26456
20770	1.94363	1.00927	0.81781	2.48758	2.24603	1.31825	10.66069	6.02204	2.98711	0.89903	1.38357	1.11668	2.19430	1.99792	1.55921	8.50065	5.65990	2.69285
20930	1.53919	1.50884	1.06076	2.75661	1.77345	1.70703	9.82374	6.24329	3.79531	1.31457	1.37944	1.23112	2.83022	2.57942	2.17213	9.57231	5.74884	3.52707
21100	1.84448	0.92047	1.10732	4.38232	4.00056	2.15855	9.88926	7.26335	3.17328	3.59019	4.29670	1.37025	2.25860	2.01072	1.45577	8.83677	5.50893	2.92506
21260	0.57873	0.65845	0.57189	2.35365	1.65489	1.61561	9.02490	5.29834	2.50039	1.34972	1.32452	1.02086	2.26944	1.43594	1.12890	8.53490	5.17595	2.97662	30.12	6.3	0.00	7.54	0.01267	0.01288	0.01635	0.00781	0.00581	0.00638	0.00466	0.01264	0.01679	0.00678	0.00699	0.00882	0.01487	0.01092	0.01194	0.00217	0.00618	0.00868
21420	0.51385	0.46763	0.53372	2.25364	1.88768	1.60312	8.94649	5.63189	2.70196	0.97982	1.21329	1.30291	2.02845	1.89614	1.56563	8.82818	5.94131	2.93956
21590	1.10760	1.27087	1.05729	2.17031	1.77374	1.85388	10.01297	5.72458	2.81283	1.41869	1.22529	1.20727	2.10409	1.78675	1.49718	8.57315	6.53121	2.91899
21750	0.72435	0.83569	1.01717	2.99444	2.36435	1.81931	9.66906	6.11595	2.60322	1.44018	1.57614	1.06652	2.18427	2.12354	1.90432	8.90985	5.87166	3.37376
21920	1.91172	1.26049	1.30774	2.66584	3.52535	2.25878	9.53496	5.96520	3.31205	1.27745	0.74998	0.80734	2.71401	2.28931	2.02870	9.00564	5.41335	3.01456
22080	0.94363	1.42928	1.21640	3.44560	2.41131	2.03240	10.09298	5.99706	2.84958	1.90985	1.31030	1.41477	2.51057	3.04737	2.04980	8.36181	5.42848	2.98955
22240	1.18517	0.82435	0.90453	2.13580	2.07067	1.80944	10.49361	6.03543	3.47144	0.69240	0.61210	0.97936	2.19369	1.75329	1.75799	8.44271	5.46418	2.72240
22410	0.86081	0.84980	0.74626	4.08691	3.06464	2.12458	9.04057	6.70039	3.22194	1.74711	1.56989	1.39034	2.96245	2.24805	2.19674	10.19243	5.49460	2.51347
22570	0.75645	0.51206	0.68518	2.12382	1.91487	2.25578	9.45258	5.56787	2.76234	0.68298	0.49362	0.69154	2.02695	1.78359	1.30496	8.56088	5.24944	2.91625
22730	1.29517	1.01288	0.64909	2.25956	1.93487	1.65911	9.04006	5.57944	2.50548	1.26024	1.26742	1.39948	2.03486	1.54903	1.27339	9.34127	5.07249	2.90884
22900	0.77256	0.43155	0.38063	2.29124	2.50722	2.80581	9.06594	5.29108	2.52178	2.40848	1.45379	0.87567	1.93222	1.36751	1.27778	9.79230	6.65398	4.51924	30.17	6.0	0.00	7.52	0.01267	0.01288	0.01635	0.00781	0.00582	0.00638	0.00466	0.01264	0.01679	0.00678	0.00699	0.00882	0.01487	0.01092	0.01194	0.00217	0.00618	0.00868
23060	0.79506	0.72402	0.60931	2.72897	2.19059	2.08440	9.39606	5.80671	2.79756	1.76708	1.60179	1.19273	2.60325	1.62409	1.93937	9.05715	5.90758	4.12619
23220	1.36850	0.72146	0.71916	2.87091	2.33881	1.54477	9.20547	5.57718	3.08733	2.15418	2.11856	2.70497	2.79099	1.86271	1.35216	9.71230	5.84768	2.81341
23390	1.38528	1.18647	1.23272	3.12731	2.41277	2.67811	11.11153	6.02262	3.24940	1.23248	0.90845	0.92121	2.96921	2.08657	2.32217	9.30349	5.50516	3.44822
23550	1.66520	1.74048	1.01511	2.33427	2.09230	1.58080	9.46534	5.80968	2.97422	1.08346	1.29363	0.74480	2.29746	2.24207	1.32213	8.62172	5.11679	2.49915
23710	0.54419	0.70366	0.77837	2.16486	1.72828	1.31729	9.59106	6.63871	3.34699	0.95929	0.65860	0.83464	2.55001	1.85062	1.64638	9.14457	5.43211	2.83840
23880	0.98423	0.79949	0.60909	3.10969	2.67083	2.18895	9.42051	5.74936	3.34627	1.25764	1.39313	1.07740	2.85580	2.16542	1.99508	9.21788	6.25628	5.75088
24040	1.44670	2.00240	1.21820	5.18701	4.20580	3.70626	10.09354	6.63069	3.21500	1.30336	2.98466	2.71651	3.03418	3.96890	1.73575	11.41426	6.02499	3.79876
24200	2.24699	2.77313	1.24178	2.27196	2.09513	1.42153	10.15139	6.13047	3.47966	1.88394	1.02844	0.81020	2.93709	1.98997	2.37259	8.59566	5.67962	3.30359
24370	0.69214	0.43963	0.46284	2.98686	1.75655	1.92008	10.12951	5.83133	2.93653	1.95291	0.79802	1.73457	2.01249	2.84012	1.87891	9.09728	6.03954	3.04174
24530	0.80923	0.76492	0.67346	1.85045	1.84828	1.85502	9.11252	5.65295	2.82045	0.86905	0.51054	0.99333	2.01005	1.57018	1.30551	9.45601	5.25427	2.72489	30.12	6.0	0.00	7.89	0.01267	0.01288	0.01635	0.00781	0.00582	0.00638	0.00466	0.01264	0.01679	0.00678	0.00699	0.00882	0.01487	0.01092	0.01194	0.00217	0.00618	0.00868
24690	0.89492	1.36437	0.76262	2.85977	1.77747	1.51386	8.93038	5.91737	2.62337	0.90618	0.80375	0.92945	2.13488	1.86547	1.34676	9.10350	5.51513	3.26108
24860	1.00227	1.40842	1.05164	2.53538	2.17326	1.48070	9.39185	6.13653	3.59467	1.24869	1.63036	1.32349	2.36314	2.58379	2.59593	10.88341	6.24669	3.32071
25020	1.92149	1.51676	1.15007	2.93968	2.43064	1.62727	9.44316	6.01068	2.98245	1.19413	1.11691	1.01473	2.48125	2.39177	1.87681	8.48707	5.50764	3.16600
25180	0.61499	0.79609	0.67796	2.55584	1.73984	1.48713	9.29933	5.79664	3.45348	1.63005	1.01094	1.33016	2.70614	2.14519	1.69954	8.78011	5.54888	2.92023
25350	1.64662	1.02829	0.60014	3.80219	2.72497	3.34855	9.04121	6.29340	2.78328	2.73945	1.56182	1.97569	2.32742	1.64259	1.26570	10.06847	6.59540	4.34433
25510	1.10050	1.25740	0.87047	4.00703	4.24276	2.72451	9.74078	6.30923	3.85203	2.89275	3.21785	3.52862	2.97276	1.73221	1.71339	9.98631	6.55918	2.76587
25670	1.16364	1.04129	1.21444	2.98201	1.88673	1.56760	9.38526	5.72184	3.26924	0.84630	0.74645	0.76780	2.71456	2.29871	1.49576	8.51233	5.44224	3.07135
25840	0.79601	0.78237	0.80035	2.31492	3.45763	1.59189	9.12907	6.43781	3.46974	1.09140	0.63937	1.99394	4.42590	2.71843	1.70802	9.19521	8.14182	3.87130
26000	1.47308	1.23329	0.81697	3.85988	3.34843	2.86020	9.45387	6.22787	3.86104	2.67592	1.92141	0.87754	2.71031	2.29259	1.67610	8.83265	5.40206	3.10468
26160	1.61590	1.06311	0.34848	3.13875	1.92090	2.46718	9.12137	5.91382	2.51850	1.08294	1.27492	1.67842	1.96132	1.82797	1.43873	8.72241	5.65592	3.00646	30.12	6.0	0.00	7.55	0.01267	0.01288	0.01635	0.00781	0.00581	0.00638	0.00466	0.01264	0.01679	0.00678	0.00699	0.00882	0.01487	0.01092	0.01194	0.00217	0.00618	0.00868
26330	0.53500	0.62346	0.58398	3.42725	2.18506	2.98090	9.15906	5.73857	2.55518	1.22104	1.92654	2.95255	1.99064	1.94513	2.18551	10.73936	7.27844	4.81576
26490	0.88619	0.48525	0.54668	2.75477	2.32778	1.72315	8.96648	5.35769	2.62605	0.86500	1.90328	1.94483	2.31608	1.45552	1.43399	8.99925	5.58267	3.48732
26650	0.52487	0.55385	0.40074	1.99718	1.73977	2.11910	8.80285	5.48611	2.36462	1.15006	1.38371	0.70788	1.85835	1.53480	1.42263	8.52611	5.05574	3.73147
26820	0.78373	0.83502	0.69138	1.90654	1.96893	1.64824	9.45942	5.73531	3.27882	0.64875	0.88752	0.76948	2.42763	1.77130	1.72877	8.90298	5.05782	2.84282
26980	1.54001	0.92219	0.74283	2.44733	2.40989	2.47821	9.10277	5.58472	2.93617	1.29631	1.32570	1.43598	2.79872	1.77415	1.70532	9.72568	6.13096	3.48207
27140	0.81920	0.85972	0.74317	4.61855	3.47727	3.01657	9.01259	5.35326	2.57370	1.92365	1.53625	1.78811	1.95390	1.95506	1.95194	9.94555	5.93706	3.39882
27310	0.96101	0.85066	0.98808	3.15969	2.50326	3.13361	10.45145	6.06425	3.24325	1.49502	1.26798	1.46993	1.86800	1.39591	1.21361	8.65866	5.02742	3.44961
27470	1.78818	1.42039	0.98894	3.14580	2.81483	2.10587	9.74357	6.76331	2.75428	1.59311	1.35154	0.55964	2.51612	1.60093	1.26348	8.29656	5.19037	2.73665
27630	0.73559	0.79352	0.67054	2.37812	2.41544	1.87293	9.05505	5.64840	2.62311	0.68060	0.79454	1.09852	2.37110	1.63731	1.34488	8.36514	5.33971	2.49215
27800	0.96091	1.10574	0.55809	2.80347	1.83950	1.86041	9.41320	5.72173	2.93246	1.11541	1.22958	1.38264	2.25853	1.93516	1.78056	9.27351	5.77131	2.53182	30.12	6.0	0.00	7.55	0.01267	0.01288	0.01635	0.00781	0.00581	0.00638	0.00467	0.01264	0.01679	0.00678	0.00699	0.00882	0.01487	0.01092	0.01194	0.00217	0.00618	0.00868
27960	0.79110	0.76255	0.91814	2.22324	2.03112	1.42223	9.70929	5.94555	2.96852	1.08956	0.85515	1.45968	3.13488	1.78823	1.74229	9.22406	5.90780	3.25209
28120	1.58787	1.51405	0.70346	2.37991	2.36268	2.05323	9.43592	5.95924	2.89793	1.81653	3.18026	1.42914	3.07275	2.64433	1.88328	9.06720	5.90968	3.66273
28290	1.01830	0.80456	1.16476	3.62024	3.60832	2.68254	9.09130	5.83274	3.42452	3.82785	3.95294	5.39273	2.94704	1.91044	2.18990	12.23908	5.74433	3.82147
28450	2.18096	2.61513	2.14719	4.94941	2.93378	2.20512	9.35535	5.73926	3.10609	1.91679	1.25390	1.67121	2.31905	2.13086	1.58540	9.57716	6.04940	3.33724
28610	1.24922	1.07796	0.91985	3.90785	4.55779	3.27543	9.38300	5.52703	2.69589	2.40747	2.21055	2.47902	2.43155	2.21138	1.78670	8.82463	5.51788	2.79621
28780	1.47598	0.79261	0.67446	2.79404	2.96710	2.51010	9.75177	6.08099	4.55616	2.19839	2.24279	1.55129	2.71209	2.07344	2.38433	9.77843	6.40410	3.28818
28940	0.91498	0.75666	0.69389	4.38079	2.79488	2.36234	9.40406	5.40025	2.95200	2.63109	2.59361	1.63949	2.76032	2.26170	1.39303	9.19373	6.71468	3.49883
29100	1.25297	1.56081	1.14209	3.52902	2.93659	1.72241	9.65533	6.40524	3.63328	1.36775	1.86948	0.89028	3.64630	2.83200	2.27164	8.46448	5.40203	2.55990
29270	0.86521	0.73356	0.59261	1.91013	1.45034	1.10896	9.04932	5.31647	2.44261	0.79114	0.74757	0.53688	1.79411	1.45741	1.13082	8.50768	4.92650	2.58142
29430	0.51040	0.62716	0.44111	2.71024	1.95613	2.13179	9.03939	5.71896	2.81894	1.17676	0.95694	0.98679	2.30092	2.63771	2.14594	8.56159	5.90369	2.68907	30.12	6.1	0.00	7.59	0.01267	0.01288	0.01634	0.00781	0.00581	0.00638	0.00466	0.01264	0.01679	0.00678	0.00699	0.00882	0.01487	0.01092	0.01194	0.00217	0.00618	0.00868
29600	1.62299	1.33147	1.31954	2.29959	2.46179	2.29952	9.13509	5.88302	2.84503	1.99878	1.22743	2.57458	2.59956	2.66331	1.22344	9.21651	5.93267	4.74809
29760	1.39492	1.33096	1.77122	3.61641	2.74368	1.40078	9.37075	6.16838	2.85090	0.69486	0.64501	0.54502	3.18971	2.56568	2.17937	8.23267	4.94070	3.22386
29920	1.55845	1.47697	1.12349	2.37585	2.32124	1.38182	9.36911	6.49854	3.04154	1.18530	2.25082	1.62321	2.22737	1.70678	1.61889	8.58819	6.00283	2.86968
30090	1.26105	1.38575	1.06025	1.99971	1.75007	1.27376	9.36535	6.95823	4.10796	0.57282	0.59286	0.96759	2.16087	1.80518	1.57787	8.29632	4.99280	2.94840
30250	0.80402	0.61083	0.32577	1.97663	1.51860	1.05823	9.39244	5.54649	3.15485	1.02879	0.78385	0.73568	2.75127	2.34946	2.19203	8.47355	5.90543	2.70674
30410	1.25172	0.99226	0.71761	3.16056	3.12518	2.46368	9.48500	6.08864	2.94761	1.79187	1.67608	1.25227	2.28557	2.05326	1.33526	8.88939	5.57353	3.07037
30580	1.01317	1.37515	1.20148	2.42385	2.99481	2.34470	10.77326	6.81542	3.61660	1.31883	1.01504	1.04173	2.49013	1.95183	1.90140	8.56592	5.54452	3.08623
30740	0.95046	1.06425	1.20262	2.59394	2.83708	2.59866	10.04207	5.81834	2.50773	0.80183	0.66468	0.77327	2.43628	2.47503	1.99235	8.40190	5.24244	3.63496
30900	1.10491	1.12916	0.67512	1.76764	1.55818	1.53063	9.41965	5.62796	2.63218	1.73779	0.71693	0.44001	1.80417	1.69333	1.29343	8.60103	5.41533	2.73069
31070	0.46830	0.56389	0.30997	2.07188	1.69613	1.54053	8.92817	5.58570	2.93475	0.93640	1.01968	0.85359	2.14346	1.68113	1.39495	8.67521	5.18051	3.23048	30.17	6.1	0.00	7.50	0.01267	0.01288	0.01634	0.00781	0.00581	0.00638	0.00466	0.01264	0.01679	0.00678	0.00699	0.00882	0.01487	0.01092	0.01194	0.00217	0.00618	0.00868
31230	0.66463	0.92363	1.10185	2.58251	2.15351	1.94139	9.72109	5.42350	2.50811	1.30554	1.52735	2.18674	2.14492	2.08141	1.41956	9.47667	7.00131	4.24443
31390	1.52434	1.26447	1.32543	2.39168	2.01617	4.05773	10.28174	5.86902	3.13380	0.85327	1.51511	2.82413	3.39158	1.96460	1.66612	9.27451	6.01557	3.75379
31560	1.16882	0.93404	1.07893	2.47904	2.15732	1.67354	10.83653	6.22302	2.75469	0.93578	0.81441	1.60478	2.20858	2.03103	1.95929	8.99122	5.98468	2.61632
31720	1.00037	2.01248	1.46933	2.48419	1.79086	1.61049	9.09379	5.68693	3.79714	1.44651	1.18382	0.78180	2.32234	2.53781	1.89119	8.31955	5.34494	3.29107
31880	0.93984	0.73454	0.43258	2.07644	1.91482	1.99280	8.97688	5.85893	2.45709	1.28318	1.73998	0.84829	2.06743	1.76258	1.47364	8.59411	5.59119	2.68248
32050	0.71459	1.51272	0.87939	2.95201	3.49404	2.46451	9.64838	5.34788	2.76657	0.97747	0.92364	1.13696	2.18880	2.86194	2.29092	10.51199	5.79153	2.61190
32210	1.62764	1.98205	1.87601	2.74978	2.55881	2.94641	10.71953	7.20580	3.27366	1.28637	2.13332	2.16738	3.77259	2.87121	1.24132	9.74620	6.44067	3.51842
32370	0.90569	0.76660	0.51222	2.27593	1.91905	1.66294	9.19245	6.06763	3.12550	1.74481	0.77256	1.12414	2.25661	1.45247	1.15648	8.56007	5.07653	3.63533
32540	0.72371	1.00880	1.47430	2.08741	1.99640	1.47371	9.69558	5.74207	3.14026	1.26531	0.66578	1.26751	2.71775	1.63507	1.56451	10.89919	6.81158	3.62605
32700	1.14567	1.45441	1.45071	3.65953	2.63246	2.25030	10.26201	6.27042	2.65730	1.84142	2.21824	1.72552	2.19241	1.60434	1.56669	10.06477	7.08813	3.27679	30.17	6.2	0.00	7.62	0.01267	0.01288	0.01634	0.00781	0.00581	0.00638	0.00466	0.01264	0.01679	0.00678	0.00699	0.00882	0.01487	0.01092	0.01194	0.00217	0.00618	0.00868
32860	1.78590	1.33209	0.71665	3.87516	3.39531	2.17482	9.54575	5.72865	2.75973	1.84095	1.39284	1.72455	2.53383	2.88047	1.79437	9.63912	7.58284	5.15283
33020	0.80563	0.85306	0.75126	4.22596	2.80026	2.19256	9.09171	5.77691	3.12380	3.19917	2.81497	2.22803	1.91052	1.67708	1.44308	9.51835	5.53191	2.87670
33190	1.45262	0.92873	1.02555	2.23596	2.10268	1.78805	9.57879	5.28472	3.06185	0.79861	0.95085	1.03759	2.63569	2.35103	1.75086	10.33900	5.41169	3.33751
33350	1.20969	1.11977	1.61974	2.57433	3.08362	3.47005	9.49687	5.66399	2.92213	2.69655	1.77165	6.26936	2.69381	2.31539	2.32345	12.38857	6.39902	6.59870
33510	2.12118	1.19270	1.27421	3.19310	3.26918	2.82530	9.87348	6.22886	3.36446	1.79506	2.84242	3.80833	2.67486	2.06160	1.62216	9.09243	5.21299	2.73551
33680	1.40443	1.42992	1.52764	6.79010	5.89506	6.19758	10.03237	6.28497	4.02954	3.99511	3.39764	2.71722	2.72102	2.03833	1.96238	10.87900	5.51652	3.15463
33840	1.52750	1.06683	0.74490	2.17151	1.73518	2.46379	9.99699	5.71771	2.80824	1.44816	0.90876	0.55190	2.04211	1.48671	1.32095	8.82165	5.72079	3.15070
34010	0.95051	0.50181	0.50351	1.91859	1.97093	1.57937	9.26710	5.61397	2.60806	1.54790	1.68008	1.01312	2.64428	1.87425	1.80489	8.58779	5.41372	2.44755
34170	0.97079	1.56981	0.85969	2.49301	3.69585	2.28656	9.16552	5.92489	3.27249	0.94153	0.87106	0.63188	2.46527	2.13572	1.77356	8.36204	5.08051	2.50055
34330	1.82752	1.19542	2.13369	1.99952	2.19307	1.62103	9.94509	5.72767	2.70301	0.94520	0.81291	0.68853	2.30867	2.11934	1.95566	8.68279	5.46727	3.15106	30.12	6.1	0.00	7.49	0.01267	0.01288	0.01634	0.00781	0.00581	0.00638	0.00466	0.01264	0.01679	0.00678	0.00699	0.00882	0.01487	0.01092	0.01194	0.00217	0.00618	0.00868
34500	1.21366	0.97875	0.31831	2.59664	2.29744	1.25584	8.88681	5.50893	3.13755	0.70268	1.04336	0.80778	2.18091	2.13024	1.57979	8.32657	4.89979	2.77168
34660	0.91893	0.55656	0.58328	1.77808	1.63823	1.07295	8.89336	6.75510	3.38671	0.82473	1.07973	1.04649	2.69691	2.02916	1.26068	8.67448	5.52460	3.75091
34820	1.48100	0.89541	0.80612	2.19123	1.48119	1.97103	9.00698	5.48889	3.05078	0.95863	1.24999	1.00515	2.87942	2.35881	1.83608	8.91011	5.66801	2.95812
34990	1.56701	1.56173	1.81191	4.20303	3.25184	1.81572	10.49019	5.76716	2.80606	1.89445	1.18427	1.28606	2.70706	2.20555	2.60275	8.95840	5.52295	4.05028
35150	0.88361	0.95935	0.57144	2.29799	2.29067	2.49409	9.54891	5.62022	2.82443	0.88736	1.07944	1.95906	2.40046	1.99678	2.07673	9.83407	6.66759	3.25118
35310	1.14899	0.68703	0.59944	2.08669	2.25920	1.96956	9.22913	5.77410	3.17855	0.73748	0.75247	1.34410	1.97305	1.74009	1.48133	9.22728	7.34221	3.37461
35480	1.07960	0.87968	0.65435	3.02219	2.85768	2.43309	8.85915	5.47801	3.01675	2.27013	1.86647	1.52463	2.78713	2.67804	1.69808	8.84041	5.22611	3.08101
35640	0.79629	0.87815	1.26475	2.11171	2.99449	2.30198	9.50299	5.54126	2.49405	1.46061	2.74285	1.64405	1.83432	1.49781	1.23943	9.94792	5.42005	2.80935
35800	0.70618	0.88175	0.57498	3.33813	2.37042	2.06733	9.17572	5.65261	3.32490	1.45985	1.70367	1.66439	2.32746	1.66170	1.50919	9.21021	5.48636	3.11765
35970	0.68234	0.67383	0.71592	1.98733	2.16119	1.59580	9.30337	5.67922	2.97405	1.43071	2.26126	1.06294	2.08843	1.74329	1.32638	8.75023	6.51288	2.86586	30.17	6.2	0.00	7.55	0.01267	0.01288	0.01634	0.00781	0.00581	0.00638	0.00466	0.01264	0.01679	0.00678	0.00699	0.00882	0.01487	0.01092	0.01194	0.00217	0.00618	0.00868
36130	0.60226	0.71111	0.47204	2.19656	1.58561	1.44682	9.02789	5.46848	2.52812	1.63856	1.95035	0.78943	2.12741	1.78011	1.63982	8.58598	5.73060	2.70448
36290	0.86047	0.68738	0.62994	2.50174	2.35345	1.56392	9.21980	5.58466	3.18028	1.23492	0.94211	1.07222	2.16554	1.85464	2.42395	8.61782	5.45451	3.03801
36460	0.69488	1.09989	0.81280	2.25952	1.81950	1.52245	8.92504	5.66817	2.59499	0.91449	1.33330	0.86379	2.19072	1.85306	1.65316	9.03172	6.09230	3.52069
36620	0.56394	0.71186	0.75101	3.49155	2.46729	2.25764	9.79094	5.80494	2.83587	1.31203	1.23677	1.26839	2.36246	2.43578	2.97729	9.34712	5.56535	3.29911
36780	1.79960	0.89810	0.52638	2.42247	1.73753	2.39968	8.94899	5.18477	2.34346	1.17355	1.18998	0.50869	1.77294	1.62852	1.51606	8.11728	4.89274	2.62811
36950	0.64221	0.57985	0.49309	2.17218	1.56441	1.23218	9.15356	5.42773	2.65625	0.92105	0.91389	1.06279	2.12565	1.56115	1.47514	8.50802	5.09279	2.74548
37110	0.61072	0.47240	0.55352	2.03290	1.57797	1.47019	9.50135	5.36406	2.48927	1.19086	1.39602	1.18971	2.75561	1.67912	2.03005	8.74096	6.54464	3.49310
37280	0.88544	0.69479	0.56842	2.70340	2.78114	2.51932	9.73549	5.86701	2.69849	2.17771	2.02038	2.03456	3.27132	2.46500	2.40840	8.69002	7.28360	4.82460
37440	1.54119	2.65287	1.92616	3.10793	3.44237	2.81303	10.56075	7.00998	4.82089	2.18574	1.84779	1.76103	4.31870	3.70504	3.90866	9.38368	7.51437	5.73216
37600	1.56451	2.07906	2.13054	4.78756	2.94187	2.11473	9.40101	5.84035	3.29112	1.36681	1.14144	1.02405	3.04909	1.99931	1.27232	8.71292	5.52129	3.37055	30.12	6.0	0.00	7.50	0.01267	0.01288	0.01634	0.00781	0.00581	0.00638	0.00466	0.01264	0.01679	0.00678	0.00698	0.00882	0.01487	0.01092	0.01194	0.00217	0.00618	0.00868
37770	1.10861	1.05440	0.66929	2.27197	2.71579	2.33579	9.64204	6.17134	2.89615	1.20983	1.56558	0.83623	2.32621	2.09082	1.52491	8.55230	5.58316	3.37124
37930	1.51790	2.26614	1.04766	2.44996	2.02556	1.78464	10.40572	6.75062	4.28827	1.85085	1.69881	2.07058	2.45212	1.96612	2.55304	9.87215	5.72826	4.83459
38090	1.54643	1.77784	1.13051	5.04358	3.85933	2.68068	9.93780	6.26480	3.32782	2.61404	2.65921	2.46481	3.73923	2.86644	1.93880	9.32159	6.15311	3.45355
38260	1.01371	1.26270	0.92759	4.66675	5.77582	2.08718	9.36022	5.37354	2.43814	1.82210	1.68538	2.15447	1.79710	1.58089	1.62007	9.57690	6.17392	2.84345
38420	1.03378	1.02255	1.16218	2.65015	2.15025	1.89970	9.27054	5.93811	3.29386	0.89679	0.68050	0.63148	2.17685	1.46948	1.17570	8.26161	5.23566	3.22060
38590	0.63015	0.60608	0.57387	1.96236	2.52370	2.19508	9.23237	5.74501	2.48925	1.76244	2.21850	1.43411	1.93875	1.85319	1.35236	9.44665	5.79317	3.39155
38750	1.21135	0.94272	0.76317	3.06097	2.70112	2.36713	9.03649	5.55459	2.88434	1.25185	0.52462	0.80652	2.29290	2.29735	2.32445	8.57366	5.71217	3.22254
38910	1.96661	1.78365	1.18570	3.77829	2.67878	2.09901	9.28526	5.50866	2.80812	2.37519	1.81485	1.97715	2.50589	1.91946	1.96809	10.12403	6.14651	3.50248
39080	0.88963	0.73013	0.68352	2.78173	2.79619	1.82839	10.04011	6.10909	3.05588	1.39082	1.56129	2.01413	2.16975	2.61885	1.56599	9.86641	5.97732	3.22365
39240	1.30436	1.73758	1.58476	2.28463	1.90168	1.17608	10.15882	6.71343	4.01997	0.49115	0.55130	0.61110	2.05604	1.38680	1.13513	8.18797	5.31200	2.90090	30.12	6.2	0.00	7.53	0.01267	0.01288	0.01634	0.00781	0.00582	0.00638	0.00466	0.01264	0.01679	0.00678	0.00699	0.00882	0.01487	0.01092	0.01194	0.00217	0.00618	0.00868
39400	0.46847	0.31500	0.32660	2.03711	1.62110	1.16952	8.92586	5.15409	2.28539	0.64917	0.85072	0.81861	1.85635	1.28557	0.96405	8.27326	5.39346	2.33634
39570	0.35256	0.28859	0.30259	2.06002	1.55201	1.34599	8.76696	5.20282	2.42553	0.86310	0.64006	1.11329	1.73779	1.34022	1.06432	9.02832	5.59061	3.97595
39730	0.61613	1.39056	0.46399	3.16310	2.38475	2.82996	9.13643	5.89804	3.53484	1.77846	0.87787	0.72999	3.23440	2.43153	1.84443	9.66856	6.14171	3.31517
39900	1.61395	1.92697	0.68750	3.20983	2.20003	1.83569	10.13433	6.18309	3.04632	1.97597	1.30314	1.43880	2.01341	1.82441	1.88216	8.67156	6.64566	2.98269
40060	0.76179	0.69495	1.32589	2.67058	3.09489	2.76622	10.68533	5.74681	2.96806	1.99915	1.82967	1.43106	3.06963	2.44639	1.51270	10.96922	6.89478	4.12825
40220	1.11971	1.01693	1.20305	3.00554	2.27125	2.45673	9.59083	5.99700	3.08967	2.22155	2.50943	1.21927	1.91935	1.52746	1.51477	8.77118	5.56715	3.29866
40390	1.22674	0.78547	0.81355	2.78549	1.77964	1.77319	9.09584	5.91385	3.18293	0.72323	0.76489	0.71762	2.25121	1.99993	1.58970	9.51779	5.63232	2.90885
40550	0.75316	0.83754	0.74671	2.06056	1.81820	1.42571	9.07239	5.22639	2.65476	1.26760	1.22018	0.84415	2.31313	1.73343	1.21687	8.13211	5.93116	3.30366
40710	0.49040	0.53025	0.67223	2.77753	2.41859	1.71500	9.05281	5.20572	2.36522	1.20811	1.20142	0.56945	2.03255	1.75055	1.63132	8.68978	5.38176	2.91690
40880	0.69293	0.42198	0.52294	2.59142	2.48690	1.87041	8.98554	5.29724	2.42340	1.02516	0.81592	1.08093	1.93142	1.35601	1.08722	9.80076	5.58831	2.75639	30.17	6.3	0.00	7.60	0.01267	0.01288	0.01634	0.00781	0.00582	0.00638	0.00466	0.01264	0.01679	0.00678	0.00699	0.00882	0.01487	0.01092	0.01194	0.00217	0.00618	0.00868
41040	0.39798	0.41395	0.26465	2.48137	2.37245	1.56190	8.80764	5.31357	2.47177	1.38018	0.88010	1.89256	2.06234	1.62307	1.09078	9.12038	5.52686	3.49470
41200	0.50756	0.55262	0.40800	2.06044	1.84294	1.44728	9.34456	5.43980	2.77837	0.76531	0.99985	0.65652	2.12562	1.88251	1.55372	8.49965	6.15417	3.01205
41360	0.93015	1.04700	0.71523	2.25322	2.31148	1.74687	9.41668	5.89103	2.71193	0.70378	0.52441	0.53992	2.63456	2.24267	1.79874	9.10574	5.57605	2.62331
41530	0.57334	0.54013	0.62483	2.47665	1.80588	1.51841	9.52205	5.98075	2.49597	0.72404	0.79409	0.69374	2.07763	1.32575	1.32242	8.30363	4.99553	2.50997
41690	0.91349	0.65447	0.68356	2.03673	1.93015	1.52699	9.08302	5.73339	2.66680	0.95732	1.20682	0.50125	1.91323	1.70318	1.35454	9.01146	5.70079	3.49507
41860	0.87656	0.97699	0.99777	2.76466	1.74126	1.88712	9.83140	5.51252	3.15381	1.83753	1.37981	1.31828	2.54640	2.11067	1.53411	9.28336	5.65925	3.33291
42020	2.05219	1.58602	1.27652	2.57751	1.72328	1.88598	9.62740	5.69358	2.85185	1.55939	1.96791	1.61654	2.80061	1.87090	1.93336	8.67271	5.69185	2.92087
42180	1.10317	1.26049	0.91622	2.36770	1.66064	1.88503	9.98337	6.01168	2.62033	2.55589	1.37283	1.17594	3.24835	3.09545	1.61546	8.53047	5.91238	3.55024
42350	1.27375	0.73326	0.55013	2.16652	1.76188	1.59518	9.38317	5.59771	2.74064	0.81286	1.03093	0.38589	1.92206	1.68795	1.55183	8.45556	5.06156	2.42238
42510	1.07484	0.57195	0.63157	2.41213	1.89392	1.84540	9.51288	5.63223	3.17753	1.44898	1.66671	1.78566	2.20255	1.70785	1.66156	8.81377	6.08797	2.85795	30.12	6.2	0.00	7.62	0.01267	0.01288	0.01634	0.00781	0.00582	0.00638	0.00466	0.01264	0.01679	0.00678	0.00699	0.00882	0.01487	0.01092	0.01194	0.00217	0.00618	0.00868
42670	0.96058	0.79350	0.79183	3.28349	2.34801	2.22067	9.41192	7.25909	3.63744	1.72610	2.33215	1.80008	3.14069	3.41545	2.26570	9.55182	6.23595	3.96319
42840	1.18355	1.79180	1.43367	3.59577	3.92473	2.25094	11.11222	7.84748	4.33046	2.06777	2.53431	0.95613	3.05059	2.47427	1.51379	8.83750	5.63080	3.04378
43000	1.20552	1.44984	1.34155	2.49779	2.33077	2.02740	10.13808	6.98951	3.47483	1.15737	0.98831	0.71297	2.43668	2.16301	1.59720	8.21664	5.81146	2.82145
43160	0.49969	0.39185	0.24155	1.88610	1.41597	1.59632	8.85131	5.31465	2.38613	0.64738	0.45581	0.31543	1.76216	1.30587	0.94995	8.27870	5.02885	2.48267
43330	0.38757	0.37311	0.36955	1.90478	2.28505	1.67194	8.86777	5.20633	2.55170	0.73792	0.41048	0.47758	1.73495	1.32555	1.19497	8.44741	4.97096	2.92488
43490	0.82593	0.44925	0.59131	2.17550	1.95751	1.32774	9.10145	5.23129	2.43808	0.70136	0.48972	0.82801	2.04991	1.47167	1.34934	8.90811	5.96545	3.35209
43660	0.82087	0.85701	0.83177	2.39060	1.75373	1.34871	9.35959	5.41498	2.78051	2.54752	0.80728	1.68529	2.47439	2.64535	1.72391	8.91981	6.26792	3.18179
43820	1.05012	0.78732	0.63111	3.97101	2.48644	2.05936	9.33019	5.41161	2.78847	1.08169	0.88448	0.64623	2.44647	2.34757	2.58219	8.64149	5.48282	2.63862
43980	1.34409	1.37230	1.22123	1.90458	1.99050	1.63762	10.09304	6.33425	2.98019	1.00468	0.62550	1.08063	2.21869	1.82030	1.47452	8.83333	5.59295	3.37946
44150	0.75842	1.01896	1.23582	3.65059	3.66150	2.71804	9.37533	6.86523	3.19639	1.60397	2.24829	1.44983	2.73396	1.84126	1.99505	9.17496	5.83676	3.14988	30.17	6.1	0.00	7.60	0.01267	0.01288	0.01634	0.00781	0.00582	0.00638	0.00466	0.01264	0.01679	0.00678	0.00699	0.00882	0.01487	0.01092	0.01194	0.00217	0.00618	0.00868
44310	2.06549	0.75576	1.19342	2.32946	1.49429	1.92797	10.14060	6.10981	3.36580	2.34979	0.88985	1.66994	2.73517	1.96634	1.50691	9.07874	5.33948	2.70193
44470	0.75466	0.75391	0.46849	2.75524	2.81589	1.65596	8.92234	5.44712	2.40338	0.69824	0.72361	0.66030	2.23255	1.50073	1.32803	8.54771	5.66118	3.50716
44640	0.47346	0.64977	0.54152	3.02684	2.26702	1.73139	9.01602	5.20291	2.40934	1.07480	0.97913	1.33215	2.30622	1.45988	1.43506	8.65423	5.44021	2.35505
44800	0.87780	0.70960	0.77400	1.96740	1.72306	1.34836	9.36048	5.66443	3.46691	0.81469	1.74564	1.28653	3.17947	2.63690	2.00530	9.89950	5.23921	2.81218
44960	1.31791	1.38519	0.87976	1.97341	1.83397	1.21926	9.49315	5.32437	2.61661	0.89664	0.81721	1.04301	2.00381	1.55082	1.59738	8.54788	5.37773	2.86335
45130	0.97522	1.03935	0.64985	3.08456	2.90160	2.17422	9.04377	5.66007	2.68632	0.67539	0.84588	0.70864	2.01766	1.54523	1.20375	9.31995	5.38031	3.01731
45290	0.91179	0.52093	1.01831	2.02438	1.61322	1.35734	9.72464	6.23589	3.28526	0.70662	0.65552	1.01611	2.75814	2.29882	1.80555	9.53986	5.57661	2.91735
45450	0.79022	0.74971	0.81211	1.89738	2.11281	1.81321	9.27410	5.77282	2.57793	1.54766	0.97780	0.68984	2.40008	1.75925	1.74155	8.57990	5.62780	2.92107
45620	0.87679	0.72692	0.55696	2.50538	1.98300	1.45005	9.65505	6.04162	3.04428	1.94944	1.69254	1.21676	2.31098	2.17294	2.05910	8.87692	5.85959	3.62309
45780	2.01904	1.17958	0.68061	2.94392	2.25687	2.60723	9.48776	5.66998	3.22515	2.55409	2.31910	2.27725	3.02612	2.47172	2.57670	9.70835	6.82045	3.19632	30.12	6.1	0.00	7.54	0.01267	0.01288	0.01634	0.00781	0.00582	0.00638	0.00466	0.01264	0.01679	0.00678	0.00699	0.00882	0.01487	0.01092	0.01194	0.00217	0.00618	0.00868
45940	1.41420	1.80972	1.72712	4.58335	4.14309	4.45818	10.93836	6.87199	3.68092	1.31152	0.99989	1.07530	2.31417	2.04935	1.61201	8.67745	4.98288	2.44247
46110	0.71041	0.70690	0.62455	2.06530	1.61183	1.28528	10.60260	6.45521	3.91229	0.76888	1.01751	0.95507	2.65833	2.00599	1.81565	8.50098	6.31753	2.96370
46270	1.70866	0.53697	0.45904	2.69408	2.02780	1.42797	9.26100	5.57621	2.72128	1.16323	0.58468	0.82664	2.33875	1.42995	1.07708	8.46116	5.80637	3.95643
46430	0.38793	0.33620	0.51191	2.63734	2.36587	2.29669	9.19404	6.03939	3.14191	1.95974	1.67458	0.94444	1.99781	1.74302	1.04991	8.57270	5.59351	2.67129
46600	0.78796	0.66558	0.86470	2.08098	1.72801	1.76773	10.35571	7.03405	2.88092	0.96095	0.94035	0.70668	2.13184	1.53733	1.07245	8.44607	5.30008	2.67906
46760	0.50249	0.38150	0.41376	2.01566	2.03811	2.07992	8.88366	5.25115	2.53606	1.47909	1.08212	0.93972	2.19580	1.81902	1.28971	9.34311	6.35572	4.04892
46920	0.60101	0.32598	0.44857	2.50204	1.97311	1.44693	9.09525	5.99473	2.46469	1.24588	0.55625	1.35594	2.08852	1.73530	1.30669	8.88613	5.67802	3.76492
47090	0.70675	0.84935	0.88204	2.48303	2.37370	2.10484	9.73726	6.03239	3.57595	1.83119	1.88092	2.72764	3.34340	2.26039	2.81338	8.93637	5.75003	3.42342
47250	2.02310	4.20349	1.99519	2.51633	2.16592	1.83810	11.04219	6.14002	3.58088	1.18449	1.28730	1.41238	3.67807	2.79846	1.83194	8.75945	5.79124	2.75323
47410	1.16634	1.05598	1.27295	2.88494	2.54625	1.62053	9.59037	5.77601	3.27119	1.35625	0.97705	0.98011	2.74395	1.86492	2.01610	8.86929	5.37069	3.54183	30.12	6.1	0.00	7.52	0.01267	0.01288	0.01634	0.00781	0.00581	0.00638	0.00466	0.01264	0.01679	0.00678	0.00699	0.00882	0.01487	0.01092	0.01194	0.00217	0.00618	0.00868
47580	1.76503	2.22063	1.71199	4.38300	4.21212	2.33078	9.86892	5.86925	3.14727	2.78887	1.96668	1.36176	3.79509	2.12526	1.69409	9.18089	5.99426	3.74174
47740	0.90029	1.16869	0.98611	2.23889	1.94671	1.50887	9.26454	5.91174	3.54508	0.77182	0.89079	1.54303	2.34086	2.44802	1.56171	8.99404	5.32351	2.83232
47900	0.80097	0.77788	0.51436	2.49858	1.85979	1.57452	9.19184	5.71491	3.14631	1.27853	0.79264	0.70719	2.36916	1.97163	1.70022	8.63564	5.08418	2.71692
48070	1.68965	2.21323	0.97410	2.12129	2.09647	1.45383	9.63277	5.44373	2.90525	1.28004	2.09673	2.64578	3.01707	1.96902	1.92434	9.48906	5.57074	3.44162
48230	1.29114	0.90888	0.89112	2.17597	3.58329	3.06184	10.46327	5.65375	2.83211	0.76126	0.83722	0.63662	2.22464	1.87512	1.38594	8.16969	5.00829	2.51405
48390	0.63455	0.81964	0.77144	2.19263	1.67899	1.21922	8.99736	5.40903	2.59291	0.87676	1.29677	1.23092	2.59062	2.53363	1.93399	8.40438	5.29811	3.29149
48550	1.21481	0.94420	0.42073	2.29503	2.33287	1.78665	9.35383	5.52377	2.66685	0.95282	1.18010	1.42514	2.29843	1.79941	1.38505	9.16280	5.45024	2.99034
48720	1.32762	0.81906	0.48620	2.95677	2.84885	3.01700	9.51586	5.64993	3.47039	0.92944	1.06055	0.95020	3.48703	3.04893	1.47884	8.70385	5.38352	3.79587
48880	0.77358	0.84499	0.67288	3.29082	3.34611	2.15900	9.20835	5.99320	3.08405	1.25543	1.22051	1.31174	2.45439	2.14892	1.34445	8.99137	5.27952	2.54257
49050	0.82489	1.23791	0.54940	2.15056	1.65107	1.46168	9.31298	5.43498	2.56186	0.63569	0.61491	0.40200	1.92568	1.56160	1.23911	8.19665	4.81469	2.27248	30.12	6.1	0.00	7.54	0.01267	0.01288	0.01634	0.00781	0.00581	0.00638	0.00466	0.01264	0.01679	0.00678	0.00700	0.00882	0.01487	0.01092	0.01194	0.00217	0.00618	0.00868
49210	0.36929	0.32805	0.16344	1.89417	1.40121	1.16205	8.75323	5.19960	2.45306	0.47506	0.44785	0.44510	1.78252	1.28613	0.94468	8.44373	4.95731	2.40040
49370	0.31343	0.29154	0.25223	2.63610	1.68196	1.26331	8.82325	5.22699	2.38586	0.99891	1.28970	1.40692	1.81686	2.20388	1.27521	9.16418	5.75063	2.99529
49540	0.68725	0.55498	0.66680	2.25519	2.38077	1.67035	9.54814	6.20401	4.17511	1.12468	1.48999	1.31447	2.65557	2.00157	1.68002	8.95452	6.54148	3.89452
49700	0.97607	0.67566	0.46041	2.46215	2.20040	1.78118	8.88632	5.78845	3.00807	0.62408	0.85827	0.78946	1.89390	1.41538	1.21965	8.32826	5.09315	3.05731
49860	1.08391	0.66304	0.43151	2.30321	2.10595	1.34949	8.99302	5.73344	2.49461	0.82366	0.61325	0.45862	1.95069	1.30465	1.36678	8.33732	4.99576	2.41578
50030	0.51853	0.38546	0.33667	1.97637	1.42334	1.26706	8.81491	5.22888	2.40321	0.55880	0.55628	0.51074	1.79832	1.43155	1.29102	8.39719	4.91414	2.37318
50190	0.39410	0.42417	0.36557	1.95261	2.04466	1.48272	9.38769	5.44331	2.65941	1.21851	0.77135	0.89583	1.97977	1.43624	1.22409	8.93875	5.10786	2.65386
50350	0.41537	0.53414	0.42689	2.24302	1.94255	1.53481	9.16773	5.66282	3.02321	1.03977	0.67517	0.49412	2.31221	3.01191	2.09740	8.35389	5.26998	2.59812
50520	1.11567	1.22926	1.17733	2.28405	1.51738	1.64139	8.97257	5.44492	2.50878	1.22591	0.74686	2.03661	1.94217	1.40367	0.99622	8.64703	7.54063	4.06034
50680	0.43553	0.46118	0.68614	3.38074	2.81416	1.56053	8.95949	5.37894	2.44893	1.02672	1.05215	0.73547	2.18706	1.55627	1.65361	9.23937	5.49480	2.65183	30.12	6.2	0.00	7.72	0.01267	0.01288	0.01634	0.00781	0.00581	0.00638	0.00466	0.01264	0.01679	0.00679	0.00700	0.00883	0.01487	0.01092	0.01194	0.00217	0.00618	0.00868
50840	0.64979	0.64094	0.42727	2.38369	2.04158	1.83599	9.30019	5.64604	3.06634	1.18112	1.22233	1.15803	2.46154	1.87990	2.10443	9.03636	5.53589	2.73430
51010	0.81422	0.67334	1.07730	2.01909	1.76224	1.98512	9.13137	5.56997	2.86880	0.75514	0.40632	0.48341	2.04271	1.30295	1.12245	9.14567	4.97757	2.43164
51170	0.56529	0.48757	0.44109	1.77323	1.42237	1.29647	9.08270	5.20237	2.53138	1.34562	1.06640	0.59693	2.04487	1.54667	1.20904	8.65127	5.58333	3.05907
51330	0.50674	0.39036	0.34696	2.20866	2.59341	1.48156	8.80488	5.25720	2.34072	1.01102	0.69921	0.98437	2.03913	1.83157	1.22693	8.51281	5.54038	3.17053
51500	0.96445	0.91700	0.30473	2.44407	1.76598	1.60226	9.44963	5.40705	2.61623	0.76777	0.56832	0.60289	1.73078	1.48553	1.19723	8.97575	5.96445	2.73968
51660	0.46011	0.37316	0.28354	1.85855	1.73920	1.45282	9.06247	6.07666	2.78148	0.63738	0.75296	0.76872	2.27332	1.63214	1.56209	8.43139	5.63070	3.46934
51820	0.72481	0.78688	0.42330	2.20883	1.92044	1.94568	9.07329	5.25546	2.90604	1.40981	1.15550	0.69750	2.53118	2.19199	1.71080	8.48081	5.06336	2.66961
51990	0.64744	0.58233	0.50742	2.02829	1.65150	1.66054	9.37927	5.58812	2.76757	1.11262	1.13058	1.01191	2.18892	1.81951	1.46099	9.05840	5.87119	3.30587
52150	0.66250	1.07030	0.81599	2.85231	2.83658	2.06135	9.63154	6.44284	2.94170	1.75772	1.03176	1.27977	1.78043	1.56092	1.45382	8.42600	5.24186	2.73505
52310	0.55869	0.56413	0.37811	2.48296	1.79596	1.42544	9.05787	5.46400	2.56487	0.69308	0.42008	0.48556	1.88250	1.51481	1.33197	8.67489	5.41622	2.73150	30.12	6.1	0.00	7.58	0.01267	0.01288	0.01634	0.00781	0.00581	0.00638	0.00466	0.01264	0.01679	0.00679	0.00700	0.00883	0.01487	0.01092	0.01194	0.00217	0.00618	0.00868
52470	0.70596	0.96570	0.85921	2.15633	2.11778	1.24458	9.46687	6.40403	3.10788	0.59336	0.56214	0.65475	2.78236	1.96044	1.74928	8.53329	5.11824	2.44064
52640	0.61807	0.71138	1.10730	2.13933	1.90909	1.47869	9.78833	7.00557	3.82606	0.93295	0.97011	1.36376	2.91006	2.86904	2.28860	10.43303	5.86219	3.26132
52800	1.10992	1.31883	0.91572	2.42139	2.48045	2.82241	9.98118	5.77321	2.97684	1.13792	1.29558	0.74995	2.73292	2.19979	2.07930	8.69598	6.18457	3.22760
52970	1.50864	1.61095	1.74317	1.96373	1.89408	1.74354	10.15501	6.11764	3.32722	2.09004	3.17649	0.93087	2.76539	2.92489	1.58651	9.64600	6.18036	2.91921
53130	1.28446	1.05883	1.57126	2.78645	2.70107	2.97007	9.81039	6.00495	2.96126	1.23963	0.60150	0.54264	3.43730	2.34672	1.29298	9.26973	5.35450	2.75800
53290	0.89458	0.73262	0.63534	2.80254	2.40876	1.84677	9.02401	5.48879	3.05748	1.29851	0.82029	0.62473	2.13702	1.93115	1.47829	8.88949	5.76574	3.20753
53460	0.55695	0.43979	0.41734	2.56843	2.28339	1.61030	9.59834	5.50196	3.30793	0.80543	0.71321	0.83702	2.65022	1.88866	1.90283	8.51316	5.39393	3.04179
53620	1.53379	1.00759	1.78534	1.88481	1.59618	1.45285	10.67068	6.36328	3.37093	1.09968	0.87278	0.51927	2.48270	1.91981	1.75745	9.52926	5.49585	2.88202
53780	1.48670	0.56029	0.65905	2.44263	2.59021	2.42157	9.07496	5.52559	2.82508	1.82369	1.67527	2.56506	2.16141	1.97030	1.32899	8.70770	5.54250	3.53413
53950	0.96996	1.05295	1.05609	3.62308	2.53634	2.35269	9.99304	5.73461	3.28423	1.99284	1.76858	1.53220	2.54211	1.59059	1.43660	9.29326	5.51701	3.26916	30.17	6.1	0.00	7.55	0.01267	0.01288	0.01634	0.00781	0.00581	0.00638	0.00466	0.01264	0.01679	0.00678	0.00699	0.00882	0.01487	0.01092	0.01194	0.00217	0.00618	0.00868
54110	0.74033	0.90697	0.64589	2.27830	1.57216	1.63764	9.70928	5.85366	2.81175	1.23552	2.33840	1.59891	2.25168	2.05332	1.72990	8.70991	6.90115	3.54141
54270	1.35569	0.81051	0.70742	3.20351	2.11855	2.03155	9.87612	6.65795	3.37968	0.92686	0.97868	0.85974	2.04832	2.30684	1.44419	9.13931	5.51904	2.95994
54440	0.95822	0.94455	0.67323	2.41390	2.48822	1.54720	9.10044	5.60403	3.08287	0.93576	0.77018	0.75071	2.57569	2.45851	1.46118	9.19575	5.25324	2.54278
54600	0.88355	0.79956	0.76106	2.59952	2.14857	2.70169	9.39978	5.50094	2.87499	0.86126	1.59459	1.52220	2.00748	1.66120	1.22780	8.97408	5.62291	3.42120
54760	0.43357	0.41542	0.28625	2.35506	2.43254	2.55604	9.03436	5.99658	3.55603	0.79466	1.43224	1.55542	1.80932	1.70329	1.36702	8.47315	5.98718	3.43421
54930	0.85566	0.74214	0.47117	2.89214	2.79716	1.84400	9.08764	5.24009	2.54490	1.19935	1.14582	0.68705	2.19932	1.79649	1.47005	9.80375	5.78949	3.61316
55090	1.10132	0.91150	1.02822	3.34382	3.13532	2.54558	9.43281	5.99323	2.52486	1.84820	2.34332	2.32750	2.21230	2.02546	1.77138	9.88622	7.38960	4.77833
55250	1.23573	1.15010	0.92106	2.52933	1.83078	1.53800	9.84842	6.61926	3.49710	1.27781	0.84971	0.68778	2.54451	1.90087	1.68454	8.80909	5.35281	3.00750
55420	0.93476	0.54117	1.23652	2.05122	1.76471	1.37082	10.15849	6.46577	3.25879	0.67738	0.93069	0.77825	2.60244	1.70803	1.10293	9.83658	5.97225	5.52343
55580	0.80103	1.27640	0.67787	3.81367	3.14193	1.68363	9.98368	6.00298	2.89485	0.66610	0.78725	0.87855	2.04786	2.15383	1.88084	8.87936	5.40595	2.54100	30.12	6.1	0.00	7.61	0.01267	0.01288	0.01634	0.00781	0.00581	0.00638	0.00466	0.01264	0.01679	0.00678	0.00700	0.00883	0.01487	0.01092	0.01194	0.00217	0.00618	0.00868
55740	0.87003	0.76830	0.70496	2.36045	2.28459	1.53234	9.36993	6.35133	3.29691	0.78267	0.69496	1.63052	2.07904	2.15863	1.62192	8.24641	5.50813	2.73266
55910	0.78808	0.64709	0.82733	3.29770	2.55125	1.98544	9.00705	5.20946	2.61515	1.34936	1.25085	1.42307	2.33018	2.06560	1.75597	10.17101	6.71697	3.14637
56070	0.85502	0.68841	0.58988	3.11668	2.05546	1.74478	9.24704	5.92816	3.04786	2.70714	1.60680	0.82127	2.58408	2.31033	1.41846	8.86416	5.57498	3.30367
56230	0.54121	0.88444	0.35483	2.70398	2.77556	3.00033	9.08390	5.54033	2.85759	1.14617	0.86670	0.53323	2.66623	1.76226	1.08949	8.35907	5.25798	2.87007
56400	0.44955	0.42787	0.26701	1.97730	1.57253	1.17138	9.16076	5.35386	2.59736	0.84286	1.27805	1.13325	1.93443	1.70869	1.83890	8.90509	5.60329	2.83030
56560	1.11284	1.09013	0.58659	2.29364	1.97975	1.80629	9.47380	5.59124	2.92707	0.95060	0.77153	0.61719	2.15694	1.94308	1.44444	8.54421	5.51573	2.99858
56720	0.62253	0.88800	0.82562	2.01811	1.84605	2.50299	9.89826	6.46210	2.71216	1.34000	1.44550	1.22147	2.18419	1.81479	1.59452	8.89924	5.48040	2.61186
56890	0.67125	0.72454	0.52068	2.55933	2.28938	2.46327	9.84308	6.04965	3.01449	2.07169	1.40607	0.81395	2.19755	1.54542	1.09017	9.19346	5.58016	2.86049
57050	0.66771	0.66434	0.47683	2.26509	1.62811	1.35738	8.95138	6.10223	2.42915	0.92577	1.29174	1.16140	1.78931	1.42925	1.43149	8.31859	5.23424	3.28098
57210	0.68706	0.42471	0.31217	2.40274	2.46280	2.58645	9.21526	5.89784	3.33373	1.56077	1.81937	0.91212	2.48859	1.93328	1.80347	9.54064	5.72423	2.72713	30.12	6.1	0.00	7.56	0.01267	0.01288	0.01634	0.00781	0.00581	0.00638	0.00466	0.01264	0.01679	0.00679	0.00700	0.00882	0.01487	0.01092	0.01194	0.00217	0.00618	0.00867
57380	0.88810	0.90718	0.87249	2.09889	2.19013	1.25692	9.43969	6.24363	3.59825	0.90751	1.92512	1.78610	3.05205	2.08257	1.37192	8.84612	6.18011	3.02828
57540	2.99042	2.42927	2.93803	4.70317	3.40647	2.28965	9.51285	6.82949	3.25843	0.86612	1.01112	1.62842	2.39085	2.23740	2.36273	9.20556	6.52901	3.10158
57700	1.22348	0.74746	0.69072	2.44017	2.01042	1.31440	9.14079	5.61869	2.86198	1.16217	1.18463	1.50079	2.57853	1.85335	1.83459	8.94216	5.43725	2.70600
57870	0.74819	0.62196	1.40043	1.85186	1.75185	1.63531	9.30369	5.73985	2.75667	0.80714	1.05098	0.85259	2.04802	1.89477	1.35710	8.50240	6.35983	2.55892
58030	0.93118	0.48232	0.39568	2.00287	2.37031	1.82976	9.40021	5.49849	2.48885	1.46596	0.75952	0.64162	2.06995	1.47836	1.20339	8.42675	5.04124	3.10259
58190	0.68397	0.53167	0.59127	3.08220	2.02112	1.20849	9.14269	5.23074	2.37229	0.67589	0.95217	1.78060	2.26063	2.53047	1.73694	8.22331	5.15382	2.91582
58360	0.72496	0.55178	0.47117	1.96235	2.02083	1.44298	9.02777	5.47549	2.61526	1.22135	2.03750	2.02748	2.62139	1.73246	1.52132	8.83186	5.62717	3.98156
58520	1.28075	0.98689	0.43639	2.56059	2.07648	1.79280	9.58595	5.54636	2.49800	0.83218	0.85395	0.89560	2.27196	2.00368	1.24723	8.60785	5.05420	2.32160
58680	0.95313	0.88912	0.44786	1.93712	1.51206	1.50205	10.25579	6.56343	2.66700	0.94003	0.67209	1.24682	2.14250	1.77539	1.33147	8.54956	4.92675	2.34554
58850	1.52771	0.76007	0.69311	2.47637	2.24759	1.36001	9.31690	5.36884	2.53107	0.62217	0.55411	0.58300	2.50950	2.32894	1.63141	8.35861	5.81809	2.57183	30.12	6.2	0.00	7.54	0.01267	0.01288	0.01634	0.00781	0.00582	0.00638	0.00466	0.01264	0.01679	0.00679	0.00700	0.00882	0.01487	0.01092	0.01194	0.00217	0.00618	0.00868
59010	1.17890	1.08995	0.84118	2.36610	2.04095	2.33127	8.96121	5.39497	2.55862	1.07653	1.20174	1.02850	2.34193	1.72109	1.38772	8.53688	5.15297	3.49784
59170	0.82318	0.69414	0.46748	2.22357	3.05260	3.00707	9.14915	5.57285	2.46219	0.79126	0.59554	1.30364	2.16773	1.49362	1.15646	8.21437	4.99392	2.78660
59340	1.23715	1.31250	0.61622	2.16280	1.55770	1.54755	9.06538	5.65428	3.19637	1.03238	0.79009	0.47803	2.54390	2.19790	1.66436	8.44071	5.21457	3.08377
59500	0.92013	0.77694	0.66917	2.04082	1.83764	2.51119	8.92307	6.35098	3.93395	1.54575	0.80902	1.56176	2.20440	1.74460	1.77281	10.01190	6.41406	3.07623
59660	1.11886	0.92500	0.41148	5.30893	5.30467	3.75414	9.46852	6.14332	3.06128	2.40788	1.06422	1.42394	3.02222	3.30925	1.61814	9.04218	6.50704	2.79870
59830	2.07670	2.78861	2.67305	2.26047	1.88090	1.41121	10.27248	6.64966	3.73687	0.78898	1.57326	0.93661	3.28581	2.70558	2.26239	8.95785	5.48731	3.23861
59990	2.65533	2.17633	1.35152	2.58446	2.15622	1.73057	9.10601	5.83519	3.82235	1.60920	1.66970	1.49262	2.28398	1.61145	1.53308	9.00759	6.12116	3.09558
60160	0.80533	0.55462	0.42752	2.15719	2.07330	2.01672	8.96154	5.48060	2.68068	1.24112	1.00255	0.92233	2.26240	2.14337	2.35379	8.55963	5.38382	3.21940
60320	1.01419	0.64486	0.40543	2.88274	2.42979	2.75736	8.91432	5.66875	2.75509	1.57342	1.64453	1.69852	2.38839	2.01291	1.36817	9.69599	6.45365	2.90317
60480	0.98159	1.44366	1.47501	3.16706	2.37188	2.35092	11.27121	6.31086	3.19718	1.09864	1.95184	1.24406	2.49848	2.00755	1.36900	8.45685	5.03280	2.63247	30.12	6.0	0.00	7.58	0.01267	0.01288	0.01634	0.00781	0.00582	0.00638	0.00467	0.01264	0.01679	0.00678	0.00699	0.00882	0.01487	0.01092	0.01194	0.00217	0.00618	0.00868
60650	0.71667	0.82560	0.56936	2.58271	2.40742	1.93168	9.36643	5.60173	3.26557	1.51242	1.75439	1.83158	2.10150	2.01742	1.35012	8.56357	5.48125	3.01627
60810	1.15191	0.80989	0.44581	2.88408	2.17748	1.84275	9.31241	5.63370	2.94453	1.28496	1.06499	0.68105	2.10026	1.58745	1.20768	8.51240	5.37837	2.44292
60970	0.63405	0.68667	0.76893	2.11071	1.86426	1.62586	9.25869	5.89297	3.20631	2.01114	0.82842	0.52951	2.01644	1.68266	1.23742	8.56057	5.40080	2.82616
61140	1.82365	2.00948	1.50630	2.16845	2.18180	1.59760	10.52925	6.76660	3.26279	0.62457	0.59752	0.60862	2.80215	2.43682	2.08124	8.25816	4.98776	2.51631
61300	2.36242	2.30678	0.73091	2.27534	2.29306	1.08311	9.73513	5.89487	2.94073	1.59610	1.52034	1.66508	2.49626	1.74105	1.54103	8.52181	5.58905	2.94540
61460	0.74178	0.85361	0.31613	2.10677	1.60249	1.07811	8.91862	5.30897	2.35573	0.80401	0.74680	0.89013	1.85101	1.38537	1.07870	8.33623	5.50884	2.97644
61630	0.46588	0.32181	0.17207	2.06284	1.42247	1.55023	8.90292	5.60543	2.48461	0.86382	0.82860	0.65135	2.23601	1.64966	1.27683	8.21082	5.05373	2.40594
61790	0.86070	1.10271	0.47597	3.08576	2.44315	1.36285	10.31206	5.92539	2.82938	1.18452	1.09407	1.22721	2.32391	1.59083	1.48639	8.29548	4.96161	2.56256
61950	0.56488	0.78756	0.56219	2.38301	1.47374	1.26605	8.94795	5.13916	2.37153	1.22827	0.62090	0.55984	1.83772	1.33624	1.11092	8.14658	5.19811	2.32166
62120	0.48944	0.52710	0.48568	1.82915	1.58207	1.11952	9.08087	5.42259	2.55808	0.41567	0.41768	0.52378	1.87139	1.51065	1.06055	8.84855	4.94774	2.28724	30.17	6.0	0.00	6.67	0.01267	0.01288	0.01634	0.00781	0.00582	0.00638	0.00466	0.01264	0.01679	0.00679	0.00700	0.00882	0.01487	0.01092	0.01194	0.00217	0.00618	0.00868
62280	0.44088	0.41866	0.34083	1.93391	1.51580	1.22003	8.90019	5.46573	2.98051	0.45556	0.68575	0.39962	1.82753	1.45048	1.15840	8.52102	5.11437	2.52307
62440	0.35619	0.33245	0.30174	2.58138	1.85736	1.16553	9.25867	5.58830	2.55775	1.49484	2.00804	1.18744	2.30382	2.09294	1.43653	8.95101	5.33983	3.31170
62610	0.79755	1.28510	1.07563	3.10493	1.79497	1.08638	9.22002	6.15820	3.22542	1.18516	0.83030	0.61264	2.30025	1.68543	2.09371	8.36258	5.41424	3.84483
62770	1.44090	1.04767	0.59662	2.18154	1.70689	1.77742	9.61254	6.60921	3.57909	1.35008	0.88031	0.68004	2.38383	1.97073	2.00817	8.93406	6.14921	2.81864
62930	2.76584	1.06352	0.79813	3.40452	3.05084	2.60511	10.29325	6.15050	2.50086	1.34926	0.73616	0.56387	2.33715	2.35621	1.80750	9.04879	5.44976	2.70710
63090	1.67159	1.08089	0.60425	2.55953	1.81621	1.21135	9.63953	5.87753	2.85367	0.94908	1.62294	0.95136	2.35027	1.81377	1.62782	8.50443	5.30104	2.96505
63260	0.92667	1.22592	1.45221	2.50262	1.89456	1.52244	9.80112	5.50402	3.76161	1.46926	1.41699	1.15858	2.32317	2.24976	1.49269	8.97378	5.90686	2.48066
63420	1.39544	1.22820	2.19288	2.40256	2.27132	1.33428	9.34520	5.81914	2.79799	1.60429	0.57931	0.99960	3.24759	2.39553	1.33784	8.81204	5.15605	2.72360
63590	0.41795	0.41873	0.35627	2.27990	1.68840	1.29723	8.82814	5.15341	2.47355	0.46276	0.53443	0.67707	1.73885	1.33255	1.19195	8.21273	5.12428	2.77979
63750	0.39042	0.51281	0.30893	2.67639	1.76171	1.45413	8.77785	5.20235	2.41290	1.32463	0.76514	1.39808	1.87017	1.47136	1.04704	8.93353	5.36066	2.65071	30.12	6.0	0.00	7.72	0.01267	0.01289	0.01634	0.00782	0.00582	0.00638	0.00466	0.01264	0.01679	0.00679	0.00700	0.00882	0.01487	0.01092	0.01194	0.00217	0.00618	0.00868
63910	1.15933	0.54634	0.61967	1.78844	1.72551	1.24271	9.26476	5.73971	2.76657	1.00892	1.33908	1.07395	2.07553	1.55868	1.23752	8.30852	5.24951	2.91779
64080	0.66222	0.61076	0.66770	1.98382	1.62618	1.29014	9.34940	5.89322	3.27023	1.02742	0.83165	0.92945	2.56157	1.84170	1.83961	8.97019	5.69909	3.41786
64240	1.17921	0.71008	0.61566	3.06589	2.22519	2.18454	9.87775	5.98427	2.72914	1.11413	1.40852	2.29603	2.42471	2.11736	1.93980	9.05643	6.20028	3.76159
64400	1.12707	0.85676	1.61274	2.17692	2.34187	2.14741	10.24681	5.92259	3.37670	0.56483	0.68672	0.53118	2.11069	1.59825	1.47831	8.61796	6.24683	3.53535
64570	1.39696	1.05924	0.67565	1.98553	1.93428	1.31437	9.07911	5.68834	2.92148	0.95782	0.80268	0.97115	1.80369	1.56081	1.52962	9.43109	5.73434	3.09819
64730	0.40457	0.39311	0.55808	2.29668	1.73067	1.52316	8.83567	5.22942	2.40493	0.66241	0.84899	0.48142	2.08641	1.49422	1.04276	8.20250	4.89960	2.76917
64890	0.34544	0.27973	0.21354	2.25128	2.20529	1.85412	8.89399	5.32867	2.43525	0.85775	1.30353	1.52016	2.10990	1.53303	1.08434	8.31583	5.16403	2.63688
65050	0.43325	0.31488	0.26157	2.02328	1.68940	1.39203	9.19501	5.32614	2.45047	1.39026	0.75086	0.62381	1.80665	1.57383	1.11673	8.95634	5.75470	2.92517
65220	0.69819	0.62510	0.60338	2.62985	1.95546	1.43818	9.05383	5.69371	2.71881	0.89470	1.12034	1.22510	2.70199	2.13749	1.42695	8.64192	6.23269	3.13783
65380	1.04282	0.71673	0.60891	3.57708	2.42019	1.97460	8.97012	5.77998	3.08139	1.09637	0.90634	0.57182	2.75350	2.37942	2.03158	8.50647	5.25348	2.69917	30.12	6.2	0.00	7.54	0.01267	0.01288	0.01634	0.00781	0.00582	0.00638	0.00467	0.01264	0.01679	0.00679	0.00700	0.00882	0.01487	0.01092	0.01194	0.00217	0.00618	0.00868
65550	1.48630	0.70247	0.87848	1.82976	1.44450	1.10409	8.91080	5.32711	2.55073	0.57631	0.69406	1.14226	3.08040	2.20710	1.44859	9.05864	4.97682	2.31316
65710	0.38976	0.41824	0.31922	1.84468	1.50925	1.06290	8.78960	5.25504	2.40341	0.67686	0.70022	0.63841	1.70734	1.40456	1.15681	8.32836	5.21595	3.34332
65870	0.54043	0.43582	0.23506	2.64247	1.86019	1.48585	9.06498	5.37352	2.56357	1.24534	0.90866	1.02937	1.76770	1.56828	1.13925	8.95001	5.00473	2.51340
66040	0.54647	0.49248	0.46086	1.87635	1.58834	1.44629	8.90699	5.20432	2.53220	0.66841	0.81076	0.56992	2.03797	1.44792	1.09314	8.33301	5.41904	2.56267
66200	0.62972	0.51913	0.42624	2.03518	2.23841	1.30328	8.91708	5.50300	2.63525	0.68350	1.66494	1.36894	1.75382	1.66681	1.96363	9.55790	5.85174	3.45045
66360	0.71117	0.72122	0.34877	2.77974	2.72277	2.64408	9.69698	5.78708	2.61856	1.02018	0.93524	1.04626	1.98766	1.51665	1.16934	8.56714	5.95178	2.83599
66530	0.81173	0.61574	1.42939	2.67424	1.88546	1.97538	9.41008	6.13891	2.78982	0.87218	1.00037	0.74366	2.68472	2.46952	2.91048	8.50787	7.01906	3.10861
66690	1.56990	1.26881	1.47299	4.41218	2.12574	1.69063	9.91749	5.73003	3.67560	2.31356	1.10490	1.13028	3.27959	2.09261	1.80578	9.25057	5.66564	2.73919
66850	1.06844	1.26344	1.13615	2.03210	2.31171	2.50413	9.91606	5.56385	3.22248	0.59383	0.47817	0.37385	2.72656	2.50827	2.05196	8.14989	4.86475	2.55698
67010	0.73372	0.81620	0.98124	1.79088	1.48973	1.41029	9.37913	5.69226	3.14986	0.49495	0.64737	0.57200	1.88460	1.48351	1.97148	8.49441	5.05145	2.72464	30.12	6.2	0.00	7.54	0.01267	0.01288	0.01634	0.00781	0.00582	0.00638	0.00467	0.01264	0.01679	0.00678	0.00700	0.00882	0.01487	0.01092	0.01194	0.00217	0.00618	0.00868
67180	0.41583	0.59224	0.76617	1.90779	1.78901	1.66774	9.10257	5.35871	2.49838	1.62138	1.05376	0.99946	1.94462	1.52539	1.19890	8.76198	6.13313	3.32147
67340	0.51433	0.43929	0.54022	2.64360	2.93328	2.18539	9.28324	6.16195	3.77425	2.91061	0.98852	1.20103	2.30918	2.78368	1.80235	9.16334	7.74490	5.98601
67500	2.72860	1.82566	1.55489	4.61812	4.65790	4.68331	10.64712	7.89418	4.72486	4.06309	2.15936	1.81904	3.09312	2.05311	1.51381	9.08807	6.03471	5.18662
67670	1.58974	1.34448	1.03460	2.98109	2.27694	1.61102	9.97301	7.27855	4.10597	0.96630	1.04494	0.71417	2.27808	1.89480	1.28070	8.61830	5.29903	2.53872
67830	0.71463	0.72775	0.33017	2.65285	2.26019	1.57580	9.20684	5.19811	2.53800	1.04310	1.01682	0.86254	2.21221	1.47991	1.23385	8.46398	5.08269	2.98503
68000	0.33602	0.43044	0.29900	3.04579	2.56383	1.94576	9.36674	5.55399	2.58273	0.92040	0.54896	0.47575	2.08308	1.40173	1.25197	8.66193	4.97026	2.67976
68160	0.69354	0.97762	0.93617	1.94794	1.95004	1.77250	9.65118	6.19355	2.97828	0.91484	0.85172	0.94594	2.25830	2.10521	1.33049	8.49003	5.22357	2.66676
68320	0.62105	1.22263	0.98334	2.31596	1.66017	1.12638	9.35490	6.41017	2.76490	0.90578	0.62653	1.12139	2.31538	1.71571	1.04192	8.44994	5.24339	2.96658
68490	0.86772	1.49403	0.90012	2.16667	2.16051	1.92459	9.17939	6.12895	3.58113	0.61276	0.77793	0.52387	2.54394	2.65400	2.17381	9.13128	5.25145	2.96961
68650	1.83064	1.36896	1.03496	3.24086	2.85989	2.38312	9.66612	5.83416	3.29924	2.30665	2.32320	1.31030	2.43929	1.67908	1.49616	11.93698	5.61026	3.42355	30.12	6.1	0.00	7.66	0.01267	0.01288	0.01634	0.00781	0.00582	0.00638	0.00466	0.01264	0.01679	0.00678	0.00700	0.00882	0.01487	0.01092	0.01194	0.00217	0.00618	0.00868
68810	0.66115	0.57075	0.86936	5.42941	4.87251	1.86228	9.15481	5.81499	3.02952	0.90650	1.79504	2.84065	3.38289	2.58192	1.53005	9.23396	5.66543	2.93303
68980	0.69200	0.50058	0.95924	2.06745	1.82974	2.15630	9.48824	6.34067	3.10153	0.92932	0.77035	1.44540	2.39031	2.10593	1.81597	9.14299	5.55849	2.62668
69140	1.06772	0.99763	0.59311	2.26392	2.14110	1.43787	9.75748	5.54468	2.80730	0.98026	0.68941	0.65073	2.67364	2.58533	1.46709	8.56148	5.18078	3.78682
69300	1.30247	0.84068	0.63324	2.09267	2.04290	2.35435	9.26753	5.67171	2.49886	1.37208	0.95708	0.57406	2.22122	1.80136	1.40475	9.48589	5.33461	3.16571
69470	0.63814	1.15318	1.10467	1.87537	1.72360	1.79098	9.29453	6.00036	3.04491	1.20248	0.97839	0.68879	2.56172	1.52102	1.58956	8.74515	6.18047	3.42140
69630	1.38443	1.62405	1.49033	3.01079	2.24659	3.05099	9.38160	5.56064	2.72391	2.44668	1.53498	1.10975	1.77258	1.31416	1.17904	9.35111	5.76149	2.90946
69790	0.38827	0.34560	0.31364	2.46043	2.26130	1.49898	9.08022	5.58195	2.43025	2.06653	1.74354	1.20437	1.85122	1.48405	1.22028	9.67145	6.57394	3.43367
69960	0.52544	0.58977	0.48874	1.90088	1.49156	1.32100	9.08975	5.76158	2.94718	1.35002	0.61752	0.62875	1.94613	1.46294	1.27663	9.17191	5.33083	2.71314
70120	0.77843	0.71077	0.33760	2.46239	2.00227	1.82640	9.08633	5.48761	2.80737	2.79344	1.62752	0.88037	2.25694	2.11364	1.84740	9.47429	6.82381	3.22083
70290	0.88544	0.83363	0.86752	2.63913	1.95159	1.76593	9.62842	5.68345	3.27237	1.67555	1.65236	1.72965	2.55879	1.93175	1.46552	9.66049	6.70740	4.10951	30.17	5.9	0.00	7.56	0.01267	0.01288	0.01634	0.00781	0.00582	0.00638	0.00466	0.01264	0.01679	0.00678	0.00699	0.00882	0.01487	0.01092	0.01194	0.00217	0.00618	0.00868
70450	0.64088	0.64858	0.74896	3.23522	3.67787	2.83862	10.77747	7.46349	4.59979	1.39128	0.96428	1.38729	2.60729	1.82591	1.25795	8.89945	5.76092	3.58855
70610	0.83684	1.19598	0.99616	3.16319	2.09704	2.27990	10.77396	6.89272	4.10687	1.01309	1.56516	1.57989	2.79947	1.93009	1.52124	8.92839	5.56684	3.09558
70770	0.83489	1.47692	1.23961	1.80533	1.81430	1.45676	9.20697	5.37718	2.41490	0.80347	1.19176	1.53529	2.16212	2.97616	1.78002	8.59697	5.11421	2.82260
70940	1.87230	1.14672	1.49407	2.74206	2.32845	1.71457	9.61012	5.67279	2.65040	1.25453	1.19874	1.17058	2.10385	1.62297	1.45917	8.27327	5.69306	2.57126
71100	0.48308	0.33352	0.30481	2.06070	1.53212	1.56354	9.07920	6.02564	2.85162	1.25583	1.73403	1.37929	1.98065	1.56433	1.46339	9.32658	5.47233	2.76618
71260	1.07897	1.00606	0.58044	2.08683	1.53605	1.84802	9.33517	5.92677	3.26568	1.20455	1.00993	0.81311	2.19973	1.65648	1.63690	9.10575	6.66057	4.13102
71430	1.27003	1.24569	1.25274	2.35939	2.51199	2.96247	9.68159	5.38651	2.82308	2.19643	3.66424	2.86591	2.97788	1.89161	1.59455	9.97575	6.22820	4.06770
71590	0.59423	0.81469	1.26859	2.59012	2.50274	1.65645	9.03464	5.44805	2.75323	0.97908	1.56000	0.92336	2.55264	1.92737	1.35569	8.99286	5.33354	3.23327
71750	0.91775	0.41572	0.49446	2.75804	3.11717	1.97981	9.11279	5.99564	3.27865	1.41323	1.43854	1.35688	2.18309	1.75533	1.79824	9.08744	5.44258	2.89282
71920	1.21336	0.98880	0.51994	2.28594	1.82673	1.59998	8.94410	5.58048	2.45369	1.39928	1.51568	1.17516	1.88204	1.68111	1.40645	10.23311	5.57404	3.50993	30.17	6.0	0.00	7.56	0.01267	0.01288	0.01634	0.00781	0.00582	0.00638	0.00466	0.01264	0.01679	0.00678	0.00699	0.00882	0.01487	0.01092	0.01194	0.00217	0.00618	0.00868
72080	0.73023	0.67612	0.32343	2.99530	2.03663	1.65905	9.15332	5.93475	2.83271	2.05537	1.46876	1.02430	2.33504	1.82195	1.40652	10.10891	7.07134	3.73142
72240	1.02405	0.74076	0.91129	2.17690	1.90063	1.33064	9.42754	5.39899	2.73100	1.18382	1.17945	0.64711	2.29077	1.65356	1.50271	8.45899	6.23611	3.53134
72410	0.95808	0.78554	0.68169	2.17103	2.33647	1.99698	9.01332	5.48330	2.88447	1.64691	1.08456	1.34412	2.24383	1.76317	1.14170	9.10104	6.96442	4.32694
72570	0.38550	0.48207	0.79773	2.96103	3.60930	2.13325	9.44343	5.57624	2.93440	0.69330	0.77380	0.91015	1.97848	1.72815	1.61692	8.19785	4.96647	2.90993
72730	0.91730	0.86112	0.79686	2.44360	2.60076	1.33591	8.89672	5.55030	2.58710	0.93751	0.83956	0.83007	2.52107	2.03456	1.44363	8.82744	5.38144	2.48868
72900	0.85560	0.88995	0.78571	1.78048	1.63210	1.24166	9.15660	5.75496	2.45792	0.95705	0.47494	0.56920	2.01052	1.48981	1.11871	8.40007	5.07859	2.58029
73060	0.83493	0.93424	0.75369	2.36296	1.79309	1.51969	9.17052	6.32452	3.20020	1.28070	0.92323	1.12404	1.96452	1.65431	1.26102	8.44817	5.01485	2.97162
73220	0.91290	0.61304	0.25993	3.02577	1.97849	2.01799	9.03163	5.48536	2.92799	1.22559	1.06778	1.08809	2.09054	1.77917	1.51369	8.74329	5.21674	3.41745
73390	0.99466	0.90285	0.85927	3.53120	3.27092	2.88743	9.18128	5.50524	2.76010	1.78585	2.50757	2.75144	2.05505	2.38456	1.22568	10.27584	6.25423	5.27741
73550	0.92607	1.15788	0.75454	4.97691	3.11969	3.25182	9.28222	5.90557	3.23663	2.04192	1.45735	2.27090	2.13905	1.69306	1.68516	8.90338	5.76958	2.93867	30.12	6.2	0.00	7.69	0.01267	0.01288	0.01634	0.00781	0.00582	0.00638	0.00466	0.01264	0.01679	0.00678	0.00699	0.00882	0.01487	0.01092	0.01194	0.00217	0.00618	0.00868
73710	0.89956	1.00893	1.77413	2.41381	2.41514	1.68181	8.96579	5.62836	2.77675	1.23642	0.94467	1.57215	2.20819	2.15192	1.85117	8.68999	5.80801	3.24444
73880	0.98526	1.37939	1.50037	3.11097	3.03744	1.48887	10.81405	6.59742	3.78496	1.11281	1.45301	0.81387	2.11399	2.07631	1.53904	9.47580	6.20158	2.82382
74040	0.62641	0.87512	0.54389	2.41038	1.99201	1.85050	10.23471	5.37145	2.77626	1.22801	1.51427	1.36756	2.27766	1.47999	1.51759	8.32313	5.67082	3.83373
74200	0.45533	0.74511	0.85420	4.11121	2.03742	2.41031	8.95086	5.36293	2.44905	1.58346	1.68662	0.85862	2.04254	1.53371	1.17050	9.04349	5.73791	3.01807
74370	0.56677	0.58681	0.39607	2.08074	1.65855	1.26547	8.87827	5.29459	2.48577	0.85894	0.53817	0.34543	2.01036	1.63547	1.38602	8.19916	4.83954	2.33994
74530	0.56047	0.43708	0.21528	2.50742	1.99341	1.48308	8.88134	5.25110	2.40476	0.72663	0.93168	0.61491	2.21554	1.31841	1.02270	8.26998	4.96664	2.49675
74690	0.41086	0.26318	0.20463	1.97911	1.59729	1.76662	8.82781	5.19811	2.57866	0.61759	0.57968	0.57037	1.89186	1.38124	1.20444	8.38774	5.02046	2.92605
74860	0.37261	0.40868	0.24290	1.73554	1.54496	1.24998	9.49919	5.43765	2.68782	0.56481	0.41514	0.42900	2.44346	1.52411	1.35677	8.40291	5.40362	2.55204
75020	1.39992	0.89815	0.48085	1.82932	1.67742	1.70411	9.11800	5.48595	2.55529	0.69851	1.34759	1.65867	2.22955	1.52092	1.14259	8.64890	5.77466	3.10928
75190	0.47834	0.48450	0.27904	2.54367	1.48559	1.41166	8.87492	5.45610	2.86952	0.59992	0.61001	0.53474	1.92202	1.69992	1.61265	8.57643	5.18484	2.79803	30.17	6.1	0.00	7.63	0.01267	0.01288	0.01634	0.00781	0.00582	0.00638	0.00466	0.01264	0.01679	0.00678	0.00700	0.00882	0.01487	0.01092	0.01194	0.00217	0.00618	0.00868
75350	0.62549	0.63884	0.46577	2.05789	1.74960	1.61200	9.10378	5.36191	2.57100	0.77826	0.89044	1.11810	1.90711	1.49716	2.16217	8.75999	5.50868	2.63147
75510	1.23544	1.61477	1.20098	2.19924	2.25676	1.48859	9.35968	5.78822	2.74095	0.91805	1.25266	1.34274	2.15169	1.56141	1.24625	8.61775	5.42417	2.77015
75680	0.79521	1.40565	1.96838	2.88325	1.86904	1.50918	9.31730	5.58108	2.87856	1.34367	1.30399	1.37147	1.97386	1.60229	2.05611	8.88413	5.66938	3.13859
75840	0.68962	0.58092	0.49617	2.61108	2.46410	2.00426	8.98494	5.25831	2.48254	0.81378	0.72710	0.46971	1.83273	1.54491	1.23484	8.47987	4.95505	2.45140
76000	0.57526	0.51775	0.40477	1.88862	1.77785	1.43491	8.88700	5.67260	2.86551	0.74526	0.57461	0.41791	2.00200	1.72653	1.29868	8.50403	4.97438	2.27147
76170	0.77258	0.41168	0.47635	1.69422	1.37393	1.01100	9.00745	5.80600	2.73749	0.47251	0.37795	0.29348	2.05379	1.77813	1.15591	8.17901	4.90043	2.32672
76330	0.38741	0.36835	0.50785	2.19866	2.09709	1.84103	8.97512	5.89270	2.58031	1.11033	0.55368	1.16650	2.54639	2.11151	1.60964	8.33861	5.01233	2.71042
76490	1.08471	0.77336	0.50675	2.26509	1.73677	1.43717	8.87012	5.63606	2.58759	0.76977	0.85900	0.56813	1.88786	1.89420	1.97472	8.50465	4.96922	2.32595
76660	1.22366	0.77544	1.02209	2.47388	1.58357	1.53294	9.47110	6.11178	3.45164	0.58342	0.47773	0.66910	2.02290	1.61362	1.36227	8.54039	5.20481	3.08359
76820	0.57107	0.62791	0.25853	1.87082	1.62629	1.64318	9.13551	5.56746	2.39383	0.58141	0.62100	0.95838	1.76839	1.60212	1.19064	8.66801	5.29664	3.03399	30.12	6.1	0.00	7.65	0.01267	0.01288	0.01634	0.00782	0.00582	0.00638	0.00466	0.01264	0.01679	0.00679	0.00700	0.00882	0.01487	0.01092	0.01194	0.00217	0.00618	0.00868
76980	0.92419	0.79155	0.57017	1.97979	1.76278	1.67919	9.71240	6.15042	3.06829	0.86657	1.21913	1.47021	2.68631	2.10685	1.76272	8.80454	5.22433	2.63828
77150	0.54652	0.50206	0.40927	3.32903	2.52535	1.94429	9.27750	5.70436	2.71096	1.38540	0.91407	0.55086	2.24477	2.33030	1.47963	8.61857	4.95245	2.31481
77310	0.55315	1.01181	0.50272	1.73989	1.48210	1.42863	9.14572	5.51504	2.48507	0.80573	1.15821	0.65504	1.92963	1.52016	1.15036	8.63881	5.82985	2.80647
77470	0.77267	0.41503	0.37191	2.02787	1.46255	1.00564	9.05660	5.52389	2.99809	0.60464	0.35655	0.68396	2.04150	1.79731	1.10293	8.22080	5.01562	2.48947
77640	0.49824	0.70621	0.43753	1.75263	1.40782	1.13768	9.13860	5.63768	2.66472	0.51038	0.47751	1.03290	1.79685	1.47653	1.26027	8.63339	5.04749	2.49334
77800	0.50004	0.47528	0.45486	2.66770	2.37964	1.81310	9.70468	5.68535	2.57700	1.21829	1.56511	0.76025	2.15651	1.67224	1.31774	8.69176	5.46989	2.94929
77960	0.60932	0.57478	0.29748	1.99246	1.59678	1.27643	10.04214	6.00446	2.63430	0.66760	0.49733	0.68683	2.45809	1.93975	1.65229	8.45848	5.30717	2.71289
78130	0.37479	0.37533	0.28875	2.21313	2.12891	1.94414	8.95948	5.57488	2.48765	0.66024	0.81297	0.79570	2.15796	1.59325	1.23921	8.98917	5.21224	2.39420
78290	0.38785	0.45361	0.31699	2.20548	1.93047	1.30839	8.84283	5.39027	2.71959	0.82757	0.87753	0.78407	2.19245	2.58986	1.88842	8.61564	5.09219	3.34604
78450	1.86983	1.28531	1.49473	2.25271	1.89432	1.45740	10.59838	5.97054	2.86172	0.73418	0.52952	0.37744	3.02369	1.83736	1.44944	8.18781	5.00714	2.60812	30.17	6.2	0.00	7.55	0.01267	0.01288	0.01634	0.00781	0.00582	0.00638	0.00466	0.01264	0.01679	0.00679	0.00700	0.00882	0.01487	0.01092	0.01194	0.00217	0.00618	0.00868
78620	0.81460	1.01278	0.55177	1.68756	1.52944	1.19199	9.07962	5.91554	2.86088	0.63866	0.66185	0.52007	2.26146	1.61400	1.88216	8.82087	5.12108	2.55612
78780	1.04857	0.88670	0.90920	2.18436	1.69223	1.14338	8.89022	5.56561	2.62572	1.08675	0.50263	0.86150	2.50098	1.83596	1.41361	8.62911	5.21761	2.52278
78940	0.91377	0.51914	0.39525	2.20852	1.72380	1.27877	8.93436	5.47000	2.42508	0.99532	0.70054	0.64766	2.08657	1.49040	1.57688	8.50042	5.57269	2.98709
79100	0.65084	0.39924	0.70501	2.18547	1.65158	1.16770	9.50851	5.91499	2.86800	0.63012	0.74133	1.20226	1.80127	1.42354	1.27269	9.68421	5.48372	3.00175
79270	0.99035	0.68362	0.53818	1.89236	1.86141	1.29041	9.36146	5.88540	2.73862	0.84035	0.80614	0.66701	2.34075	1.80800	1.80739	8.62503	5.26580	2.76365
79430	1.06213	1.09235	0.69108	2.03127	1.47919	1.18636	10.12227	5.83138	2.59601	0.96719	0.75027	0.47326	2.29472	2.07319	1.39690	9.07788	5.17313	2.89029
79600	1.13617	0.65127	1.04078	3.00317	2.28341	1.99131	10.03352	5.95039	2.40026	0.88048	0.86125	0.63135	2.08894	1.97529	1.40796	8.72023	5.02823	2.56052
79760	0.67810	0.45376	0.28154	2.75036	1.85908	1.56042	9.12960	6.79178	4.44928	1.20690	1.16464	1.33219	2.23145	2.34613	1.61101	8.99534	5.60980	3.58051
79920	0.60969	0.58472	0.53122	2.82211	2.87779	2.55597	9.04528	5.62416	2.96773	1.87803	1.31942	2.08510	2.13649	1.85927	1.74862	8.74329	5.96272	2.90432
80090	0.88464	0.59701	0.60346	3.15461	2.63975	3.35408	9.43966	5.39823	2.71997	3.29079	2.29705	1.32418	2.09626	1.85551	1.51231	10.57641	6.38238	2.88495	30.12	6.1	0.00	7.55	0.01267	0.01288	0.01634	0.00781	0.00582	0.00638	0.00466	0.01264	0.01679	0.00679	0.00700	0.00882	0.01487	0.01092	0.01194	0.00217	0.00618	0.00868
80250	0.80484	0.87240	0.72069	2.29086	2.42835	1.63823	9.49360	5.77015	3.40814	0.84828	0.96210	0.73735	2.85080	1.66810	1.61585	8.96627	5.37240	2.47039
80410	0.76032	0.96821	0.97740	1.90960	1.50492	1.30879	9.57028	5.91305	2.94347	1.76363	1.56084	2.17982	2.40494	1.57421	1.19417	9.55272	5.16308	2.70614
80580	0.97624	0.80144	0.81295	2.29670	1.66969	1.72202	9.18953	5.36507	2.59750	1.06345	0.94830	0.39969	2.97708	1.80137	1.61583	8.39591	5.16884	2.49252
80740	1.04376	0.78514	0.79459	1.84007	1.53907	1.35300	9.43233	5.88099	3.27783	0.63380	0.60251	0.45808	2.10388	1.65995	1.32263	8.57024	4.98443	2.56888
80900	0.79256	2.04187	0.56218	2.31702	1.83274	1.40583	9.32596	5.83778	3.08247	1.05897	0.80848	0.98740	2.06487	2.23151	1.56485	11.41290	5.75994	5.31721
81070	0.99834	0.84476	0.45490	2.76169	2.03509	3.12531	10.06171	5.64873	2.76991	1.92445	1.62100	1.39145	2.42466	2.02303	1.64557	9.63536	5.37016	2.71446
81230	0.95665	1.36723	1.15938	2.43994	2.68584	2.69542	10.83293	8.11513	3.56630	1.41546	1.71358	1.07208	3.41838	1.99130	1.58755	8.56345	5.31499	2.62751
81390	0.67131	0.72235	1.15854	2.07032	1.87132	1.32960	9.52361	5.87282	2.62354	1.13709	1.03490	1.42746	2.10465	1.52773	1.11527	8.80111	5.40592	2.31496
81560	0.55104	0.81825	1.28830	2.74669	1.95304	1.66810	9.40071	5.67849	2.55243	0.86854	1.09658	1.31192	2.01007	1.46883	1.11621	8.86456	5.46506	3.82427
81720	0.69529	0.68054	0.37454	2.11382	2.10553	1.73866	9.27024	6.17013	3.82177	1.76573	1.25086	0.85692	3.00339	2.42078	2.13119	8.51791	5.77540	3.44872	30.17	6.1	0.00	7.57	0.01267	0.01288	0.01634	0.00781	0.00582	0.00638	0.00466	0.01264	0.01679	0.00679	0.00699	0.00882	0.01487	0.01092	0.01194	0.00217	0.00618	0.00868
81880	0.93880	1.05110	1.03475	3.04353	3.06542	1.85100	9.45464	5.56694	2.54196	1.16328	0.84648	1.06268	1.94840	2.56713	1.49450	8.52564	5.56639	3.26283
82050	0.61328	0.85622	0.63979	1.91020	1.59330	1.10174	9.79952	5.84726	2.78259	0.75830	0.75730	0.60566	2.11308	1.81986	1.43689	8.38628	5.42960	2.30149
82210	0.55304	0.50626	0.37649	1.97279	1.50096	1.16059	8.95130	5.44591	2.38497	0.47554	0.68694	0.80882	1.81045	1.36663	1.07398	8.62154	5.06913	2.75064
82370	0.48460	0.33135	0.25107	1.85491	1.48173	1.49971	9.01445	5.67181	2.60711	0.80351	1.11329	0.74153	1.92297	1.48571	1.51307	8.47131	5.28496	2.72567
82540	0.47894	0.47356	0.44877	2.19959	1.56662	1.05782	9.06290	5.56990	2.53379	0.96731	1.35805	1.79025	2.13374	1.83201	1.77296	8.35677	5.32002	2.82463
82700	1.07765	0.64382	0.50796	2.13206	1.55695	1.83909	9.06552	5.27669	2.84286	1.11878	1.04338	0.99453	2.01040	1.45403	1.29612	8.52152	5.26472	2.81576
82860	0.55090	0.70780	1.49807	2.40630	2.15768	1.83827	10.21341	5.77634	3.44428	1.50776	1.11035	0.57443	2.50503	1.58243	1.49360	8.90043	5.82093	3.76995
83030	0.94816	0.84241	0.95559	2.50633	2.53959	2.29768	8.99345	5.58777	2.85859	1.25030	0.76478	0.80566	2.44326	1.66587	1.30684	8.95596	5.77790	2.68799
83190	0.63075	0.59882	0.65915	1.79333	1.50297	1.10748	9.35243	5.97799	3.83745	0.95599	1.54838	1.14743	2.37415	3.07622	2.64546	9.10319	5.62819	3.66195
83350	1.89757	1.01523	0.41823	2.34038	3.05877	1.32309	8.83114	5.17183	2.48511	0.73962	0.88330	1.20322	1.86132	1.48242	1.10590	8.99411	5.62027	2.83074	30.17	6.1	0.00	7.53	0.01267	0.01288	0.01634	0.00781	0.00582	0.00638	0.00466	0.01264	0.01679	0.00679	0.00700	0.00882	0.01487	0.01092	0.01194	0.00217	0.00618	0.00868
83510	0.48747	0.57598	0.32457	2.61941	2.66590	1.62406	9.00419	5.39027	2.51473	0.68068	0.69382	0.83503	2.09715	1.83214	1.54777	8.67063	6.47079	3.54217
83680	0.70370	0.37039	0.28980	2.09844	2.39201	1.83440	9.89092	6.35369	2.85243	1.47444	1.32425	1.27763	2.74336	1.73584	1.52854	8.88011	5.89571	2.85605
83840	0.62636	0.50771	0.56139	2.95536	3.00548	2.34485	9.66762	5.67409	2.76680	1.43573	1.07972	1.67714	2.74039	2.18445	1.89342	8.95835	5.18336	3.01728
84010	1.18253	0.99461	0.66230	2.78062	2.03502	1.59069	9.15204	5.34436	2.70285	0.86773	1.09936	0.87007	2.98196	1.90320	1.86130	9.01928	5.49340	2.44651
84170	0.75300	0.68369	0.62451	3.19444	2.23819	1.98966	9.22150	6.02845	2.75511	0.62232	0.83737	1.09511	2.27612	2.48423	1.56986	8.34743	4.95284	3.12070
84330	0.96321	1.51215	0.55612	2.11183	1.56723	1.36810	9.12599	5.46854	2.68138	0.81528	0.52324	0.44535	1.81358	1.34333	1.11285	8.79019	5.15852	2.76235
84500	0.76701	0.86165	0.59072	2.16154	2.08572	2.13284	9.34284	5.52142	2.44211	0.77771	0.84023	1.11693	2.33551	1.95564	1.52456	8.72543	5.35465	3.09062
84660	0.82064	1.15685	0.89786	1.98248	1.95526	1.61251	9.02458	5.48948	2.50799	0.73568	0.86930	0.45998	1.93829	1.46095	1.23870	8.29405	5.49190	2.45104
84820	0.54871	0.47230	0.39876	2.14112	1.77894	1.49067	9.03474	5.24736	2.35175	1.11371	0.79408	0.70425	1.91465	1.52822	1.20099	8.35814	5.34907	3.18304
84990	0.58022	0.49802	0.40353	2.11384	2.10333	1.69696	9.05773	5.52927	2.37426	1.07127	0.60207	0.83712	1.86327	1.46507	1.47915	9.25736	6.02726	2.68237	30.17	6.2	0.00	7.63	0.01267	0.01288	0.01634	0.00781	0.00582	0.00638	0.00466	0.01264	0.01679	0.00679	0.00700	0.00882	0.01487	0.01092	0.01194	0.00217	0.00618	0.00868
85150	1.42188	1.04206	0.36591	1.86818	1.53220	1.15674	8.99278	5.42519	2.83055	1.75707	1.65361	0.77070	2.01825	1.64791	1.15436	9.33405	5.49515	3.41835
85320	0.51987	0.54064	0.84944	3.05977	2.05411	1.71666	9.17687	5.30378	2.49857	1.26857	0.95249	0.62009	2.09578	1.80053	1.25380	8.32825	4.96618	2.61242
85480	0.64090	0.36942	0.22784	2.18609	1.54833	1.82165	9.17462	5.91274	2.58181	0.64959	0.73907	0.54234	2.10807	1.97720	1.62229	8.41627	5.45641	2.70727
85640	1.04315	0.43189	0.56959	2.01588	1.62488	1.28437	9.26805	5.59677	2.72319	0.89315	0.70945	0.62359	2.15492	1.99463	1.49852	8.64079	5.22782	2.74246
85810	1.40645	0.71980	0.39055	2.45740	2.08167	2.42531	9.16841	5.66353	2.47678	1.00186	0.91563	0.63695	2.21863	1.76721	2.10871	9.04721	6.10820	2.70391
85970	1.57027	1.44365	1.47348	2.45763	2.14053	1.46833	10.12209	5.67907	2.60149	0.96616	1.22785	0.74578	2.11872	1.80288	1.74079	8.61468	5.03107	2.34399
86140	0.81592	1.25578	1.30845	1.91356	1.66376	1.54756	9.79793	5.67925	2.79847	1.14547	1.33923	1.05620	2.21559	1.59761	1.24951	8.59183	5.38129	2.70746
86300	0.57497	0.54099	0.73809	2.13506	1.71914	1.54853	9.04124	5.61009	2.96395	0.97215	0.41601	0.42172	2.46193	1.74816	1.14524	9.58345	5.95461	2.90202
86460	1.07633	0.93626	0.70299	2.67529	2.12598	1.76893	8.85895	5.45179	2.84774	0.88397	0.57112	0.47161	2.10746	1.75628	2.43554	8.86636	5.41435	2.75230
86630	1.11257	1.29117	1.16459	1.96824	1.63906	1.33579	9.13870	5.85216	2.50176	0.70399	0.57529	0.77954	2.12600	1.57041	1.00838	8.40948	5.28135	2.36614	30.12	6.2	0.00	7.51	0.01267	0.01288	0.01634	0.00781	0.00582	0.00638	0.00466	0.01264	0.01679	0.00679	0.00700	0.00883	0.01487	0.01092	0.01194	0.00217	0.00618	0.00868
86790	0.39178	0.34014	0.26706	1.96962	1.49654	1.25695	8.77963	5.16448	2.32549	0.73496	1.06945	0.61342	1.87361	1.31917	1.02706	8.21698	4.86997	2.48532
86950	0.70901	0.73845	0.69914	1.77091	1.41686	1.08867	8.83824	5.17707	2.43784	0.48427	0.53531	0.37883	1.77319	1.35038	1.03881	8.20590	4.84390	2.28877
87110	0.43241	0.26376	0.18752	1.71587	1.38011	1.20444	9.04591	5.25557	2.38942	0.55285	0.51343	0.50498	1.98604	1.62519	1.06002	8.38076	5.16597	2.96552
87280	0.58886	0.66250	0.34975	1.88513	1.42861	1.27006	9.21702	5.61229	2.74573	1.17002	0.54072	0.72697	2.09976	1.53660	1.40690	8.32529	5.30253	2.62739
87440	0.50875	0.86926	0.57526	2.24653	2.19886	2.12852	9.49204	6.84159	3.49024	1.44951	1.20796	1.05900	3.24770	2.37972	2.18447	9.56478	5.99583	3.10441
87600	1.55982	2.07834	1.81358	2.29122	2.63958	1.96749	10.19230	7.06062	3.67464	1.62710	1.53834	0.99554	2.74401	2.11117	1.75231	8.91249	5.82703	2.97083
87770	1.30603	1.81291	0.85771	2.96615	2.94394	3.53662	9.37418	5.87923	3.16491	1.46827	1.64328	1.47810	3.10875	2.32532	1.77877	8.63425	5.73508	3.68837
87930	0.76957	0.78017	0.84238	3.36174	2.44785	4.00356	9.74554	5.52986	2.75971	1.81403	2.58849	1.76880	2.03541	1.59682	1.74467	9.63603	5.72119	3.03755
88100	1.38303	0.83025	0.65541	2.01390	1.59664	1.79690	9.83598	5.89557	2.69250	0.83039	0.65453	0.63017	2.18304	1.57400	1.53209	8.43245	4.95855	2.84945
88260	0.86941	0.79525	1.35038	2.59058	2.95672	2.49569	9.77942	5.61783	2.45020	1.38688	0.83286	1.11757	2.01725	1.93019	1.38490	9.10651	5.31279	3.55231	30.12	6.1	0.00	7.53	0.01267	0.01288	0.01634	0.00781	0.00582	0.00638	0.00466	0.01264	0.01679	0.00678	0.00699	0.00882	0.01487	0.01092	0.01194	0.00217	0.00618	0.00868
88420	0.70915	0.56089	0.41755	2.33237	1.95351	1.62349	9.53093	5.77050	3.22576	1.06732	1.28852	1.23234	2.46862	1.78399	1.54673	8.91706	5.89928	3.18814
88590	1.29619	1.38138	1.41407	1.85943	1.90595	1.63499	9.52771	5.77769	2.68090	1.69333	1.25891	0.86000	2.61174	2.19485	1.99041	9.89471	6.74505	2.71025
88750	1.28451	1.00851	0.80300	3.94239	2.32575	2.04178	9.59619	5.60069	2.81123	1.02423	0.72661	0.56185	2.28838	1.89216	1.25872	8.34005	5.76969	2.96160
88910	1.05816	0.45321	0.31649	2.10650	1.72100	1.28425	9.34068	5.61525	2.57459	1.07257	0.72837	0.74295	2.37862	1.80608	1.40346	8.40142	5.30465	2.67782
89080	0.75099	0.52440	0.54587	1.88151	1.52067	1.30426	9.11154	5.25941	2.50379	1.10709	0.75970	1.21247	1.95556	1.45580	1.31695	8.49063	5.65450	2.60997
89240	0.45115	0.57398	0.32716	1.93494	1.94876	2.39871	9.06838	5.63577	2.93071	0.88181	1.34377	1.26417	2.04547	1.48838	1.29134	8.94590	5.74165	2.62129
89400	0.75869	0.69547	0.58600	1.99254	2.07007	1.87025	8.93111	5.42332	2.72021	1.28453	1.32015	1.46828	2.01078	1.60748	1.57993	8.58479	6.51525	3.32221
89570	0.78846	0.80399	0.68996	2.54521	2.47015	1.83435	9.20126	5.52885	3.23493	1.15184	1.09109	0.56024	2.41796	1.71181	1.84228	8.23474	5.26781	2.47018
89730	1.61429	1.20487	0.56120	2.14351	1.65054	1.54168	10.59583	5.84816	2.53126	0.93891	1.00634	0.74664	1.87750	1.54513	1.27884	8.70417	5.08838	2.49777
89890	0.77758	0.61772	1.07402	1.91816	1.56818	1.39778	9.28975	5.72872	2.58538	0.66641	0.63995	0.49161	2.19078	2.03519	1.58170	8.16107	4.95581	2.32923	30.12	6.1	0.00	7.57	0.01267	0.01288	0.01634	0.00781	0.00582	0.00638	0.00466	0.01264	0.01679	0.00678	0.00700	0.00882	0.01487	0.01092	0.01194	0.00217	0.00618	0.00868
90060	0.63540	0.77540	0.86433	1.86830	1.45813	1.33222	9.28742	5.65498	2.83380	0.71188	0.81293	0.43393	2.21833	1.66589	1.45656	8.23047	5.09309	2.98409
90220	0.86507	0.59900	0.60954	2.61489	1.67335	1.65779	9.12462	5.60473	2.51285	1.89023	0.97119	1.12676	1.86686	1.40335	1.13309	8.49878	5.15294	3.26010
90380	0.64712	0.55352	0.63413	2.47904	1.83654	1.51180	9.10190	5.34124	2.58028	1.01951	1.25941	1.62672	1.85257	1.61048	1.41248	9.51718	5.70962	3.24088
90550	0.71482	0.61074	0.41053	2.04748	1.58538	1.37447	9.20835	5.39706	2.67846	1.08241	1.04896	0.67205	2.35276	1.74645	1.60372	8.56315	5.24584	2.58389
