WetView ver 7.1	07-22-2018	14:24:10
AC9 Absorption and Attenuation Meter
00000266		; Serial number
2	; structure version number
Reserved
0.000000	0.000000		; Depth calibration
19200			; Baud rate
0.100000			; Path length (meters)
31			; number of temperature calibration bins
				12.59339	13.44920	14.48425	15.49668	16.50852	17.49564	18.50545	19.52458	20.50176	21.48889	22.47318	23.48707	24.50962	25.49370	26.49784	27.51372	28.50746	29.47237	30.47938	31.50214	32.50470	33.49235	34.50337	35.50914	36.50618	37.52058	38.51018	39.51308	40.49994	41.49866	42.47204	; temperature bins
a650	Blue	20.34952		-0.00383	-0.00415	-0.00430	-0.00391	-0.00363	-0.00317	-0.00269	-0.00237	-0.00179	-0.00130	-0.00099	-0.00071	-0.00015	0.00000	0.00004	-0.00001	0.00015	0.00036	0.00058	0.00101	0.00161	0.00132	0.00160	0.00169	0.00242	0.00273	0.00336	0.00365	0.00427	0.00566	0.00670		; offset and temperature correction info
a676	Green	20.51193		-0.00398	-0.00384	-0.00360	-0.00306	-0.00302	-0.00255	-0.00235	-0.00212	-0.00163	-0.00136	-0.00118	-0.00089	-0.00029	0.00000	0.00068	0.00082	0.00099	0.00137	0.00145	0.00212	0.00260	0.00252	0.00321	0.00354	0.00457	0.00535	0.00617	0.00648	0.00742	0.00887	0.01002		; offset and temperature correction info
a715	Brown	20.23230		-0.00421	-0.00394	-0.00391	-0.00291	-0.00264	-0.00192	-0.00204	-0.00179	-0.00188	-0.00239	-0.00180	-0.00187	-0.00099	0.00000	0.00084	0.00162	0.00188	0.00224	0.00321	0.00381	0.00466	0.00528	0.00588	0.00696	0.00859	0.01041	0.01148	0.01282	0.01333	0.01456	0.01617		; offset and temperature correction info
c510	Red	20.40042		-0.00261	-0.00247	-0.00258	-0.00225	-0.00203	-0.00197	-0.00199	-0.00203	-0.00154	-0.00103	-0.00069	-0.00019	-0.00007	0.00000	0.00011	-0.00021	-0.00042	-0.00056	-0.00040	0.00011	0.00036	0.00050	0.00077	0.00079	0.00050	0.00042	0.00043	0.00092	0.00147	0.00200	0.00232		; offset and temperature correction info
c532	Magenta	20.40760		-0.00248	-0.00265	-0.00278	-0.00279	-0.00296	-0.00292	-0.00238	-0.00206	-0.00129	-0.00096	-0.00092	-0.00052	-0.00009	0.00000	0.00007	-0.00049	-0.00136	-0.00107	-0.00079	-0.00065	-0.00074	-0.00105	-0.00152	-0.00192	-0.00236	-0.00269	-0.00252	-0.00233	-0.00172	-0.00128	-0.00067		; offset and temperature correction info
c555	Black	20.50654		-0.00053	-0.00063	-0.00106	-0.00094	-0.00068	-0.00055	-0.00053	-0.00039	-0.00028	-0.00025	-0.00011	-0.00035	-0.00007	0.00000	-0.00037	-0.00055	-0.00036	-0.00014	0.00019	0.00044	0.00032	0.00040	0.00050	0.00028	0.00014	0.00013	0.00030	0.00073	0.00117	0.00176	0.00241		; offset and temperature correction info
a412	LtBlue	17.15231		-0.01972	-0.01823	-0.01612	-0.01381	-0.01272	-0.01080	-0.00959	-0.00866	-0.00710	-0.00532	-0.00354	-0.00148	-0.00028	0.00000	0.00176	0.00297	0.00394	0.00440	0.00453	0.00487	0.00804	0.00856	0.01065	0.01248	0.01388	0.01439	0.01659	0.01881	0.02256	0.02450	0.02719		; offset and temperature correction info
a440	LtGreen	18.00171		-0.00729	-0.00642	-0.00581	-0.00502	-0.00426	-0.00349	-0.00244	-0.00218	-0.00179	-0.00101	-0.00046	-0.00006	0.00036	0.00000	0.00040	0.00045	0.00030	-0.00015	-0.00024	-0.00035	0.00012	-0.00013	-0.00033	-0.00089	-0.00142	-0.00189	-0.00231	-0.00205	-0.00140	-0.00140	-0.00146		; offset and temperature correction info
a488	Yellow	18.86491		-0.00113	-0.00102	-0.00106	-0.00064	-0.00027	-0.00020	-0.00030	-0.00037	-0.00047	-0.00059	-0.00052	-0.00012	0.00008	0.00000	0.00025	0.00012	-0.00013	-0.00043	-0.00065	-0.00076	-0.00025	0.00010	0.00090	0.00111	0.00113	0.00104	0.00073	0.00068	0.00120	0.00186	0.00258		; offset and temperature correction info
c650	Blue	20.46075		-0.00145	-0.00097	-0.00092	-0.00139	-0.00185	-0.00196	-0.00237	-0.00266	-0.00238	-0.00163	-0.00083	-0.00041	-0.00010	0.00000	0.00005	-0.00001	0.00015	0.00034	0.00029	0.00065	0.00101	0.00164	0.00126	0.00156	0.00175	0.00270	0.00287	0.00371	0.00407	0.00473	0.00534		; offset and temperature correction info
c676	Green	20.10118		-0.00170	-0.00144	-0.00149	-0.00177	-0.00188	-0.00194	-0.00198	-0.00196	-0.00177	-0.00156	-0.00140	-0.00091	-0.00033	0.00000	0.00050	0.00092	0.00110	0.00141	0.00167	0.00199	0.00216	0.00265	0.00269	0.00289	0.00315	0.00374	0.00367	0.00408	0.00486	0.00561	0.00646		; offset and temperature correction info
c715	Brown	19.91219		-0.01201	-0.01097	-0.00859	-0.00680	-0.00651	-0.00592	-0.00535	-0.00440	-0.00387	-0.00303	-0.00222	-0.00153	-0.00028	0.00000	0.00093	0.00149	0.00247	0.00322	0.00330	0.00427	0.00373	0.00464	0.00536	0.00551	0.00643	0.00733	0.00779	0.00884	0.00899	0.01021	0.01120		; offset and temperature correction info
a510	Red	19.21192		0.00201	0.00193	0.00158	0.00098	0.00089	0.00049	0.00011	-0.00016	-0.00016	-0.00005	0.00028	0.00025	0.00006	0.00000	0.00035	-0.00022	-0.00023	-0.00080	-0.00144	-0.00154	-0.00153	-0.00204	-0.00220	-0.00219	-0.00190	-0.00128	-0.00069	-0.00018	0.00068	0.00152	0.00241		; offset and temperature correction info
a532	Magenta	19.41084		-0.00097	-0.00072	-0.00060	-0.00081	-0.00062	-0.00071	-0.00040	0.00020	0.00028	0.00043	0.00000	-0.00035	0.00007	0.00000	-0.00011	-0.00059	-0.00080	-0.00098	-0.00137	-0.00162	-0.00163	-0.00130	-0.00073	-0.00018	0.00090	0.00185	0.00175	0.00247	0.00291	0.00327	0.00349		; offset and temperature correction info
a555	Black	19.69776		0.00171	0.00183	0.00183	0.00186	0.00191	0.00170	0.00115	0.00131	0.00097	0.00073	0.00060	0.00013	0.00015	0.00000	0.00014	-0.00029	-0.00066	-0.00082	-0.00116	-0.00139	-0.00134	-0.00167	-0.00119	-0.00093	-0.00048	0.00053	0.00111	0.00095	0.00178	0.00206	0.00273		; offset and temperature correction info
c412	LtBlue	19.91180		-0.02051	-0.01853	-0.01589	-0.01311	-0.01059	-0.00877	-0.00705	-0.00581	-0.00413	-0.00231	-0.00098	-0.00066	-0.00011	0.00000	-0.00013	-0.00085	-0.00170	-0.00170	-0.00302	-0.00330	-0.00429	-0.00551	-0.00626	-0.00775	-0.00978	-0.01181	-0.01113	-0.01108	-0.01116	-0.01192	-0.01291		; offset and temperature correction info
c440	LtGreen	20.06241		-0.01064	-0.00992	-0.00892	-0.00766	-0.00639	-0.00531	-0.00478	-0.00384	-0.00287	-0.00187	-0.00102	-0.00063	-0.00023	0.00000	-0.00007	-0.00053	-0.00090	-0.00119	-0.00169	-0.00197	-0.00226	-0.00257	-0.00260	-0.00289	-0.00394	-0.00470	-0.00481	-0.00493	-0.00520	-0.00580	-0.00620		; offset and temperature correction info
c488	Yellow	20.35984		-0.01125	-0.01082	-0.00966	-0.00833	-0.00726	-0.00661	-0.00579	-0.00500	-0.00389	-0.00278	-0.00167	-0.00113	-0.00041	0.00000	0.00055	0.00121	0.00187	0.00226	0.00222	0.00251	0.00281	0.00359	0.00414	0.00427	0.00401	0.00404	0.00486	0.00563	0.00638	0.00684	0.00718		; offset and temperature correction info
0.003500	0.004000	0.015000	0.020000	0.015000	0.020000	2500.000000	2000.000000	1000.000000	; maxANoise	maxCNoise	maxADifference	maxCDifference	minACounts	minCCounts	minRCounts	maxTempSdev	maxDepthSdev
0			; auxilliary capabilities
1			; acquisition binsize
0	0.07505	0.08558	0.06284	0.12612	0.19737	0.15469	0.65023	0.38288	0.21527	0.16799	0.17788	0.18467	0.16906	0.16490	0.12474	-0.11091	0.00451	0.12832	33.68	6.2	0.00	7.77	0.01263	0.01288	0.01611	0.00781	0.00580	0.00636	0.00466	0.01264	0.01676	0.00674	0.00698	0.00866	0.01486	0.01090	0.01192	0.00217	0.00619	0.00866
160	0.07322	0.08120	0.06217	0.12413	0.19628	0.15140	0.64760	0.38351	0.21310	0.16668	0.17681	0.18340	0.16888	0.16104	0.12286	-0.11365	0.00054	0.12499
320	0.07187	0.08298	0.06485	0.12198	0.19701	0.15374	0.64924	0.38669	0.21752	0.16772	0.17856	0.18545	0.17112	0.16411	0.12515	-0.10869	0.00568	0.12902
490	0.07198	0.08294	0.06306	0.12399	0.19712	0.15232	0.65116	0.38390	0.21538	0.16598	0.17660	0.18295	0.16811	0.16193	0.12349	-0.11365	0.00095	0.12529
650	0.07230	0.08306	0.06449	0.12211	0.19594	0.15386	0.65670	0.38491	0.21531	0.16829	0.17783	0.18489	0.17145	0.16151	0.12364	-0.11232	0.00309	0.12770
810	0.07306	0.08120	0.06264	0.12324	0.19660	0.15266	0.64981	0.38346	0.21421	0.16563	0.17617	0.18303	0.16603	0.16262	0.12385	-0.11195	0.00122	0.12516
980	0.07283	0.08315	0.06540	0.12495	0.19786	0.15463	0.65507	0.38415	0.21848	0.16824	0.17832	0.18413	0.17043	0.16397	0.12765	-0.10980	0.00399	0.12827
1140	0.07341	0.08434	0.06368	0.12331	0.19494	0.15118	0.65463	0.38015	0.21260	0.16541	0.17638	0.18331	0.16869	0.16035	0.12464	-0.11350	0.00056	0.12432
1300	0.07376	0.08415	0.06526	0.12374	0.19714	0.15350	0.65802	0.38557	0.21547	0.16797	0.17781	0.18402	0.17143	0.16368	0.12529	-0.11568	0.00231	0.12767
1470	0.07272	0.08328	0.06274	0.12305	0.19513	0.15142	0.64747	0.38051	0.21546	0.16618	0.17720	0.18296	0.16688	0.16066	0.12455	-0.11587	0.00032	0.12535
1630	0.07371	0.08603	0.06310	0.12421	0.19803	0.15280	0.65155	0.38639	0.21638	0.16819	0.17874	0.18460	0.16864	0.16319	0.12532	-0.11068	0.00364	0.12806	33.63	6.1	0.00	7.76	0.01263	0.01288	0.01611	0.00781	0.00580	0.00636	0.00466	0.01264	0.01676	0.00674	0.00698	0.00866	0.01486	0.01090	0.01192	0.00217	0.00619	0.00866
1790	0.07318	0.08270	0.06344	0.12299	0.19664	0.15289	0.65386	0.38315	0.21563	0.16708	0.17712	0.18313	0.16898	0.16127	0.12468	-0.11356	0.00297	0.12697
1960	0.07548	0.08739	0.06621	0.12592	0.19893	0.15498	0.64978	0.38524	0.21576	0.16977	0.17907	0.18621	0.17110	0.16520	0.12469	-0.10920	0.00545	0.13021
2120	0.07413	0.08353	0.06291	0.12545	0.19678	0.15216	0.65160	0.38341	0.21240	0.16661	0.17739	0.18316	0.16644	0.16264	0.12456	-0.11430	0.00267	0.12632
2280	0.07546	0.08488	0.06297	0.12549	0.19780	0.15433	0.65581	0.38879	0.21704	0.16921	0.17971	0.18631	0.17165	0.16452	0.12455	-0.10805	0.00596	0.12891
2450	0.07491	0.08402	0.06213	0.12408	0.19523	0.15057	0.65327	0.38315	0.21351	0.16670	0.17633	0.18378	0.16702	0.16261	0.12378	-0.11149	0.00203	0.12602
2610	0.07530	0.08304	0.06327	0.12531	0.19820	0.15402	0.65585	0.38706	0.21693	0.16934	0.17957	0.18582	0.16956	0.16431	0.12710	-0.11064	0.00487	0.12940
2770	0.07321	0.08453	0.06312	0.12339	0.19651	0.15246	0.65531	0.38503	0.21353	0.16693	0.17744	0.18404	0.16921	0.16255	0.12249	-0.11364	0.00319	0.12729
2940	0.07405	0.08501	0.06494	0.12534	0.19803	0.15417	0.64533	0.38595	0.21632	0.16829	0.17794	0.18589	0.17061	0.16552	0.12719	-0.11245	0.00491	0.12866
3100	0.07180	0.08332	0.06119	0.12280	0.19407	0.14958	0.64835	0.37870	0.21058	0.16483	0.17411	0.18177	0.16193	0.15757	0.11997	-0.11534	0.00021	0.12364
3260	0.06753	0.07962	0.05723	0.11791	0.19061	0.14539	0.64041	0.37419	0.20812	0.16221	0.17120	0.17892	0.16643	0.16295	0.12656	-0.11329	0.00173	0.12661	33.68	6.1	0.00	7.67	0.01263	0.01288	0.01611	0.00781	0.00580	0.00636	0.00466	0.01264	0.01676	0.00674	0.00698	0.00866	0.01486	0.01090	0.01192	0.00217	0.00619	0.00866
3430	0.07302	0.08688	0.06461	0.12235	0.19442	0.14936	0.65181	0.38186	0.21089	0.16542	0.17379	0.18136	0.16794	0.16331	0.12487	-0.11318	0.00173	0.12652
3590	0.07397	0.08362	0.06300	0.12189	0.19425	0.14868	0.64520	0.38070	0.20971	0.16602	0.17614	0.18229	0.16740	0.15926	0.12204	-0.11070	0.00305	0.12769
3750	0.07448	0.08472	0.06499	0.12530	0.19922	0.15405	0.65520	0.38616	0.21554	0.16827	0.17830	0.18438	0.17174	0.16572	0.12896	-0.10733	0.00724	0.13163
3920	0.07813	0.08821	0.06671	0.12831	0.20018	0.15643	0.65848	0.38872	0.22003	0.17161	0.18167	0.18795	0.17215	0.16898	0.12740	-0.10563	0.00806	0.13164
4080	0.07454	0.08627	0.06308	0.12605	0.19726	0.15268	0.65002	0.38303	0.21461	0.16671	0.17783	0.18420	0.17259	0.16639	0.12977	-0.10381	0.01070	0.13502
4250	0.07840	0.08888	0.06876	0.13169	0.20479	0.15871	0.65715	0.39186	0.22307	0.17481	0.18595	0.19182	0.17808	0.17213	0.13362	-0.09584	0.01589	0.13934
4410	0.07808	0.09024	0.07036	0.13447	0.20812	0.16219	0.65498	0.39276	0.22248	0.17511	0.18526	0.19160	0.17473	0.17045	0.13327	-0.09970	0.01596	0.13929
4570	0.07847	0.08816	0.06879	0.13498	0.20838	0.16365	0.66788	0.39457	0.22593	0.17756	0.18728	0.19458	0.17605	0.17255	0.13190	-0.09418	0.01757	0.13877
4730	0.07545	0.08700	0.06761	0.13235	0.20366	0.15876	0.64839	0.38538	0.21594	0.17258	0.18203	0.18820	0.17268	0.16388	0.12822	-0.10422	0.01326	0.13730
4900	0.07927	0.09218	0.07054	0.13602	0.20983	0.16512	0.67149	0.39807	0.22629	0.17980	0.18880	0.19590	0.17977	0.17395	0.13470	-0.09390	0.02020	0.14390	33.63	6.2	0.00	7.42	0.01263	0.01288	0.01610	0.00780	0.00580	0.00636	0.00466	0.01263	0.01675	0.00674	0.00698	0.00866	0.01485	0.01090	0.01192	0.00217	0.00619	0.00866
5060	0.08334	0.09255	0.07139	0.13889	0.21063	0.16384	0.65777	0.39318	0.22181	0.17547	0.18513	0.19151	0.17207	0.16762	0.12635	-0.10384	0.01349	0.13729
5220	0.08033	0.09049	0.07025	0.13699	0.21095	0.16592	0.66501	0.39395	0.22547	0.17948	0.19021	0.19709	0.17870	0.17177	0.13427	-0.09398	0.01975	0.14377
5380	0.08020	0.09102	0.06829	0.13774	0.20969	0.16308	0.65836	0.39240	0.22196	0.17655	0.18645	0.19426	0.17609	0.17067	0.13089	-0.09676	0.01673	0.14000
5550	0.07809	0.08911	0.06900	0.13592	0.20839	0.16276	0.65512	0.39158	0.22133	0.17723	0.18652	0.19283	0.17632	0.17083	0.13395	-0.09498	0.02071	0.14451
5710	0.08095	0.09141	0.06997	0.14107	0.21314	0.16703	0.66920	0.39558	0.22642	0.18141	0.19206	0.19813	0.17855	0.17208	0.13200	-0.09290	0.02006	0.14393
5870	0.07905	0.09009	0.06637	0.13901	0.21095	0.16471	0.66139	0.39178	0.22154	0.17838	0.18955	0.19493	0.17927	0.17136	0.13338	-0.09023	0.02306	0.14542
6040	0.08315	0.09097	0.07284	0.14226	0.21388	0.16860	0.66760	0.39779	0.22726	0.18219	0.19213	0.19817	0.18095	0.17061	0.13261	-0.09056	0.02119	0.14445
6200	0.08182	0.09158	0.06826	0.13969	0.21134	0.16450	0.65866	0.39244	0.22147	0.17849	0.18893	0.19580	0.17695	0.17065	0.13287	-0.08852	0.02314	0.14695
6370	0.08068	0.09387	0.07301	0.14298	0.21568	0.17033	0.66282	0.39819	0.22589	0.18168	0.19272	0.19847	0.18076	0.17166	0.13347	-0.09164	0.02364	0.14515
6530	0.07851	0.08801	0.06770	0.13492	0.20674	0.16118	0.65505	0.38799	0.21829	0.17513	0.18477	0.19063	0.17619	0.16962	0.13330	-0.09466	0.02042	0.14372	33.63	6.1	0.00	7.85	0.01263	0.01288	0.01610	0.00780	0.00579	0.00635	0.00465	0.01263	0.01675	0.00673	0.00698	0.00865	0.01485	0.01089	0.01192	0.00217	0.00619	0.00865
6690	0.08082	0.09200	0.06831	0.13971	0.21075	0.16622	0.67059	0.39351	0.22353	0.17992	0.18992	0.19585	0.17586	0.16968	0.13147	-0.09500	0.01950	0.14169
6860	0.07995	0.09314	0.07105	0.13963	0.21308	0.16715	0.66630	0.39386	0.22420	0.18079	0.19019	0.19700	0.17894	0.16975	0.13288	-0.09530	0.02102	0.14306
7020	0.08111	0.09114	0.07051	0.13840	0.21164	0.16597	0.65817	0.39178	0.22291	0.17915	0.18945	0.19493	0.17534	0.16900	0.13233	-0.09474	0.01797	0.14090
7180	0.07945	0.09195	0.06979	0.13922	0.21286	0.16844	0.65608	0.39696	0.22560	0.18079	0.19015	0.19675	0.17753	0.17113	0.13217	-0.09173	0.02027	0.14350
7350	0.08060	0.08824	0.06917	0.13777	0.20840	0.16409	0.65596	0.38921	0.22194	0.17794	0.18744	0.19370	0.17761	0.17173	0.13248	-0.09273	0.02020	0.14376
7510	0.08011	0.09237	0.06855	0.13923	0.21195	0.16678	0.65428	0.39120	0.22264	0.17807	0.18768	0.19526	0.17322	0.16945	0.13204	-0.09337	0.01886	0.14144
7670	0.08041	0.08867	0.06682	0.13787	0.20922	0.16376	0.65955	0.39111	0.22112	0.17764	0.18736	0.19476	0.17166	0.16841	0.13081	-0.09778	0.01776	0.14054
7830	0.07661	0.08947	0.06924	0.13602	0.21049	0.16689	0.66303	0.39432	0.22686	0.18083	0.19216	0.19693	0.17762	0.16976	0.13147	-0.09073	0.02107	0.14411
8000	0.07917	0.09018	0.06941	0.13855	0.21065	0.16774	0.66327	0.39395	0.22289	0.17972	0.19004	0.19701	0.17637	0.16983	0.13199	-0.09110	0.02151	0.14477
8160	0.07660	0.08786	0.06700	0.13449	0.20692	0.16036	0.65205	0.38601	0.21823	0.17515	0.18568	0.19201	0.17304	0.17189	0.13249	-0.09418	0.01863	0.14338	33.68	6.1	0.00	7.74	0.01262	0.01287	0.01610	0.00779	0.00579	0.00635	0.00465	0.01263	0.01674	0.00673	0.00697	0.00865	0.01484	0.01089	0.01191	0.00217	0.00618	0.00865
8320	0.08127	0.08861	0.06878	0.13831	0.21017	0.16437	0.65675	0.39247	0.22372	0.17792	0.18761	0.19497	0.17310	0.16801	0.12757	-0.09879	0.01671	0.14003
8490	0.07834	0.08903	0.06685	0.13468	0.20729	0.16234	0.65160	0.38924	0.21793	0.17569	0.18665	0.19257	0.17312	0.16743	0.13392	-0.09764	0.01923	0.14247
8650	0.07837	0.09105	0.06931	0.13786	0.20925	0.16471	0.65328	0.39119	0.22069	0.17753	0.18745	0.19373	0.17326	0.16678	0.12752	-0.09916	0.01757	0.14018
8810	0.07859	0.08889	0.06844	0.13471	0.20697	0.16226	0.65377	0.38813	0.21797	0.17672	0.18597	0.19174	0.17703	0.17028	0.13150	-0.09797	0.02068	0.14389
8980	0.07938	0.09155	0.06830	0.13882	0.21058	0.16436	0.65343	0.39091	0.21929	0.17813	0.18830	0.19440	0.17592	0.16707	0.13088	-0.09734	0.01748	0.14016
9140	0.07767	0.08834	0.06777	0.13589	0.20773	0.16222	0.65293	0.38592	0.21766	0.17651	0.18695	0.19267	0.17676	0.17234	0.13392	-0.09690	0.02170	0.14436
9310	0.07883	0.09084	0.07050	0.13956	0.21138	0.16529	0.65892	0.38939	0.22306	0.17868	0.18921	0.19380	0.17570	0.16611	0.12726	-0.10005	0.01800	0.14187
9470	0.08051	0.08980	0.06809	0.13911	0.21219	0.16696	0.65724	0.39127	0.22359	0.18141	0.19044	0.19591	0.17741	0.16796	0.13326	-0.09515	0.02050	0.14383
9630	0.07793	0.08915	0.06817	0.13717	0.20907	0.16493	0.65549	0.39046	0.21986	0.17757	0.18775	0.19383	0.17381	0.16613	0.12964	-0.10128	0.01720	0.14032
9800	0.07951	0.08920	0.07015	0.13636	0.20827	0.16497	0.65978	0.39223	0.22205	0.17841	0.18802	0.19395	0.17385	0.16455	0.12927	-0.09965	0.01650	0.14081	33.63	6.1	0.00	7.70	0.01262	0.01287	0.01609	0.00779	0.00579	0.00635	0.00465	0.01262	0.01674	0.00673	0.00697	0.00865	0.01484	0.01089	0.01191	0.00217	0.00618	0.00864
9960	0.07792	0.08738	0.06809	0.13499	0.20683	0.16215	0.65665	0.38555	0.21877	0.17527	0.18649	0.19205	0.17266	0.16592	0.12584	-0.10073	0.01513	0.13885
10120	0.07807	0.08992	0.06969	0.13770	0.21034	0.16593	0.65660	0.39201	0.22253	0.17974	0.18922	0.19539	0.17454	0.16820	0.12865	-0.09616	0.01770	0.14116
10290	0.07873	0.08928	0.06773	0.13590	0.20750	0.16265	0.65472	0.38820	0.22000	0.17774	0.18719	0.19266	0.17235	0.16576	0.13036	-0.10433	0.01481	0.13842
10450	0.07827	0.08960	0.07021	0.13730	0.21090	0.16526	0.66286	0.38928	0.22169	0.17810	0.18864	0.19419	0.17491	0.16933	0.13078	-0.09716	0.01795	0.14049
10610	0.07803	0.08667	0.06666	0.13597	0.20843	0.16237	0.65973	0.38962	0.21936	0.17634	0.18619	0.19221	0.17465	0.16644	0.12836	-0.10229	0.01491	0.13725
10780	0.07557	0.08737	0.06623	0.13249	0.20401	0.15984	0.64990	0.38507	0.21610	0.17366	0.18365	0.19037	0.17469	0.16784	0.13146	-0.09976	0.01916	0.14310
10940	0.08018	0.08982	0.06901	0.13835	0.20952	0.16432	0.65290	0.38802	0.21959	0.17834	0.18715	0.19360	0.17420	0.16568	0.12785	-0.10247	0.01503	0.13839
11100	0.07834	0.08684	0.06743	0.13423	0.20432	0.15894	0.64640	0.38661	0.21623	0.17471	0.18473	0.19013	0.17582	0.16969	0.13203	-0.09649	0.01861	0.14314
11270	0.08140	0.08931	0.07047	0.13825	0.20940	0.16375	0.65610	0.39169	0.22094	0.17823	0.18823	0.19365	0.17266	0.16828	0.13223	-0.09902	0.01974	0.14325
11430	0.07877	0.08906	0.06822	0.13460	0.20833	0.16227	0.65066	0.39129	0.21824	0.17616	0.18535	0.19272	0.17307	0.16821	0.12962	-0.10183	0.01476	0.13769	33.63	6.1	0.00	7.66	0.01262	0.01287	0.01609	0.00779	0.00579	0.00635	0.00465	0.01262	0.01674	0.00673	0.00697	0.00864	0.01484	0.01089	0.01191	0.00217	0.00618	0.00864
11590	0.07677	0.08508	0.06594	0.13276	0.20449	0.15936	0.64714	0.38589	0.21549	0.17255	0.18332	0.18965	0.17335	0.16736	0.12927	-0.10083	0.01560	0.13911
11760	0.07833	0.08778	0.06803	0.13578	0.20698	0.16144	0.66272	0.38621	0.21940	0.17454	0.18467	0.19159	0.17108	0.16305	0.12723	-0.10191	0.01321	0.13708
11920	0.07445	0.08676	0.06378	0.13230	0.20470	0.16011	0.65049	0.38627	0.21729	0.17396	0.18382	0.18975	0.16960	0.16339	0.12503	-0.10499	0.01134	0.13476
12080	0.07376	0.08598	0.06600	0.13164	0.20628	0.16199	0.65843	0.38970	0.22231	0.17648	0.18773	0.19296	0.17346	0.16921	0.12936	-0.10291	0.01608	0.13935
12250	0.07963	0.08738	0.06576	0.13392	0.20531	0.16059	0.65305	0.38389	0.21822	0.17426	0.18333	0.19058	0.17252	0.16403	0.12487	-0.10562	0.01167	0.13503
12410	0.07623	0.08719	0.06725	0.13095	0.20660	0.16305	0.65981	0.39004	0.22154	0.17701	0.18731	0.19331	0.17271	0.16750	0.12965	-0.09938	0.01591	0.13900
12570	0.07792	0.08712	0.06602	0.13307	0.20463	0.16064	0.65298	0.38366	0.21596	0.17320	0.18442	0.19001	0.17111	0.16327	0.12722	-0.10399	0.01117	0.13453
12740	0.07721	0.08688	0.07051	0.13470	0.20728	0.16169	0.66136	0.38908	0.22056	0.17558	0.18806	0.19198	0.17577	0.16824	0.12785	-0.10195	0.01455	0.13864
12900	0.07741	0.08839	0.06763	0.13479	0.20645	0.16274	0.65384	0.38741	0.21834	0.17524	0.18638	0.19126	0.17218	0.16512	0.12605	-0.10510	0.01367	0.13680
13060	0.07585	0.08706	0.06702	0.13157	0.20462	0.15901	0.65067	0.38779	0.21928	0.17421	0.18458	0.19084	0.17064	0.16338	0.12982	-0.10605	0.01141	0.13526	33.68	6.1	0.00	7.75	0.01262	0.01287	0.01609	0.00779	0.00579	0.00634	0.00465	0.01262	0.01673	0.00673	0.00697	0.00864	0.01484	0.01089	0.01191	0.00217	0.00618	0.00864
13230	0.07799	0.08612	0.06559	0.13146	0.20497	0.15843	0.65597	0.38647	0.21875	0.17307	0.18522	0.19005	0.17319	0.16304	0.12629	-0.10712	0.01106	0.13450
13390	0.07665	0.08988	0.06659	0.13396	0.20768	0.16113	0.65466	0.39084	0.21943	0.17625	0.18576	0.19226	0.17378	0.16660	0.12663	-0.10278	0.01433	0.13681
13550	0.07750	0.08788	0.06712	0.13318	0.20576	0.15918	0.65301	0.38704	0.21623	0.17419	0.18498	0.19103	0.17407	0.16658	0.12774	-0.10374	0.01130	0.13534
13720	0.08050	0.08724	0.06822	0.13547	0.20774	0.16336	0.66070	0.39105	0.22055	0.17605	0.18692	0.19274	0.17568	0.16769	0.13004	-0.10266	0.01547	0.13918
13880	0.07792	0.08691	0.06644	0.13344	0.20623	0.15985	0.65097	0.38723	0.21631	0.17548	0.18512	0.19087	0.17174	0.16588	0.12837	-0.10449	0.01337	0.13547
14040	0.07750	0.08759	0.06901	0.13591	0.20861	0.16366	0.66122	0.39190	0.22062	0.17765	0.18685	0.19342	0.17617	0.16715	0.12833	-0.10021	0.01635	0.13920
14210	0.07990	0.08862	0.06563	0.13588	0.20988	0.16304	0.65134	0.38848	0.21894	0.17757	0.18724	0.19420	0.17211	0.16778	0.12808	-0.10047	0.01489	0.13844
14370	0.07872	0.08954	0.06744	0.13732	0.20988	0.16415	0.65139	0.39447	0.22215	0.17867	0.18924	0.19476	0.17499	0.16997	0.13114	-0.10014	0.01936	0.14225
14530	0.07849	0.08875	0.06847	0.13693	0.21031	0.16359	0.65641	0.38907	0.21831	0.17719	0.18734	0.19315	0.17108	0.16701	0.12899	-0.10055	0.01615	0.14052
14700	0.07614	0.08781	0.06381	0.13137	0.20376	0.15967	0.64269	0.38148	0.21485	0.17446	0.18537	0.19178	0.17603	0.17001	0.13449	-0.09723	0.01946	0.14337	33.63	6.1	0.00	7.73	0.01262	0.01287	0.01609	0.00778	0.00578	0.00634	0.00465	0.01262	0.01673	0.00673	0.00697	0.00864	0.01483	0.01088	0.01191	0.00217	0.00617	0.00863
14860	0.08143	0.09005	0.06948	0.13788	0.20940	0.16407	0.65560	0.38939	0.22073	0.17875	0.18924	0.19366	0.17469	0.16690	0.12985	-0.09920	0.01602	0.13915
15020	0.07756	0.08825	0.06451	0.13316	0.20525	0.15957	0.65367	0.38431	0.21687	0.17518	0.18571	0.19143	0.17606	0.16929	0.13292	-0.09716	0.01703	0.14271
15190	0.07791	0.08939	0.06754	0.13577	0.20683	0.16125	0.65441	0.39069	0.21909	0.17693	0.18770	0.19286	0.17375	0.16634	0.13086	-0.09768	0.01626	0.13960
15350	0.07869	0.08910	0.06798	0.13608	0.20886	0.16286	0.66339	0.38712	0.21862	0.17631	0.18740	0.19309	0.17234	0.16814	0.12780	-0.09906	0.01315	0.13709
15510	0.07630	0.08858	0.06599	0.13161	0.20233	0.15776	0.64855	0.38229	0.21634	0.17411	0.18507	0.19076	0.16989	0.16331	0.12638	-0.10627	0.00924	0.13372
15680	0.07320	0.08734	0.06908	0.13058	0.20636	0.16422	0.65444	0.39091	0.22101	0.17850	0.18839	0.19430	0.17502	0.16878	0.12813	-0.09928	0.01543	0.13919
15840	0.07732	0.08711	0.06568	0.13309	0.20517	0.16088	0.65722	0.38549	0.21581	0.17426	0.18505	0.19111	0.17155	0.16388	0.12719	-0.10344	0.00995	0.13468
16000	0.07446	0.08605	0.06613	0.13042	0.20539	0.16095	0.66314	0.38921	0.21983	0.17706	0.18770	0.19362	0.17434	0.16596	0.12763	-0.10233	0.01380	0.13715
16160	0.07805	0.08710	0.06486	0.13215	0.20442	0.16084	0.65491	0.38508	0.21794	0.17524	0.18545	0.19158	0.16980	0.16139	0.12663	-0.10315	0.01021	0.13433
16330	0.07339	0.08333	0.06308	0.12842	0.20115	0.15591	0.65293	0.38186	0.21359	0.17081	0.18177	0.18819	0.17287	0.16694	0.13083	-0.10213	0.01356	0.13816	33.68	6.1	0.00	7.78	0.01262	0.01287	0.01609	0.00778	0.00578	0.00634	0.00465	0.01261	0.01673	0.00672	0.00697	0.00864	0.01483	0.01088	0.01190	0.00217	0.00617	0.00863
16490	0.08021	0.08956	0.06626	0.13482	0.20566	0.16148	0.65968	0.38961	0.21812	0.17584	0.18562	0.19207	0.17510	0.16701	0.12734	-0.10042	0.01159	0.13492
16650	0.07757	0.08641	0.06562	0.13095	0.20322	0.15892	0.64404	0.38572	0.21501	0.17354	0.18376	0.18992	0.17291	0.16788	0.13058	-0.10072	0.01503	0.13827
16820	0.07857	0.08956	0.06681	0.13528	0.20593	0.16196	0.65658	0.38759	0.21733	0.17460	0.18542	0.19272	0.17199	0.16495	0.12691	-0.10459	0.01190	0.13545
16980	0.07418	0.08606	0.06624	0.13057	0.20289	0.15876	0.64933	0.38290	0.21427	0.17342	0.18306	0.19069	0.17289	0.16557	0.12715	-0.10169	0.01524	0.13903
17140	0.07746	0.08762	0.06648	0.13399	0.20529	0.15918	0.65885	0.38543	0.21646	0.17454	0.18546	0.19185	0.17360	0.16429	0.12770	-0.10213	0.01317	0.13591
17310	0.07775	0.08638	0.06610	0.13040	0.20382	0.15897	0.65152	0.38461	0.21598	0.17375	0.18406	0.19066	0.17486	0.16773	0.12832	-0.09886	0.01440	0.13838
17470	0.08026	0.08809	0.06758	0.13433	0.20516	0.16149	0.65340	0.38970	0.21886	0.17649	0.18644	0.19331	0.17197	0.16408	0.12771	-0.10128	0.01281	0.13548
17640	0.07617	0.08748	0.06709	0.13191	0.20306	0.15903	0.65155	0.38465	0.21441	0.17503	0.18415	0.19096	0.17490	0.16666	0.12984	-0.09934	0.01680	0.13991
17800	0.07997	0.08989	0.06699	0.13524	0.20825	0.16245	0.65488	0.38914	0.21854	0.17682	0.18701	0.19345	0.17249	0.16486	0.12612	-0.10050	0.01267	0.13567
17960	0.07827	0.08688	0.06924	0.13226	0.20645	0.16164	0.65355	0.38883	0.21922	0.17553	0.18644	0.19260	0.17253	0.16531	0.12668	-0.10138	0.01224	0.13523	33.63	6.1	0.00	7.72	0.01262	0.01287	0.01608	0.00778	0.00578	0.00634	0.00465	0.01261	0.01673	0.00672	0.00696	0.00864	0.01483	0.01088	0.01190	0.00216	0.00617	0.00863
18130	0.07743	0.09174	0.06765	0.13194	0.20611	0.15878	0.65848	0.38649	0.21596	0.17430	0.18483	0.19155	0.16984	0.16521	0.12424	-0.10198	0.01062	0.13482
18290	0.07970	0.08969	0.06807	0.13398	0.20747	0.16347	0.65791	0.38992	0.21954	0.17762	0.18818	0.19353	0.17542	0.16857	0.12845	-0.10068	0.01394	0.13759
18450	0.07890	0.08832	0.06680	0.13162	0.20501	0.15830	0.65560	0.38460	0.21545	0.17449	0.18460	0.19121	0.17115	0.16331	0.12614	-0.10458	0.00955	0.13320
18620	0.07614	0.08907	0.06797	0.13337	0.20750	0.16231	0.65483	0.38949	0.22012	0.17672	0.18745	0.19393	0.17293	0.16793	0.12762	-0.09952	0.01456	0.13717
18780	0.07728	0.08785	0.06666	0.13295	0.20561	0.15903	0.64431	0.38711	0.21787	0.17489	0.18406	0.19069	0.16916	0.16314	0.12372	-0.10179	0.01001	0.13342
18940	0.07731	0.08871	0.06742	0.13308	0.20604	0.16127	0.64931	0.38660	0.21787	0.17609	0.18685	0.19252	0.17254	0.16655	0.12718	-0.09952	0.01257	0.13589
19110	0.07492	0.08680	0.06437	0.13136	0.20403	0.15914	0.65224	0.38492	0.21527	0.17349	0.18446	0.19078	0.17010	0.16232	0.12554	-0.10425	0.00918	0.13356
19270	0.07371	0.08489	0.06215	0.12872	0.20108	0.15640	0.63985	0.38125	0.21022	0.17089	0.18255	0.18813	0.17141	0.16335	0.12756	-0.10324	0.01101	0.13489
19430	0.07889	0.08711	0.06518	0.13166	0.20544	0.16014	0.64310	0.38347	0.21402	0.17356	0.18507	0.19143	0.16994	0.16397	0.12375	-0.10291	0.00983	0.13359
19600	0.07307	0.08542	0.06685	0.13032	0.20582	0.16276	0.65583	0.38794	0.21873	0.17548	0.18592	0.19241	0.17420	0.16669	0.12929	-0.10082	0.01392	0.13646	33.68	6.2	0.00	7.69	0.01262	0.01286	0.01608	0.00778	0.00578	0.00634	0.00465	0.01261	0.01673	0.00672	0.00696	0.00864	0.01483	0.01088	0.01190	0.00216	0.00617	0.00863
19760	0.07637	0.08670	0.06596	0.13223	0.20478	0.15860	0.65896	0.38340	0.21589	0.17263	0.18332	0.19052	0.17295	0.16660	0.12966	-0.10187	0.01272	0.13463
19920	0.07715	0.08783	0.06685	0.13270	0.20532	0.15857	0.65038	0.38606	0.21444	0.17270	0.18364	0.19005	0.16971	0.16085	0.12651	-0.10633	0.00885	0.13236
20090	0.07574	0.08279	0.06345	0.13063	0.20277	0.15685	0.64838	0.38295	0.21393	0.17272	0.18323	0.18989	0.17111	0.16354	0.12554	-0.10112	0.01298	0.13562
20250	0.07740	0.08742	0.06617	0.13298	0.20583	0.15937	0.64846	0.38527	0.21466	0.17317	0.18507	0.19104	0.17100	0.16561	0.12688	-0.10480	0.01018	0.13352
20410	0.07241	0.08333	0.06251	0.12895	0.20195	0.15675	0.64511	0.38046	0.21228	0.17076	0.18137	0.18766	0.17179	0.16541	0.12772	-0.10120	0.01379	0.13746
20580	0.07827	0.08896	0.06666	0.13422	0.20577	0.16028	0.64796	0.38425	0.21581	0.17356	0.18449	0.19167	0.17148	0.16331	0.12714	-0.10439	0.01096	0.13401
20740	0.07631	0.08537	0.06647	0.13214	0.20427	0.15958	0.65689	0.38742	0.21646	0.17371	0.18406	0.19028	0.17097	0.16207	0.12544	-0.10518	0.00978	0.13299
20910	0.07638	0.08559	0.06661	0.13153	0.20442	0.15857	0.65487	0.38582	0.21629	0.17464	0.18327	0.19078	0.17106	0.16418	0.12597	-0.10432	0.00847	0.13216
21070	0.07547	0.08842	0.06862	0.13368	0.20774	0.16159	0.65758	0.38874	0.21975	0.17543	0.18725	0.19336	0.17313	0.16740	0.12635	-0.09986	0.01280	0.13544
21230	0.07616	0.08516	0.06494	0.13051	0.20381	0.15623	0.65004	0.38314	0.21429	0.17142	0.18290	0.19019	0.17047	0.16146	0.12160	-0.10918	0.00755	0.13027	33.68	6.0	0.00	7.75	0.01261	0.01286	0.01608	0.00778	0.00578	0.00634	0.00465	0.01261	0.01672	0.00672	0.00696	0.00864	0.01483	0.01088	0.01190	0.00216	0.00617	0.00863
21400	0.07537	0.08727	0.06593	0.13227	0.20607	0.16119	0.65598	0.38850	0.21879	0.17556	0.18645	0.19351	0.17224	0.16560	0.12600	-0.10479	0.01112	0.13434
21560	0.07624	0.08505	0.06329	0.13007	0.20220	0.15805	0.64763	0.38402	0.21368	0.17179	0.18305	0.19006	0.16820	0.16152	0.12304	-0.10821	0.00816	0.13165
21720	0.07586	0.08473	0.06613	0.13140	0.20481	0.16061	0.65194	0.38552	0.21743	0.17302	0.18452	0.19048	0.16915	0.16327	0.12489	-0.10605	0.00776	0.13034
21890	0.07296	0.08189	0.06328	0.12636	0.19928	0.15367	0.64987	0.38266	0.21396	0.17017	0.18124	0.18855	0.16730	0.16298	0.12455	-0.10672	0.00952	0.13330
22050	0.07491	0.08384	0.06689	0.13039	0.20418	0.15773	0.64748	0.38255	0.21425	0.17275	0.18422	0.19054	0.17192	0.16434	0.13061	-0.10085	0.01559	0.13730
22210	0.07593	0.08683	0.06554	0.13274	0.20641	0.15935	0.65369	0.38811	0.21697	0.17403	0.18605	0.19211	0.17098	0.16250	0.12617	-0.10334	0.01168	0.13516
22380	0.07636	0.08341	0.06459	0.13150	0.20540	0.15984	0.64398	0.38172	0.21335	0.17270	0.18412	0.18958	0.17110	0.16536	0.12837	-0.10081	0.01404	0.13737
22540	0.07653	0.08668	0.06748	0.13366	0.20746	0.16087	0.65467	0.38735	0.21748	0.17450	0.18668	0.19350	0.17092	0.16496	0.12733	-0.10739	0.01171	0.13514
22700	0.07584	0.08430	0.06294	0.13049	0.20425	0.15938	0.65379	0.38281	0.21148	0.17088	0.18327	0.18921	0.17324	0.16572	0.12810	-0.10159	0.01564	0.13798
22870	0.07875	0.08843	0.06631	0.13309	0.20608	0.16125	0.64739	0.38688	0.21599	0.17388	0.18373	0.19077	0.17323	0.16768	0.12607	-0.10058	0.01393	0.13766	33.68	6.0	0.00	7.18	0.01261	0.01286	0.01608	0.00778	0.00578	0.00634	0.00465	0.01261	0.01672	0.00672	0.00696	0.00863	0.01483	0.01088	0.01190	0.00216	0.00617	0.00863
23030	0.07720	0.08645	0.06696	0.13489	0.20925	0.16366	0.66033	0.39070	0.21990	0.17752	0.18748	0.19283	0.17264	0.16545	0.12687	-0.10300	0.01242	0.13580
23190	0.07580	0.08671	0.06412	0.13121	0.20590	0.15960	0.65227	0.38717	0.21565	0.17403	0.18538	0.19042	0.17196	0.16619	0.12708	-0.09935	0.01538	0.13816
23360	0.07680	0.08640	0.06582	0.13496	0.20865	0.16301	0.65108	0.38778	0.21623	0.17501	0.18662	0.19268	0.17361	0.16618	0.12613	-0.10434	0.01301	0.13702
23520	0.07388	0.08476	0.06524	0.13355	0.20813	0.16370	0.65636	0.38427	0.21739	0.17655	0.18649	0.19315	0.16826	0.16515	0.12360	-0.10389	0.00995	0.13316
23680	0.07257	0.08309	0.06283	0.12939	0.20475	0.15986	0.65695	0.38834	0.21440	0.17252	0.18408	0.19011	0.16946	0.16229	0.12413	-0.11055	0.00903	0.13359
23840	0.07392	0.08693	0.06587	0.13083	0.20682	0.16103	0.65155	0.38909	0.21671	0.17541	0.18676	0.19402	0.17044	0.16420	0.12715	-0.10047	0.01627	0.13865
24010	0.07680	0.08653	0.06735	0.13518	0.21035	0.16549	0.66033	0.39175	0.21882	0.17783	0.18931	0.19499	0.17373	0.16442	0.12886	-0.10110	0.01609	0.13791
24170	0.07641	0.08558	0.06342	0.13440	0.20705	0.16152	0.65458	0.38489	0.21343	0.17362	0.18543	0.19218	0.17052	0.16464	0.12437	-0.10382	0.01316	0.13638
24330	0.07498	0.08363	0.06210	0.13041	0.20329	0.15849	0.64887	0.38459	0.21165	0.17217	0.18459	0.19078	0.17342	0.16911	0.12799	-0.09842	0.01939	0.14166
24500	0.07716	0.08865	0.06501	0.13596	0.20952	0.16434	0.66026	0.38893	0.21502	0.17459	0.18473	0.19162	0.16842	0.16469	0.12425	-0.10609	0.00893	0.13288	33.68	6.2	0.00	7.84	0.01261	0.01286	0.01608	0.00778	0.00578	0.00634	0.00465	0.01261	0.01672	0.00672	0.00696	0.00863	0.01483	0.01088	0.01190	0.00216	0.00617	0.00863
24660	0.07250	0.08191	0.06109	0.12819	0.20165	0.15683	0.65087	0.38417	0.21187	0.17255	0.18405	0.19123	0.17326	0.16700	0.13131	-0.09608	0.02151	0.14474
24830	0.07855	0.08991	0.06864	0.14039	0.21169	0.16606	0.65378	0.38828	0.21813	0.17762	0.18825	0.19474	0.17151	0.16765	0.12586	-0.10230	0.01316	0.13611
24990	0.07617	0.08763	0.06650	0.13558	0.21078	0.16481	0.65548	0.38812	0.21736	0.17773	0.18861	0.19409	0.17399	0.16585	0.12277	-0.10304	0.01413	0.13765
25150	0.07528	0.08687	0.06512	0.13354	0.20772	0.16332	0.65124	0.38395	0.21543	0.17493	0.18590	0.19258	0.16860	0.16412	0.12489	-0.10505	0.01103	0.13493
25310	0.07463	0.08474	0.06740	0.13373	0.20900	0.16428	0.65577	0.38683	0.21766	0.17637	0.18687	0.19431	0.17024	0.16479	0.12606	-0.10215	0.01285	0.13668
25480	0.07364	0.08270	0.06211	0.13128	0.20590	0.16106	0.65003	0.38285	0.21414	0.17343	0.18496	0.19175	0.16915	0.16312	0.12384	-0.10438	0.01169	0.13559
25640	0.07211	0.08536	0.06391	0.13070	0.20537	0.15973	0.65163	0.38337	0.21145	0.17264	0.18351	0.18984	0.17057	0.16471	0.12753	-0.10204	0.01445	0.13863
25800	0.07780	0.08424	0.06734	0.13507	0.20839	0.16328	0.65506	0.38616	0.21554	0.17571	0.18732	0.19282	0.16861	0.16589	0.12347	-0.10457	0.01353	0.13641
25970	0.07338	0.08165	0.06273	0.13183	0.20460	0.15963	0.65612	0.38386	0.21153	0.17320	0.18455	0.19018	0.16994	0.16568	0.12995	-0.10308	0.01377	0.13794
26130	0.07402	0.08456	0.06498	0.13333	0.20783	0.16172	0.65347	0.38556	0.21313	0.17420	0.18629	0.19215	0.16946	0.16023	0.12364	-0.10391	0.01210	0.13568	33.68	6.1	0.00	7.77	0.01261	0.01286	0.01608	0.00778	0.00578	0.00634	0.00465	0.01261	0.01672	0.00672	0.00696	0.00863	0.01483	0.01088	0.01190	0.00216	0.00617	0.00863
26300	0.07470	0.08508	0.06623	0.13397	0.20811	0.16334	0.65313	0.38621	0.21648	0.17525	0.18857	0.19312	0.17145	0.16439	0.12616	-0.10194	0.01285	0.13677
26460	0.07469	0.08487	0.06632	0.13466	0.20844	0.16281	0.65796	0.38962	0.21755	0.17607	0.18865	0.19435	0.17163	0.16486	0.12513	-0.10038	0.01274	0.13722
26620	0.07712	0.08778	0.06708	0.13687	0.21225	0.16676	0.66188	0.38948	0.21962	0.17859	0.19066	0.19624	0.17306	0.16670	0.12876	-0.09498	0.01666	0.14082
26790	0.07666	0.08414	0.06530	0.13603	0.20948	0.16398	0.65266	0.38422	0.21692	0.17615	0.18684	0.19309	0.17242	0.17029	0.12736	-0.09792	0.01779	0.14217
26950	0.07752	0.08719	0.06763	0.13785	0.21212	0.16533	0.66038	0.39238	0.21884	0.17775	0.19051	0.19622	0.17254	0.16754	0.12779	-0.09770	0.01773	0.14024
27110	0.07621	0.08394	0.06294	0.13605	0.20898	0.16346	0.65384	0.38592	0.21500	0.17494	0.18727	0.19279	0.16761	0.16317	0.12391	-0.10310	0.01223	0.13600
27270	0.07292	0.08352	0.06463	0.13294	0.20899	0.16382	0.65293	0.38775	0.21649	0.17587	0.18747	0.19472	0.17169	0.16649	0.12447	-0.10094	0.01562	0.13858
27440	0.07443	0.08363	0.06392	0.13433	0.20885	0.16216	0.65668	0.38337	0.21520	0.17486	0.18658	0.19376	0.17009	0.16177	0.12446	-0.10347	0.01486	0.13811
27600	0.07293	0.08586	0.06316	0.13393	0.20865	0.16355	0.65668	0.38235	0.21345	0.17503	0.18516	0.19269	0.16815	0.16238	0.12152	-0.10607	0.01162	0.13531
27760	0.07163	0.08467	0.06653	0.13232	0.20989	0.16493	0.65548	0.38978	0.21923	0.17788	0.19011	0.19569	0.17243	0.16795	0.12704	-0.10036	0.01677	0.13994	33.68	6.2	0.00	7.72	0.01261	0.01286	0.01608	0.00777	0.00578	0.00634	0.00465	0.01261	0.01672	0.00672	0.00696	0.00863	0.01482	0.01088	0.01190	0.00216	0.00617	0.00862
27930	0.07746	0.08663	0.06460	0.13615	0.20886	0.16357	0.64695	0.38553	0.21452	0.17508	0.18824	0.19307	0.16694	0.16112	0.12277	-0.10438	0.01238	0.13522
28090	0.07183	0.08482	0.06647	0.13316	0.20950	0.16452	0.65516	0.39075	0.21987	0.17736	0.19122	0.19691	0.17150	0.16520	0.12733	-0.09928	0.01759	0.14104
28250	0.07502	0.08411	0.06504	0.13494	0.20985	0.16389	0.65412	0.38415	0.21512	0.17584	0.18762	0.19383	0.16780	0.16222	0.12532	-0.10520	0.01118	0.13639
28410	0.07267	0.08690	0.06448	0.13589	0.21076	0.16608	0.65442	0.38734	0.21822	0.17708	0.18887	0.19520	0.17017	0.16621	0.12360	-0.10188	0.01507	0.13874
28580	0.07347	0.08334	0.06446	0.13508	0.20740	0.16309	0.64850	0.38567	0.21350	0.17507	0.18721	0.19415	0.17113	0.16404	0.12390	-0.10270	0.01244	0.13749
28740	0.07127	0.08356	0.06129	0.13311	0.20563	0.16224	0.64904	0.38145	0.21101	0.17427	0.18473	0.19207	0.17293	0.16491	0.12631	-0.09995	0.01774	0.14168
28910	0.07664	0.08710	0.06381	0.13739	0.20994	0.16507	0.65543	0.38442	0.21593	0.17709	0.18930	0.19485	0.16873	0.16234	0.12644	-0.10207	0.01364	0.13825
29070	0.07332	0.08290	0.06320	0.13343	0.20660	0.16155	0.64340	0.38141	0.21157	0.17410	0.18602	0.19286	0.17219	0.16678	0.12997	-0.10103	0.01872	0.14290
29230	0.07801	0.08744	0.06619	0.13809	0.21195	0.16530	0.65119	0.38781	0.21626	0.17719	0.18978	0.19649	0.17199	0.16438	0.12579	-0.10025	0.01610	0.14043
29400	0.07595	0.08500	0.06660	0.13622	0.21070	0.16610	0.65096	0.38733	0.21755	0.17680	0.18755	0.19478	0.17092	0.16339	0.12498	-0.10360	0.01471	0.13902	33.68	6.1	0.00	7.74	0.01261	0.01286	0.01608	0.00777	0.00578	0.00633	0.00465	0.01261	0.01672	0.00672	0.00696	0.00863	0.01482	0.01088	0.01190	0.00216	0.00616	0.00862
29560	0.07667	0.08668	0.06593	0.13493	0.20889	0.16374	0.64896	0.38760	0.21645	0.17662	0.18765	0.19376	0.16743	0.16061	0.12370	-0.10416	0.01258	0.13644
29720	0.07094	0.08417	0.06271	0.13079	0.20439	0.15962	0.64460	0.38147	0.21186	0.17371	0.18374	0.19077	0.17131	0.16745	0.12772	-0.10095	0.01782	0.14144
29890	0.07664	0.08791	0.06681	0.13664	0.21062	0.16439	0.65545	0.38785	0.21710	0.17823	0.18908	0.19494	0.17035	0.16267	0.12434	-0.10121	0.01423	0.13719
30050	0.07591	0.08502	0.06438	0.13223	0.20601	0.16105	0.65355	0.38326	0.21246	0.17352	0.18415	0.19211	0.17322	0.16560	0.12859	-0.10125	0.01747	0.14093
30210	0.07766	0.08833	0.06577	0.13688	0.21032	0.16467	0.65325	0.38703	0.21583	0.17662	0.18783	0.19480	0.17156	0.16483	0.12416	-0.10226	0.01384	0.13689
30380	0.07481	0.08425	0.06349	0.13198	0.20562	0.16145	0.65441	0.38461	0.21191	0.17402	0.18448	0.19269	0.17309	0.16557	0.12942	-0.10073	0.01791	0.14115
30540	0.07824	0.08690	0.06686	0.13709	0.20995	0.16485	0.65537	0.38818	0.21756	0.17805	0.18807	0.19507	0.17030	0.16238	0.12687	-0.10401	0.01467	0.13791
30700	0.07336	0.08425	0.06384	0.13371	0.20696	0.16133	0.65066	0.38229	0.21307	0.17443	0.18599	0.19234	0.17083	0.16595	0.12687	-0.10181	0.01662	0.14122
30870	0.08018	0.08764	0.06636	0.13639	0.20981	0.16365	0.65917	0.38647	0.21646	0.17711	0.18796	0.19467	0.17107	0.16359	0.12552	-0.10531	0.01272	0.13635
31030	0.07382	0.08584	0.06322	0.13167	0.20497	0.15934	0.65263	0.37945	0.21108	0.17232	0.18387	0.19050	0.16759	0.16228	0.12333	-0.10428	0.01347	0.13640	33.68	6.1	0.00	7.88	0.01261	0.01286	0.01608	0.00777	0.00578	0.00633	0.00465	0.01261	0.01672	0.00672	0.00696	0.00863	0.01482	0.01088	0.01190	0.00216	0.00616	0.00862
31190	0.07343	0.08534	0.06451	0.13268	0.20586	0.16103	0.65643	0.38358	0.21233	0.17409	0.18634	0.19225	0.17080	0.16371	0.12625	-0.09937	0.01565	0.14003
31360	0.07621	0.08658	0.06447	0.13576	0.20921	0.16398	0.64728	0.38484	0.21536	0.17549	0.18703	0.19319	0.17174	0.16399	0.12573	-0.10074	0.01401	0.13660
31520	0.07516	0.08570	0.06415	0.13357	0.20687	0.16085	0.64245	0.38457	0.21193	0.17508	0.18543	0.19197	0.17209	0.16582	0.12604	-0.09605	0.01727	0.13967
31680	0.07771	0.08860	0.06646	0.13743	0.21118	0.16519	0.65054	0.38815	0.21693	0.17731	0.18863	0.19499	0.16874	0.16526	0.12668	-0.10220	0.01398	0.13766
31850	0.07519	0.08531	0.06615	0.13385	0.20760	0.16311	0.64743	0.38691	0.21681	0.17525	0.18698	0.19378	0.16963	0.16272	0.12192	-0.10089	0.01296	0.13572
32010	0.07588	0.08581	0.06621	0.13328	0.20683	0.16210	0.64684	0.38085	0.21419	0.17507	0.18615	0.19243	0.16679	0.16221	0.12369	-0.10197	0.01144	0.13486
32170	0.07492	0.08659	0.06672	0.13449	0.20846	0.16398	0.65700	0.38829	0.21663	0.17640	0.18775	0.19360	0.17037	0.16403	0.12382	-0.09996	0.01444	0.13723
32340	0.07353	0.08457	0.06408	0.13330	0.20824	0.16295	0.65418	0.38542	0.21540	0.17544	0.18581	0.19304	0.16921	0.16303	0.12635	-0.10209	0.01217	0.13582
32500	0.07331	0.08264	0.06372	0.13157	0.20441	0.15937	0.64331	0.38354	0.21147	0.17282	0.18387	0.18962	0.16907	0.16631	0.12670	-0.09847	0.01696	0.14020
32670	0.07677	0.08628	0.06485	0.13541	0.20831	0.16329	0.65066	0.38467	0.21620	0.17584	0.18575	0.19173	0.17218	0.16313	0.12724	-0.10408	0.01207	0.13545	33.74	6.0	0.00	7.70	0.01261	0.01286	0.01608	0.00777	0.00578	0.00633	0.00465	0.01261	0.01672	0.00672	0.00696	0.00863	0.01482	0.01088	0.01190	0.00216	0.00616	0.00862
32830	0.07689	0.08719	0.06661	0.13416	0.20774	0.16292	0.65266	0.38668	0.21625	0.17579	0.18739	0.19429	0.17132	0.16644	0.12559	-0.10035	0.01325	0.13770
32990	0.07367	0.08504	0.06382	0.13317	0.20686	0.16133	0.65520	0.38395	0.21187	0.17347	0.18511	0.19085	0.16841	0.16299	0.12461	-0.10426	0.01065	0.13383
33160	0.07557	0.08599	0.06566	0.13366	0.20731	0.16408	0.65241	0.38635	0.21559	0.17493	0.18691	0.19227	0.17077	0.16330	0.12462	-0.10173	0.01314	0.13616
33320	0.07603	0.08446	0.06359	0.13206	0.20616	0.16103	0.64740	0.38223	0.21446	0.17300	0.18598	0.19126	0.16840	0.16213	0.12438	-0.10315	0.01047	0.13419
33480	0.07628	0.08473	0.06587	0.13332	0.20638	0.16242	0.64879	0.38456	0.21477	0.17521	0.18575	0.19275	0.17135	0.16357	0.12773	-0.10136	0.01371	0.13590
33650	0.07505	0.08341	0.06360	0.13231	0.20519	0.16032	0.65552	0.38251	0.21355	0.17354	0.18461	0.19092	0.16792	0.16171	0.12305	-0.10333	0.00990	0.13281
33810	0.07187	0.08406	0.06114	0.12937	0.20334	0.15799	0.64425	0.37926	0.21126	0.17131	0.18294	0.18984	0.17240	0.16632	0.12863	-0.09994	0.01600	0.13993
33970	0.07718	0.08518	0.06548	0.13603	0.20839	0.16305	0.64662	0.38922	0.21469	0.17645	0.18794	0.19333	0.16989	0.16544	0.12301	-0.10296	0.01349	0.13595
34140	0.07745	0.08764	0.06701	0.13562	0.20943	0.16525	0.65377	0.38741	0.21941	0.17771	0.18849	0.19464	0.17099	0.16654	0.12747	-0.09745	0.01546	0.13879
34300	0.07758	0.08793	0.06491	0.13285	0.20599	0.16119	0.65331	0.38425	0.21333	0.17457	0.18611	0.19182	0.16783	0.16324	0.12435	-0.10703	0.01182	0.13483	33.68	6.0	0.00	7.71	0.01261	0.01286	0.01608	0.00777	0.00578	0.00633	0.00465	0.01261	0.01672	0.00672	0.00696	0.00863	0.01482	0.01088	0.01190	0.00216	0.00616	0.00862
34460	0.07603	0.08601	0.06670	0.13470	0.20750	0.16252	0.65834	0.38867	0.21711	0.17589	0.18748	0.19292	0.17095	0.16403	0.12462	-0.10197	0.01397	0.13689
34630	0.07640	0.08349	0.06520	0.13249	0.20552	0.16161	0.65124	0.38376	0.21391	0.17339	0.18695	0.19188	0.16963	0.16478	0.12692	-0.10521	0.01370	0.13721
34790	0.07694	0.08649	0.06577	0.13377	0.20769	0.16213	0.65752	0.38725	0.21602	0.17434	0.18724	0.19241	0.16923	0.16395	0.12697	-0.10279	0.01290	0.13602
34950	0.07420	0.08500	0.06215	0.13176	0.20537	0.16081	0.65072	0.38407	0.21475	0.17280	0.18416	0.19128	0.16559	0.16150	0.12069	-0.10718	0.01068	0.13382
35120	0.07211	0.08564	0.06684	0.13109	0.20638	0.16315	0.65274	0.38799	0.21764	0.17586	0.18813	0.19365	0.17049	0.16586	0.12933	-0.10174	0.01522	0.13873
35280	0.07788	0.08504	0.06369	0.13417	0.20676	0.16107	0.65124	0.38484	0.21487	0.17420	0.18620	0.19231	0.16901	0.16228	0.12404	-0.10610	0.01155	0.13385
35440	0.07516	0.08652	0.06529	0.13109	0.20645	0.16286	0.65543	0.38769	0.21841	0.17637	0.18710	0.19427	0.17216	0.16495	0.12623	-0.10279	0.01510	0.13833
35610	0.07756	0.08533	0.06364	0.13312	0.20564	0.16147	0.65415	0.38441	0.21418	0.17425	0.18535	0.19151	0.16837	0.16372	0.12421	-0.10659	0.01070	0.13488
35770	0.07270	0.08557	0.06623	0.13191	0.20731	0.16395	0.65338	0.38929	0.21747	0.17611	0.18783	0.19463	0.16987	0.16513	0.12667	-0.10182	0.01452	0.13878
35930	0.07732	0.08483	0.06388	0.13161	0.20466	0.16099	0.65540	0.38295	0.21347	0.17382	0.18468	0.19022	0.16993	0.16155	0.12198	-0.10936	0.01035	0.13413	33.74	6.0	0.00	7.73	0.01261	0.01286	0.01608	0.00777	0.00578	0.00633	0.00465	0.01261	0.01672	0.00672	0.00696	0.00863	0.01482	0.01088	0.01190	0.00216	0.00616	0.00862
36100	0.07525	0.08590	0.06664	0.13248	0.20679	0.16164	0.65141	0.38503	0.21873	0.17490	0.18740	0.19215	0.17299	0.16548	0.12528	-0.10623	0.01392	0.13678
36260	0.07515	0.08511	0.06464	0.13251	0.20500	0.16077	0.64130	0.38398	0.21455	0.17403	0.18614	0.19047	0.16750	0.16228	0.12376	-0.10873	0.01070	0.13410
36420	0.07713	0.08586	0.06711	0.13265	0.20690	0.16164	0.64929	0.38833	0.21460	0.17632	0.18725	0.19245	0.17332	0.16494	0.12772	-0.10471	0.01251	0.13615
36590	0.07579	0.08608	0.06561	0.13170	0.20422	0.15919	0.65474	0.38345	0.21490	0.17372	0.18476	0.19070	0.16877	0.16303	0.12385	-0.10869	0.01130	0.13453
36750	0.07613	0.08634	0.06734	0.13325	0.20736	0.16193	0.65193	0.38719	0.21700	0.17613	0.18799	0.19282	0.17166	0.16651	0.12538	-0.10616	0.01291	0.13625
36910	0.07577	0.08471	0.06498	0.13180	0.20325	0.15958	0.64788	0.38196	0.21465	0.17338	0.18454	0.19048	0.16994	0.16419	0.12262	-0.10929	0.01097	0.13399
37080	0.07699	0.08651	0.06736	0.13286	0.20651	0.16125	0.65040	0.38764	0.21597	0.17399	0.18544	0.19201	0.17104	0.16617	0.12841	-0.10232	0.01209	0.13611
37240	0.07594	0.08651	0.06378	0.13189	0.20467	0.15919	0.64672	0.38199	0.21513	0.17408	0.18468	0.19057	0.16762	0.16265	0.12537	-0.10657	0.01010	0.13377
37400	0.07446	0.08162	0.06396	0.12922	0.20116	0.15642	0.64862	0.38217	0.21025	0.17045	0.18224	0.18756	0.17204	0.16667	0.13066	-0.10311	0.01533	0.13901
37570	0.07631	0.08828	0.06763	0.13428	0.20580	0.15905	0.64965	0.38586	0.21434	0.17368	0.18471	0.19047	0.17067	0.16318	0.12421	-0.10495	0.01093	0.13519	33.74	6.0	0.00	7.72	0.01261	0.01286	0.01608	0.00777	0.00577	0.00633	0.00465	0.01261	0.01672	0.00672	0.00696	0.00863	0.01482	0.01088	0.01190	0.00216	0.00616	0.00862
37730	0.07582	0.08540	0.06731	0.13280	0.20521	0.16074	0.65426	0.38636	0.21731	0.17445	0.18505	0.19135	0.17048	0.16646	0.12280	-0.10369	0.01188	0.13494
37890	0.07406	0.08257	0.06595	0.13154	0.20299	0.15865	0.64650	0.38333	0.21434	0.17297	0.18244	0.18935	0.16967	0.16055	0.12363	-0.11042	0.00856	0.13207
38060	0.07382	0.08385	0.06136	0.12807	0.20006	0.15614	0.64228	0.37953	0.21138	0.16924	0.18083	0.18710	0.17062	0.16713	0.12985	-0.10652	0.01409	0.13794
38220	0.07618	0.08703	0.06763	0.13310	0.20614	0.15940	0.65303	0.38422	0.21626	0.17333	0.18479	0.19078	0.17048	0.16218	0.12280	-0.10715	0.01072	0.13363
38380	0.07562	0.08238	0.06317	0.13083	0.20165	0.15623	0.64189	0.38145	0.21009	0.17078	0.18141	0.18679	0.17021	0.16722	0.12863	-0.10238	0.01387	0.13772
38550	0.07685	0.08722	0.06555	0.13397	0.20424	0.16005	0.64906	0.38563	0.21351	0.17485	0.18539	0.19057	0.17238	0.16603	0.12709	-0.10540	0.01206	0.13512
38710	0.07736	0.08651	0.06703	0.13279	0.20513	0.16018	0.65676	0.38496	0.21796	0.17343	0.18430	0.19110	0.17209	0.16308	0.12744	-0.10596	0.01046	0.13458
38870	0.07318	0.08389	0.06452	0.12907	0.20050	0.15640	0.65641	0.38314	0.21182	0.17100	0.18259	0.18749	0.16763	0.16134	0.12102	-0.11206	0.00631	0.13018
39040	0.07124	0.08589	0.06344	0.12769	0.20258	0.15986	0.65885	0.38753	0.21830	0.17431	0.18571	0.19108	0.17504	0.16321	0.12660	-0.10491	0.01291	0.13531
39200	0.07513	0.08593	0.06511	0.13079	0.20206	0.15703	0.65461	0.38431	0.21341	0.17074	0.18128	0.18752	0.16946	0.16320	0.12505	-0.11063	0.00827	0.13104	33.74	6.0	0.00	8.07	0.01261	0.01286	0.01608	0.00777	0.00577	0.00633	0.00465	0.01261	0.01672	0.00672	0.00696	0.00863	0.01482	0.01088	0.01190	0.00216	0.00616	0.00862
39360	0.07141	0.08510	0.06380	0.12819	0.20173	0.15882	0.65974	0.38666	0.21627	0.17314	0.18404	0.18942	0.17022	0.16497	0.12389	-0.10739	0.01081	0.13328
39520	0.07482	0.08397	0.06418	0.12927	0.20118	0.15758	0.65416	0.38265	0.21318	0.17112	0.18262	0.18751	0.16795	0.15882	0.12306	-0.10810	0.00849	0.13098
39690	0.07142	0.08284	0.06489	0.12825	0.20203	0.15812	0.65303	0.38608	0.21756	0.17154	0.18292	0.18893	0.16693	0.16467	0.12341	-0.10658	0.00946	0.13288
39850	0.07552	0.08462	0.06572	0.12899	0.20159	0.15739	0.65251	0.38372	0.21262	0.17060	0.18287	0.18809	0.16685	0.16522	0.12561	-0.10821	0.00887	0.13137
40020	0.07482	0.08631	0.06654	0.13084	0.20243	0.15953	0.65402	0.38823	0.21586	0.17252	0.18389	0.18978	0.17056	0.16466	0.12507	-0.10464	0.01014	0.13305
40180	0.07452	0.08696	0.06487	0.12980	0.20158	0.15760	0.64763	0.38250	0.21413	0.17001	0.18204	0.18781	0.16771	0.16273	0.12321	-0.11052	0.00793	0.13075
40340	0.07512	0.08647	0.06604	0.13217	0.20450	0.15902	0.65737	0.38709	0.21555	0.17276	0.18482	0.18974	0.17154	0.16405	0.12633	-0.10382	0.01151	0.13368
40510	0.07452	0.08324	0.06381	0.13057	0.20242	0.15844	0.65308	0.38554	0.21482	0.17156	0.18303	0.18883	0.16891	0.15957	0.12244	-0.10512	0.00874	0.13219
40670	0.07680	0.08463	0.06624	0.13085	0.20346	0.16016	0.66364	0.38812	0.21626	0.17399	0.18421	0.19003	0.17293	0.16446	0.12905	-0.10505	0.01230	0.13450
40830	0.07414	0.08478	0.06537	0.12942	0.20248	0.15821	0.65519	0.38611	0.21490	0.17115	0.18217	0.18806	0.16694	0.16211	0.12307	-0.10635	0.00899	0.13184	33.74	6.0	0.00	7.69	0.01261	0.01286	0.01608	0.00777	0.00577	0.00633	0.00465	0.01261	0.01672	0.00672	0.00696	0.00863	0.01482	0.01088	0.01190	0.00216	0.00616	0.00862
41000	0.07628	0.08490	0.06392	0.13061	0.20465	0.16026	0.65269	0.38683	0.21835	0.17272	0.18356	0.19084	0.17259	0.16483	0.12574	-0.10214	0.01180	0.13484
41160	0.07519	0.08325	0.06511	0.13045	0.20210	0.15757	0.65097	0.38453	0.21484	0.17128	0.18191	0.18797	0.16580	0.16274	0.12287	-0.10810	0.00794	0.13123
41320	0.07148	0.08358	0.06326	0.12735	0.19856	0.15351	0.64308	0.38018	0.20871	0.16821	0.17920	0.18603	0.16857	0.16467	0.12726	-0.10296	0.01337	0.13691
41490	0.07802	0.08733	0.06521	0.13279	0.20482	0.15863	0.65440	0.38716	0.21531	0.17230	0.18309	0.18917	0.17119	0.16311	0.12814	-0.10591	0.00980	0.13319
41650	0.07535	0.08391	0.06344	0.12905	0.19990	0.15540	0.64739	0.38064	0.21190	0.17001	0.18080	0.18614	0.17057	0.16624	0.12896	-0.10639	0.01321	0.13731
41810	0.07792	0.08625	0.06629	0.13222	0.20400	0.15921	0.65425	0.38523	0.21546	0.17195	0.18400	0.18939	0.16936	0.16438	0.12512	-0.10568	0.01018	0.13300
41980	0.07568	0.08639	0.06627	0.13174	0.20316	0.16028	0.65667	0.38768	0.21650	0.17288	0.18314	0.18929	0.16858	0.16455	0.12455	-0.10579	0.00980	0.13394
42140	0.07521	0.08512	0.06325	0.12929	0.20161	0.15664	0.65731	0.38476	0.21448	0.17127	0.18116	0.18733	0.16821	0.16220	0.12277	-0.11011	0.00718	0.13061
42300	0.07169	0.08292	0.06240	0.12668	0.20001	0.15476	0.64688	0.38163	0.21247	0.16894	0.17899	0.18572	0.17079	0.16518	0.12527	-0.10576	0.01205	0.13628
42470	0.07580	0.08515	0.06645	0.13094	0.20280	0.15853	0.65499	0.38628	0.21309	0.17211	0.18190	0.18795	0.17240	0.16410	0.12414	-0.10432	0.01180	0.13484	33.74	6.1	0.00	7.68	0.01261	0.01286	0.01608	0.00777	0.00578	0.00633	0.00465	0.01261	0.01672	0.00672	0.00696	0.00863	0.01482	0.01088	0.01190	0.00216	0.00616	0.00862
42630	0.07571	0.08626	0.06483	0.13060	0.20388	0.15893	0.65487	0.38561	0.21636	0.17262	0.18276	0.19020	0.17127	0.16188	0.12539	-0.10361	0.01033	0.13391
42790	0.07389	0.08364	0.06491	0.12904	0.20271	0.15658	0.65260	0.38198	0.21142	0.17098	0.18067	0.18789	0.16979	0.16288	0.12725	-0.10782	0.01260	0.13536
42960	0.07671	0.08604	0.06484	0.13110	0.20327	0.15911	0.64888	0.38567	0.21407	0.17236	0.18180	0.18829	0.16764	0.16044	0.12036	-0.10674	0.00934	0.13256
43120	0.07263	0.08456	0.06453	0.12943	0.20221	0.15687	0.64976	0.38301	0.21256	0.16989	0.18149	0.18750	0.16913	0.16491	0.12555	-0.10711	0.01158	0.13464
43280	0.07678	0.08501	0.06498	0.13206	0.20324	0.15859	0.64589	0.38490	0.21312	0.17219	0.18250	0.18871	0.17112	0.16168	0.12445	-0.10741	0.01104	0.13308
43450	0.07551	0.08426	0.06455	0.12983	0.20304	0.15724	0.65048	0.38547	0.21262	0.17191	0.18179	0.18789	0.17185	0.16664	0.12795	-0.10771	0.01317	0.13566
43610	0.07911	0.08822	0.06581	0.13343	0.20579	0.16055	0.65016	0.38723	0.21666	0.17436	0.18410	0.19012	0.17206	0.16236	0.12648	-0.10577	0.01152	0.13374
43770	0.07346	0.08404	0.06345	0.12942	0.20164	0.15661	0.64594	0.38049	0.21253	0.17103	0.18070	0.18693	0.17315	0.16360	0.12711	-0.10223	0.01380	0.13773
43940	0.07752	0.08626	0.06600	0.13223	0.20435	0.15928	0.65761	0.38591	0.21395	0.17322	0.18286	0.18937	0.16945	0.16312	0.12307	-0.10771	0.01085	0.13334
44100	0.07417	0.08045	0.06371	0.12821	0.20043	0.15528	0.65042	0.37965	0.21063	0.16851	0.17973	0.18615	0.16916	0.16635	0.12747	-0.10812	0.01220	0.13580	33.68	6.1	0.00	7.66	0.01261	0.01286	0.01608	0.00777	0.00578	0.00633	0.00465	0.01261	0.01672	0.00672	0.00696	0.00863	0.01482	0.01088	0.01190	0.00216	0.00616	0.00862
44260	0.07573	0.08670	0.06413	0.13110	0.20437	0.15843	0.64606	0.38525	0.21376	0.17229	0.18290	0.18885	0.16882	0.16319	0.12355	-0.10760	0.00951	0.13283
44430	0.07428	0.08244	0.06149	0.12726	0.20016	0.15565	0.65365	0.38126	0.20929	0.17026	0.17988	0.18616	0.16923	0.16511	0.12637	-0.10771	0.01305	0.13561
44590	0.07652	0.08635	0.06564	0.13052	0.20288	0.15783	0.65212	0.38309	0.21321	0.17145	0.18339	0.18919	0.16799	0.16183	0.12403	-0.10939	0.00983	0.13316
44760	0.07484	0.08110	0.06378	0.12750	0.20064	0.15578	0.64746	0.37991	0.21040	0.16896	0.18028	0.18672	0.17153	0.16641	0.12812	-0.10715	0.01318	0.13717
44920	0.07534	0.08609	0.06487	0.13196	0.20511	0.15936	0.65082	0.38491	0.21447	0.17179	0.18374	0.18938	0.16889	0.16279	0.12442	-0.10760	0.01076	0.13313
45080	0.07581	0.08509	0.06607	0.12992	0.20313	0.15905	0.64956	0.38457	0.21571	0.17224	0.18271	0.18939	0.16939	0.16312	0.12427	-0.10890	0.01000	0.13324
45250	0.07540	0.08334	0.06326	0.12897	0.20222	0.15697	0.65299	0.38416	0.21357	0.17195	0.18224	0.18941	0.16721	0.16104	0.12452	-0.10965	0.00939	0.13107
45410	0.07118	0.08200	0.06126	0.12656	0.19945	0.15432	0.64791	0.37842	0.21006	0.16999	0.18128	0.18639	0.17111	0.16457	0.12651	-0.10354	0.01378	0.13703
45570	0.07726	0.08698	0.06559	0.13348	0.20532	0.15994	0.64879	0.38668	0.21564	0.17329	0.18365	0.19005	0.16930	0.16527	0.12373	-0.10641	0.01049	0.13284
45740	0.07496	0.08714	0.06555	0.13128	0.20475	0.16103	0.65078	0.39042	0.21796	0.17320	0.18264	0.19156	0.17083	0.16454	0.12567	-0.10587	0.01190	0.13433	33.68	6.2	0.00	7.72	0.01261	0.01286	0.01608	0.00777	0.00578	0.00633	0.00465	0.01261	0.01672	0.00672	0.00696	0.00863	0.01482	0.01088	0.01190	0.00216	0.00616	0.00862
45900	0.07312	0.08384	0.06507	0.13019	0.20143	0.15742	0.65100	0.38412	0.21324	0.16983	0.17954	0.18891	0.16819	0.16051	0.12166	-0.11343	0.00723	0.12990
46060	0.07106	0.08160	0.06315	0.12674	0.19961	0.15457	0.64582	0.38301	0.21116	0.16896	0.17895	0.18654	0.16912	0.16332	0.12643	-0.10774	0.01113	0.13436
46230	0.07570	0.08324	0.06413	0.13056	0.20265	0.15822	0.65034	0.38437	0.21476	0.17096	0.18102	0.18924	0.16763	0.16239	0.12349	-0.11027	0.00837	0.13061
46390	0.07340	0.08007	0.06277	0.12685	0.19990	0.15471	0.64760	0.38073	0.21034	0.16910	0.17870	0.18637	0.16921	0.16090	0.12542	-0.11287	0.00898	0.13209
46550	0.07442	0.08611	0.06415	0.12925	0.20135	0.15660	0.64555	0.38362	0.21270	0.17092	0.18109	0.18874	0.16911	0.16354	0.12534	-0.10815	0.01191	0.13403
46720	0.07628	0.08821	0.06509	0.13059	0.20318	0.15832	0.64538	0.38711	0.21395	0.17207	0.18169	0.18951	0.17106	0.16135	0.12412	-0.11142	0.00999	0.13139
46880	0.07528	0.08525	0.06475	0.12831	0.20129	0.15688	0.64794	0.38188	0.21257	0.17108	0.18109	0.18785	0.17093	0.16724	0.12737	-0.10829	0.01324	0.13614
47050	0.07812	0.08651	0.06632	0.13323	0.20436	0.15981	0.65564	0.38667	0.21710	0.17353	0.18285	0.19062	0.17023	0.16437	0.12388	-0.10855	0.00952	0.13325
47210	0.07343	0.08423	0.06503	0.12926	0.20376	0.15818	0.65278	0.38685	0.21734	0.17310	0.18255	0.19078	0.16905	0.16373	0.12467	-0.10777	0.00958	0.13303
47370	0.07303	0.08207	0.06477	0.12940	0.19972	0.15639	0.64995	0.38370	0.21359	0.16959	0.18136	0.18880	0.16721	0.15987	0.12121	-0.11284	0.00645	0.13022	33.74	6.3	0.00	7.68	0.01261	0.01286	0.01608	0.00777	0.00577	0.00633	0.00465	0.01261	0.01672	0.00672	0.00696	0.00863	0.01482	0.01088	0.01190	0.00216	0.00616	0.00862
47540	0.07187	0.08299	0.06327	0.12605	0.19744	0.15307	0.64144	0.38073	0.21016	0.16768	0.17795	0.18655	0.17050	0.16751	0.12531	-0.10636	0.01283	0.13599
47700	0.07673	0.08539	0.06593	0.13258	0.20350	0.15947	0.65594	0.38818	0.21883	0.17211	0.18252	0.19045	0.17062	0.16331	0.12490	-0.10748	0.00987	0.13356
47860	0.07555	0.08470	0.06611	0.13094	0.20252	0.15859	0.65868	0.38732	0.21526	0.17241	0.18279	0.19042	0.16941	0.16305	0.12372	-0.11135	0.00853	0.13259
48020	0.07449	0.08421	0.06325	0.12917	0.20052	0.15662	0.64960	0.38623	0.21410	0.17021	0.18062	0.18793	0.16731	0.16285	0.12189	-0.11090	0.00683	0.13042
48190	0.07322	0.08269	0.06281	0.12650	0.19819	0.15397	0.65212	0.38286	0.21153	0.16713	0.17977	0.18564	0.17229	0.16598	0.12803	-0.10491	0.01237	0.13506
48350	0.07639	0.08577	0.06569	0.13154	0.20235	0.15747	0.65049	0.38706	0.21528	0.17160	0.18287	0.18917	0.16987	0.15905	0.12300	-0.10971	0.00787	0.13212
48520	0.07533	0.08579	0.06616	0.13025	0.20247	0.15845	0.64995	0.38828	0.21666	0.17148	0.18160	0.18936	0.17153	0.16275	0.12492	-0.10997	0.00900	0.13205
48680	0.07389	0.08375	0.06417	0.12802	0.19978	0.15656	0.64553	0.38403	0.21277	0.17032	0.18063	0.18785	0.16914	0.16196	0.12160	-0.11381	0.00716	0.13094
48840	0.07148	0.08252	0.06159	0.12616	0.19692	0.15356	0.64425	0.37951	0.20919	0.16816	0.17842	0.18586	0.17122	0.16498	0.12939	-0.10618	0.01225	0.13632
49010	0.07690	0.08661	0.06613	0.13190	0.20241	0.15858	0.65271	0.38771	0.21599	0.17159	0.18256	0.19000	0.17141	0.16297	0.12275	-0.10758	0.00970	0.13280	33.74	6.0	0.00	7.71	0.01261	0.01286	0.01608	0.00777	0.00577	0.00633	0.00465	0.01261	0.01672	0.00672	0.00696	0.00863	0.01482	0.01088	0.01190	0.00216	0.00616	0.00862
49170	0.07560	0.08535	0.06656	0.13074	0.20371	0.15948	0.65341	0.39088	0.21696	0.17239	0.18310	0.19021	0.16946	0.16682	0.12500	-0.10684	0.00959	0.13337
49330	0.07460	0.08326	0.06502	0.12899	0.20019	0.15600	0.65424	0.38434	0.21375	0.16971	0.18068	0.18794	0.16631	0.16316	0.12091	-0.11167	0.00616	0.12959
49500	0.07373	0.08440	0.06625	0.13031	0.20152	0.15857	0.66266	0.38729	0.21615	0.17189	0.18321	0.18936	0.16963	0.16599	0.12407	-0.10568	0.01011	0.13245
49660	0.07526	0.08319	0.06462	0.12839	0.20029	0.15730	0.65195	0.38333	0.21485	0.16843	0.17995	0.18703	0.16894	0.16196	0.12197	-0.11063	0.00668	0.13016
49820	0.07235	0.08173	0.06213	0.12498	0.19802	0.15431	0.64522	0.38115	0.21298	0.16793	0.17857	0.18635	0.17098	0.16614	0.12829	-0.10687	0.01036	0.13426
49990	0.07563	0.08446	0.06528	0.12974	0.20201	0.15784	0.65160	0.38543	0.21560	0.16956	0.18092	0.18850	0.16925	0.16260	0.12398	-0.10885	0.00885	0.13245
50150	0.07364	0.08453	0.06492	0.12943	0.20149	0.15697	0.64860	0.38549	0.21516	0.17143	0.18152	0.18931	0.16904	0.16526	0.12367	-0.11045	0.00950	0.13153
50310	0.07358	0.08372	0.06413	0.12792	0.19911	0.15594	0.65123	0.38232	0.21270	0.16822	0.18075	0.18638	0.16923	0.16480	0.12542	-0.10996	0.00836	0.13191
50480	0.07476	0.08264	0.06413	0.12864	0.20082	0.15641	0.65013	0.38629	0.21490	0.16982	0.18155	0.18856	0.17147	0.16325	0.12570	-0.10810	0.00907	0.13132
50640	0.07465	0.08266	0.06388	0.12800	0.20034	0.15534	0.64837	0.38171	0.21213	0.16964	0.18052	0.18662	0.16657	0.16054	0.12027	-0.11204	0.00460	0.12967	33.74	5.9	0.00	8.10	0.01261	0.01286	0.01608	0.00777	0.00578	0.00633	0.00465	0.01261	0.01672	0.00672	0.00696	0.00863	0.01482	0.01088	0.01190	0.00216	0.00616	0.00862
50800	0.07097	0.08576	0.06648	0.12647	0.20350	0.15872	0.65702	0.38765	0.21770	0.17425	0.18589	0.19131	0.17475	0.16653	0.12478	-0.10195	0.01279	0.13463
50970	0.07482	0.08693	0.06255	0.13030	0.20183	0.15759	0.65295	0.38542	0.21331	0.17179	0.18161	0.18900	0.16891	0.16365	0.12546	-0.10184	0.01065	0.13388
51130	0.07512	0.08270	0.06457	0.13090	0.20256	0.15788	0.64906	0.38500	0.21549	0.17181	0.18269	0.18866	0.16685	0.16352	0.12129	-0.10683	0.00888	0.13091
51290	0.07238	0.08246	0.06365	0.12770	0.20018	0.15450	0.64955	0.38288	0.21095	0.16934	0.18014	0.18732	0.16693	0.16001	0.11959	-0.10932	0.00465	0.12823
51460	0.07593	0.08645	0.06536	0.13113	0.20383	0.16104	0.65979	0.38975	0.21950	0.17395	0.18529	0.19191	0.17182	0.16895	0.12717	-0.10355	0.01190	0.13424
51620	0.07429	0.08517	0.06202	0.13031	0.20226	0.15734	0.64891	0.38481	0.21558	0.17101	0.18127	0.18898	0.16890	0.16295	0.12621	-0.11118	0.00724	0.13017
51780	0.07400	0.08519	0.06421	0.13051	0.20279	0.15963	0.65557	0.38775	0.21471	0.17094	0.18318	0.18969	0.16957	0.16363	0.12272	-0.10601	0.00974	0.13292
51940	0.07318	0.08318	0.06242	0.12798	0.20163	0.15809	0.65189	0.38463	0.21407	0.17052	0.18118	0.18807	0.16568	0.16187	0.12097	-0.11170	0.00557	0.12897
52110	0.07205	0.08182	0.06076	0.12596	0.19797	0.15358	0.65118	0.37807	0.20949	0.16780	0.17908	0.18555	0.16612	0.16500	0.12503	-0.10731	0.00836	0.13240
52270	0.07371	0.08353	0.06441	0.12960	0.20288	0.15796	0.65093	0.38614	0.21504	0.17023	0.18102	0.18815	0.16923	0.16108	0.12479	-0.10728	0.00722	0.13128	33.74	6.2	0.00	7.70	0.01261	0.01286	0.01608	0.00777	0.00578	0.00633	0.00465	0.01261	0.01672	0.00672	0.00696	0.00863	0.01482	0.01088	0.01190	0.00216	0.00616	0.00862
52430	0.07185	0.08357	0.06299	0.12630	0.20015	0.15499	0.64519	0.38346	0.21057	0.16761	0.17961	0.18611	0.17037	0.16405	0.12455	-0.10758	0.00933	0.13424
52600	0.07539	0.08294	0.06467	0.13005	0.20276	0.15722	0.65648	0.38350	0.21563	0.17115	0.18334	0.19013	0.17084	0.16361	0.12055	-0.10802	0.00799	0.13090
52760	0.07432	0.08240	0.06332	0.12593	0.19963	0.15447	0.65052	0.38316	0.20973	0.16799	0.17911	0.18594	0.17046	0.16437	0.12558	-0.10453	0.01063	0.13586
52930	0.07693	0.08636	0.06477	0.13060	0.20396	0.15867	0.65214	0.38501	0.21376	0.17007	0.18347	0.18872	0.17170	0.16335	0.12493	-0.10899	0.00728	0.13122
53090	0.07525	0.08456	0.06540	0.12885	0.20268	0.15941	0.66248	0.38934	0.21652	0.17080	0.18371	0.19042	0.17097	0.16293	0.12256	-0.10501	0.00877	0.13315
53250	0.07135	0.08476	0.06402	0.12874	0.20127	0.15728	0.64859	0.38468	0.21470	0.17000	0.18257	0.18786	0.16905	0.16150	0.12200	-0.10680	0.00655	0.13044
53420	0.07378	0.08621	0.06520	0.12991	0.20318	0.15928	0.65587	0.38724	0.21619	0.17293	0.18370	0.19138	0.17029	0.16595	0.12558	-0.10400	0.00912	0.13328
53580	0.07307	0.08368	0.06479	0.12867	0.20094	0.15689	0.64667	0.38577	0.21315	0.16985	0.18139	0.18815	0.16826	0.16171	0.12208	-0.11078	0.00503	0.12938
53740	0.07224	0.08233	0.06262	0.12443	0.19920	0.15384	0.64923	0.38048	0.20999	0.16714	0.18035	0.18625	0.17231	0.16433	0.12641	-0.10538	0.01084	0.13510
53910	0.07741	0.08676	0.06601	0.13064	0.20274	0.15960	0.65566	0.38374	0.21494	0.17139	0.18291	0.18934	0.17006	0.16614	0.12629	-0.10581	0.00975	0.13389	33.74	6.0	0.00	7.71	0.01261	0.01286	0.01607	0.00777	0.00578	0.00633	0.00465	0.01261	0.01672	0.00672	0.00696	0.00863	0.01482	0.01088	0.01190	0.00216	0.00616	0.00862
54070	0.07602	0.08604	0.06424	0.12965	0.20327	0.15857	0.65502	0.38607	0.21608	0.17176	0.18317	0.18935	0.17133	0.16363	0.12475	-0.10692	0.00754	0.13263
54230	0.07477	0.08407	0.06187	0.12690	0.20014	0.15517	0.64883	0.38385	0.21321	0.16883	0.17965	0.18703	0.16704	0.15908	0.12110	-0.11087	0.00386	0.12781
54400	0.07136	0.08487	0.06418	0.12547	0.20234	0.15879	0.65576	0.39136	0.21880	0.17350	0.18512	0.19091	0.17313	0.16762	0.12687	-0.10555	0.01005	0.13305
54560	0.07500	0.08441	0.06356	0.12841	0.20178	0.15611	0.65253	0.38521	0.21477	0.16949	0.18201	0.18760	0.16759	0.16258	0.12284	-0.11306	0.00481	0.12904
54720	0.07295	0.08357	0.06344	0.12560	0.20066	0.15736	0.65685	0.38634	0.21490	0.17085	0.18284	0.18890	0.16950	0.16274	0.12571	-0.10521	0.00779	0.13144
54880	0.07263	0.08339	0.06385	0.12682	0.19928	0.15580	0.64607	0.38341	0.21342	0.16826	0.18084	0.18653	0.16582	0.15787	0.12250	-0.11020	0.00340	0.12866
55050	0.07213	0.08283	0.06157	0.12485	0.19693	0.15329	0.64598	0.38250	0.21085	0.16737	0.17963	0.18520	0.17273	0.16734	0.12553	-0.10733	0.01018	0.13364
55210	0.07443	0.08630	0.06522	0.13131	0.20278	0.15952	0.66053	0.38655	0.21813	0.17219	0.18346	0.18960	0.17157	0.16527	0.12589	-0.10826	0.00677	0.13110
55370	0.07463	0.08267	0.06193	0.12671	0.19932	0.15489	0.65386	0.38320	0.21273	0.16905	0.18062	0.18647	0.17045	0.16328	0.12567	-0.10532	0.00898	0.13262
55540	0.07565	0.08412	0.06285	0.12919	0.20118	0.15757	0.65042	0.38661	0.21543	0.16978	0.18123	0.18743	0.16818	0.16116	0.12489	-0.10752	0.00651	0.13077	33.74	6.2	0.00	7.05	0.01261	0.01286	0.01608	0.00777	0.00578	0.00633	0.00465	0.01261	0.01672	0.00672	0.00696	0.00863	0.01482	0.01088	0.01190	0.00216	0.00616	0.00862
55700	0.07111	0.08276	0.06202	0.12501	0.19852	0.15407	0.64707	0.38160	0.21192	0.16872	0.17986	0.18526	0.16718	0.16473	0.12493	-0.10778	0.00801	0.13290
55860	0.07317	0.08497	0.06443	0.12752	0.20017	0.15693	0.64884	0.38296	0.21378	0.17015	0.18162	0.18706	0.16831	0.16168	0.12488	-0.10823	0.00602	0.13079
56030	0.07234	0.08473	0.06409	0.12571	0.19842	0.15472	0.64665	0.38233	0.21238	0.16853	0.18074	0.18691	0.16731	0.16056	0.12239	-0.10927	0.00493	0.12860
56190	0.07733	0.08590	0.06856	0.13026	0.20285	0.16109	0.65698	0.38804	0.21814	0.17292	0.18439	0.19065	0.17240	0.16652	0.12869	-0.10317	0.01066	0.13459
56350	0.07495	0.08654	0.06370	0.12986	0.20070	0.15732	0.65008	0.38549	0.21485	0.16993	0.18297	0.18801	0.16877	0.16405	0.12416	-0.10708	0.00717	0.13018
56520	0.07576	0.08603	0.06702	0.13041	0.20343	0.15908	0.64973	0.38914	0.21870	0.17263	0.18498	0.19070	0.17207	0.16679	0.12649	-0.10507	0.01049	0.13429
56680	0.07424	0.08611	0.06327	0.12957	0.20025	0.15691	0.64539	0.38483	0.21397	0.16948	0.18210	0.18759	0.16570	0.16237	0.12313	-0.10470	0.00532	0.12929
56840	0.07131	0.08074	0.06050	0.12369	0.19738	0.15211	0.64148	0.38005	0.20893	0.16621	0.17821	0.18450	0.16866	0.16240	0.12425	-0.10615	0.00837	0.13195
57000	0.07458	0.08298	0.06228	0.12641	0.19951	0.15589	0.64677	0.38458	0.21444	0.16909	0.18007	0.18620	0.16698	0.16176	0.12367	-0.10782	0.00592	0.12984
57170	0.07249	0.08271	0.06353	0.12668	0.20044	0.15677	0.65034	0.38526	0.21361	0.16751	0.18040	0.18594	0.16833	0.16197	0.12552	-0.10984	0.00569	0.13044	33.74	6.0	0.00	7.75	0.01261	0.01286	0.01608	0.00777	0.00578	0.00633	0.00465	0.01261	0.01672	0.00672	0.00696	0.00863	0.01482	0.01088	0.01190	0.00216	0.00616	0.00862
57330	0.07376	0.08624	0.06640	0.12909	0.20203	0.15970	0.65638	0.38992	0.21677	0.17065	0.18270	0.18887	0.16902	0.16401	0.12530	-0.10444	0.00979	0.13335
57490	0.07441	0.08350	0.06355	0.12773	0.20022	0.15763	0.65293	0.38553	0.21192	0.16853	0.18016	0.18688	0.16766	0.16011	0.12260	-0.11014	0.00528	0.12946
57660	0.07284	0.08594	0.06574	0.12900	0.20244	0.15894	0.64627	0.38864	0.21706	0.17237	0.18353	0.18920	0.17148	0.16212	0.12516	-0.10634	0.00913	0.13354
57820	0.07345	0.08472	0.06404	0.12739	0.19998	0.15696	0.65520	0.38353	0.21406	0.16888	0.18116	0.18779	0.16693	0.16208	0.12285	-0.11096	0.00531	0.13016
57980	0.07276	0.08163	0.06109	0.12407	0.19818	0.15486	0.64676	0.38259	0.21037	0.16715	0.17862	0.18593	0.17054	0.16480	0.12834	-0.10675	0.01062	0.13557
58150	0.07640	0.08431	0.06425	0.12938	0.20234	0.15789	0.64329	0.38643	0.21688	0.17086	0.18157	0.18797	0.16832	0.16409	0.12614	-0.10415	0.00914	0.13356
58310	0.07237	0.08348	0.06521	0.12946	0.20112	0.15797	0.65374	0.38772	0.21733	0.16977	0.18148	0.18877	0.16875	0.16428	0.12455	-0.10701	0.00798	0.13254
58470	0.07348	0.08445	0.06416	0.12772	0.19933	0.15505	0.65056	0.38493	0.21165	0.16856	0.17938	0.18628	0.16772	0.15989	0.12108	-0.11267	0.00524	0.12935
58640	0.07138	0.08435	0.06542	0.12659	0.20268	0.16057	0.65421	0.39098	0.21967	0.17332	0.18464	0.19131	0.17436	0.16704	0.12891	-0.10173	0.01194	0.13563
58800	0.07398	0.08422	0.06578	0.12983	0.20262	0.15858	0.65288	0.38968	0.21572	0.16929	0.18157	0.18843	0.16869	0.16291	0.12656	-0.10819	0.00852	0.13212	33.74	6.0	0.00	8.04	0.01261	0.01286	0.01608	0.00777	0.00578	0.00633	0.00465	0.01261	0.01672	0.00672	0.00696	0.00863	0.01482	0.01088	0.01190	0.00216	0.00616	0.00862
58960	0.07002	0.08573	0.06678	0.12791	0.20328	0.16076	0.65838	0.38947	0.21857	0.17270	0.18430	0.19049	0.17300	0.16526	0.12899	-0.10428	0.01128	0.13586
59120	0.07430	0.08587	0.06433	0.12899	0.20164	0.15870	0.65295	0.38297	0.21459	0.16940	0.18063	0.18734	0.16696	0.16299	0.12451	-0.11180	0.00660	0.13101
59290	0.07178	0.08309	0.06176	0.12637	0.19844	0.15419	0.65036	0.38059	0.21081	0.16614	0.17733	0.18480	0.17140	0.16546	0.12540	-0.10707	0.01153	0.13574
59450	0.07580	0.08468	0.06678	0.13165	0.20502	0.16000	0.65379	0.38671	0.21736	0.17117	0.18208	0.18927	0.16855	0.16448	0.12663	-0.10703	0.00894	0.13388
59610	0.07572	0.08563	0.06293	0.12854	0.20068	0.15692	0.64842	0.38299	0.21363	0.16835	0.17909	0.18728	0.17137	0.16545	0.12592	-0.10707	0.00891	0.13316
59780	0.07577	0.08464	0.06480	0.12879	0.20090	0.15785	0.64282	0.38459	0.21404	0.16795	0.18016	0.18751	0.16858	0.16260	0.12419	-0.10830	0.00685	0.13122
59940	0.07245	0.08349	0.06401	0.12673	0.20000	0.15695	0.65312	0.38290	0.21312	0.16836	0.17867	0.18684	0.16824	0.16176	0.12271	-0.10942	0.00522	0.12986
60100	0.07511	0.08655	0.06548	0.12892	0.20250	0.15939	0.65897	0.38564	0.21754	0.17132	0.18171	0.18964	0.16933	0.16343	0.12762	-0.10815	0.00817	0.13339
60270	0.07402	0.08452	0.06283	0.12911	0.20108	0.15718	0.64948	0.38408	0.21324	0.17017	0.18103	0.18680	0.16860	0.16060	0.12487	-0.11284	0.00651	0.13067
60430	0.07559	0.08592	0.06509	0.12939	0.20233	0.15852	0.64829	0.38686	0.21675	0.17156	0.18222	0.18863	0.17028	0.16219	0.12423	-0.10394	0.00925	0.13316	33.74	6.1	0.00	7.81	0.01261	0.01286	0.01607	0.00777	0.00578	0.00633	0.00465	0.01261	0.01672	0.00672	0.00696	0.00863	0.01482	0.01088	0.01190	0.00216	0.00616	0.00862
60590	0.07490	0.08575	0.06373	0.12933	0.20109	0.15782	0.64994	0.38280	0.21203	0.17032	0.18107	0.18809	0.17001	0.16230	0.12278	-0.11005	0.00647	0.13077
60760	0.07523	0.08447	0.06548	0.13008	0.20229	0.15892	0.65514	0.38503	0.21494	0.17194	0.18152	0.18961	0.17048	0.16314	0.12630	-0.10692	0.00839	0.13278
60920	0.07495	0.08520	0.06401	0.12859	0.20121	0.15836	0.64782	0.38360	0.21377	0.17018	0.18090	0.18734	0.16883	0.16114	0.12364	-0.10841	0.00657	0.13125
61080	0.07604	0.08317	0.06344	0.12965	0.20270	0.15924	0.65850	0.38418	0.21548	0.17116	0.18196	0.18834	0.16837	0.16289	0.12686	-0.10480	0.00794	0.13318
61250	0.07431	0.08435	0.06449	0.12911	0.20076	0.15867	0.64841	0.38178	0.21326	0.16922	0.18095	0.18719	0.16854	0.16055	0.12627	-0.11120	0.00617	0.13179
61410	0.07440	0.08496	0.06525	0.13037	0.20356	0.16054	0.64602	0.38561	0.21714	0.17220	0.18292	0.19015	0.17211	0.16344	0.12743	-0.10845	0.01037	0.13412
61570	0.07291	0.08443	0.06417	0.12950	0.20164	0.15916	0.64567	0.38522	0.21442	0.17021	0.18226	0.18820	0.16869	0.16107	0.12585	-0.10845	0.00772	0.13217
61740	0.07627	0.08757	0.06688	0.13157	0.20413	0.16221	0.65070	0.38656	0.21760	0.17210	0.18380	0.19119	0.17162	0.16619	0.12772	-0.10443	0.01191	0.13594
61900	0.07659	0.08629	0.06562	0.13042	0.20195	0.15899	0.64474	0.38308	0.21287	0.16981	0.18074	0.18819	0.16875	0.16331	0.12085	-0.10956	0.00591	0.13176
62060	0.07299	0.08371	0.06205	0.12678	0.19899	0.15547	0.64008	0.38069	0.21134	0.16757	0.17787	0.18512	0.17130	0.16689	0.12910	-0.10095	0.01197	0.13752	33.74	6.1	0.00	7.72	0.01261	0.01286	0.01607	0.00777	0.00578	0.00633	0.00465	0.01261	0.01672	0.00672	0.00696	0.00863	0.01483	0.01088	0.01190	0.00216	0.00616	0.00862
62230	0.07611	0.08496	0.06353	0.13286	0.20324	0.15897	0.64739	0.38664	0.21602	0.17129	0.18216	0.18868	0.17162	0.16676	0.12950	-0.10054	0.01168	0.13579
62390	0.07419	0.08610	0.06592	0.13326	0.20445	0.15944	0.64767	0.38486	0.21652	0.17231	0.18427	0.19006	0.17057	0.16326	0.12607	-0.10605	0.00998	0.13468
62550	0.07487	0.08394	0.06271	0.13017	0.20023	0.15764	0.64486	0.38297	0.21240	0.16926	0.18028	0.18656	0.16884	0.15975	0.12256	-0.10646	0.00605	0.13018
62720	0.07251	0.08219	0.06426	0.12791	0.20276	0.15978	0.65499	0.38595	0.21672	0.17393	0.18409	0.19068	0.17214	0.16561	0.12663	-0.10199	0.01074	0.13602
62880	0.07323	0.08384	0.06460	0.13089	0.20179	0.15831	0.64779	0.38336	0.21381	0.17026	0.18134	0.18793	0.17006	0.16054	0.12437	-0.10657	0.00766	0.13198
63040	0.07122	0.08179	0.06390	0.12825	0.20061	0.15874	0.64508	0.38499	0.21318	0.17180	0.18283	0.19006	0.16948	0.16456	0.12481	-0.10352	0.00951	0.13481
63200	0.07276	0.08362	0.06456	0.13071	0.20132	0.15839	0.64476	0.38246	0.21408	0.17106	0.18085	0.18763	0.16888	0.16142	0.12642	-0.10780	0.00731	0.13227
63370	0.07241	0.08389	0.06324	0.12903	0.20232	0.15854	0.65316	0.38440	0.21606	0.17235	0.18244	0.18886	0.17291	0.16362	0.12809	-0.10452	0.00864	0.13382
63530	0.07373	0.08623	0.06424	0.13038	0.20111	0.15831	0.65117	0.38323	0.21257	0.17055	0.18238	0.18863	0.17091	0.16208	0.12695	-0.10545	0.00783	0.13268
63700	0.07522	0.08618	0.06378	0.13182	0.20483	0.15999	0.65248	0.38519	0.21503	0.17263	0.18309	0.19006	0.17044	0.16763	0.12609	-0.10187	0.01170	0.13560	33.74	6.1	0.00	7.74	0.01261	0.01286	0.01607	0.00777	0.00578	0.00633	0.00465	0.01261	0.01672	0.00672	0.00696	0.00863	0.01483	0.01088	0.01190	0.00216	0.00616	0.00862
63860	0.07381	0.08477	0.06310	0.13024	0.20271	0.15893	0.64834	0.38602	0.21331	0.17076	0.18097	0.18843	0.17003	0.16163	0.12556	-0.10314	0.00917	0.13314
64020	0.07361	0.08725	0.06581	0.13044	0.20371	0.15909	0.64965	0.38612	0.21471	0.17162	0.18266	0.19019	0.16966	0.16574	0.12662	-0.10321	0.01038	0.13503
64190	0.07422	0.08556	0.06569	0.13134	0.20319	0.15770	0.65636	0.38216	0.21388	0.17132	0.18072	0.18877	0.16946	0.16245	0.12528	-0.10321	0.00921	0.13271
64350	0.07512	0.08524	0.06449	0.13072	0.20308	0.15837	0.64805	0.38576	0.21620	0.17237	0.18462	0.18915	0.17104	0.16289	0.12523	-0.10280	0.01011	0.13392
64510	0.07300	0.08287	0.06454	0.12949	0.20287	0.15785	0.65253	0.38363	0.21325	0.17027	0.18271	0.18831	0.16911	0.16393	0.12327	-0.10277	0.00882	0.13287
64680	0.07475	0.08533	0.06538	0.13085	0.20438	0.15930	0.64874	0.38491	0.21531	0.17201	0.18245	0.18898	0.17316	0.16351	0.12810	-0.10143	0.01161	0.13427
64840	0.07431	0.08551	0.06449	0.13038	0.20244	0.15786	0.65492	0.38436	0.21354	0.17147	0.18186	0.18867	0.16906	0.16299	0.12590	-0.10291	0.00772	0.13288
65000	0.07495	0.08605	0.06555	0.13040	0.20438	0.15955	0.65340	0.38655	0.21602	0.17292	0.18324	0.19007	0.17079	0.16191	0.12786	-0.10269	0.01057	0.13428
65170	0.07604	0.08562	0.06377	0.13020	0.20360	0.15798	0.65665	0.38519	0.21239	0.17059	0.18167	0.18801	0.16988	0.16466	0.12709	-0.10399	0.00864	0.13321
65330	0.07531	0.08661	0.06619	0.13131	0.20477	0.16026	0.65265	0.38570	0.21738	0.17337	0.18293	0.19042	0.17260	0.16338	0.12495	-0.09898	0.01179	0.13604	33.74	6.1	0.00	7.78	0.01261	0.01286	0.01607	0.00777	0.00578	0.00633	0.00465	0.01261	0.01672	0.00672	0.00696	0.00863	0.01482	0.01088	0.01190	0.00216	0.00616	0.00862
65490	0.07449	0.08495	0.06579	0.13018	0.20449	0.15885	0.65640	0.38585	0.21474	0.17175	0.18164	0.18832	0.16868	0.16213	0.12305	-0.10375	0.00806	0.13267
65660	0.07273	0.08485	0.06110	0.12748	0.20072	0.15565	0.65107	0.38259	0.20993	0.16843	0.17862	0.18675	0.17098	0.16633	0.12887	-0.09809	0.01447	0.13815
65820	0.07700	0.08572	0.06585	0.13185	0.20436	0.15958	0.65208	0.38599	0.21659	0.17215	0.18157	0.18967	0.16797	0.16154	0.12671	-0.10014	0.01104	0.13509
65980	0.07499	0.08577	0.06740	0.13151	0.20376	0.16025	0.65472	0.38888	0.21447	0.17255	0.18301	0.18953	0.17144	0.16293	0.12438	-0.09872	0.01097	0.13466
66150	0.07242	0.08311	0.06307	0.12884	0.20237	0.15683	0.64910	0.38370	0.21252	0.17103	0.18052	0.18818	0.16818	0.16488	0.12541	-0.10066	0.01244	0.13561
66310	0.07588	0.08639	0.06564	0.13173	0.20393	0.15956	0.65041	0.38788	0.21650	0.17194	0.18274	0.18925	0.16901	0.16416	0.12353	-0.10110	0.01023	0.13358
66470	0.07286	0.08277	0.06446	0.12867	0.20071	0.15625	0.65016	0.38293	0.21065	0.16968	0.17915	0.18737	0.16780	0.15823	0.12413	-0.10494	0.00612	0.13014
66640	0.07023	0.08506	0.06412	0.12616	0.20233	0.15844	0.64617	0.38653	0.21707	0.17340	0.18246	0.18911	0.17075	0.16447	0.12603	-0.10114	0.01170	0.13503
66800	0.07470	0.08576	0.06318	0.12886	0.20039	0.15629	0.64429	0.38397	0.21268	0.16984	0.17885	0.18639	0.16727	0.15867	0.12154	-0.10665	0.00490	0.12928
66960	0.07096	0.08385	0.06510	0.12560	0.20099	0.15648	0.64983	0.38842	0.21380	0.17170	0.18030	0.18730	0.16796	0.16334	0.12519	-0.10321	0.00921	0.13228	33.79	6.1	0.00	7.76	0.01261	0.01286	0.01608	0.00777	0.00578	0.00633	0.00465	0.01261	0.01672	0.00672	0.00696	0.00863	0.01483	0.01088	0.01190	0.00216	0.00617	0.00862
67130	0.07240	0.08194	0.06192	0.12662	0.19813	0.15508	0.65217	0.38261	0.20959	0.16890	0.17826	0.18584	0.16780	0.16029	0.12118	-0.10857	0.00415	0.12801
67290	0.06992	0.08334	0.06415	0.12394	0.19905	0.15547	0.65308	0.38492	0.21216	0.17055	0.17942	0.18779	0.16867	0.16306	0.12265	-0.10470	0.00791	0.13098
67450	0.07269	0.08351	0.06329	0.12547	0.19903	0.15378	0.64822	0.38183	0.21149	0.16795	0.17776	0.18560	0.16689	0.15895	0.12116	-0.11036	0.00362	0.12805
67620	0.07379	0.08503	0.06478	0.12753	0.20130	0.15587	0.64776	0.38697	0.21512	0.16968	0.18035	0.18708	0.17087	0.16433	0.12532	-0.10385	0.00809	0.13164
67780	0.07369	0.08174	0.06310	0.12611	0.19813	0.15390	0.64428	0.38262	0.21167	0.16793	0.17803	0.18561	0.16780	0.16103	0.12521	-0.10853	0.00382	0.12883
67940	0.07523	0.08654	0.06426	0.12755	0.20090	0.15541	0.64926	0.38466	0.21369	0.16971	0.17929	0.18733	0.17015	0.16328	0.12549	-0.10388	0.00752	0.13172
68110	0.07240	0.08277	0.06156	0.12633	0.19988	0.15443	0.65421	0.38158	0.21295	0.16820	0.17829	0.18604	0.16677	0.15974	0.12295	-0.10530	0.00553	0.13022
68270	0.07428	0.08331	0.06421	0.12853	0.20212	0.15711	0.65032	0.38558	0.21401	0.17162	0.18092	0.18903	0.16971	0.16429	0.12386	-0.10429	0.00856	0.13338
68430	0.07411	0.08434	0.06137	0.12703	0.19952	0.15453	0.64985	0.38609	0.21422	0.16925	0.17980	0.18714	0.16903	0.16221	0.12451	-0.10738	0.00684	0.13118
68600	0.07362	0.08388	0.06376	0.12952	0.20202	0.15868	0.65275	0.38571	0.21587	0.17059	0.18120	0.18863	0.17377	0.16383	0.12385	-0.09975	0.01042	0.13337	33.79	6.1	0.00	7.76	0.01261	0.01286	0.01608	0.00777	0.00578	0.00633	0.00465	0.01261	0.01672	0.00672	0.00696	0.00863	0.01483	0.01088	0.01190	0.00216	0.00617	0.00862
68760	0.07478	0.08300	0.06362	0.12855	0.20158	0.15612	0.64700	0.38354	0.21160	0.17058	0.18008	0.18718	0.16774	0.16082	0.12432	-0.10421	0.00797	0.13284
68920	0.07312	0.08225	0.06081	0.12643	0.19976	0.15266	0.64422	0.38136	0.20934	0.16793	0.17743	0.18453	0.17025	0.16459	0.13116	-0.10045	0.01363	0.13784
69090	0.07740	0.08600	0.06701	0.13227	0.20371	0.15786	0.65203	0.38584	0.21596	0.17238	0.18187	0.18821	0.17042	0.16232	0.12476	-0.10019	0.01068	0.13383
69250	0.07420	0.08475	0.06680	0.13164	0.20503	0.16004	0.65035	0.38693	0.21733	0.17280	0.18305	0.18952	0.17008	0.16365	0.12648	-0.10120	0.01130	0.13404
69410	0.07394	0.08460	0.06331	0.12916	0.20162	0.15611	0.65418	0.38136	0.21370	0.17018	0.18083	0.18778	0.16911	0.16254	0.12321	-0.10328	0.00850	0.13099
69580	0.07463	0.08771	0.06508	0.13021	0.20355	0.15884	0.65075	0.38575	0.21635	0.17348	0.18253	0.18955	0.17069	0.16421	0.12603	-0.10205	0.01153	0.13397
69740	0.07417	0.08262	0.06399	0.12884	0.20241	0.15647	0.64944	0.38268	0.21142	0.16972	0.18022	0.18760	0.16812	0.16315	0.12407	-0.10629	0.00723	0.13156
69900	0.07253	0.08047	0.06060	0.12652	0.19962	0.15398	0.64828	0.38029	0.21006	0.16837	0.17904	0.18600	0.17133	0.16479	0.12994	-0.10068	0.01353	0.13638
70070	0.07592	0.08370	0.06563	0.13122	0.20348	0.15732	0.64328	0.38548	0.21271	0.17162	0.18091	0.18810	0.17301	0.16582	0.12879	-0.10053	0.01261	0.13620
70230	0.07634	0.08676	0.06767	0.13180	0.20441	0.15926	0.65677	0.38756	0.21599	0.17318	0.18460	0.19099	0.16954	0.16705	0.12676	-0.10104	0.01153	0.13510	33.74	6.1	0.00	7.74	0.01261	0.01286	0.01608	0.00777	0.00578	0.00633	0.00465	0.01261	0.01672	0.00672	0.00696	0.00863	0.01483	0.01088	0.01190	0.00216	0.00617	0.00862
70390	0.07527	0.08343	0.06295	0.12906	0.20156	0.15535	0.64828	0.38216	0.21159	0.16886	0.18035	0.18771	0.17160	0.16340	0.12728	-0.10182	0.01049	0.13525
70560	0.07597	0.08600	0.06383	0.13129	0.20284	0.15822	0.65018	0.38544	0.21231	0.17061	0.18280	0.18839	0.16964	0.16456	0.12522	-0.10543	0.00794	0.13297
70720	0.07412	0.08262	0.06263	0.12856	0.20074	0.15584	0.64666	0.38229	0.21214	0.16974	0.18024	0.18670	0.16875	0.16018	0.12079	-0.11004	0.00491	0.12892
70880	0.07155	0.08447	0.06481	0.12561	0.20285	0.15857	0.66133	0.38739	0.21611	0.17351	0.18369	0.19076	0.17350	0.16522	0.12904	-0.10141	0.01240	0.13616
71050	0.07337	0.08483	0.06354	0.13105	0.20265	0.15733	0.65053	0.38352	0.21269	0.17049	0.18123	0.18837	0.16857	0.16285	0.12448	-0.10417	0.00760	0.13221
71210	0.07170	0.08263	0.06463	0.12823	0.20255	0.15900	0.66121	0.38647	0.21453	0.17438	0.18508	0.19069	0.17248	0.16360	0.12773	-0.10085	0.01300	0.13615
71370	0.07389	0.08236	0.06476	0.13186	0.20367	0.15857	0.64922	0.38402	0.21298	0.17130	0.18266	0.19030	0.16890	0.16563	0.12546	-0.10476	0.01015	0.13369
71530	0.07568	0.08686	0.06625	0.13357	0.20591	0.16125	0.65070	0.38695	0.21625	0.17424	0.18415	0.19118	0.17059	0.16657	0.12813	-0.10104	0.01255	0.13614
71700	0.07362	0.08562	0.06311	0.13109	0.20301	0.15795	0.64525	0.38346	0.21117	0.17170	0.18265	0.18964	0.17044	0.16438	0.12680	-0.10301	0.01145	0.13597
71860	0.07330	0.08101	0.06167	0.12918	0.20190	0.15703	0.64625	0.38267	0.21082	0.17018	0.18120	0.18815	0.17065	0.16487	0.12863	-0.10187	0.01294	0.13712	33.74	6.1	0.00	7.68	0.01261	0.01286	0.01607	0.00777	0.00578	0.00633	0.00465	0.01261	0.01672	0.00672	0.00696	0.00863	0.01483	0.01088	0.01190	0.00216	0.00616	0.00862
72020	0.07441	0.08512	0.06527	0.13161	0.20515	0.15911	0.65261	0.38690	0.21380	0.17243	0.18462	0.18952	0.16986	0.16358	0.12699	-0.09856	0.01125	0.13603
72190	0.07357	0.08466	0.06341	0.13194	0.20436	0.15799	0.64159	0.38237	0.21230	0.17212	0.18468	0.18977	0.17185	0.16723	0.12996	-0.09852	0.01474	0.13975
72350	0.07646	0.08621	0.06509	0.13307	0.20518	0.15894	0.64930	0.38442	0.21422	0.17303	0.18439	0.19023	0.16886	0.16258	0.12660	-0.10050	0.01126	0.13575
72520	0.07245	0.08379	0.06283	0.13027	0.20184	0.15614	0.64014	0.38137	0.21172	0.17101	0.18190	0.18884	0.17193	0.16655	0.13174	-0.09822	0.01598	0.14072
72680	0.07613	0.08639	0.06659	0.13599	0.20745	0.16150	0.65549	0.38439	0.21747	0.17553	0.18530	0.19193	0.17101	0.16570	0.12603	-0.10113	0.01138	0.13546
72840	0.07733	0.08749	0.06651	0.13246	0.20621	0.16060	0.64750	0.38976	0.21764	0.17371	0.18540	0.19195	0.17019	0.16513	0.12491	-0.10012	0.01380	0.13768
73010	0.07619	0.08380	0.06526	0.13211	0.20461	0.15881	0.64708	0.38642	0.21306	0.17333	0.18396	0.19040	0.16825	0.16159	0.12251	-0.10347	0.00884	0.13439
73170	0.07684	0.08883	0.06702	0.13302	0.20607	0.16018	0.65253	0.38551	0.21837	0.17547	0.18619	0.19307	0.17286	0.16485	0.12679	-0.09919	0.01289	0.13695
73330	0.07508	0.08369	0.06403	0.13124	0.20426	0.15753	0.64450	0.38437	0.21367	0.17250	0.18354	0.19018	0.16880	0.16134	0.12174	-0.10537	0.00966	0.13310
73500	0.07343	0.08259	0.06269	0.12862	0.20073	0.15496	0.64382	0.38207	0.21086	0.16957	0.18084	0.18721	0.16950	0.16365	0.12877	-0.10146	0.01530	0.13919	33.74	6.1	0.00	7.75	0.01261	0.01286	0.01607	0.00777	0.00578	0.00633	0.00465	0.01261	0.01672	0.00672	0.00696	0.00863	0.01482	0.01088	0.01190	0.00216	0.00616	0.00862
73660	0.07819	0.08764	0.06663	0.13354	0.20604	0.16022	0.65208	0.38707	0.21642	0.17371	0.18381	0.19050	0.17133	0.16479	0.12342	-0.10268	0.01176	0.13577
73820	0.07461	0.08248	0.06262	0.12959	0.20224	0.15678	0.64614	0.38356	0.21154	0.17032	0.18117	0.18815	0.17149	0.16239	0.12713	-0.10194	0.01502	0.13941
73990	0.07737	0.08761	0.06516	0.13422	0.20604	0.15947	0.64998	0.38505	0.21541	0.17326	0.18501	0.19114	0.16981	0.16364	0.12484	-0.10097	0.01284	0.13722
74150	0.07615	0.08483	0.06634	0.13261	0.20592	0.15890	0.65590	0.38489	0.21689	0.17376	0.18511	0.19141	0.16919	0.16249	0.12482	-0.10250	0.01150	0.13612
74310	0.07424	0.08101	0.06544	0.13007	0.20309	0.15609	0.64540	0.38216	0.21186	0.17066	0.18137	0.18764	0.16641	0.15912	0.12271	-0.10708	0.00757	0.13197
74480	0.07192	0.08384	0.06439	0.12845	0.20433	0.15914	0.65864	0.38804	0.21883	0.17503	0.18612	0.19201	0.17414	0.16616	0.12622	-0.09989	0.01431	0.13740
74640	0.07656	0.08514	0.06527	0.13118	0.20273	0.15802	0.64769	0.38397	0.21522	0.17214	0.18220	0.18873	0.17122	0.16337	0.12609	-0.10272	0.00865	0.13291
74800	0.07075	0.08224	0.06334	0.12795	0.20291	0.15861	0.65699	0.38740	0.21572	0.17299	0.18402	0.19122	0.17071	0.16703	0.12325	-0.10481	0.01022	0.13406
74960	0.07232	0.08231	0.06219	0.12929	0.20272	0.15730	0.65218	0.38524	0.21304	0.17182	0.18234	0.18807	0.16950	0.16261	0.12445	-0.10711	0.00678	0.13157
