WetView ver 7.1	07-19-2018	10:25:09
AC9 Absorption and Attenuation Meter
00000266		; Serial number
2	; structure version number
Reserved
0.000000	0.000000		; Depth calibration
19200			; Baud rate
0.100000			; Path length (meters)
31			; number of temperature calibration bins
				12.59339	13.44920	14.48425	15.49668	16.50852	17.49564	18.50545	19.52458	20.50176	21.48889	22.47318	23.48707	24.50962	25.49370	26.49784	27.51372	28.50746	29.47237	30.47938	31.50214	32.50470	33.49235	34.50337	35.50914	36.50618	37.52058	38.51018	39.51308	40.49994	41.49866	42.47204	; temperature bins
a650	Blue	20.34952		-0.00383	-0.00415	-0.00430	-0.00391	-0.00363	-0.00317	-0.00269	-0.00237	-0.00179	-0.00130	-0.00099	-0.00071	-0.00015	0.00000	0.00004	-0.00001	0.00015	0.00036	0.00058	0.00101	0.00161	0.00132	0.00160	0.00169	0.00242	0.00273	0.00336	0.00365	0.00427	0.00566	0.00670		; offset and temperature correction info
a676	Green	20.51193		-0.00398	-0.00384	-0.00360	-0.00306	-0.00302	-0.00255	-0.00235	-0.00212	-0.00163	-0.00136	-0.00118	-0.00089	-0.00029	0.00000	0.00068	0.00082	0.00099	0.00137	0.00145	0.00212	0.00260	0.00252	0.00321	0.00354	0.00457	0.00535	0.00617	0.00648	0.00742	0.00887	0.01002		; offset and temperature correction info
a715	Brown	20.23230		-0.00421	-0.00394	-0.00391	-0.00291	-0.00264	-0.00192	-0.00204	-0.00179	-0.00188	-0.00239	-0.00180	-0.00187	-0.00099	0.00000	0.00084	0.00162	0.00188	0.00224	0.00321	0.00381	0.00466	0.00528	0.00588	0.00696	0.00859	0.01041	0.01148	0.01282	0.01333	0.01456	0.01617		; offset and temperature correction info
c510	Red	20.40042		-0.00261	-0.00247	-0.00258	-0.00225	-0.00203	-0.00197	-0.00199	-0.00203	-0.00154	-0.00103	-0.00069	-0.00019	-0.00007	0.00000	0.00011	-0.00021	-0.00042	-0.00056	-0.00040	0.00011	0.00036	0.00050	0.00077	0.00079	0.00050	0.00042	0.00043	0.00092	0.00147	0.00200	0.00232		; offset and temperature correction info
c532	Magenta	20.40760		-0.00248	-0.00265	-0.00278	-0.00279	-0.00296	-0.00292	-0.00238	-0.00206	-0.00129	-0.00096	-0.00092	-0.00052	-0.00009	0.00000	0.00007	-0.00049	-0.00136	-0.00107	-0.00079	-0.00065	-0.00074	-0.00105	-0.00152	-0.00192	-0.00236	-0.00269	-0.00252	-0.00233	-0.00172	-0.00128	-0.00067		; offset and temperature correction info
c555	Black	20.50654		-0.00053	-0.00063	-0.00106	-0.00094	-0.00068	-0.00055	-0.00053	-0.00039	-0.00028	-0.00025	-0.00011	-0.00035	-0.00007	0.00000	-0.00037	-0.00055	-0.00036	-0.00014	0.00019	0.00044	0.00032	0.00040	0.00050	0.00028	0.00014	0.00013	0.00030	0.00073	0.00117	0.00176	0.00241		; offset and temperature correction info
a412	LtBlue	17.15231		-0.01972	-0.01823	-0.01612	-0.01381	-0.01272	-0.01080	-0.00959	-0.00866	-0.00710	-0.00532	-0.00354	-0.00148	-0.00028	0.00000	0.00176	0.00297	0.00394	0.00440	0.00453	0.00487	0.00804	0.00856	0.01065	0.01248	0.01388	0.01439	0.01659	0.01881	0.02256	0.02450	0.02719		; offset and temperature correction info
a440	LtGreen	18.00171		-0.00729	-0.00642	-0.00581	-0.00502	-0.00426	-0.00349	-0.00244	-0.00218	-0.00179	-0.00101	-0.00046	-0.00006	0.00036	0.00000	0.00040	0.00045	0.00030	-0.00015	-0.00024	-0.00035	0.00012	-0.00013	-0.00033	-0.00089	-0.00142	-0.00189	-0.00231	-0.00205	-0.00140	-0.00140	-0.00146		; offset and temperature correction info
a488	Yellow	18.86491		-0.00113	-0.00102	-0.00106	-0.00064	-0.00027	-0.00020	-0.00030	-0.00037	-0.00047	-0.00059	-0.00052	-0.00012	0.00008	0.00000	0.00025	0.00012	-0.00013	-0.00043	-0.00065	-0.00076	-0.00025	0.00010	0.00090	0.00111	0.00113	0.00104	0.00073	0.00068	0.00120	0.00186	0.00258		; offset and temperature correction info
c650	Blue	20.46075		-0.00145	-0.00097	-0.00092	-0.00139	-0.00185	-0.00196	-0.00237	-0.00266	-0.00238	-0.00163	-0.00083	-0.00041	-0.00010	0.00000	0.00005	-0.00001	0.00015	0.00034	0.00029	0.00065	0.00101	0.00164	0.00126	0.00156	0.00175	0.00270	0.00287	0.00371	0.00407	0.00473	0.00534		; offset and temperature correction info
c676	Green	20.10118		-0.00170	-0.00144	-0.00149	-0.00177	-0.00188	-0.00194	-0.00198	-0.00196	-0.00177	-0.00156	-0.00140	-0.00091	-0.00033	0.00000	0.00050	0.00092	0.00110	0.00141	0.00167	0.00199	0.00216	0.00265	0.00269	0.00289	0.00315	0.00374	0.00367	0.00408	0.00486	0.00561	0.00646		; offset and temperature correction info
c715	Brown	19.91219		-0.01201	-0.01097	-0.00859	-0.00680	-0.00651	-0.00592	-0.00535	-0.00440	-0.00387	-0.00303	-0.00222	-0.00153	-0.00028	0.00000	0.00093	0.00149	0.00247	0.00322	0.00330	0.00427	0.00373	0.00464	0.00536	0.00551	0.00643	0.00733	0.00779	0.00884	0.00899	0.01021	0.01120		; offset and temperature correction info
a510	Red	19.21192		0.00201	0.00193	0.00158	0.00098	0.00089	0.00049	0.00011	-0.00016	-0.00016	-0.00005	0.00028	0.00025	0.00006	0.00000	0.00035	-0.00022	-0.00023	-0.00080	-0.00144	-0.00154	-0.00153	-0.00204	-0.00220	-0.00219	-0.00190	-0.00128	-0.00069	-0.00018	0.00068	0.00152	0.00241		; offset and temperature correction info
a532	Magenta	19.41084		-0.00097	-0.00072	-0.00060	-0.00081	-0.00062	-0.00071	-0.00040	0.00020	0.00028	0.00043	0.00000	-0.00035	0.00007	0.00000	-0.00011	-0.00059	-0.00080	-0.00098	-0.00137	-0.00162	-0.00163	-0.00130	-0.00073	-0.00018	0.00090	0.00185	0.00175	0.00247	0.00291	0.00327	0.00349		; offset and temperature correction info
a555	Black	19.69776		0.00171	0.00183	0.00183	0.00186	0.00191	0.00170	0.00115	0.00131	0.00097	0.00073	0.00060	0.00013	0.00015	0.00000	0.00014	-0.00029	-0.00066	-0.00082	-0.00116	-0.00139	-0.00134	-0.00167	-0.00119	-0.00093	-0.00048	0.00053	0.00111	0.00095	0.00178	0.00206	0.00273		; offset and temperature correction info
c412	LtBlue	19.91180		-0.02051	-0.01853	-0.01589	-0.01311	-0.01059	-0.00877	-0.00705	-0.00581	-0.00413	-0.00231	-0.00098	-0.00066	-0.00011	0.00000	-0.00013	-0.00085	-0.00170	-0.00170	-0.00302	-0.00330	-0.00429	-0.00551	-0.00626	-0.00775	-0.00978	-0.01181	-0.01113	-0.01108	-0.01116	-0.01192	-0.01291		; offset and temperature correction info
c440	LtGreen	20.06241		-0.01064	-0.00992	-0.00892	-0.00766	-0.00639	-0.00531	-0.00478	-0.00384	-0.00287	-0.00187	-0.00102	-0.00063	-0.00023	0.00000	-0.00007	-0.00053	-0.00090	-0.00119	-0.00169	-0.00197	-0.00226	-0.00257	-0.00260	-0.00289	-0.00394	-0.00470	-0.00481	-0.00493	-0.00520	-0.00580	-0.00620		; offset and temperature correction info
c488	Yellow	20.35984		-0.01125	-0.01082	-0.00966	-0.00833	-0.00726	-0.00661	-0.00579	-0.00500	-0.00389	-0.00278	-0.00167	-0.00113	-0.00041	0.00000	0.00055	0.00121	0.00187	0.00226	0.00222	0.00251	0.00281	0.00359	0.00414	0.00427	0.00401	0.00404	0.00486	0.00563	0.00638	0.00684	0.00718		; offset and temperature correction info
0.003500	0.004000	0.015000	0.020000	0.015000	0.020000	2500.000000	2000.000000	1000.000000	; maxANoise	maxCNoise	maxADifference	maxCDifference	minACounts	minCCounts	minRCounts	maxTempSdev	maxDepthSdev
0			; auxilliary capabilities
1			; acquisition binsize
0	0.47777	0.43366	0.26662	2.64892	2.22714	1.82259	9.67396	5.82789	2.71602	1.02914	0.95222	0.82706	2.03883	1.56706	1.20670	9.83967	6.21659	3.34817	25.57	6.1	0.00	7.21	0.01272	0.01288	0.01662	0.00770	0.00574	0.00630	0.00467	0.01264	0.01684	0.00672	0.00690	0.00886	0.01488	0.01095	0.01196	0.00214	0.00607	0.00856
160	0.46370	0.42656	0.27051	2.65707	2.24286	1.83473	9.65784	5.80562	2.70932	1.05005	0.98080	0.83006	2.03401	1.55786	1.19176	9.84537	6.22389	3.32143
320	0.46271	0.42666	0.26673	2.63708	2.20485	1.83048	9.65657	5.81603	2.72043	1.02340	0.94785	0.80647	2.03591	1.55608	1.19808	9.83855	6.20725	3.31591
490	0.46299	0.42594	0.26834	2.65724	2.23892	1.81840	9.66435	5.82115	2.71222	1.02947	0.93131	0.84947	2.04029	1.56968	1.19352	9.83549	6.21253	3.31029
650	0.45887	0.42480	0.26071	2.69797	2.20507	1.81232	9.65030	5.80721	2.70734	1.04022	0.94326	0.83197	2.05068	1.57384	1.19842	9.85077	6.22354	3.32792
810	0.47789	0.44304	0.27351	2.67085	2.22427	1.82163	9.68012	5.83011	2.72586	1.02802	0.95315	0.84822	2.04896	1.57255	1.21787	9.83753	6.23299	3.32323
980	0.47973	0.43451	0.27895	2.68169	2.23616	1.83991	9.70476	5.83207	2.72864	1.06745	0.95577	0.84377	2.04326	1.56282	1.19781	9.82888	6.26544	3.33992
1140	0.46523	0.43422	0.27333	2.66186	2.23398	1.83148	9.65850	5.81945	2.71083	1.04810	0.99600	0.84598	2.04849	1.56951	1.19526	9.86505	6.21971	3.32725
1310	0.48050	0.43173	0.26255	2.65926	2.24935	1.83748	9.64409	5.81114	2.71454	1.05930	0.96395	0.84033	2.03815	1.56233	1.18904	9.81800	6.21794	3.35304
1470	0.46645	0.43593	0.27755	2.67862	2.24591	1.82940	9.66846	5.82317	2.71134	1.04203	0.94128	0.83317	2.04949	1.55809	1.18679	9.83702	6.24826	3.34085
1630	0.46921	0.43501	0.27389	2.66875	2.21497	1.82674	9.64840	5.81434	2.72491	1.05395	0.97514	0.84147	2.04940	1.56583	1.20469	9.85833	6.24397	3.36184	25.57	6.0	0.00	7.20	0.01272	0.01288	0.01662	0.00770	0.00574	0.00630	0.00467	0.01264	0.01684	0.00672	0.00690	0.00886	0.01488	0.01095	0.01196	0.00214	0.00607	0.00857
1800	0.47735	0.43578	0.27890	2.69335	2.29872	1.85490	9.68717	5.82342	2.71899	1.04629	0.98358	0.86166	2.06013	1.57482	1.20834	9.84824	6.24158	3.32749
1960	0.47389	0.43222	0.26626	2.69522	2.24946	1.83365	9.66734	5.82494	2.71688	1.05979	0.96205	0.82677	2.05517	1.58409	1.19969	9.85395	6.21629	3.34543
2130	0.47811	0.43172	0.26914	2.68804	2.24213	1.86101	9.65443	5.82211	2.74292	1.02543	0.98992	0.82387	2.04035	1.55898	1.20414	9.83694	6.24599	3.34640
2290	0.47360	0.45225	0.26976	2.63821	2.21402	1.81283	9.67133	5.82056	2.72167	1.06735	0.94107	0.81481	2.04953	1.56035	1.19671	9.81498	6.21069	3.32917
2450	0.48223	0.43296	0.27152	2.68732	2.22315	1.79826	9.66161	5.81886	2.70790	1.05066	0.95542	0.83414	2.03789	1.57134	1.19732	9.81924	6.24619	3.32979
2620	0.47031	0.43920	0.27358	2.67715	2.25275	1.83636	9.66366	5.82125	2.72138	1.05460	0.95391	0.81498	2.04210	1.56551	1.19557	9.82961	6.20892	3.31894
2780	0.46865	0.43704	0.27009	2.64470	2.22005	1.79331	9.65485	5.80847	2.71348	1.03195	0.93078	0.81793	2.04571	1.55042	1.20910	9.83917	6.21548	3.31954
2940	0.47396	0.44380	0.26560	2.68258	2.21684	1.81508	9.66040	5.80824	2.72506	1.04440	0.95112	0.85569	2.04322	1.55234	1.18810	9.85762	6.24666	3.33451
3110	0.47924	0.42957	0.27536	2.66629	2.24022	1.84974	9.67314	5.82260	2.72839	1.05664	0.97156	0.83323	2.04208	1.56786	1.20258	9.85150	6.21816	3.30880
3270	0.48208	0.43372	0.27511	2.65616	2.22254	1.80343	9.64474	5.81794	2.72639	1.04401	0.99156	0.84842	2.06185	1.56758	1.20489	9.83280	6.22704	3.35904	25.57	6.1	0.00	7.34	0.01272	0.01288	0.01662	0.00770	0.00574	0.00630	0.00467	0.01264	0.01684	0.00672	0.00690	0.00886	0.01488	0.01095	0.01196	0.00214	0.00607	0.00857
3430	0.48045	0.44180	0.28172	2.70738	2.24563	1.83877	9.67407	5.84211	2.73279	1.10011	0.97727	0.87501	2.07347	1.59478	1.21675	9.88333	6.32974	3.40330
3600	0.53212	0.46841	0.31981	2.81875	2.31984	1.94107	9.73274	5.88574	2.77643	1.19626	1.06671	1.02871	2.08061	1.60375	1.24968	9.97266	6.29760	3.45504
3760	0.51771	0.46965	0.31889	2.76917	2.31254	1.89890	9.71452	5.86911	2.74809	1.08957	1.00714	0.88090	2.06881	1.59823	1.24973	9.92394	6.26712	3.37680
3920	0.51762	0.45346	0.29478	2.73600	2.30169	1.88445	9.69736	5.84655	2.73624	1.09765	0.98760	0.87443	2.61470	1.58290	1.23123	9.88333	6.23639	3.37127
4090	0.50245	0.46558	0.29059	2.71443	2.27293	1.86238	9.71301	5.85451	2.76418	1.13538	1.02716	0.89992	2.09669	1.59534	1.24120	9.87934	6.30476	3.40217
4250	0.50198	0.50303	0.31123	2.73886	2.36073	1.93883	9.72065	5.91312	2.81065	1.24429	1.10339	0.95676	2.09592	1.63018	1.24673	9.98878	6.34892	3.43875
4410	0.51838	0.48634	0.29853	2.83468	2.35525	2.00222	9.70730	5.86655	2.76053	1.18196	1.07971	0.96020	2.08194	1.61177	1.25189	9.89705	6.37128	3.43737
4580	0.51231	0.47822	0.33003	2.74821	2.34579	1.91166	9.73232	5.86898	2.76797	1.09324	1.02508	0.85396	2.11592	1.62948	1.27088	9.86738	6.27098	3.38139
4740	0.53397	0.47903	0.30651	2.72115	2.28440	1.95482	9.78412	5.85712	2.77358	1.20877	1.34071	1.08320	2.12823	1.65706	1.34948	10.16428	6.66376	3.74192
4910	0.70759	0.65342	0.53570	3.10367	2.60333	2.37327	10.12599	6.17224	3.00931	1.59278	1.33641	1.17305	2.29693	1.83637	1.42855	10.14580	6.51862	3.66988	25.57	6.2	0.00	7.18	0.01272	0.01288	0.01662	0.00770	0.00574	0.00630	0.00467	0.01264	0.01684	0.00672	0.00690	0.00886	0.01488	0.01095	0.01196	0.00214	0.00607	0.00857
5070	0.71089	0.63272	0.45056	3.10541	2.48889	2.16124	9.83063	5.95145	2.89375	1.28035	1.18679	1.09015	2.17680	1.69362	1.29405	10.00777	6.40173	3.51858
5230	0.56639	0.51905	0.37907	2.77271	2.41192	1.92050	9.74487	5.92849	2.77781	1.17617	1.04514	0.90371	2.13161	1.66962	1.26241	9.91455	6.33420	3.42273
5400	0.53702	0.49522	0.31213	2.71938	2.31178	1.85537	9.70241	5.83624	2.72513	1.13538	1.00659	0.89570	2.08278	1.58998	1.23599	9.85060	6.28464	3.39193
5560	0.52755	0.47428	0.30551	2.72240	2.26093	1.88537	9.70575	5.83407	2.72424	1.08940	0.98346	0.84767	2.05054	1.56485	1.20883	9.85070	6.22721	3.33284
5730	0.48248	0.45434	0.29237	2.64934	2.21735	1.82965	9.69920	5.84808	2.73131	1.01951	0.94161	0.81402	2.06483	1.58063	1.19883	9.82727	6.22335	3.34309
5890	0.49715	0.45105	0.27707	2.65136	2.19990	1.82243	9.67445	5.82038	2.72077	1.04112	0.92451	0.81711	2.05683	1.56384	1.19854	9.81222	6.21518	3.34999
6060	0.49274	0.44209	0.27183	2.68455	2.25876	1.84783	9.68364	5.83690	2.74002	1.05955	0.94953	0.83528	2.05575	1.59397	1.24002	9.84540	6.22386	3.33812
6220	0.49335	0.46200	0.34067	2.66637	2.21056	1.82450	9.68903	5.82151	2.71951	1.04902	0.94945	0.84889	2.06106	1.57107	1.19881	9.84356	6.24631	3.32554
6390	0.47590	0.43920	0.28395	2.68529	2.24248	1.83792	9.67826	5.83572	2.71649	1.04956	0.94960	0.82335	2.04643	1.56370	1.19945	9.87102	6.24476	3.33980
6550	0.48027	0.44235	0.27714	2.66471	2.24330	1.82904	9.67126	5.84081	2.77414	1.01258	0.93840	0.82815	2.04368	1.56019	1.19484	9.80938	6.23191	3.33317	25.57	6.1	0.00	7.26	0.01272	0.01288	0.01662	0.00770	0.00574	0.00630	0.00467	0.01264	0.01684	0.00672	0.00690	0.00886	0.01488	0.01095	0.01196	0.00214	0.00607	0.00856
6720	0.46871	0.43250	0.27171	2.64227	2.20183	1.78380	9.65839	5.82254	2.72698	1.03622	0.94937	0.81642	2.04570	1.56089	1.19852	9.81670	6.20200	3.32439
6880	0.47096	0.44702	0.27132	2.63709	2.20430	1.80541	9.68680	5.83171	2.72435	1.03069	0.92841	0.81709	2.04023	1.57376	1.21545	9.82829	6.22937	3.33462
7040	0.47314	0.43862	0.28290	2.64594	2.21556	1.81273	9.68649	5.83592	2.74867	1.04207	0.94999	0.84035	2.06232	1.57196	1.21086	9.84103	6.22637	3.32723
7210	0.49302	0.44057	0.27027	2.67095	2.19256	1.82034	9.69339	5.84432	2.74034	1.05187	0.95491	0.84473	2.05136	1.56559	1.21681	9.83644	6.21356	3.33092
7370	0.47501	0.43855	0.27389	2.67382	2.21246	1.79262	9.68335	5.83145	2.71724	1.01828	0.91941	0.80567	2.04297	1.55716	1.19603	9.83471	6.25858	3.31996
7540	0.47309	0.43162	0.27786	2.63308	2.20672	1.78734	9.67240	5.83094	2.71827	1.01918	0.93181	0.81108	2.04481	1.56716	1.21085	9.82036	6.21848	3.33033
7700	0.48417	0.43416	0.27827	2.64840	2.20941	1.80741	9.68928	5.83101	2.72253	1.03351	0.94173	0.84152	2.06366	1.57018	1.21201	9.84419	6.22263	3.32677
7870	0.48256	0.44558	0.28285	2.63688	2.23220	1.82148	9.67682	5.83036	2.72605	1.06106	0.97056	0.83367	2.04516	1.56040	1.20409	9.84245	6.20350	3.29956
8030	0.47076	0.42562	0.27118	2.62905	2.20767	1.79761	9.68232	5.82010	2.71992	1.01778	0.92235	0.81062	2.04614	1.55884	1.19368	9.81182	6.21177	3.32111
8200	0.46423	0.43193	0.28126	2.67048	2.23071	1.79790	9.68689	5.82625	2.71456	1.02024	0.93921	0.83140	2.05105	1.56398	1.21090	9.83033	6.23056	3.33236	25.63	6.1	0.00	7.25	0.01272	0.01288	0.01662	0.00770	0.00574	0.00630	0.00467	0.01264	0.01683	0.00672	0.00690	0.00887	0.01488	0.01095	0.01196	0.00214	0.00607	0.00857
8360	0.48220	0.42948	0.26865	2.65218	2.20072	1.82575	9.68967	5.83718	2.72229	1.03456	0.93889	0.80648	2.04153	1.56696	1.19373	9.82463	6.20929	3.30640
8520	0.47065	0.43025	0.26558	2.64745	2.18692	1.79464	9.68568	5.84471	2.73094	1.02005	0.92920	0.83917	2.05958	1.57923	1.21470	9.83226	6.25027	3.34556
8690	0.47387	0.43593	0.27614	2.64822	2.20275	1.80150	9.65450	5.83343	2.71852	1.02752	0.94822	0.82785	2.03921	1.56844	1.20169	9.84102	6.19835	3.31113
8850	0.46593	0.42638	0.29486	2.65223	2.20751	1.79754	9.69427	5.83582	2.72248	1.01514	0.93099	0.82542	2.03946	1.56281	1.19982	9.82992	6.19894	3.31413
9010	0.47208	0.42322	0.26197	2.66373	2.22325	1.80169	9.66826	5.82079	2.72100	1.00741	0.90808	0.80637	2.03486	1.54968	1.19707	9.82402	6.21173	3.30661
9180	0.46468	0.42503	0.26954	2.66405	2.21619	1.80524	9.70360	5.82211	2.73722	1.01704	0.92764	0.79844	2.05081	1.57620	1.20145	9.82830	6.20772	3.30170
9340	0.46393	0.43317	0.27941	2.63989	2.19224	1.79506	9.67612	5.82726	2.71607	1.00790	0.91610	0.82193	2.03944	1.55782	1.19013	9.80999	6.20600	3.30981
9500	0.47316	0.42647	0.27066	2.67106	2.19528	1.78203	9.71149	5.82259	2.72554	1.02160	0.92014	0.78407	2.04131	1.55758	1.20753	9.84286	6.20497	3.31880
9670	0.47528	0.43665	0.27696	2.63684	2.19095	1.77667	9.70306	5.83690	2.70922	1.01566	0.93638	0.78972	2.04367	1.56598	1.19895	9.82504	6.20826	3.32825
9830	0.46270	0.42656	0.26141	2.64652	2.20151	1.78720	9.69617	5.83055	2.71277	1.00291	0.91978	0.80437	2.04669	1.55476	1.19251	9.78706	6.20659	3.28346	25.63	6.0	0.00	7.21	0.01272	0.01288	0.01662	0.00770	0.00575	0.00630	0.00467	0.01264	0.01684	0.00672	0.00690	0.00887	0.01488	0.01095	0.01196	0.00214	0.00607	0.00857
10000	0.46848	0.42970	0.26936	2.64138	2.17789	1.78774	9.68140	5.82611	2.70740	0.99452	0.90600	0.77892	2.04174	1.56949	1.20546	9.81711	6.19783	3.29999
10160	0.47460	0.42757	0.26723	2.62262	2.19745	1.78884	9.68558	5.83847	2.71209	1.00783	0.91713	0.81737	2.05113	1.57355	1.20559	9.82108	6.19737	3.30890
10330	0.47463	0.43228	0.27800	2.64124	2.21335	1.82614	9.71472	5.84701	2.72547	1.03413	0.91215	0.79655	2.06986	1.57624	1.21930	9.84481	6.23631	3.31433
10490	0.48562	0.44810	0.27830	2.65580	2.26882	1.83074	9.69290	5.85303	2.72428	1.01543	0.92751	0.80238	2.05954	1.56488	1.21163	9.85715	6.23506	3.31304
10660	0.46857	0.43342	0.27248	2.65694	2.19858	1.78327	9.68600	5.84171	2.71201	0.99970	0.93539	0.81323	2.05191	1.57496	1.20539	9.82515	6.20939	3.29328
10820	0.46639	0.43545	0.27387	2.61558	2.18424	1.78490	9.71096	5.83349	2.72062	0.98652	0.89556	0.79337	2.04537	1.56110	1.19578	9.80370	6.19244	3.30472
10990	0.46301	0.43901	0.27299	2.60714	2.16593	1.77510	9.68921	5.83092	2.71577	0.99997	0.89445	0.81804	2.05127	1.55475	1.20171	9.80228	6.19742	3.28523
11150	0.46478	0.42212	0.26444	2.62259	2.19334	1.79476	9.67662	5.82838	2.70916	0.99333	0.90369	0.78635	2.05288	1.55330	1.19601	9.81711	6.19361	3.28794
11320	0.47182	0.42692	0.27432	2.59485	2.17228	1.78998	9.70932	5.82365	2.71856	0.98083	0.89617	0.78872	2.04319	1.55720	1.20391	9.81416	6.21334	3.29606
11480	0.46782	0.42636	0.26796	2.61828	2.18963	1.79580	9.70215	5.84714	2.73303	0.99302	0.92697	0.82106	2.05455	1.57419	1.20850	9.82466	6.21673	3.28749	25.57	6.1	0.00	7.22	0.01272	0.01288	0.01662	0.00770	0.00575	0.00630	0.00467	0.01264	0.01684	0.00672	0.00690	0.00887	0.01488	0.01095	0.01196	0.00214	0.00607	0.00857
11640	0.46605	0.42544	0.26679	2.60781	2.18902	1.79645	9.69324	5.82897	2.72196	1.00887	0.91195	0.80691	2.05606	1.55659	1.20594	9.80372	6.21634	3.30477
11810	0.46767	0.42424	0.28123	2.62751	2.19893	1.78414	9.70930	5.83301	2.71735	1.02013	0.93080	0.80832	2.04082	1.56154	1.19264	9.81794	6.22494	3.30932
11970	0.46223	0.42152	0.26268	2.64817	2.20067	1.80417	9.67643	5.82170	2.71725	0.99926	0.96647	0.81972	2.04110	1.56418	1.19774	9.82283	6.21226	3.30186
12140	0.46889	0.42064	0.28746	2.64155	2.19453	1.80366	9.68973	5.83667	2.72967	1.02316	0.91250	0.80456	2.04886	1.56858	1.19515	9.80981	6.19766	3.28413
12300	0.46559	0.43951	0.26304	2.61542	2.19115	1.78472	9.69209	5.82705	2.71537	1.00538	0.92050	0.79022	2.03830	1.55400	1.20473	9.79722	6.21599	3.29393
12470	0.46296	0.42493	0.26403	2.61409	2.20020	1.79076	9.67522	5.81976	2.71664	0.98250	0.92855	0.80583	2.03581	1.55300	1.18930	9.80880	6.19702	3.29211
12630	0.46109	0.41666	0.25584	2.61353	2.18273	1.80069	9.68211	5.82153	2.72066	0.99460	0.90453	0.79339	2.03839	1.55133	1.19192	9.78150	6.19501	3.32247
12800	0.47478	0.42850	0.26058	2.62452	2.20758	1.80534	9.69088	5.84382	2.71909	0.99547	0.94829	0.78844	2.05762	1.56534	1.20030	9.81388	6.21482	3.30559
12960	0.48276	0.42746	0.26643	2.62097	2.19558	1.80120	9.67733	5.84242	2.72296	1.03014	0.92631	0.81150	2.04489	1.56370	1.20601	9.82588	6.22349	3.33519
13130	0.46779	0.42693	0.26860	2.63630	2.19181	1.80480	9.68919	5.83052	2.71929	1.01162	0.93470	0.81086	2.05072	1.56370	1.22078	9.83674	6.22045	3.31315	25.63	6.0	0.00	7.26	0.01272	0.01288	0.01662	0.00770	0.00575	0.00630	0.00467	0.01264	0.01684	0.00672	0.00690	0.00887	0.01488	0.01095	0.01196	0.00214	0.00607	0.00857
13290	0.48328	0.43367	0.27945	2.64935	2.19616	1.84194	9.69222	5.84417	2.72588	1.04090	0.93893	0.83042	2.05855	1.57243	1.20315	9.81965	6.22991	3.33869
13460	0.47675	0.43136	0.27524	2.64803	2.20182	1.80437	9.72101	5.83281	2.72294	1.02691	0.91828	0.80975	2.04427	1.57018	1.20399	9.83328	6.21185	3.31232
13620	0.47514	0.43762	0.27420	2.64578	2.19034	1.80112	9.69779	5.83577	2.71935	1.00314	0.91497	0.80329	2.04127	1.55348	1.20830	9.80664	6.23077	3.31456
13790	0.47503	0.42513	0.27393	2.64761	2.20096	1.80363	9.68568	5.82897	2.73102	1.02227	0.92868	0.81324	2.04497	1.55134	1.18808	9.83134	6.22013	3.32648
13950	0.45846	0.42496	0.25878	2.62903	2.18936	1.80477	9.68719	5.82689	2.71377	1.02478	0.91058	0.81467	2.03986	1.56343	1.19437	9.82341	6.21374	3.29509
14120	0.47183	0.42980	0.28118	2.64625	2.19895	1.79832	9.69022	5.83236	2.71570	1.01020	0.91219	0.80654	2.05408	1.56379	1.19688	9.83185	6.21111	3.31154
14280	0.47643	0.43762	0.27187	2.65113	2.21816	1.81734	9.68453	5.83633	2.72521	1.03482	0.93865	0.80776	2.05701	1.56676	1.19339	9.85499	6.23976	3.31444
14440	0.46970	0.43728	0.27070	2.65150	2.20565	1.80653	9.70597	5.83887	2.73344	1.01208	0.93905	0.81325	2.05809	1.56794	1.20399	9.82656	6.21570	3.29465
14610	0.46930	0.42998	0.25896	2.66287	2.18842	1.78218	9.70609	5.81980	2.70724	1.01057	0.92708	0.81958	2.04799	1.57068	1.20642	9.83745	6.21538	3.30218
14770	0.47088	0.42638	0.26848	2.63920	2.18169	1.81174	9.69418	5.82687	2.71418	1.02670	0.91844	0.80483	2.04761	1.55924	1.19725	9.81966	6.20929	3.30598	25.63	6.0	0.00	7.23	0.01272	0.01288	0.01662	0.00770	0.00575	0.00630	0.00467	0.01264	0.01684	0.00672	0.00690	0.00887	0.01488	0.01095	0.01196	0.00214	0.00608	0.00857
14940	0.46581	0.42996	0.26364	2.65557	2.23262	1.81662	9.68492	5.82893	2.72128	1.01249	0.92496	0.82989	2.04976	1.56724	1.19749	9.83991	6.19717	3.31464
15100	0.47035	0.43162	0.25888	2.63082	2.20829	1.79406	9.68946	5.82278	2.72186	1.01916	0.94263	0.80037	2.04119	1.55638	1.19040	9.81225	6.24768	3.30649
15260	0.46801	0.41708	0.25972	2.60637	2.20433	1.79680	9.69672	5.82744	2.72180	1.00977	0.92307	0.81011	2.04032	1.55566	1.20313	9.80890	6.19891	3.28469
15430	0.46672	0.42528	0.27179	2.63200	2.20942	1.79724	9.69678	5.83066	2.70537	1.03431	0.93150	0.81649	2.04761	1.56143	1.19514	9.82739	6.24638	3.31127
15590	0.47161	0.42903	0.27333	2.63675	2.20707	1.79625	9.69236	5.84264	2.73419	1.01271	0.91887	0.81668	2.05098	1.56115	1.19998	9.84164	6.21698	3.30319
15750	0.47633	0.44035	0.27943	2.64398	2.21297	1.81030	9.70151	5.83654	2.72612	1.03141	0.93109	0.80332	2.04139	1.55631	1.19666	9.81946	6.19994	3.29164
15920	0.47549	0.42866	0.28160	2.64927	2.20611	1.80814	9.69763	5.85516	2.72230	1.03932	0.97731	0.84232	2.06753	1.57833	1.20502	9.84367	6.23768	3.33203
16080	0.47247	0.42883	0.27199	2.65721	2.20523	1.82270	9.70411	5.83084	2.72324	1.01112	0.92727	0.80059	2.04434	1.56585	1.19554	9.82810	6.22309	3.31881
16240	0.46558	0.42832	0.26284	2.63585	2.19361	1.79552	9.70405	5.84362	2.71535	1.02787	0.94219	0.83802	2.04359	1.56396	1.20473	9.85478	6.21540	3.30537
16410	0.47288	0.42607	0.26829	2.65988	2.19962	1.82641	9.70103	5.84081	2.73783	1.01119	0.93072	0.80954	2.05579	1.55853	1.20090	9.84967	6.23635	3.33398	25.57	6.0	0.00	7.24	0.01272	0.01288	0.01662	0.00770	0.00574	0.00630	0.00467	0.01264	0.01684	0.00672	0.00690	0.00887	0.01488	0.01095	0.01196	0.00214	0.00608	0.00857
16570	0.46882	0.43508	0.27575	2.64971	2.20932	1.83375	9.69824	5.84399	2.74724	1.04031	0.92718	0.81016	2.05143	1.56707	1.20821	9.84345	6.22233	3.32773
16730	0.46204	0.42443	0.27232	2.63975	2.20340	1.82023	9.69539	5.84170	2.72208	1.02716	0.91702	0.80183	2.04221	1.55592	1.19005	9.83571	6.19773	3.28662
16900	0.47726	0.42247	0.26212	2.61978	2.20888	1.77684	9.68486	5.82431	2.71612	0.99230	0.90171	0.82571	2.04767	1.55543	1.19311	9.81141	6.18425	3.29144
17060	0.46200	0.43245	0.27084	2.64494	2.19286	1.78524	9.69061	5.82781	2.73292	1.00418	0.92745	0.83167	2.05231	1.56919	1.20066	9.82594	6.26677	3.32122
17220	0.46907	0.42507	0.27591	2.67002	2.20519	1.85059	9.68819	5.84809	2.72688	1.04093	0.97015	0.84071	2.06107	1.58159	1.22541	9.83418	6.22071	3.30584
17390	0.47469	0.44691	0.28566	2.68850	2.21664	1.81414	9.70606	5.84616	2.72540	1.01671	0.94208	0.82792	2.06604	1.59807	1.23510	9.84967	6.24842	3.34957
17550	0.48606	0.44409	0.27788	2.66260	2.24895	1.85497	9.69891	5.82949	2.73879	1.02211	0.94109	0.84722	2.07529	1.57678	1.20863	9.84253	6.23170	3.35005
17710	0.47966	0.44150	0.28115	2.65411	2.23235	1.80767	9.71424	5.84188	2.72018	1.02993	0.93889	0.81693	2.05365	1.56165	1.19977	9.86018	6.26341	3.33461
17880	0.46863	0.42798	0.28003	2.63324	2.20860	1.89240	9.71667	5.84872	2.73247	1.03393	0.93212	0.80646	2.04622	1.56054	1.20687	9.84050	6.24568	3.34347
18040	0.47787	0.43379	0.27763	2.68505	2.23652	1.84321	9.70078	5.87702	2.73960	1.08710	0.99423	0.88078	2.10354	1.61545	1.25375	9.90658	6.28944	3.39838	25.57	6.1	0.00	7.26	0.01272	0.01288	0.01662	0.00770	0.00574	0.00630	0.00467	0.01264	0.01684	0.00672	0.00691	0.00887	0.01488	0.01095	0.01196	0.00214	0.00608	0.00857
18210	0.51823	0.47470	0.31129	2.68552	2.26420	1.84695	9.74791	5.85431	2.77425	1.08734	1.00874	0.88463	2.08134	1.59380	1.22532	9.90391	6.26194	3.37527
18370	0.50062	0.46965	0.28036	2.70106	2.21698	1.84842	9.74322	5.86506	2.74812	1.05789	0.98259	0.87014	2.05169	1.57955	1.21153	9.84550	6.23606	3.34548
18530	0.47286	0.44217	0.27846	2.66484	2.24005	1.87248	9.70460	5.84706	2.73885	1.08607	0.97140	0.82412	2.06452	1.58271	1.21499	9.83408	6.25419	3.35511
18700	0.47000	0.44331	0.30292	2.69718	2.23819	1.86764	9.71006	5.86855	2.72895	1.09731	0.96035	0.86898	2.06464	1.57264	1.22448	9.85826	6.22737	3.32936
18860	0.47251	0.43854	0.28166	2.65569	2.24449	1.81603	9.69824	5.84058	2.71489	1.03921	0.94066	0.83013	2.06926	1.56708	1.20265	9.80814	6.22186	3.34906
19030	0.47601	0.43588	0.26607	2.65001	2.23400	1.82029	9.70018	5.84089	2.72380	1.04724	0.95448	0.81940	2.05413	1.57621	1.21375	9.83724	6.20435	3.32071
19190	0.47900	0.43974	0.28935	2.66636	2.21456	1.84901	9.71485	5.85064	2.73949	1.02825	0.95951	0.82886	2.05025	1.57773	1.20617	9.84407	6.25283	3.32992
19350	0.48697	0.43996	0.27242	2.64454	2.21577	1.82441	9.71612	5.84053	2.72976	1.01568	0.92965	0.81947	2.05283	1.56998	1.21346	9.83826	6.20102	3.34087
19520	0.46364	0.43738	0.26640	2.68073	2.23071	1.81316	9.71546	5.82535	2.72540	1.01278	0.92146	0.81225	2.03888	1.56073	1.19378	9.81576	6.20821	3.32556
19680	0.47355	0.43121	0.27453	2.63947	2.20625	1.79802	9.70048	5.84563	2.72339	1.02008	0.92429	0.80819	2.05141	1.56721	1.21065	9.82578	6.23016	3.32986	25.63	6.1	0.00	7.26	0.01272	0.01288	0.01662	0.00770	0.00574	0.00630	0.00467	0.01264	0.01684	0.00672	0.00691	0.00887	0.01488	0.01095	0.01196	0.00213	0.00608	0.00857
19850	0.47648	0.43473	0.26710	2.67497	2.19681	1.82641	9.68770	5.83514	2.72437	1.01521	0.91564	0.80394	2.05836	1.55784	1.19907	9.81224	6.20765	3.32677
20010	0.47534	0.44067	0.27590	2.65641	2.22143	1.83092	9.68637	5.83266	2.72388	1.03394	0.94373	0.81270	2.04238	1.55595	1.21223	9.82344	6.21745	3.30977
20170	0.46452	0.43378	0.27896	2.63178	2.20930	1.79796	9.70114	5.82876	2.71951	1.01773	0.93964	0.81450	2.05399	1.56994	1.19989	9.83739	6.21290	3.38051
20340	0.48816	0.43795	0.29219	2.67630	2.25970	1.84814	9.71916	5.85336	2.73339	1.02143	0.92869	0.79333	2.06484	1.58674	1.21709	9.80401	6.21344	3.60125
20500	0.47623	0.43229	0.27484	2.64337	2.20960	1.81197	9.69200	5.83290	2.72371	1.03590	0.94234	0.79343	2.04255	1.56079	1.20526	9.80584	6.21887	3.32072
20670	0.49561	0.43509	0.26629	2.63513	2.20856	1.81435	9.69370	5.82576	2.72919	1.03938	0.94501	0.81506	2.05846	1.56779	1.19611	9.82894	6.25255	3.32145
20830	0.47447	0.44376	0.27338	2.66657	2.20951	1.81792	9.71758	5.85448	2.73371	1.01572	0.95097	0.82349	2.06232	1.55330	1.20190	9.83485	6.20465	3.31018
21000	0.47363	0.42941	0.26817	2.66506	2.18984	1.81125	9.67706	5.83326	2.72159	1.03097	0.94699	0.82080	2.04953	1.56413	1.20650	9.81794	6.22691	3.34048
21160	0.46674	0.42574	0.26854	2.65747	2.20017	1.80269	9.68891	5.83699	2.72044	1.03778	0.93547	0.82133	2.03803	1.56641	1.19749	9.84168	6.23688	3.32626
21330	0.47746	0.44029	0.27281	2.68279	2.25431	1.84512	9.69372	5.83487	2.72083	1.02528	0.93442	0.81718	2.04868	1.56371	1.20988	9.82102	6.20617	3.32092	25.57	6.1	0.00	7.18	0.01272	0.01289	0.01662	0.00770	0.00574	0.00630	0.00467	0.01264	0.01684	0.00672	0.00691	0.00887	0.01488	0.01095	0.01196	0.00214	0.00607	0.00857
21490	0.46725	0.43941	0.26992	2.65806	2.21551	1.82760	9.70159	5.83898	2.71975	1.05560	0.94724	0.82196	2.04789	1.56053	1.20487	9.81533	6.22140	3.31269
21650	0.46633	0.43708	0.26995	2.65404	2.21832	1.81671	9.68083	5.83604	2.71523	1.01878	0.93699	0.81895	2.04595	1.55998	1.21288	9.81472	6.22118	3.32019
21820	0.47300	0.43981	0.27027	2.63341	2.21434	1.81612	9.71487	5.85218	2.73153	1.03669	0.93259	0.83384	2.04321	1.56823	1.20307	9.83833	6.23144	3.33579
21980	0.47426	0.43015	0.26573	2.65535	2.20991	1.83696	9.69608	5.82906	2.72307	1.04504	0.94988	0.84983	2.04884	1.56373	1.20337	9.83751	6.21931	3.31485
22150	0.48104	0.43889	0.27152	2.65274	2.22179	1.80004	9.70874	5.83597	2.71800	1.05432	0.94597	0.83377	2.04435	1.55890	1.19273	9.84179	6.22467	3.33764
22310	0.46854	0.43252	0.26482	2.64798	2.20419	1.81853	9.69281	5.83561	2.71677	1.02486	0.95191	0.83927	2.05010	1.56799	1.20795	9.82702	6.21025	3.32109
22470	0.49270	0.44541	0.27433	2.66437	2.24476	1.81217	9.70474	5.84562	2.72414	1.02291	0.94681	0.84521	2.04674	1.57042	1.21171	9.84659	6.24202	3.35833
22640	0.48070	0.43609	0.26599	2.67645	2.23691	1.87750	9.70159	5.83330	2.72185	1.03353	0.97736	0.83005	2.05377	1.57330	1.20674	9.83374	6.21228	3.33328
22800	0.48812	0.44280	0.27563	2.66247	2.23180	1.80775	9.69602	5.85201	2.72695	1.01337	0.92881	0.81558	2.05155	1.55760	1.19560	9.82051	6.20067	3.31583
22970	0.46886	0.43117	0.27092	2.63706	2.21802	1.80941	9.66798	5.83065	2.71006	1.00915	0.94805	0.81540	2.04288	1.56332	1.20619	9.83741	6.23495	3.34136	25.57	6.2	0.00	7.16	0.01272	0.01288	0.01662	0.00770	0.00574	0.00630	0.00467	0.01264	0.01684	0.00672	0.00691	0.00887	0.01488	0.01095	0.01196	0.00214	0.00608	0.00857
23130	0.47424	0.42686	0.27300	2.66462	2.22040	1.81623	9.68527	5.83072	2.72169	1.03129	0.95348	0.80469	2.05466	1.56226	1.19879	9.81533	6.22181	3.34335
23290	0.47269	0.42258	0.26224	2.63698	2.18895	1.79502	9.69301	5.82921	2.71093	1.01973	0.91984	0.79607	2.03917	1.56826	1.19055	9.81360	6.19861	3.31347
23460	0.46421	0.43196	0.27003	2.64689	2.20794	1.80421	9.70900	5.84781	2.72855	1.02260	0.93136	0.79371	2.05044	1.56046	1.20092	9.83171	6.22125	3.30203
23620	0.46995	0.43397	0.26805	2.65892	2.18468	1.79317	9.69356	5.83617	2.72330	1.01430	0.93263	0.83364	2.04664	1.56125	1.19901	9.82947	6.23212	3.33124
23790	0.47420	0.42395	0.27101	2.63408	2.20857	1.81011	9.72126	5.83842	2.72977	1.01822	0.93273	0.80529	2.05625	1.58508	1.19902	9.80923	6.21754	3.31916
23950	0.47266	0.43743	0.28370	2.65365	2.24072	1.79551	9.69005	5.84430	2.72317	1.00579	0.92423	0.80938	2.04317	1.56960	1.20508	9.81370	6.19574	3.30873
24110	0.45853	0.42405	0.26581	2.65005	2.20724	1.80993	9.68490	5.82787	2.72394	1.04460	0.92049	0.81878	2.04456	1.56700	1.21988	9.82967	6.21577	3.30801
24280	0.46860	0.43514	0.26762	2.66624	2.23890	1.81699	9.70664	5.85140	2.72277	1.06918	0.99937	0.88651	2.05382	1.56043	1.20368	9.87784	6.26966	3.36791
24440	0.47444	0.44654	0.27772	2.64886	2.28491	1.83602	9.68013	5.83755	2.73892	1.06520	0.98660	0.84903	2.04179	1.57399	1.20275	9.88971	6.24049	3.36313
24610	0.48241	0.43614	0.27502	2.68081	2.24534	1.85182	9.69962	5.85378	2.73471	1.07739	0.98919	0.89755	2.06111	1.57542	1.21097	9.86581	6.25912	3.37723	25.57	6.0	0.00	7.22	0.01272	0.01288	0.01662	0.00770	0.00574	0.00630	0.00467	0.01264	0.01684	0.00672	0.00691	0.00887	0.01488	0.01095	0.01196	0.00214	0.00608	0.00857
24770	0.47782	0.45677	0.27610	2.66519	2.24864	1.80905	9.70725	5.83886	2.71523	1.04970	0.96956	0.83777	2.05240	1.57470	1.20922	9.86826	6.25925	3.35863
24930	0.47518	0.43470	0.26644	2.68932	2.21857	1.83339	9.69568	5.83733	2.72910	1.02812	0.94523	0.84064	2.04984	1.56555	1.20104	9.83869	6.23300	3.30904
25100	0.47701	0.43815	0.26741	2.64682	2.21416	1.81026	9.72054	5.83766	2.72350	1.02749	0.92774	0.83206	2.07099	1.57219	1.20813	9.82596	6.22904	3.33060
25260	0.46636	0.42829	0.26041	2.63738	2.20705	1.81476	9.68509	5.83546	2.71535	1.02534	0.92743	0.81946	2.03778	1.56534	1.19296	9.85275	6.22280	3.33397
25420	0.47242	0.43546	0.26882	2.65499	2.19028	1.79621	9.68582	5.83845	2.72910	1.01312	0.93654	0.79720	2.04744	1.55955	1.19736	9.83013	6.22496	3.31490
25590	0.46837	0.42682	0.25933	2.63690	2.19554	1.82352	9.68751	5.85063	2.72090	1.02105	0.95866	0.83975	2.04383	1.56864	1.20293	9.82932	6.23064	3.32304
25750	0.47252	0.43250	0.27231	2.65264	2.21391	1.82324	9.70707	5.85142	2.73444	1.01049	0.92706	0.80282	2.05469	1.57008	1.20869	9.84531	6.21941	3.30606
25910	0.47420	0.44527	0.27162	2.65350	2.21229	1.80068	9.69701	5.82363	2.71936	1.01649	0.92332	0.81034	2.04317	1.55801	1.20566	9.83655	6.18949	3.33980
26070	0.46195	0.42628	0.27174	2.65710	2.23459	1.81949	9.69241	5.83053	2.72107	1.02463	0.93635	0.81137	2.04631	1.56376	1.20584	9.84368	6.22693	3.31413
26240	0.47285	0.43481	0.26667	2.63379	2.19483	1.81156	9.68099	5.82976	2.71466	1.04033	0.94010	0.80401	2.03945	1.56833	1.20880	9.83533	6.22727	3.30178	25.57	6.2	0.00	7.30	0.01272	0.01289	0.01662	0.00770	0.00575	0.00630	0.00467	0.01264	0.01684	0.00672	0.00690	0.00887	0.01488	0.01095	0.01196	0.00214	0.00608	0.00857
26400	0.47013	0.41918	0.25680	2.64265	2.20588	1.80848	9.69466	5.82430	2.70968	1.03294	0.93858	0.84044	2.04840	1.55791	1.19813	9.81794	6.20143	3.31609
26570	0.46745	0.42086	0.26384	2.66300	2.19586	1.80737	9.69230	5.83260	2.72153	1.02990	0.93858	0.82922	2.04556	1.56147	1.20509	9.82505	6.21596	3.32427
26730	0.47379	0.43933	0.26790	2.66889	2.19738	1.79037	9.67942	5.82462	2.70924	1.01094	0.93230	0.81031	2.04433	1.55927	1.19258	9.84634	6.21312	3.30514
26900	0.46629	0.42678	0.26302	2.66685	2.22200	1.80876	9.67162	5.83512	2.72537	1.03335	0.93943	0.82443	2.04486	1.56891	1.20030	9.84083	6.24723	3.31596
27060	0.47262	0.43475	0.27815	2.62974	2.18822	1.80417	9.68583	5.83637	2.71742	1.02790	0.93665	0.80506	2.05793	1.55840	1.19910	9.82678	6.21604	3.31656
27220	0.47136	0.43641	0.26204	2.64079	2.19960	1.79890	9.68710	5.82705	2.71734	1.01387	0.93398	0.81252	2.04394	1.56813	1.19149	9.83320	6.22044	3.31822
27390	0.47057	0.43526	0.25741	2.66560	2.22892	1.82045	9.71496	5.84066	2.73440	1.01393	0.94075	0.80088	2.05263	1.55852	1.19788	9.82821	6.22103	3.35568
27550	0.46842	0.43358	0.26734	2.65239	2.20197	1.81860	9.68716	5.84271	2.72066	1.03224	0.92634	0.82605	2.05069	1.57467	1.20990	9.82811	6.22479	3.31807
27720	0.47456	0.42909	0.26627	2.65023	2.21621	1.79143	9.69048	5.84392	2.72764	1.01326	0.92022	0.81580	2.05087	1.56365	1.20864	9.82424	6.21928	3.33375
27880	0.46705	0.42867	0.26495	2.63381	2.20870	1.81999	9.68314	5.85825	2.72152	1.03530	0.94194	0.83472	2.04953	1.58281	1.20729	9.85189	6.23487	3.33055	25.57	6.2	0.00	7.22	0.01272	0.01288	0.01662	0.00770	0.00574	0.00630	0.00467	0.01264	0.01684	0.00672	0.00690	0.00887	0.01488	0.01095	0.01196	0.00214	0.00608	0.00857
28050	0.46391	0.44220	0.27000	2.64436	2.22493	1.83352	9.70257	5.83905	2.72860	1.04633	0.93763	0.84062	2.06752	1.57374	1.21237	9.85291	6.23312	3.33776
28210	0.48639	0.44621	0.28434	2.66222	2.22880	1.85807	9.71724	5.84467	2.73769	1.05780	0.99172	0.80701	2.05604	1.57070	1.20820	9.82603	6.20332	3.35645
28380	0.47809	0.44034	0.27733	2.66974	2.23699	1.83020	9.71287	5.83996	2.73422	1.03147	0.97355	0.81809	2.06202	1.58572	1.21462	9.86128	6.25603	3.32818
28540	0.47389	0.43006	0.27153	2.64913	2.20926	1.82413	9.69185	5.83778	2.72134	1.04047	0.94681	0.82208	2.05357	1.56868	1.19546	9.83203	6.24903	3.33919
28700	0.48514	0.44324	0.29331	2.64689	2.23010	1.83716	9.73521	5.86559	2.74494	1.02956	0.93719	0.81913	2.07992	1.58376	1.21162	9.84904	6.22710	3.33287
28870	0.49976	0.44582	0.27984	2.65497	2.23037	1.81165	9.70075	5.84205	2.72821	1.04913	0.95766	0.85397	2.05520	1.56440	1.21700	9.89921	6.25862	3.34408
29030	0.48260	0.43579	0.27689	2.72184	2.22008	1.84888	9.71681	5.86496	2.73307	1.05124	0.94151	0.82523	2.05180	1.57820	1.22004	9.87302	6.29027	3.34598
29190	0.49149	0.44041	0.27327	2.64692	2.24730	1.85937	9.71493	5.87438	2.74573	1.06030	1.02031	0.85491	2.06566	1.58050	1.21515	9.93019	6.26161	3.38121
29360	0.50503	0.44972	0.29257	2.76720	2.27795	1.81613	9.72422	5.84985	2.73472	1.07057	0.98223	0.83530	2.06307	1.58473	1.21245	9.85791	6.27751	3.35288
29520	0.50337	0.43608	0.27316	2.68451	2.23011	1.85246	9.67863	5.84991	2.73758	1.05513	0.99200	0.85426	2.06235	1.57885	1.20573	9.87183	6.23765	3.34292	25.57	6.1	0.00	7.27	0.01272	0.01288	0.01662	0.00770	0.00575	0.00630	0.00467	0.01264	0.01684	0.00672	0.00690	0.00887	0.01488	0.01095	0.01196	0.00214	0.00608	0.00857
29690	0.48710	0.43285	0.26747	2.66368	2.23344	1.81609	9.71253	5.82300	2.73332	1.04284	0.93235	0.81072	2.05056	1.57342	1.20101	9.82770	6.21243	3.31226
29850	0.47712	0.44109	0.26977	2.63417	2.22292	1.81994	9.69992	5.84315	2.72855	1.02008	0.95142	0.84595	2.06057	1.56375	1.19890	9.84327	6.23834	3.30911
30020	0.47875	0.43141	0.26882	2.65123	2.20673	1.81702	9.69829	5.83503	2.71860	1.06280	0.94294	0.86047	2.05621	1.56146	1.20161	9.86520	6.27258	3.35375
30180	0.47264	0.43441	0.28069	2.66577	2.26825	1.82142	9.70525	5.85401	2.73719	1.05150	0.93733	0.84749	2.04934	1.56628	1.19404	9.82211	6.21790	3.31560
30340	0.47884	0.42631	0.26519	2.64751	2.20477	1.81567	9.70289	5.82974	2.71497	1.01752	0.90520	0.79377	2.05382	1.56195	1.20868	9.83442	6.22626	3.33114
30510	0.47586	0.43387	0.28007	2.63977	2.19647	1.79209	9.69780	5.84619	2.72858	1.01907	0.91018	0.82144	2.05329	1.56703	1.19817	9.83350	6.22181	3.31904
30670	0.47528	0.43266	0.26326	2.63637	2.21756	1.82193	9.69593	5.83208	2.71990	1.03165	0.94001	0.80039	2.05190	1.56938	1.19702	9.82628	6.23474	3.32004
30840	0.47274	0.44485	0.28061	2.65477	2.21671	1.80703	9.71204	5.84676	2.72943	1.02466	0.93937	0.80734	2.05676	1.57147	1.20250	9.83778	6.21326	3.30379
31000	0.47719	0.43383	0.27920	2.61898	2.18830	1.79780	9.66577	5.85112	2.73003	1.02367	0.90938	0.79428	2.03560	1.56302	1.19647	9.82659	6.21139	3.32625
31170	0.46517	0.42428	0.26228	2.62655	2.18287	1.79834	9.68043	5.82683	2.72119	1.00792	0.91177	0.79980	2.04312	1.55744	1.19488	9.83190	6.22872	3.32899	25.57	6.1	0.00	7.31	0.01272	0.01288	0.01662	0.00770	0.00574	0.00630	0.00467	0.01264	0.01684	0.00672	0.00690	0.00887	0.01488	0.01095	0.01196	0.00214	0.00608	0.00857
31330	0.47206	0.43568	0.27858	2.64046	2.20493	1.80773	9.71082	5.83503	2.71802	1.02679	0.93443	0.80712	2.03993	1.55580	1.19357	9.85125	6.22191	3.32080
31500	0.46641	0.43204	0.27191	2.63107	2.20432	1.82034	9.71076	5.83274	2.73316	1.02085	0.92670	0.81561	2.05581	1.56511	1.20753	9.83444	6.21827	3.32577
31660	0.48549	0.44313	0.27889	2.64008	2.20852	1.81103	9.71397	5.83120	2.72667	1.02427	0.93397	0.81149	2.06260	1.57158	1.21264	9.84575	6.24284	3.35335
31820	0.47830	0.43758	0.28832	2.66162	2.19740	1.81374	9.72362	5.84737	2.72257	1.02528	0.92723	0.81493	2.05674	1.57597	1.21508	9.83567	6.21820	3.32210
31990	0.49223	0.42847	0.28009	2.65872	2.22390	1.81532	9.69918	5.85566	2.72303	1.04419	0.93893	0.83479	2.04987	1.56738	1.22286	9.87973	6.27009	3.33290
32150	0.48040	0.44021	0.28858	2.64072	2.22087	1.81131	9.71361	5.84140	2.72918	1.05540	0.93002	0.86469	2.05984	1.57415	1.24267	9.88985	6.27533	3.31767
32320	0.50275	0.45540	0.29927	2.72041	2.29609	1.86213	9.72665	5.89198	2.77622	1.12146	1.01509	0.92008	2.11009	1.63057	1.26906	9.93940	6.39352	3.43697
32480	0.54353	0.50600	0.34495	2.81726	2.34867	1.93848	9.73121	5.86245	2.78172	1.11171	1.02771	0.92247	2.09653	1.62614	1.22940	9.94866	6.27248	3.36544
32650	0.51105	0.46488	0.30375	2.69757	2.27338	1.87453	9.74628	5.86630	2.73667	1.05874	0.96511	0.83099	2.07359	1.59367	1.20782	9.83139	6.24937	3.33306
32810	0.47443	0.44543	0.27032	2.66990	2.22514	1.84043	9.70037	5.84085	2.73421	1.08660	0.99879	0.85964	2.06127	1.58309	1.21662	9.86212	6.26553	3.36926	25.57	6.1	0.00	7.38	0.01272	0.01289	0.01662	0.00770	0.00575	0.00630	0.00467	0.01264	0.01684	0.00672	0.00690	0.00887	0.01488	0.01095	0.01196	0.00214	0.00608	0.00857
32970	0.49081	0.46021	0.29171	2.71633	2.33648	1.87846	9.71813	5.85960	2.73542	1.03734	0.97267	0.84696	2.07137	1.58989	1.22750	9.85733	6.22367	3.31167
33140	0.49731	0.44597	0.29264	2.68209	2.26339	1.84659	9.72038	5.86596	2.75190	1.05118	0.96712	0.83379	2.06826	1.57698	1.21577	9.87457	6.25212	3.37513
33300	0.47253	0.44394	0.27768	2.70881	2.26733	1.83375	9.70116	5.85990	2.74443	1.05960	0.95402	0.83344	2.05872	1.59553	1.20048	9.85182	6.24352	3.31715
33470	0.47770	0.45280	0.27490	2.66576	2.22356	1.80914	9.70316	5.83138	2.72091	1.01817	0.98704	0.83667	2.04575	1.55770	1.19984	9.84571	6.25387	3.34142
33630	0.48551	0.45498	0.27744	2.65493	2.24248	1.85406	9.70928	5.84727	2.72804	1.01865	0.94990	0.82760	2.06641	1.57197	1.21606	9.85162	6.24054	3.32277
33800	0.48828	0.43973	0.27134	2.67448	2.22310	1.81597	9.70261	5.83756	2.73695	1.05711	0.94851	0.82921	2.06065	1.57155	1.21062	9.85457	6.24626	3.32709
33960	0.48550	0.44725	0.28265	2.66013	2.22873	1.82033	9.69129	5.83939	2.72668	1.03299	0.96186	0.82616	2.06285	1.57384	1.20403	9.86589	6.24401	3.32926
34120	0.47752	0.44387	0.28315	2.65021	2.25647	1.81924	9.69474	5.85342	2.73486	1.04290	0.97887	0.86170	2.07814	1.60977	1.24188	9.87856	6.28114	3.32690
34290	0.49458	0.45766	0.28698	2.71146	2.22935	1.86712	9.69898	5.85379	2.73713	1.06101	0.96890	0.85607	2.06566	1.59584	1.22488	9.85070	6.23555	3.31704
34450	0.50665	0.44110	0.27977	2.66565	2.24327	1.84713	9.69823	5.85197	2.71536	1.05723	0.97365	0.85812	2.05023	1.56949	1.20718	9.86860	6.22467	3.36516	25.51	6.3	0.00	7.23	0.01272	0.01289	0.01662	0.00770	0.00575	0.00630	0.00467	0.01264	0.01684	0.00672	0.00691	0.00887	0.01488	0.01095	0.01196	0.00214	0.00608	0.00857
34620	0.47341	0.44560	0.28306	2.69159	2.21929	1.82487	9.69526	5.84553	2.73173	1.02000	0.95166	0.83206	2.06100	1.58294	1.22366	9.85524	6.24881	3.34050
34780	0.47635	0.45611	0.28468	2.65144	2.23533	1.86364	9.71446	5.83934	2.74781	1.06990	0.95063	0.83774	2.06864	1.57935	1.21246	9.87697	6.27029	3.34863
34940	0.48462	0.43233	0.27352	2.68459	2.22100	1.83840	9.71398	5.83323	2.72708	1.04802	0.94288	0.83779	2.05491	1.55735	1.19951	9.84699	6.22772	3.29948
35110	0.47420	0.43258	0.26594	2.65071	2.22583	1.80240	9.71574	5.84142	2.71452	1.00172	0.92765	0.81367	2.04065	1.57047	1.20294	9.83426	6.23173	3.29871
35270	0.47375	0.42092	0.26288	2.66746	2.23779	1.82075	9.69871	5.83425	2.70582	1.05540	0.96114	0.81015	2.03907	1.55315	1.20601	9.83132	6.21473	3.30912
35440	0.47421	0.43275	0.26733	2.62765	2.19964	1.80313	9.69417	5.83646	2.70534	1.01624	0.90999	0.80589	2.05258	1.56456	1.19486	9.83864	6.22015	3.33469
35600	0.46950	0.43601	0.27307	2.67745	2.22186	1.81465	9.70677	5.85268	2.72954	1.03502	0.93659	0.83990	2.05020	1.57148	1.19374	9.86880	6.22947	3.31591
35760	0.47478	0.43848	0.27734	2.65655	2.23944	1.82325	9.70410	5.86125	2.74295	1.06670	0.94949	0.82577	2.05218	1.57703	1.20116	9.86727	6.26119	3.32548
35930	0.47880	0.44570	0.28054	2.67691	2.23894	1.83528	9.70343	5.85128	2.72367	1.04831	0.96591	0.85044	2.04676	1.57944	1.22315	9.89507	6.27343	3.36025
36090	0.48787	0.44215	0.27420	2.67580	2.22411	1.81906	9.70074	5.84681	2.73770	1.05827	0.95497	0.84444	2.05696	1.57089	1.21839	9.85798	6.26520	3.35072	25.57	6.2	0.00	7.19	0.01272	0.01288	0.01662	0.00770	0.00575	0.00630	0.00467	0.01264	0.01684	0.00672	0.00691	0.00887	0.01488	0.01095	0.01196	0.00214	0.00608	0.00857
36260	0.47289	0.43722	0.27520	2.66341	2.22049	1.83828	9.70553	5.84072	2.73155	1.04358	0.97668	0.83867	2.04277	1.57460	1.21755	9.83240	6.23373	3.31415
36420	0.47566	0.44109	0.28651	2.65514	2.25635	1.82401	9.70250	5.84284	2.72817	1.03267	0.94115	0.80782	2.05367	1.57111	1.21120	9.84248	6.23127	3.33135
36580	0.47570	0.43928	0.27174	2.65960	2.23069	1.83926	9.68126	5.83476	2.72552	1.05297	0.97909	0.82440	2.06219	1.56512	1.19847	9.83332	6.21176	3.31575
36750	0.46401	0.43821	0.26342	2.69063	2.24033	1.83037	9.70486	5.83790	2.72887	1.03225	0.94791	0.82807	2.05186	1.57197	1.20246	9.83718	6.21989	3.31847
36910	0.46844	0.43214	0.27171	2.63851	2.20527	1.79503	9.70238	5.82952	2.71860	1.01397	0.94071	0.81919	2.04816	1.55962	1.19816	9.82965	6.22456	3.33687
37080	0.46347	0.42813	0.26331	2.64358	2.21674	1.82812	9.70292	5.83741	2.71788	1.04204	0.94697	0.81268	2.04523	1.55700	1.20244	9.84330	6.21621	3.32925
37240	0.46957	0.43421	0.26725	2.63495	2.21231	1.81050	9.68488	5.83666	2.72766	1.02765	0.95674	0.82288	2.04159	1.56156	1.19228	9.84105	6.25725	3.31836
37400	0.47143	0.42849	0.26844	2.64125	2.20186	1.80862	9.69323	5.83937	2.74779	1.03592	0.93304	0.82804	2.04259	1.57429	1.20423	9.83871	6.21233	3.29443
37570	0.46713	0.43028	0.26373	2.65110	2.21283	1.80811	9.69826	5.83927	2.72237	1.01019	0.92975	0.80341	2.04905	1.57269	1.19383	9.83535	6.19776	3.30054
37730	0.47240	0.42727	0.27352	2.63906	2.21423	1.79254	9.71492	5.84123	2.72255	1.00959	0.91901	0.81744	2.03379	1.55489	1.19678	9.82504	6.22110	3.31808	25.57	6.0	0.00	7.25	0.01272	0.01288	0.01662	0.00770	0.00574	0.00630	0.00467	0.01264	0.01684	0.00672	0.00691	0.00887	0.01488	0.01095	0.01196	0.00214	0.00608	0.00857
37900	0.47258	0.42931	0.27140	2.64564	2.21455	1.84802	9.71595	5.84317	2.73519	1.02430	0.94847	0.81637	2.04522	1.56844	1.19018	9.83359	6.21331	3.31985
38060	0.46605	0.42868	0.25659	2.64949	2.19776	1.80934	9.71128	5.82705	2.72155	1.00282	0.91968	0.81878	2.05297	1.56157	1.19537	9.81548	6.21977	3.30753
38220	0.47034	0.42829	0.27011	2.65408	2.21362	1.79484	9.67660	5.83189	2.72158	1.00964	0.93121	0.81486	2.04905	1.56105	1.19932	9.82402	6.21201	3.32177
38390	0.47230	0.42661	0.26486	2.63034	2.19111	1.79535	9.72864	5.85233	2.72055	1.04586	0.94828	0.82358	2.04875	1.55739	1.19038	9.83991	6.21299	3.32102
38550	0.46666	0.42890	0.26275	2.63293	2.18471	1.79341	9.69626	5.83574	2.71444	1.01326	0.93050	0.80394	2.04336	1.56298	1.20906	9.81578	6.20678	3.30900
38710	0.47238	0.43931	0.27265	2.64412	2.20169	1.83153	9.70595	5.83877	2.72869	1.04769	0.92959	0.80054	2.04341	1.55832	1.19787	9.83043	6.23819	3.32479
38880	0.46815	0.42672	0.25986	2.65530	2.20881	1.83044	9.70613	5.83328	2.72410	1.05569	0.93930	0.82246	2.04200	1.56656	1.19656	9.83379	6.22756	3.31621
39040	0.46732	0.42731	0.27229	2.63696	2.20587	1.80747	9.69856	5.84409	2.71965	1.00445	0.92956	0.80336	2.04777	1.56690	1.20454	9.84449	6.21866	3.32088
39210	0.47819	0.43034	0.26799	2.64921	2.21362	1.81467	9.72129	5.85035	2.72261	1.01414	0.95646	0.79649	2.04495	1.56299	1.20738	9.83817	6.22515	3.30845
39370	0.47563	0.43521	0.27136	2.62426	2.20575	1.80700	9.71847	5.83874	2.72211	1.01611	0.92606	0.79919	2.06873	1.56605	1.20450	9.84783	6.23098	3.32001	25.57	6.2	0.00	7.19	0.01272	0.01288	0.01662	0.00770	0.00574	0.00630	0.00467	0.01264	0.01684	0.00672	0.00691	0.00887	0.01488	0.01095	0.01196	0.00214	0.00608	0.00857
39540	0.47189	0.42476	0.26679	2.63744	2.19964	1.80900	9.73468	5.85884	2.73478	1.01246	0.96010	0.80424	2.05129	1.56854	1.20105	9.82827	6.23940	3.33099
39700	0.48325	0.43494	0.27236	2.62699	2.19277	1.80650	9.70300	5.85049	2.72521	1.02641	0.95228	0.81920	2.04925	1.57074	1.20596	9.82511	6.22872	3.31906
39860	0.47007	0.44274	0.27979	2.63497	2.20742	1.82929	9.70597	5.85743	2.73048	1.02575	0.95954	0.80698	2.06350	1.57855	1.20526	9.82837	6.21623	3.35647
40030	0.47777	0.43191	0.29212	2.64303	2.20749	1.80691	9.69005	5.85495	2.72108	1.01888	0.91820	0.82355	2.06092	1.55946	1.19843	9.83682	6.21557	3.31906
40190	0.46599	0.43018	0.27018	2.62538	2.19752	1.79235	9.71604	5.84056	2.71658	1.00930	0.92765	0.77984	2.04007	1.55707	1.20394	9.81718	6.19445	3.28688
40350	0.46555	0.42040	0.26291	2.64312	2.18211	1.79400	9.71167	5.83634	2.71238	0.99938	0.89464	0.78362	2.05041	1.56197	1.20175	9.82206	6.19271	3.29842
40520	0.46565	0.42368	0.25917	2.62890	2.18473	1.79263	9.70452	5.85396	2.71738	1.00366	0.90443	0.79171	2.05478	1.57113	1.22173	9.83071	6.20845	3.29521
40680	0.47676	0.43696	0.26656	2.60979	2.17187	1.79259	9.73195	5.84808	2.72259	1.01708	0.93630	0.81835	2.04605	1.56550	1.20176	9.82766	6.21837	3.28495
40850	0.47937	0.42217	0.27492	2.63548	2.20500	1.79225	9.72496	5.85438	2.72447	1.00504	0.92244	0.80113	2.04598	1.55187	1.20174	9.84436	6.22309	3.31091
41010	0.46029	0.41893	0.26817	2.62606	2.21177	1.79849	9.71345	5.84098	2.71567	1.02018	0.91158	0.78565	2.04213	1.56491	1.19708	9.84740	6.20489	3.28477	25.57	6.1	0.00	7.31	0.01272	0.01288	0.01662	0.00770	0.00574	0.00630	0.00467	0.01264	0.01684	0.00672	0.00691	0.00887	0.01488	0.01095	0.01196	0.00214	0.00608	0.00857
41170	0.46648	0.42640	0.26413	2.63498	2.22952	1.78766	9.70338	5.83599	2.71889	1.01849	0.91722	0.79526	2.05728	1.56936	1.20166	9.82011	6.20190	3.29365
41340	0.47714	0.42871	0.27596	2.64537	2.19614	1.81093	9.70478	5.84947	2.72777	1.00290	0.93144	0.78601	2.05117	1.56460	1.20304	9.83466	6.21405	3.29983
41500	0.47223	0.42918	0.27267	2.62582	2.17982	1.79577	9.69599	5.83381	2.71465	0.99185	0.93163	0.79208	2.04751	1.56344	1.19709	9.81634	6.20742	3.30625
41670	0.46364	0.42216	0.26514	2.66227	2.18607	1.79522	9.71788	5.84224	2.71633	1.02254	0.92872	0.80660	2.05066	1.56141	1.19433	9.80913	6.23329	3.29876
41830	0.46403	0.43107	0.26259	2.63364	2.20150	1.79192	9.69042	5.83677	2.72317	1.00215	0.94466	0.79524	2.05187	1.56187	1.20303	9.80395	6.20641	3.30639
41990	0.46709	0.42675	0.27158	2.61304	2.18171	1.81404	9.69981	5.82377	2.72360	1.02057	0.93535	0.80009	2.04347	1.55849	1.19679	9.82570	6.21117	3.31702
42160	0.46416	0.42125	0.26259	2.63866	2.20601	1.78971	9.70290	5.83416	2.72041	1.02408	0.92760	0.79803	2.04526	1.56376	1.19534	9.82743	6.19258	3.30840
42320	0.46365	0.45424	0.26301	2.64194	2.19609	1.78521	9.69145	5.82136	2.72020	0.99374	0.92167	0.80993	2.05251	1.56292	1.19474	9.82998	6.19967	3.28273
42490	0.46768	0.42457	0.26461	2.63423	2.17993	1.78248	9.68673	5.83733	2.71405	0.99648	0.90318	0.79512	2.04000	1.56107	1.19917	9.81624	6.22193	3.28976
42650	0.46753	0.42446	0.26046	2.60915	2.19565	1.78820	9.67192	5.83167	2.71700	0.99869	0.91169	0.78843	2.06819	1.55807	1.19609	9.78715	6.18717	3.28595	25.57	6.2	0.00	7.19	0.01272	0.01288	0.01662	0.00770	0.00575	0.00630	0.00467	0.01264	0.01684	0.00672	0.00691	0.00887	0.01488	0.01095	0.01196	0.00214	0.00608	0.00857
42810	0.46911	0.43365	0.32941	2.63443	2.18483	1.78157	9.69127	5.83584	2.71788	0.99245	0.92467	0.80947	2.17763	1.72451	1.19435	9.80227	6.21078	3.30771
42980	0.46436	0.42595	0.26549	2.63971	2.19820	1.79905	9.70684	5.83576	2.72455	0.99220	0.90975	0.78494	2.04222	1.55984	1.20068	9.79892	6.24821	3.33789
43140	0.46924	0.42015	0.26416	2.62633	2.20069	1.78346	9.71994	5.83723	2.72418	0.99063	0.92795	0.80628	2.04044	1.55765	1.20324	9.80796	6.20514	3.30390
43310	0.47214	0.44141	0.27235	2.62128	2.18758	1.80561	9.70684	5.84399	2.71711	1.03452	0.93138	0.84371	2.04789	1.57386	1.20206	9.81955	6.22179	3.29762
43470	0.47139	0.42724	0.27478	2.62570	2.19241	1.80141	9.69981	5.83140	2.73317	1.00769	0.94763	0.81156	2.04787	1.56638	1.20499	9.83207	6.21245	3.30076
43630	0.46462	0.43727	0.26612	2.66235	2.20292	1.78094	9.71145	5.83485	2.72004	1.03386	0.94097	0.80181	2.04985	1.56882	1.20397	9.83166	6.22943	3.32232
43800	0.47402	0.42760	0.26956	2.61890	2.19844	1.79043	9.72656	5.84216	2.71749	1.03873	0.93946	0.82049	2.04507	1.55762	1.19742	9.82626	6.22810	3.30157
43960	0.47923	0.43686	0.26384	2.63657	2.17516	1.76099	9.72334	5.85043	2.71300	0.99243	0.92100	0.81464	2.03659	1.55084	1.19378	9.79385	6.21525	3.28421
44130	0.46298	0.42370	0.26153	2.61775	2.19145	1.78077	9.69012	5.83728	2.71345	0.98968	0.90975	0.79472	2.04037	1.54989	1.19102	9.80105	6.19628	3.28704
44290	0.46213	0.42365	0.26896	2.62413	2.20808	1.79269	9.67683	5.83489	2.72346	0.99734	0.91017	0.79551	2.05607	1.56201	1.20423	9.83742	6.21805	3.29458	25.63	6.2	0.00	7.31	0.01272	0.01288	0.01662	0.00770	0.00574	0.00630	0.00467	0.01264	0.01684	0.00672	0.00691	0.00887	0.01488	0.01095	0.01196	0.00214	0.00608	0.00857
44450	0.47071	0.43248	0.26316	2.61352	2.20447	1.79507	9.71395	5.83401	2.72618	1.05760	0.93826	0.80966	2.05401	1.56299	1.19664	9.84068	6.24125	3.30979
44620	0.47176	0.42767	0.26541	2.62539	2.18711	1.79283	9.68409	5.83988	2.73280	1.03133	0.96490	0.81476	2.06012	1.56471	1.21382	9.83009	6.22417	3.32915
44780	0.48750	0.44943	0.28120	2.68591	2.22174	1.83049	9.73082	5.86757	2.73265	1.05440	0.99605	0.86744	2.06378	1.56468	1.21289	9.86618	6.26728	3.33611
44950	0.48636	0.44139	0.28353	2.66574	2.23338	1.84750	9.72590	5.84200	2.73775	1.03735	0.97658	0.83160	2.05804	1.56627	1.20700	9.88028	6.22277	3.30820
45110	0.48925	0.44355	0.27067	2.65018	2.18353	1.78622	9.71285	5.85765	2.73116	1.02550	0.92222	0.82537	2.05913	1.57639	1.20289	9.83589	6.22956	3.30318
45270	0.46473	0.42606	0.26847	2.63676	2.21533	1.77700	9.69964	5.82519	2.71845	1.01088	0.93244	0.82945	2.04976	1.56905	1.19559	9.84415	6.22206	3.30706
45440	0.46823	0.43163	0.27504	2.62104	2.18545	1.80920	9.71310	5.86059	2.73163	1.05812	0.96392	0.83507	2.05808	1.57780	1.22072	9.82470	6.28151	3.33698
45600	0.47616	0.43146	0.26697	2.66444	2.20758	1.82846	9.69589	5.84340	2.73827	1.05112	0.94086	0.81450	2.06639	1.57864	1.21946	9.87333	6.25586	3.34060
45770	0.47547	0.43611	0.27907	2.63749	2.21015	1.79821	9.69316	5.85003	2.72699	1.01536	0.94095	0.81736	2.06561	1.57365	1.20455	9.82775	6.21007	3.31742
45930	0.47745	0.44009	0.26783	2.63251	2.20448	1.80480	9.71004	5.84290	2.72232	1.01054	0.92736	0.79421	2.05345	1.58010	1.21255	9.84126	6.20183	3.31594	25.57	6.1	0.00	7.20	0.01272	0.01288	0.01662	0.00770	0.00574	0.00630	0.00467	0.01264	0.01684	0.00672	0.00691	0.00887	0.01488	0.01095	0.01196	0.00214	0.00608	0.00857
46090	0.47416	0.44411	0.27332	2.64750	2.21724	1.81752	9.71034	5.84655	2.74733	1.01927	0.96198	0.85122	2.07378	1.58308	1.22681	9.88710	6.25219	3.34268
46260	0.50706	0.46542	0.29640	2.67997	2.24234	1.85692	9.71689	5.87607	2.75426	1.07749	1.00787	0.86731	2.09755	1.59666	1.22020	9.87227	6.26803	3.32596
46420	0.49960	0.45147	0.28964	2.67547	2.22714	1.84890	9.71786	5.83959	2.75211	1.07784	0.95175	0.83449	2.06490	1.58728	1.21810	9.86441	6.26936	3.33783
46590	0.48958	0.43997	0.29374	2.69215	2.23476	1.83904	9.73031	5.85740	2.73671	1.04555	0.95103	0.81592	2.06506	1.58773	1.22266	9.83352	6.23417	3.31143
46750	0.49229	0.44450	0.29372	2.65394	2.20606	1.79395	9.71362	5.83766	2.72534	1.05193	0.99377	0.82687	2.05067	1.56779	1.19637	9.86278	6.18982	3.32150
46920	0.47667	0.42612	0.26381	2.61810	2.16605	1.79950	9.70125	5.83641	2.71475	1.00323	0.93068	0.79817	2.05677	1.57140	1.20201	9.82284	6.20465	3.29533
47080	0.46955	0.43062	0.25826	2.61482	2.17510	1.79323	9.70331	5.82964	2.71949	0.98673	0.91699	0.79004	2.04630	1.55833	1.20197	9.81166	6.18756	3.27698
47240	0.47129	0.42070	0.27821	2.61522	2.17934	1.78379	9.70689	5.84157	2.72873	1.00202	0.92530	0.80674	2.05008	1.57116	1.21069	9.83006	6.18754	3.28640
47410	0.46690	0.42518	0.25860	2.61988	2.18621	1.76327	9.70270	5.82683	2.71971	0.98347	0.90068	0.77906	2.04395	1.56730	1.20165	9.80283	6.20631	3.29679
47570	0.46040	0.42434	0.26312	2.63464	2.17076	1.78103	9.69693	5.83690	2.71465	0.99855	0.92482	0.78850	2.04210	1.56133	1.20005	9.82043	6.23110	3.30291	25.63	6.3	0.00	7.21	0.01272	0.01288	0.01662	0.00770	0.00575	0.00630	0.00467	0.01264	0.01684	0.00672	0.00691	0.00887	0.01488	0.01095	0.01196	0.00214	0.00608	0.00857
47740	0.46430	0.41554	0.26824	2.61474	2.21450	1.81124	9.68973	5.83535	2.71545	1.01234	0.91083	0.82000	2.04342	1.56950	1.19602	9.82237	6.20222	3.30171
47900	0.47116	0.43525	0.26784	2.62778	2.19022	1.78618	9.72076	5.85161	2.73924	1.00225	0.91000	0.78915	2.04761	1.57463	1.20243	9.83335	6.20826	3.31426
48060	0.47848	0.42615	0.26862	2.64971	2.20233	1.79748	9.69481	5.83434	2.72268	1.01367	0.92846	0.82101	2.05384	1.56477	1.20560	9.85404	6.22560	3.31503
48230	0.46431	0.44389	0.27867	2.63414	2.19398	1.80921	9.73479	5.84323	2.74857	1.01739	0.91081	0.80028	2.05370	1.56473	1.19670	9.83101	6.23713	3.33463
48390	0.46377	0.42463	0.26804	2.66372	2.21578	1.80922	9.69239	5.83047	2.71308	1.02303	0.91610	0.83062	2.05670	1.56724	1.19754	9.83427	6.20801	3.31967
48560	0.47128	0.43989	0.63731	2.62564	2.21171	1.76947	9.70596	5.93835	2.77157	1.01601	0.91126	0.83486	2.15063	1.56632	1.21198	9.83081	6.23871	3.31497
48720	0.48140	0.43354	0.27722	2.63572	2.17985	1.80277	9.71172	5.84442	2.73430	1.02153	0.92556	0.81176	2.05473	1.56425	1.20649	9.83101	6.23494	3.31901
48880	0.47277	0.43125	0.26877	2.67446	2.22601	1.80023	9.71621	5.85962	2.75297	1.06024	0.96471	0.80593	2.05054	1.57579	1.21102	9.90487	6.22960	3.32338
49050	0.47353	0.43677	0.26909	2.65607	2.22948	1.82120	9.72853	5.84561	2.72686	1.06997	0.94256	0.82159	2.05477	1.56999	1.20242	9.84517	6.22717	3.32816
49210	0.46783	0.42326	0.27055	2.62910	2.19201	1.79685	9.73106	5.85469	2.73482	1.00340	0.92665	0.82105	2.05749	1.58898	1.22873	9.82993	6.21848	3.30574	25.63	6.1	0.00	7.27	0.01272	0.01288	0.01662	0.00770	0.00575	0.00630	0.00467	0.01264	0.01684	0.00672	0.00691	0.00887	0.01488	0.01095	0.01196	0.00214	0.00608	0.00857
49380	0.47713	0.44121	0.28245	2.64779	2.20463	1.81793	9.73276	5.85611	2.75594	1.00703	0.92972	0.82689	2.05973	1.57024	1.20069	9.84836	6.22558	3.30288
49540	0.46947	0.43406	0.27527	2.65720	2.22887	1.81279	9.72699	5.85369	2.73269	1.06986	0.96804	0.83758	2.04891	1.56248	1.20353	9.83227	6.23803	3.34863
49710	0.47749	0.42658	0.27917	2.69057	2.22980	1.82687	9.70381	5.84527	2.71703	1.02434	0.95346	0.82082	2.05493	1.56887	1.20919	9.86529	6.22824	3.32808
49870	0.46629	0.44394	0.27490	2.65158	2.22005	1.82470	9.71970	5.84521	2.72632	1.06417	0.95926	0.84164	2.06644	1.57416	1.20413	9.82505	6.23180	3.32170
50040	0.46974	0.43040	0.27136	2.63513	2.21483	1.81904	9.72207	5.84067	2.71492	1.07508	0.97948	0.84271	2.04577	1.56423	1.20350	9.84123	6.26221	3.33426
50200	0.48214	0.42183	0.27042	2.66449	2.23335	1.82156	9.72826	5.86303	2.73104	1.04614	0.96341	0.84128	2.06312	1.56475	1.20278	9.86243	6.22086	3.33372
50360	0.48257	0.43635	0.27634	2.65585	2.27638	1.82205	9.74979	5.86368	2.74690	1.02721	0.95108	0.83490	2.08147	1.57474	1.21121	9.84989	6.22866	3.34310
50530	0.48904	0.44353	0.27457	2.69659	2.22042	1.83670	9.70333	5.85387	2.72437	1.02885	0.92925	0.83789	2.06410	1.57333	1.23005	9.84734	6.24658	3.37271
50690	0.48577	0.43882	0.27799	2.69814	2.20150	1.80680	9.75747	5.85284	2.73953	1.03256	0.96703	0.85606	2.07128	1.57351	1.23128	9.90990	6.29363	3.35050
50860	0.50043	0.47332	0.30248	2.72495	2.24342	1.85317	9.75889	5.88841	2.76268	1.05914	0.96423	0.86886	2.08118	1.58392	1.22745	9.86671	6.22939	3.34544	25.63	6.1	0.00	7.27	0.01272	0.01288	0.01662	0.00770	0.00575	0.00630	0.00467	0.01264	0.01684	0.00672	0.00691	0.00887	0.01488	0.01095	0.01196	0.00214	0.00608	0.00857
51020	0.48678	0.44043	0.27516	2.64848	2.20764	1.79749	9.71602	5.86299	2.72927	1.02339	0.93986	0.82628	2.06323	1.57942	1.20055	9.84112	6.23438	3.30839
51180	0.48853	0.42871	0.27348	2.63942	2.18748	1.80553	9.72039	5.84926	2.74096	1.02472	0.93054	0.81498	2.07149	1.57803	1.21734	9.83613	6.22501	3.30877
51350	0.47834	0.44249	0.28307	2.64164	2.20543	1.82155	9.70050	5.86286	2.74340	1.03649	0.95915	0.80587	2.07326	1.59458	1.23385	9.87366	6.21359	3.33048
51510	0.49862	0.46293	0.28270	2.66472	2.22566	1.83036	9.74148	5.87312	2.73983	1.02914	0.97400	0.81246	2.06983	1.59141	1.21100	9.87713	6.24386	3.32399
51670	0.49052	0.44219	0.28738	2.64174	2.21662	1.82839	9.75542	5.83861	2.73444	1.05541	0.95816	0.86502	2.07694	1.57704	1.22678	9.88869	6.24721	3.31371
51840	0.47758	0.45956	0.30405	2.65533	2.22354	1.80665	9.74982	5.87301	2.75702	1.02468	0.95812	0.84621	2.06372	1.58052	1.20779	9.87182	6.26233	3.35178
52000	0.48033	0.44078	0.27493	2.68992	2.23789	1.81491	9.72738	5.85110	2.73135	1.04387	0.95770	0.83025	2.04861	1.56791	1.20735	9.87867	6.23091	3.30754
52160	0.47268	0.43133	0.27777	2.64232	2.19777	1.78955	9.74933	5.84945	2.74449	1.01450	0.91800	0.80153	2.05312	1.57100	1.20255	9.85213	6.23886	3.32323
52330	0.47130	0.43597	0.28698	2.64688	2.20344	1.81465	9.72525	5.84820	2.73034	1.05188	0.93859	0.84137	2.06173	1.57540	1.21972	9.84703	6.24613	3.32440
52490	0.47392	0.42962	0.28135	2.66397	2.25008	1.83964	9.72237	5.85393	2.72804	1.03929	0.95916	0.85668	2.06678	1.57642	1.21537	9.84664	6.25250	3.32872	25.63	6.1	0.00	7.24	0.01272	0.01288	0.01662	0.00770	0.00574	0.00630	0.00467	0.01264	0.01684	0.00672	0.00690	0.00887	0.01488	0.01095	0.01196	0.00214	0.00608	0.00857
52650	0.48184	0.44442	0.29108	2.69556	2.25539	1.82552	9.72832	5.84696	2.72858	1.02156	0.95415	0.83013	2.05289	1.56285	1.21532	9.84898	6.24530	3.31084
52820	0.48033	0.42783	0.28013	2.66209	2.24436	1.78744	9.73811	5.85507	2.74963	1.04847	0.92541	0.84406	2.07164	1.60004	1.21410	9.83818	6.25282	3.33613
52980	0.48035	0.43688	0.29362	2.64985	2.25430	1.81515	9.71460	5.85493	2.73765	1.06626	1.00201	0.85646	2.05541	1.57354	1.20357	9.87103	6.24899	3.32815
53140	0.48379	0.44328	0.28502	2.65895	2.23050	1.84496	9.71727	5.85910	2.73180	1.03977	0.94056	0.81693	2.07538	1.57732	1.21028	9.87247	6.28925	3.36161
53310	0.46582	0.43352	0.27572	2.67208	2.21085	1.82264	9.71430	5.84664	2.74399	1.01802	0.93051	0.82542	2.04921	1.57303	1.20605	9.83105	6.21622	3.34034
53470	0.46348	0.43020	0.27260	2.64443	2.21554	1.83356	9.69678	5.84847	2.73596	1.04211	0.93187	0.80694	2.04947	1.57400	1.20545	9.83573	6.21172	3.29849
53630	0.47005	0.43637	0.27262	2.62421	2.19787	1.79082	9.72407	5.84687	2.71701	0.99749	0.93367	0.82027	2.04974	1.56744	1.20374	9.85990	6.23513	3.29796
53800	0.47201	0.43472	0.27371	2.63055	2.19244	1.80823	9.75077	5.85389	2.73983	1.02900	0.93407	0.83653	2.06011	1.57660	1.21661	9.85612	6.22531	3.32349
53960	0.48007	0.42919	0.26567	2.65789	2.18209	1.79650	9.73592	5.85413	2.72915	1.01673	0.91738	0.78658	2.06259	1.57169	1.19904	9.83675	6.20878	3.30508
54120	0.46286	0.42452	0.26776	2.62604	2.19767	1.79819	9.72630	5.84826	2.72562	0.99559	0.91238	0.79570	2.05318	1.57734	1.19914	9.83450	6.21666	3.29949	25.63	6.2	0.00	7.21	0.01272	0.01288	0.01662	0.00770	0.00574	0.00630	0.00467	0.01264	0.01684	0.00672	0.00690	0.00886	0.01488	0.01095	0.01196	0.00214	0.00607	0.00857
54290	0.47368	0.43392	0.27305	2.61892	2.18810	1.79858	9.73875	5.86401	2.74317	1.02717	0.94056	0.83242	2.05260	1.56445	1.20499	9.83847	6.23503	3.31960
54450	0.47657	0.44002	0.29484	2.63728	2.20218	1.79868	9.72970	5.87490	2.74564	1.00548	0.92395	0.81993	2.06783	1.58811	1.20612	9.85265	6.23589	3.32974
54610	0.47465	0.43358	0.29296	2.63725	2.22062	1.84867	9.72757	5.85874	2.74916	1.04214	0.93961	0.80786	2.07376	1.58456	1.21429	9.86081	6.24570	3.33221
54780	0.48861	0.43199	0.28331	2.65786	2.22688	1.81331	9.72666	5.86014	2.73130	1.05076	0.94918	0.80839	2.06607	1.58653	1.21147	9.85714	6.21020	3.30568
54940	0.49051	0.45359	0.28276	2.65393	2.22641	1.87212	9.74082	5.87148	2.75408	1.04150	0.94902	0.88526	2.08551	1.61509	1.25153	9.91818	6.34508	3.47193
55110	0.54289	0.52673	0.36565	2.83287	2.35528	2.02954	9.82647	5.92432	2.79696	1.19872	1.10983	1.05246	2.17764	1.70704	1.30161	10.09435	6.45273	3.46583
55270	0.59127	0.53443	0.36443	2.80412	2.39912	2.02761	9.80221	5.91588	2.78719	1.22413	1.17089	1.01898	2.08772	1.62336	1.27022	9.99490	6.48579	3.42362
55430	0.54213	0.47004	0.32223	2.76481	2.25799	1.90452	9.77794	5.90784	2.76159	1.07716	1.01859	0.93140	2.11291	1.60145	1.23823	9.91140	6.28919	3.40950
55600	0.52641	0.47534	0.29912	2.70951	2.26443	1.86565	9.74715	5.86100	2.75864	1.04840	0.98839	0.87911	2.08253	1.60228	1.23425	9.92485	6.28411	3.33303
55760	0.50410	0.44881	0.28021	2.63963	2.26512	1.84784	9.71180	5.84631	2.73993	1.04175	0.95622	0.83535	2.06041	1.59417	1.22148	9.84526	6.24397	3.30438	25.63	6.1	0.00	7.23	0.01272	0.01288	0.01662	0.00770	0.00574	0.00630	0.00467	0.01264	0.01684	0.00672	0.00691	0.00886	0.01488	0.01095	0.01196	0.00214	0.00608	0.00857
55930	0.47942	0.43195	0.28411	2.64220	2.20885	1.78861	9.71398	5.84865	2.75323	1.02765	0.94328	0.84224	2.04969	1.58144	1.20784	9.85822	6.25069	3.32780
56090	0.47578	0.43528	0.28417	2.67891	2.23727	1.82622	9.74887	5.86415	2.73780	1.04348	0.95746	0.85671	2.06344	1.58629	1.20980	9.85546	6.22834	3.35787
56260	0.48481	0.43798	0.27414	2.68168	2.25726	1.84083	9.74400	5.85525	2.73315	1.04651	0.95008	0.80879	2.07005	1.59049	1.21583	9.83008	6.20846	3.31476
56420	0.48619	0.44039	0.27104	2.64704	2.19623	1.79429	9.74485	5.86298	2.73463	0.99809	0.89871	0.79713	2.06212	1.56419	1.19856	9.83884	6.24596	3.28948
56580	0.47780	0.44263	0.28260	2.64432	2.20122	1.80229	9.73336	5.86328	2.75040	1.06488	0.97646	0.83641	2.06637	1.57747	1.20776	9.87365	6.29378	3.36458
56750	0.47665	0.44119	0.26727	2.67568	2.21622	1.82472	9.73396	5.86992	2.73111	1.06956	0.93841	0.83897	2.06927	1.57591	1.21467	9.87436	6.24490	3.35969
56920	0.49616	0.45133	0.28177	2.63308	2.24483	1.84304	9.73050	5.84635	2.73124	1.02737	0.93960	0.81677	2.05971	1.57377	1.21301	9.86649	6.24702	3.33320
57080	0.47941	0.43451	0.26902	2.68143	2.24078	1.81882	9.73646	5.86685	2.73225	1.03216	0.93936	0.82854	2.06149	1.57323	1.20377	9.84914	6.19832	3.30187
57240	0.47543	0.42541	0.26991	2.64335	2.19268	1.80421	9.73907	5.84912	2.72028	1.01300	0.91628	0.79694	2.05696	1.57173	1.21412	9.84863	6.22784	3.33254
57410	0.47540	0.43010	0.27160	2.64224	2.20562	1.82330	9.75233	6.01920	2.73490	1.04103	0.96067	0.84761	2.05731	1.57850	1.22119	9.87093	6.27316	3.34242	25.69	6.1	0.00	7.35	0.01272	0.01289	0.01662	0.00770	0.00575	0.00630	0.00467	0.01264	0.01684	0.00672	0.00691	0.00887	0.01488	0.01095	0.01196	0.00214	0.00608	0.00857
57570	0.50187	0.46821	0.29806	2.69900	2.26166	1.82894	9.74552	5.87304	2.77007	1.05108	0.95840	0.83881	2.06621	1.58651	1.22159	9.85174	6.29141	3.34617
57740	0.52447	0.46281	0.29564	2.65912	2.24453	1.89857	9.73737	5.88174	2.75035	1.09394	0.99042	0.89173	2.07594	1.57933	1.23539	9.90500	6.25690	3.34923
57900	0.48550	0.44787	0.29761	2.66783	2.25080	1.86655	9.71016	5.85025	2.73632	1.02394	0.96039	0.85692	2.05520	1.58408	1.20992	9.83310	6.24406	3.31116
58060	0.48591	0.44174	0.28037	2.67367	2.22638	1.84555	9.72248	5.85712	2.73543	1.08436	0.96542	0.84693	2.05502	1.56377	1.20644	9.84175	6.25971	3.30878
58230	0.47202	0.43918	0.27769	2.63515	2.17969	1.76464	9.71678	5.84648	2.71961	0.99246	0.92378	0.80003	2.04756	1.55327	1.19831	9.82089	6.18581	3.28200
58390	0.47102	0.43246	0.26715	2.61156	2.16742	1.79920	9.72655	5.84897	2.72268	0.99809	0.92928	0.82092	2.05666	1.57050	1.21358	9.84603	6.21447	3.30245
58550	0.49013	0.43515	0.27566	2.63214	2.17531	1.79256	9.71259	5.84506	2.71700	1.02512	0.93965	0.80582	2.04371	1.56098	1.19612	9.87011	6.25199	3.28600
58720	0.46793	0.43437	0.27414	2.62857	2.16952	1.80191	9.70762	5.84035	2.72947	1.00188	0.92322	0.78709	2.04177	1.55628	1.20682	9.85062	6.20242	3.30269
58880	0.46648	0.43423	0.25904	2.60593	2.18582	1.80010	9.72849	5.83791	2.71953	1.00052	0.94318	0.80615	2.04088	1.56666	1.19807	9.84155	6.22482	3.29371
59050	0.47229	0.43585	0.26508	2.64580	2.22347	1.78167	9.75845	5.85548	2.73063	1.00048	0.91064	0.81519	2.05043	1.56416	1.20172	9.82148	6.22397	3.29885	25.63	6.0	0.00	7.25	0.01272	0.01289	0.01662	0.00770	0.00575	0.00630	0.00467	0.01264	0.01684	0.00672	0.00691	0.00887	0.01488	0.01095	0.01196	0.00214	0.00608	0.00857
59210	0.46401	0.42557	0.26648	2.62986	2.18874	1.78764	9.73193	5.85433	2.72681	1.00510	0.91503	0.78662	2.04927	1.56418	1.19609	9.84021	6.20347	3.29870
59380	0.46920	0.43507	0.26084	2.60625	2.18114	1.79845	9.72853	5.84809	2.72338	1.00165	0.90876	0.80220	2.05491	1.56340	1.20066	9.84296	6.25040	3.30653
59540	0.47013	0.43686	0.27186	2.65520	2.18891	1.80354	9.74725	5.85141	2.74091	1.03328	0.94578	0.82337	2.06073	1.56462	1.20794	9.82626	6.21299	3.29062
59700	0.46691	0.43193	0.27933	2.61882	2.21482	1.78359	9.74695	5.84955	2.73784	1.03655	0.92605	0.81381	2.04917	1.57566	1.21181	9.84857	6.23393	3.32384
59870	0.46861	0.43138	0.26557	2.63845	2.18730	1.79414	9.75541	5.86663	2.73077	1.00326	0.92721	0.81079	2.06116	1.57211	1.22466	9.87440	6.26327	3.31927
60040	0.47950	0.42492	0.26853	2.66164	2.20332	1.81346	9.76125	5.87601	2.73107	0.99639	0.90790	0.78316	2.05845	1.57386	1.20696	9.84836	6.21103	3.30355
60200	0.48122	0.43855	0.28799	2.63576	2.18225	1.78951	9.75449	5.87246	2.74637	0.99716	0.90175	0.78552	2.05107	1.57241	1.20470	9.84449	6.22753	3.31270
60360	0.48153	0.43337	0.27972	2.62533	2.17241	1.77275	9.76497	5.88190	2.74312	0.98881	0.90862	0.77101	2.05614	1.56498	1.19696	9.84327	6.23580	3.32237
60530	0.54208	0.42555	0.26412	2.63268	2.18116	1.78838	9.76308	5.97307	2.79026	1.00813	0.92211	0.81213	2.05833	1.56586	1.21230	9.88453	6.25082	3.31532
60690	0.47077	0.43474	0.27172	2.63560	2.20574	1.81673	9.77012	5.86944	2.74287	1.04714	0.95570	0.81282	2.05447	1.56705	1.20937	9.88096	6.24300	3.31497	25.63	6.1	0.00	7.25	0.01272	0.01289	0.01662	0.00770	0.00575	0.00630	0.00467	0.01264	0.01684	0.00672	0.00691	0.00887	0.01488	0.01095	0.01196	0.00214	0.00608	0.00857
60860	0.47290	0.42374	0.26408	2.64028	2.21869	1.80112	9.74696	5.88047	2.73425	0.98858	0.91432	0.81318	2.05548	1.57211	1.20387	9.88567	6.23795	3.30675
61020	0.46434	0.42519	0.26857	2.62211	2.18404	1.79643	9.77231	5.86238	2.73636	1.00240	0.92118	0.79276	2.05581	1.57760	1.20408	9.87360	6.22368	3.31557
61180	0.48889	0.44097	0.27284	2.63729	2.19701	1.80760	9.77896	5.86770	2.73983	1.00129	0.94271	0.79603	2.07079	1.57071	1.21187	9.89068	6.25985	3.34021
61350	0.47985	0.42503	0.26433	2.65813	2.18649	1.79475	9.76554	5.87595	2.73711	1.02901	0.92333	0.77966	2.05674	1.57337	1.19494	9.85829	6.21700	3.29958
61510	0.46420	0.43754	0.26272	2.61300	2.19054	1.78449	9.77585	5.87491	2.74963	1.00605	0.92344	0.81145	2.06888	1.58358	1.22243	9.86768	6.25125	3.35301
61670	0.47760	0.43508	0.26885	2.66145	2.22616	1.80011	9.77658	5.87230	2.74348	1.05265	0.95348	0.82207	2.07830	1.58816	1.21596	9.86931	6.25522	3.33796
61840	0.49078	0.44152	0.28246	2.66402	2.21453	1.80877	9.77182	5.88619	2.75210	1.03159	0.96394	0.81592	2.08514	1.59284	1.21833	9.86359	6.25946	3.34335
62000	0.48300	0.43252	0.26940	2.65044	2.21270	1.80759	9.73219	5.86158	2.74127	1.00695	0.96741	0.84986	2.06666	1.57508	1.21590	9.91784	6.27721	3.32938
62170	0.47393	0.44142	0.27584	2.65769	2.23649	1.87060	9.76121	5.86562	2.73572	1.02234	0.92880	0.80562	2.07195	1.57490	1.20697	9.86635	6.22304	3.31938
62330	0.48391	0.43518	0.27284	2.65807	2.22245	1.80846	9.74038	5.87616	2.75655	1.01519	0.91937	0.81370	2.07027	1.58603	1.23230	9.87570	6.28687	3.36953	25.57	6.1	0.00	7.21	0.01272	0.01288	0.01662	0.00770	0.00574	0.00630	0.00467	0.01264	0.01684	0.00672	0.00690	0.00886	0.01488	0.01095	0.01196	0.00214	0.00608	0.00857
62490	0.47596	0.45531	0.27229	2.66054	2.22708	1.82189	9.77157	5.89146	2.76782	1.03187	1.00013	0.92037	2.10260	1.63827	1.26856	10.00507	6.48010	3.45789
62660	0.59382	0.56245	0.35285	2.95267	2.60813	2.17491	9.94422	6.08919	2.95680	1.54064	1.48949	1.44154	2.36347	1.83651	1.47902	10.31885	6.89888	3.96403
62820	0.79883	0.80198	0.62182	3.21072	2.82320	2.65287	10.10135	6.27819	3.04780	1.58740	1.69989	1.54868	2.33467	1.94811	1.49937	10.50626	6.95474	4.09183
62990	0.79968	0.71473	0.60438	3.42750	2.97076	2.74904	10.04934	6.23171	3.09231	1.94313	1.89741	2.01932	2.48625	1.92685	1.53903	10.54304	7.06458	4.19941
63150	0.86044	0.82258	0.56247	3.57775	3.14822	2.56174	10.16992	6.22997	3.16087	1.60772	1.68575	1.47626	2.39133	1.87729	1.48588	10.47777	6.75152	3.82308
63310	0.74899	0.74740	0.54040	3.23925	2.74803	2.33632	9.97523	6.07135	2.97115	1.51110	1.38902	1.17908	2.29461	1.78334	1.44292	10.17473	6.55417	3.63712
63480	0.64993	0.58352	0.39349	2.92352	2.45493	2.10276	9.90730	6.04181	2.92610	1.21032	1.21955	1.10483	2.17179	1.73310	1.36523	10.13184	6.51897	3.51009
63640	0.61503	0.57949	0.38902	2.86554	2.41204	1.97230	9.81706	5.94704	2.80538	1.14209	1.10058	0.96175	2.13383	1.62915	1.26875	10.02633	6.35113	3.50917
63810	0.50794	0.47314	0.35552	2.74294	2.30713	1.90781	9.79043	5.92350	2.78256	1.09869	0.98950	0.87767	2.09557	1.61266	1.23243	9.93159	6.25641	3.37402
63970	0.48968	0.45408	0.28756	2.69581	2.20563	1.81301	9.74513	5.87436	2.74682	1.06683	0.94490	0.83470	2.07045	1.59246	1.22425	9.88796	6.26719	3.37447	25.63	6.1	0.00	7.30	0.01272	0.01289	0.01662	0.00770	0.00574	0.00630	0.00467	0.01264	0.01684	0.00672	0.00691	0.00886	0.01488	0.01095	0.01196	0.00214	0.00608	0.00857
64130	0.50065	0.44904	0.28573	2.63702	2.18542	1.79351	9.75438	5.86903	2.72628	1.04250	0.93663	0.81537	2.06340	1.57093	1.20663	9.86069	6.33847	3.31608
64300	0.48104	0.44179	0.27446	2.66066	2.22847	1.82702	9.75938	5.87535	2.74770	1.01754	0.94402	0.81105	2.05929	1.86671	1.20842	9.86803	6.25044	3.32734
64460	0.48282	0.42525	0.26515	2.65326	2.21225	1.82873	9.74032	5.87113	2.73026	1.00961	0.93767	0.79780	2.05166	1.57306	1.20386	9.87907	6.24812	3.30509
64620	0.46923	0.42832	0.27385	2.61965	2.19331	1.79663	9.73291	5.86352	2.72927	0.98659	0.89795	0.78512	2.06269	1.57465	1.20258	9.87764	6.21521	3.28004
64790	0.46378	0.42379	0.26250	2.62132	2.17441	1.76334	9.74349	5.85884	2.72559	1.13238	0.90562	0.78759	2.05654	1.57549	1.21479	9.85436	6.23106	3.29871
64950	0.47492	0.43963	0.28097	2.62132	2.18846	1.79586	9.75335	5.86913	2.75038	1.01213	0.91568	0.77067	2.05219	1.56129	1.21233	9.86701	6.22135	3.28219
65120	0.46324	0.42491	0.26648	2.60823	2.17508	1.75958	9.75785	5.86652	2.73317	0.99322	0.90498	0.78026	2.06960	1.57941	1.20902	9.85752	6.22049	3.28793
65280	0.47263	0.42787	0.26776	2.65821	2.18578	1.76781	9.74099	5.87009	2.72849	0.98830	0.92425	0.78445	2.05407	1.57110	1.21071	9.83501	6.19783	3.29464
65450	0.46232	0.42796	0.26594	2.62817	2.17238	1.77230	9.74172	5.86876	2.72660	0.99860	0.91481	0.80220	2.04831	1.56454	1.20258	9.87988	6.27047	3.31332
65610	0.46627	0.41903	0.26242	2.61859	2.16764	1.77516	9.73203	5.88839	2.72593	1.01066	0.92662	0.80101	2.05199	1.56319	1.20651	9.85894	6.22152	3.27918	25.63	6.1	0.00	7.38	0.01272	0.01289	0.01662	0.00770	0.00574	0.00630	0.00467	0.01264	0.01684	0.00672	0.00691	0.00886	0.01488	0.01095	0.01196	0.00214	0.00608	0.00857
65770	0.47556	0.42153	0.26942	2.63336	2.18144	1.76761	9.73446	5.85734	2.73534	0.98377	0.89610	0.77110	2.06482	1.57723	1.19428	9.86118	6.20333	3.30004
65940	0.47460	0.42839	0.27140	2.62874	2.17918	1.78665	9.73373	5.86702	2.73953	1.00756	0.94521	0.79570	2.07448	1.57910	1.21853	9.85496	6.22164	3.29876
66100	0.48027	0.44384	0.28842	2.64354	2.18418	1.79443	9.73331	5.85159	2.72008	1.00933	0.90287	0.77473	2.05165	1.56376	1.21197	9.83887	6.20470	3.27487
66270	0.46906	0.42961	0.26754	2.59871	2.15196	1.76690	9.73233	5.85089	2.71604	1.01735	0.88758	0.76878	2.04677	1.56699	1.19045	9.84498	6.21850	3.32183
66430	0.47187	0.42149	0.26435	2.61876	2.18936	1.76388	9.75856	5.86897	2.73473	0.98730	0.92021	0.82216	2.05165	1.56782	1.19906	9.84426	6.20887	3.28382
66600	0.47371	0.43075	0.26370	2.63004	2.16631	1.78476	9.74736	5.87403	2.73297	0.98169	0.90781	0.78043	2.06560	1.58292	1.21633	9.84946	6.22044	3.29597
66760	0.48867	0.44218	0.26761	2.65553	2.25052	1.80257	9.74152	5.86988	2.74156	1.04253	0.94059	0.78625	2.07833	1.58318	1.19991	9.90278	6.25105	3.32102
66920	0.48673	0.44935	0.28113	2.64521	2.22304	1.81656	9.77717	5.86579	2.74415	1.01248	0.95296	0.79733	2.05891	1.57494	1.19961	9.92544	6.24011	3.30498
67090	0.46975	0.41701	0.26807	2.62981	2.18255	1.79472	9.74791	5.86818	2.73324	0.98629	0.91942	0.77214	2.07311	1.57140	1.19985	9.85557	6.22506	3.30378
67250	0.47530	0.43671	0.27426	2.62880	2.20079	1.76951	9.74957	5.87255	2.73377	0.99907	0.91143	0.81779	2.06576	1.57241	1.20725	9.85036	6.20193	3.27959	25.63	6.1	0.00	7.22	0.01272	0.01289	0.01662	0.00770	0.00575	0.00630	0.00467	0.01264	0.01684	0.00672	0.00691	0.00887	0.01488	0.01095	0.01196	0.00214	0.00608	0.00857
67420	0.49203	0.45403	0.28795	2.64245	2.19182	1.78041	9.74707	5.85622	2.72919	1.01641	0.92017	0.81222	2.05424	1.56988	1.21214	9.88137	6.22424	3.30108
67580	0.48041	0.44257	0.27627	2.64077	2.18974	1.78692	9.74555	5.86882	2.74641	0.97928	0.92026	0.81802	2.08326	1.58594	1.20951	9.87922	6.22837	3.29157
67750	0.49388	0.43778	0.27059	2.62696	2.17251	1.76221	9.74610	5.89464	2.73065	0.99636	0.90599	0.77854	2.05406	1.57380	1.21034	9.85239	6.21037	3.29501
67910	0.47248	0.42604	0.26914	2.61812	2.18582	1.76903	9.72798	5.87508	2.72859	1.00581	0.91537	0.79995	2.05402	1.57035	1.22104	9.86810	6.25161	3.29325
68080	0.48062	0.42953	0.27862	2.65084	2.21933	1.80090	9.77431	5.88746	2.75831	1.03153	0.95802	0.81924	2.06096	1.56841	1.22081	9.90131	6.27561	3.36161
68240	0.49282	0.43890	0.27774	2.66285	2.25301	1.82443	9.77462	5.89491	2.74910	1.01472	0.96646	0.81451	2.07306	1.58624	1.23425	9.90449	6.27519	3.32638
68410	0.49365	0.44658	0.27587	2.65769	2.19192	1.79186	9.76206	5.89281	2.73990	1.04859	0.95035	0.84941	2.06212	1.57366	1.21224	9.90305	6.24643	3.31105
68570	0.48197	0.42620	0.28035	2.64071	2.18179	1.76810	9.75420	5.86730	2.74037	1.01825	0.90975	0.78713	2.05795	1.58196	1.22150	9.87555	6.23004	3.31257
68740	0.49323	0.42637	0.27034	2.61028	2.17790	1.77050	9.74634	5.86506	2.72838	0.99859	0.90569	0.78158	2.04710	1.56215	1.20843	9.87483	6.20700	3.30761
68900	0.47094	0.43125	0.27572	2.64138	2.20788	1.81688	9.74711	5.87059	2.74046	1.01869	0.94901	0.83714	2.06381	1.57628	1.22049	9.87638	6.23773	3.30629	25.63	6.2	0.00	7.31	0.01272	0.01288	0.01662	0.00770	0.00575	0.00630	0.00467	0.01264	0.01684	0.00672	0.00691	0.00887	0.01488	0.01095	0.01196	0.00214	0.00608	0.00857
69070	0.47788	0.44394	0.28375	2.65738	2.21593	1.84211	9.78906	5.86777	2.73845	1.04134	0.94513	0.82686	2.07518	1.60182	1.24296	9.89551	6.23928	3.32737
69230	0.48179	0.43844	0.27224	2.67687	2.21847	1.84792	9.78528	5.90416	2.76087	1.10425	0.98602	0.86673	2.11319	1.60978	1.23758	10.03312	6.34859	3.42448
69400	0.52011	0.45613	0.29377	2.70338	2.34487	1.88848	9.77935	5.91742	2.80259	1.10119	1.04747	0.88155	2.11242	1.63072	1.25601	9.96990	6.40790	3.43175
69560	0.52357	0.46868	0.32072	2.75314	2.25733	1.86555	9.80160	5.91418	2.77955	1.10044	1.00773	0.85525	2.11046	1.61785	1.26472	9.95877	6.31872	3.42504
69730	0.51252	0.46222	0.30476	2.70602	2.22209	1.81905	9.79126	5.91362	2.76814	1.02780	0.94562	0.83044	2.08877	1.59920	1.23888	9.89018	6.24260	3.32856
69890	0.48340	0.44822	0.26740	2.65720	2.21015	1.83401	9.76361	5.88045	2.75459	1.04653	0.91707	0.79968	2.07471	1.58221	1.21863	9.88619	6.23699	3.30251
70050	0.47372	0.42826	0.27706	2.66463	2.18738	1.81412	9.80197	5.90508	2.77614	1.08148	1.00884	0.84720	2.11448	1.64166	1.28155	10.02585	6.38017	3.47351
70220	0.55453	0.52532	0.39767	2.85527	2.42658	2.07880	9.90209	6.05104	2.86938	1.24882	1.17792	1.02308	2.23685	1.83640	1.35233	10.26038	6.54382	3.75311
70380	0.67519	0.61017	0.51695	3.28383	2.93138	2.82979	10.21690	6.27346	3.15154	2.26123	2.26606	2.40703	2.81561	2.14671	1.98705	11.56264	8.10857	5.45815
70550	1.29255	1.33697	1.01764	4.47820	4.34483	3.87792	10.69526	6.81233	3.65745	2.89145	3.01983	2.42145	3.02323	2.47572	2.15086	11.84812	7.88924	4.99786	25.69	6.1	0.00	6.32	0.01272	0.01288	0.01662	0.00770	0.00575	0.00630	0.00467	0.01264	0.01684	0.00672	0.00690	0.00886	0.01488	0.01095	0.01196	0.00214	0.00608	0.00857
70710	1.30980	1.32603	1.17621	4.65865	4.10750	3.52859	10.50733	6.77928	3.67534	2.56214	2.34536	2.19423	2.89313	2.44742	2.02366	11.22173	7.69121	4.77027
70880	1.24033	1.19240	0.83608	3.75026	3.24365	2.96109	10.35651	6.42583	3.25280	2.10770	1.98016	1.89144	2.58760	1.95230	1.65353	10.76024	7.15484	4.12651
71040	0.88710	0.85486	0.64602	3.39912	2.77202	2.50083	10.12713	6.25301	3.01520	1.61650	1.61136	1.32190	2.31332	1.84018	1.49658	10.34392	6.67939	3.77295
71210	0.71169	0.65777	0.43240	3.11475	2.62422	2.21710	9.96098	6.04929	2.91803	1.31225	1.38612	1.19853	2.26692	1.69361	1.34641	10.27022	6.55017	3.62279
71370	0.58849	0.54646	0.41013	2.84996	2.32860	1.90218	9.90839	5.99725	2.83539	1.07184	1.07261	0.94173	2.15673	1.65980	1.29378	10.00201	6.30178	3.44559
71530	0.55212	0.49221	0.32780	2.78910	2.34312	1.89870	9.82567	5.94151	2.79768	1.12538	1.04465	0.88489	2.09870	1.60344	1.25827	9.99425	6.38246	3.46690
71700	0.53788	0.49594	0.36661	2.75481	2.34111	1.96055	9.86051	5.95823	2.82827	1.16322	1.06745	0.98532	2.15923	1.68194	1.32436	10.08032	6.43466	3.54366
71860	0.58540	0.54847	0.34007	2.86125	2.44753	1.95185	9.93192	6.00765	2.84317	1.11434	1.03120	0.93632	2.15193	1.64258	1.31050	10.04421	6.37637	3.44421
72020	0.54680	0.49194	0.34946	2.78915	2.29629	1.89566	9.88103	5.94563	2.80464	1.09108	1.06348	0.89349	2.10711	1.62238	1.25109	9.93735	6.28663	3.36696
72190	0.50287	0.45972	0.29394	2.68996	2.23630	1.82315	9.81465	5.91601	2.76779	1.04737	0.97982	0.83987	2.07985	1.59647	1.21638	9.95217	6.25844	3.33082	25.63	6.1	0.00	7.34	0.01272	0.01288	0.01662	0.00770	0.00575	0.00630	0.00467	0.01264	0.01684	0.00672	0.00690	0.00886	0.01488	0.01095	0.01196	0.00214	0.00608	0.00857
72350	0.47732	0.45682	0.28250	2.65755	2.19580	1.78588	9.77875	5.88567	2.74215	1.00632	0.94667	0.85067	2.06576	1.58333	1.22126	9.89738	6.24966	3.31776
72520	0.47192	0.42665	0.27400	2.63501	2.20122	1.80848	9.78217	5.88614	2.74579	1.02042	0.94062	0.80803	2.07516	1.57342	1.20651	9.88378	6.24099	3.30781
72680	0.47967	0.42658	0.28516	2.62758	2.17159	1.78779	9.76301	5.89215	2.75233	1.00035	0.89093	0.77365	2.05690	1.57658	1.20968	9.87827	6.22643	3.29654
72840	0.47383	0.44624	0.27342	2.62924	2.18684	1.77606	9.79445	5.88454	2.74963	0.98863	0.93874	0.79494	2.05665	1.56653	1.20329	9.88470	6.23260	3.30762
73010	0.47299	0.42833	0.26897	2.65365	2.21065	1.80882	9.80338	5.89384	2.74047	0.98428	0.92389	0.80059	2.06508	1.57699	1.22011	9.90322	6.25149	3.32941
73170	0.47626	0.42864	0.26739	2.64458	2.20230	1.77457	9.78149	5.88333	2.74632	0.98856	0.92646	0.81052	2.07434	1.57434	1.22052	9.90721	6.27024	3.34542
73340	0.47236	0.44091	0.27469	2.69859	2.21879	1.87020	9.79965	5.91869	2.76071	1.05845	1.00263	0.85264	2.11573	1.60966	1.25363	10.01751	6.35708	3.45942
73500	0.51938	0.51352	0.32955	2.78617	2.35158	1.95190	9.86206	5.97200	2.83485	1.11189	1.02503	0.91839	2.15997	1.66592	1.26516	10.08255	6.37630	3.42236
73660	0.51783	0.47305	0.30896	2.74447	2.31983	1.91175	9.82912	5.92068	2.76430	1.07379	0.97381	0.86811	2.09287	1.59072	1.22722	9.94251	6.32073	3.38043
73830	0.49001	0.44127	0.28072	2.70434	2.23315	1.83617	9.79869	5.89789	2.75640	1.04092	0.91945	0.81820	2.08582	1.58865	1.22073	9.93872	6.30577	3.36158	25.69	6.1	0.00	7.35	0.01272	0.01288	0.01662	0.00770	0.00575	0.00630	0.00467	0.01264	0.01684	0.00672	0.00690	0.00886	0.01488	0.01095	0.01196	0.00214	0.00608	0.00857
73990	0.47444	0.44431	0.28445	2.65927	2.25248	1.86481	9.79991	5.89943	2.75640	1.03392	0.92440	0.80758	2.08405	1.59230	1.22524	9.90181	6.26816	3.32824
74160	0.48041	0.43588	0.28029	2.64137	2.19387	1.82826	9.78860	5.90323	2.74438	1.00524	0.93059	0.84136	2.07816	1.58886	1.20946	9.90325	6.25583	3.33828
74320	0.49548	0.44564	0.28348	2.62836	2.21983	1.81488	9.81675	5.90568	2.76177	0.98959	0.89332	0.80135	2.07544	1.58618	1.21082	9.88882	6.23000	3.29054
74490	0.48761	0.43719	0.26762	2.61949	2.31307	1.77870	9.79630	5.90481	2.74346	1.00279	0.90663	0.79191	2.07106	1.59457	1.20629	9.91974	6.27888	3.31753
74650	0.49341	0.43245	0.26652	2.63482	2.18251	1.77628	9.78481	5.88385	2.74550	0.99384	0.92743	0.80309	2.07931	1.58925	1.20764	9.93267	6.25516	3.34606
