WetView ver 7.1	07-22-2018	13:59:24
AC9 Absorption and Attenuation Meter
00000266		; Serial number
2	; structure version number
Reserved
0.000000	0.000000		; Depth calibration
19200			; Baud rate
0.100000			; Path length (meters)
31			; number of temperature calibration bins
				12.59339	13.44920	14.48425	15.49668	16.50852	17.49564	18.50545	19.52458	20.50176	21.48889	22.47318	23.48707	24.50962	25.49370	26.49784	27.51372	28.50746	29.47237	30.47938	31.50214	32.50470	33.49235	34.50337	35.50914	36.50618	37.52058	38.51018	39.51308	40.49994	41.49866	42.47204	; temperature bins
a650	Blue	20.34952		-0.00383	-0.00415	-0.00430	-0.00391	-0.00363	-0.00317	-0.00269	-0.00237	-0.00179	-0.00130	-0.00099	-0.00071	-0.00015	0.00000	0.00004	-0.00001	0.00015	0.00036	0.00058	0.00101	0.00161	0.00132	0.00160	0.00169	0.00242	0.00273	0.00336	0.00365	0.00427	0.00566	0.00670		; offset and temperature correction info
a676	Green	20.51193		-0.00398	-0.00384	-0.00360	-0.00306	-0.00302	-0.00255	-0.00235	-0.00212	-0.00163	-0.00136	-0.00118	-0.00089	-0.00029	0.00000	0.00068	0.00082	0.00099	0.00137	0.00145	0.00212	0.00260	0.00252	0.00321	0.00354	0.00457	0.00535	0.00617	0.00648	0.00742	0.00887	0.01002		; offset and temperature correction info
a715	Brown	20.23230		-0.00421	-0.00394	-0.00391	-0.00291	-0.00264	-0.00192	-0.00204	-0.00179	-0.00188	-0.00239	-0.00180	-0.00187	-0.00099	0.00000	0.00084	0.00162	0.00188	0.00224	0.00321	0.00381	0.00466	0.00528	0.00588	0.00696	0.00859	0.01041	0.01148	0.01282	0.01333	0.01456	0.01617		; offset and temperature correction info
c510	Red	20.40042		-0.00261	-0.00247	-0.00258	-0.00225	-0.00203	-0.00197	-0.00199	-0.00203	-0.00154	-0.00103	-0.00069	-0.00019	-0.00007	0.00000	0.00011	-0.00021	-0.00042	-0.00056	-0.00040	0.00011	0.00036	0.00050	0.00077	0.00079	0.00050	0.00042	0.00043	0.00092	0.00147	0.00200	0.00232		; offset and temperature correction info
c532	Magenta	20.40760		-0.00248	-0.00265	-0.00278	-0.00279	-0.00296	-0.00292	-0.00238	-0.00206	-0.00129	-0.00096	-0.00092	-0.00052	-0.00009	0.00000	0.00007	-0.00049	-0.00136	-0.00107	-0.00079	-0.00065	-0.00074	-0.00105	-0.00152	-0.00192	-0.00236	-0.00269	-0.00252	-0.00233	-0.00172	-0.00128	-0.00067		; offset and temperature correction info
c555	Black	20.50654		-0.00053	-0.00063	-0.00106	-0.00094	-0.00068	-0.00055	-0.00053	-0.00039	-0.00028	-0.00025	-0.00011	-0.00035	-0.00007	0.00000	-0.00037	-0.00055	-0.00036	-0.00014	0.00019	0.00044	0.00032	0.00040	0.00050	0.00028	0.00014	0.00013	0.00030	0.00073	0.00117	0.00176	0.00241		; offset and temperature correction info
a412	LtBlue	17.15231		-0.01972	-0.01823	-0.01612	-0.01381	-0.01272	-0.01080	-0.00959	-0.00866	-0.00710	-0.00532	-0.00354	-0.00148	-0.00028	0.00000	0.00176	0.00297	0.00394	0.00440	0.00453	0.00487	0.00804	0.00856	0.01065	0.01248	0.01388	0.01439	0.01659	0.01881	0.02256	0.02450	0.02719		; offset and temperature correction info
a440	LtGreen	18.00171		-0.00729	-0.00642	-0.00581	-0.00502	-0.00426	-0.00349	-0.00244	-0.00218	-0.00179	-0.00101	-0.00046	-0.00006	0.00036	0.00000	0.00040	0.00045	0.00030	-0.00015	-0.00024	-0.00035	0.00012	-0.00013	-0.00033	-0.00089	-0.00142	-0.00189	-0.00231	-0.00205	-0.00140	-0.00140	-0.00146		; offset and temperature correction info
a488	Yellow	18.86491		-0.00113	-0.00102	-0.00106	-0.00064	-0.00027	-0.00020	-0.00030	-0.00037	-0.00047	-0.00059	-0.00052	-0.00012	0.00008	0.00000	0.00025	0.00012	-0.00013	-0.00043	-0.00065	-0.00076	-0.00025	0.00010	0.00090	0.00111	0.00113	0.00104	0.00073	0.00068	0.00120	0.00186	0.00258		; offset and temperature correction info
c650	Blue	20.46075		-0.00145	-0.00097	-0.00092	-0.00139	-0.00185	-0.00196	-0.00237	-0.00266	-0.00238	-0.00163	-0.00083	-0.00041	-0.00010	0.00000	0.00005	-0.00001	0.00015	0.00034	0.00029	0.00065	0.00101	0.00164	0.00126	0.00156	0.00175	0.00270	0.00287	0.00371	0.00407	0.00473	0.00534		; offset and temperature correction info
c676	Green	20.10118		-0.00170	-0.00144	-0.00149	-0.00177	-0.00188	-0.00194	-0.00198	-0.00196	-0.00177	-0.00156	-0.00140	-0.00091	-0.00033	0.00000	0.00050	0.00092	0.00110	0.00141	0.00167	0.00199	0.00216	0.00265	0.00269	0.00289	0.00315	0.00374	0.00367	0.00408	0.00486	0.00561	0.00646		; offset and temperature correction info
c715	Brown	19.91219		-0.01201	-0.01097	-0.00859	-0.00680	-0.00651	-0.00592	-0.00535	-0.00440	-0.00387	-0.00303	-0.00222	-0.00153	-0.00028	0.00000	0.00093	0.00149	0.00247	0.00322	0.00330	0.00427	0.00373	0.00464	0.00536	0.00551	0.00643	0.00733	0.00779	0.00884	0.00899	0.01021	0.01120		; offset and temperature correction info
a510	Red	19.21192		0.00201	0.00193	0.00158	0.00098	0.00089	0.00049	0.00011	-0.00016	-0.00016	-0.00005	0.00028	0.00025	0.00006	0.00000	0.00035	-0.00022	-0.00023	-0.00080	-0.00144	-0.00154	-0.00153	-0.00204	-0.00220	-0.00219	-0.00190	-0.00128	-0.00069	-0.00018	0.00068	0.00152	0.00241		; offset and temperature correction info
a532	Magenta	19.41084		-0.00097	-0.00072	-0.00060	-0.00081	-0.00062	-0.00071	-0.00040	0.00020	0.00028	0.00043	0.00000	-0.00035	0.00007	0.00000	-0.00011	-0.00059	-0.00080	-0.00098	-0.00137	-0.00162	-0.00163	-0.00130	-0.00073	-0.00018	0.00090	0.00185	0.00175	0.00247	0.00291	0.00327	0.00349		; offset and temperature correction info
a555	Black	19.69776		0.00171	0.00183	0.00183	0.00186	0.00191	0.00170	0.00115	0.00131	0.00097	0.00073	0.00060	0.00013	0.00015	0.00000	0.00014	-0.00029	-0.00066	-0.00082	-0.00116	-0.00139	-0.00134	-0.00167	-0.00119	-0.00093	-0.00048	0.00053	0.00111	0.00095	0.00178	0.00206	0.00273		; offset and temperature correction info
c412	LtBlue	19.91180		-0.02051	-0.01853	-0.01589	-0.01311	-0.01059	-0.00877	-0.00705	-0.00581	-0.00413	-0.00231	-0.00098	-0.00066	-0.00011	0.00000	-0.00013	-0.00085	-0.00170	-0.00170	-0.00302	-0.00330	-0.00429	-0.00551	-0.00626	-0.00775	-0.00978	-0.01181	-0.01113	-0.01108	-0.01116	-0.01192	-0.01291		; offset and temperature correction info
c440	LtGreen	20.06241		-0.01064	-0.00992	-0.00892	-0.00766	-0.00639	-0.00531	-0.00478	-0.00384	-0.00287	-0.00187	-0.00102	-0.00063	-0.00023	0.00000	-0.00007	-0.00053	-0.00090	-0.00119	-0.00169	-0.00197	-0.00226	-0.00257	-0.00260	-0.00289	-0.00394	-0.00470	-0.00481	-0.00493	-0.00520	-0.00580	-0.00620		; offset and temperature correction info
c488	Yellow	20.35984		-0.01125	-0.01082	-0.00966	-0.00833	-0.00726	-0.00661	-0.00579	-0.00500	-0.00389	-0.00278	-0.00167	-0.00113	-0.00041	0.00000	0.00055	0.00121	0.00187	0.00226	0.00222	0.00251	0.00281	0.00359	0.00414	0.00427	0.00401	0.00404	0.00486	0.00563	0.00638	0.00684	0.00718		; offset and temperature correction info
0.003500	0.004000	0.015000	0.020000	0.015000	0.020000	2500.000000	2000.000000	1000.000000	; maxANoise	maxCNoise	maxADifference	maxCDifference	minACounts	minCCounts	minRCounts	maxTempSdev	maxDepthSdev
0			; auxilliary capabilities
1			; acquisition binsize
0	0.07287	0.08501	0.06475	0.14718	0.21923	0.17239	0.65525	0.38197	0.21506	0.18367	0.19606	0.20390	0.16822	0.16004	0.12252	-0.07874	0.02673	0.15223	30.29	6.3	0.00	7.95	0.01269	0.01289	0.01638	0.00782	0.00582	0.00638	0.00466	0.01265	0.01681	0.00677	0.00699	0.00882	0.01488	0.01093	0.01195	0.00218	0.00620	0.00870
160	0.07295	0.08179	0.06286	0.14560	0.21792	0.17255	0.64786	0.38293	0.21305	0.18291	0.19661	0.20331	0.16905	0.16158	0.12492	-0.07741	0.03103	0.15712
320	0.07593	0.08749	0.06546	0.15156	0.22246	0.17638	0.65456	0.38506	0.21848	0.18710	0.19875	0.20704	0.16820	0.16323	0.12367	-0.07807	0.02938	0.15451
490	0.07266	0.08444	0.06502	0.14761	0.21867	0.17347	0.65086	0.38388	0.21303	0.18389	0.19598	0.20379	0.16898	0.16332	0.12772	-0.07830	0.03200	0.15691
650	0.07458	0.08838	0.06752	0.15171	0.22343	0.17665	0.65759	0.38619	0.21720	0.18689	0.19879	0.20572	0.16829	0.16280	0.12359	-0.07922	0.02866	0.15369
810	0.07352	0.08423	0.06493	0.14813	0.21870	0.17138	0.65083	0.38040	0.21244	0.18300	0.19684	0.20305	0.16859	0.16361	0.12473	-0.07581	0.03096	0.15615
980	0.07639	0.08355	0.06516	0.14928	0.22112	0.17398	0.64838	0.38336	0.21439	0.18487	0.19804	0.20505	0.16768	0.16194	0.12379	-0.08222	0.02879	0.15398
1140	0.07372	0.08552	0.06435	0.14669	0.21847	0.17281	0.66186	0.38538	0.21384	0.18372	0.19675	0.20437	0.16990	0.16233	0.12546	-0.07618	0.03081	0.15559
1300	0.07544	0.08597	0.06718	0.14945	0.22007	0.17412	0.65864	0.38532	0.21617	0.18528	0.19886	0.20559	0.16996	0.16186	0.12766	-0.07900	0.03013	0.15541
1470	0.07543	0.08689	0.06589	0.14808	0.21889	0.17386	0.64877	0.37905	0.21276	0.18420	0.19670	0.20413	0.17188	0.16553	0.12864	-0.07474	0.03414	0.15878
1630	0.07692	0.08789	0.06593	0.15128	0.22280	0.17653	0.65509	0.38628	0.21791	0.18711	0.19752	0.20576	0.16785	0.16187	0.12435	-0.07732	0.03072	0.15489	30.23	6.0	0.00	7.62	0.01269	0.01289	0.01638	0.00782	0.00582	0.00638	0.00466	0.01265	0.01681	0.00677	0.00699	0.00882	0.01488	0.01093	0.01195	0.00218	0.00620	0.00869
1800	0.07549	0.08799	0.06733	0.15012	0.22269	0.17728	0.65317	0.39030	0.21802	0.18794	0.20000	0.20755	0.16921	0.16509	0.12487	-0.07710	0.03084	0.15619
1960	0.07484	0.08669	0.06462	0.15022	0.22145	0.17372	0.65221	0.38584	0.21577	0.18615	0.19674	0.20534	0.16811	0.16284	0.12352	-0.07810	0.02742	0.15263
2120	0.07595	0.08843	0.06758	0.14972	0.22326	0.17673	0.65487	0.38447	0.21605	0.18747	0.19919	0.20623	0.16945	0.16311	0.12570	-0.07710	0.03123	0.15595
2290	0.07330	0.08587	0.06483	0.14831	0.22047	0.17310	0.65499	0.38375	0.21379	0.18444	0.19718	0.20428	0.16813	0.15891	0.12173	-0.08088	0.02751	0.15236
2450	0.07324	0.08343	0.06467	0.14539	0.21846	0.17160	0.64807	0.38101	0.21213	0.18340	0.19473	0.20280	0.17132	0.16429	0.12779	-0.07699	0.03287	0.15796
2610	0.07937	0.08733	0.06735	0.15066	0.22221	0.17592	0.64826	0.38280	0.21673	0.18683	0.19839	0.20593	0.17031	0.16134	0.12260	-0.08140	0.02952	0.15369
2780	0.07433	0.08594	0.06905	0.15038	0.22274	0.17613	0.65401	0.38390	0.21807	0.18807	0.19879	0.20686	0.16868	0.16466	0.12411	-0.07610	0.03028	0.15512
2940	0.07543	0.08379	0.06636	0.14922	0.22145	0.17453	0.64912	0.38458	0.21545	0.18662	0.19734	0.20492	0.16700	0.16150	0.12586	-0.07925	0.02862	0.15298
3100	0.07535	0.08737	0.06660	0.15050	0.22367	0.17697	0.66081	0.38732	0.21847	0.18829	0.19949	0.20755	0.17102	0.16476	0.12508	-0.07770	0.03160	0.15636
3270	0.07500	0.08655	0.06516	0.14886	0.22038	0.17256	0.65274	0.38253	0.21342	0.18462	0.19649	0.20417	0.17215	0.16510	0.12336	-0.07724	0.03216	0.15689	30.29	6.0	0.00	7.58	0.01269	0.01289	0.01638	0.00782	0.00582	0.00638	0.00466	0.01265	0.01681	0.00677	0.00699	0.00882	0.01488	0.01093	0.01195	0.00218	0.00620	0.00869
3430	0.07679	0.08798	0.06641	0.15094	0.22370	0.17747	0.65947	0.38675	0.21758	0.18739	0.19869	0.20678	0.16903	0.16385	0.12769	-0.07446	0.03242	0.15683
3590	0.07350	0.08642	0.06425	0.14866	0.21995	0.17185	0.64481	0.38124	0.21341	0.18445	0.19563	0.20381	0.17126	0.16343	0.12453	-0.07794	0.03149	0.15658
3760	0.07562	0.08472	0.06546	0.15005	0.22253	0.17484	0.65517	0.38353	0.21613	0.18590	0.19767	0.20503	0.16810	0.16001	0.12229	-0.07787	0.03011	0.15473
3920	0.07167	0.08474	0.06398	0.14895	0.22059	0.17233	0.64618	0.38485	0.21220	0.18500	0.19587	0.20423	0.16664	0.16308	0.12244	-0.08120	0.02752	0.15215
4080	0.07051	0.08584	0.06757	0.14705	0.22221	0.17571	0.65092	0.38958	0.21927	0.18854	0.20035	0.20787	0.17224	0.16687	0.12774	-0.07349	0.03264	0.15843
4250	0.07645	0.08635	0.06687	0.15044	0.22267	0.17402	0.65507	0.38456	0.21452	0.18698	0.19662	0.20541	0.16730	0.16106	0.12489	-0.07939	0.02896	0.15457
4410	0.07272	0.08674	0.06709	0.14737	0.22276	0.17647	0.65227	0.38736	0.21958	0.18919	0.19997	0.20833	0.17176	0.16657	0.12508	-0.07264	0.03219	0.15696
4570	0.07489	0.08581	0.06554	0.14930	0.22141	0.17398	0.65269	0.38310	0.21623	0.18534	0.19716	0.20511	0.16704	0.16150	0.12176	-0.07979	0.02813	0.15374
4730	0.07601	0.08633	0.06722	0.15088	0.22338	0.17721	0.65072	0.38708	0.22007	0.18759	0.19911	0.20780	0.16950	0.16367	0.12490	-0.07594	0.03223	0.15705
4900	0.07564	0.08427	0.06490	0.14939	0.22140	0.17359	0.65390	0.38172	0.21431	0.18485	0.19555	0.20506	0.16616	0.16165	0.12131	-0.07947	0.02823	0.15296	30.29	6.3	0.00	7.76	0.01269	0.01289	0.01638	0.00782	0.00582	0.00638	0.00466	0.01265	0.01681	0.00677	0.00699	0.00881	0.01488	0.01093	0.01195	0.00218	0.00620	0.00869
5060	0.07117	0.08310	0.06446	0.14688	0.21828	0.16996	0.64773	0.37893	0.21021	0.18282	0.19356	0.20166	0.16756	0.16508	0.12765	-0.07743	0.03182	0.15792
5230	0.07617	0.08631	0.06405	0.15034	0.22340	0.17426	0.65377	0.38444	0.21525	0.18641	0.19731	0.20585	0.16695	0.16565	0.12489	-0.07706	0.02946	0.15449
5390	0.07609	0.08756	0.06606	0.14975	0.22304	0.17441	0.65495	0.38464	0.21576	0.18694	0.19780	0.20648	0.16983	0.16372	0.12467	-0.07587	0.03043	0.15482
5550	0.07558	0.08263	0.06639	0.14899	0.22146	0.17336	0.65291	0.38498	0.21539	0.18529	0.19672	0.20460	0.16768	0.16118	0.12452	-0.07672	0.02817	0.15414
5720	0.07455	0.08619	0.06644	0.15043	0.22319	0.17543	0.65395	0.38722	0.21664	0.18665	0.19825	0.20704	0.17060	0.16496	0.12720	-0.07468	0.03149	0.15590
5880	0.07467	0.08330	0.06612	0.14803	0.22136	0.17448	0.64840	0.38185	0.21433	0.18542	0.19553	0.20434	0.16752	0.16196	0.12338	-0.08102	0.02820	0.15323
6040	0.07586	0.08873	0.06827	0.15079	0.22439	0.17571	0.65488	0.38704	0.21820	0.18741	0.19828	0.20728	0.17198	0.16527	0.12696	-0.07683	0.03254	0.15632
6210	0.07519	0.08569	0.06479	0.14892	0.22168	0.17349	0.65680	0.38349	0.21504	0.18612	0.19663	0.20609	0.16842	0.16167	0.12184	-0.08013	0.02894	0.15331
6370	0.07493	0.08605	0.06933	0.15190	0.22518	0.17681	0.65783	0.38819	0.21945	0.18856	0.19939	0.20863	0.17057	0.16728	0.12935	-0.07409	0.03366	0.15787
6530	0.07544	0.08531	0.06557	0.15027	0.22184	0.17430	0.65347	0.38127	0.21507	0.18504	0.19631	0.20497	0.16809	0.16090	0.12325	-0.08035	0.02807	0.15318	30.29	6.0	0.00	7.65	0.01269	0.01289	0.01637	0.00782	0.00582	0.00638	0.00466	0.01265	0.01681	0.00677	0.00699	0.00881	0.01488	0.01093	0.01195	0.00218	0.00620	0.00869
6700	0.07530	0.08688	0.06704	0.15177	0.22505	0.17757	0.65872	0.38693	0.21773	0.18753	0.19974	0.20854	0.17051	0.16506	0.12585	-0.07798	0.03244	0.15720
6860	0.07668	0.08481	0.06451	0.14929	0.22146	0.17326	0.65420	0.38496	0.21419	0.18443	0.19668	0.20494	0.16684	0.16075	0.12273	-0.08046	0.02807	0.15310
7020	0.07125	0.08255	0.06178	0.14582	0.21847	0.17040	0.64563	0.38070	0.21033	0.18254	0.19426	0.20295	0.16722	0.16445	0.12478	-0.07642	0.03110	0.15694
7180	0.07518	0.08236	0.06301	0.14950	0.22158	0.17339	0.65956	0.38516	0.21429	0.18441	0.19519	0.20421	0.16696	0.16047	0.12442	-0.08217	0.02743	0.15250
7350	0.07044	0.08204	0.06387	0.14537	0.21860	0.17079	0.65121	0.38251	0.21276	0.18352	0.19526	0.20296	0.16802	0.16201	0.12430	-0.08150	0.02958	0.15503
7510	0.07374	0.08531	0.06627	0.14839	0.22178	0.17365	0.65521	0.38448	0.21598	0.18456	0.19742	0.20573	0.17059	0.16233	0.12287	-0.08228	0.02838	0.15343
7680	0.07275	0.08482	0.06750	0.14780	0.22369	0.17710	0.66713	0.38958	0.22021	0.18889	0.20018	0.20875	0.17306	0.16672	0.12864	-0.07531	0.03317	0.15835
7840	0.07663	0.08701	0.06594	0.15016	0.22267	0.17473	0.65681	0.38285	0.21795	0.18694	0.19732	0.20705	0.17252	0.16539	0.12733	-0.07505	0.03324	0.15800
8000	0.07671	0.08770	0.06640	0.15093	0.22362	0.17602	0.65234	0.38606	0.21566	0.18731	0.19830	0.20659	0.16966	0.16259	0.12746	-0.07824	0.03013	0.15603
8170	0.07388	0.08443	0.06439	0.14908	0.21882	0.17353	0.65654	0.38216	0.21212	0.18339	0.19595	0.20336	0.16997	0.16316	0.12750	-0.07673	0.03209	0.15788	30.34	6.1	0.00	7.74	0.01269	0.01289	0.01637	0.00782	0.00582	0.00638	0.00466	0.01265	0.01681	0.00677	0.00699	0.00881	0.01488	0.01093	0.01195	0.00218	0.00620	0.00869
8330	0.07599	0.08765	0.06706	0.15244	0.22232	0.17698	0.64908	0.38810	0.21514	0.18727	0.19789	0.20606	0.17040	0.16306	0.12435	-0.07866	0.03046	0.15508
8490	0.07362	0.08462	0.06485	0.14802	0.22025	0.17322	0.64976	0.38090	0.21291	0.18447	0.19623	0.20274	0.17006	0.16488	0.12511	-0.07602	0.03305	0.15779
8660	0.07596	0.08669	0.06692	0.15137	0.22263	0.17579	0.64672	0.38433	0.21645	0.18614	0.19671	0.20550	0.16768	0.15999	0.12515	-0.07880	0.02942	0.15427
8820	0.07058	0.08487	0.06318	0.14733	0.21736	0.17233	0.65156	0.38178	0.21250	0.18314	0.19516	0.20260	0.16773	0.16246	0.12706	-0.07606	0.03213	0.15771
8980	0.07418	0.08677	0.06611	0.15016	0.22135	0.17511	0.66173	0.38149	0.21469	0.18554	0.19672	0.20522	0.16919	0.16352	0.12392	-0.07740	0.02987	0.15451
9150	0.07223	0.08438	0.06232	0.14633	0.21897	0.17181	0.65320	0.37924	0.21060	0.18345	0.19475	0.20216	0.17090	0.16344	0.12612	-0.07610	0.03342	0.15869
9310	0.07781	0.08836	0.06702	0.15211	0.22287	0.17703	0.65441	0.38546	0.21514	0.18579	0.19827	0.20653	0.16874	0.16154	0.12582	-0.07862	0.03060	0.15465
9480	0.07380	0.08781	0.06809	0.15239	0.22351	0.17813	0.65590	0.38749	0.21984	0.18818	0.19986	0.20724	0.17060	0.16483	0.12796	-0.07591	0.03190	0.15658
9640	0.07396	0.08710	0.06593	0.14964	0.22072	0.17448	0.65242	0.38386	0.21454	0.18585	0.19712	0.20516	0.16838	0.15987	0.12303	-0.07906	0.02744	0.15311
9800	0.07511	0.08449	0.06686	0.15068	0.22165	0.17616	0.65297	0.38645	0.21671	0.18498	0.19835	0.20563	0.17081	0.16110	0.12333	-0.07997	0.03002	0.15452	30.34	6.1	0.00	7.64	0.01269	0.01289	0.01637	0.00782	0.00582	0.00638	0.00466	0.01265	0.01681	0.00677	0.00699	0.00881	0.01488	0.01093	0.01195	0.00218	0.00620	0.00869
9970	0.07399	0.08364	0.06358	0.14954	0.22083	0.17328	0.65049	0.38433	0.21464	0.18445	0.19617	0.20379	0.16841	0.16207	0.12329	-0.08390	0.02746	0.15329
10130	0.07488	0.08345	0.06483	0.15003	0.22279	0.17555	0.65326	0.38481	0.21697	0.18547	0.19833	0.20484	0.16932	0.16200	0.12437	-0.08112	0.02923	0.15521
10290	0.07153	0.08479	0.06497	0.14880	0.21976	0.17377	0.64636	0.38297	0.21221	0.18441	0.19612	0.20315	0.16559	0.15981	0.12372	-0.08120	0.02704	0.15257
10460	0.07012	0.08209	0.06447	0.14696	0.21732	0.17163	0.64648	0.37979	0.20835	0.18217	0.19440	0.20213	0.16952	0.16380	0.12658	-0.07894	0.03176	0.15749
10620	0.07580	0.08784	0.06695	0.15222	0.22211	0.17535	0.65080	0.38488	0.21600	0.18646	0.19776	0.20450	0.17086	0.16233	0.12240	-0.08105	0.03011	0.15352
10780	0.07460	0.08772	0.06643	0.15081	0.22248	0.17615	0.65537	0.38471	0.21668	0.18572	0.19884	0.20596	0.16944	0.16508	0.12720	-0.08079	0.03024	0.15433
10950	0.07207	0.08420	0.06507	0.14918	0.22063	0.17349	0.64968	0.38136	0.21339	0.18376	0.19663	0.20442	0.16949	0.16494	0.12904	-0.07819	0.03004	0.15603
11110	0.07380	0.08693	0.06820	0.15116	0.22244	0.17662	0.65862	0.38442	0.21649	0.18620	0.19788	0.20587	0.17165	0.16519	0.12560	-0.07890	0.02993	0.15513
11270	0.07526	0.08495	0.06466	0.14911	0.21911	0.17322	0.64842	0.38258	0.21316	0.18233	0.19504	0.20242	0.16609	0.16009	0.12290	-0.08638	0.02488	0.15157
11440	0.07184	0.08647	0.06637	0.14711	0.22144	0.17755	0.65468	0.38929	0.22001	0.18683	0.19827	0.20656	0.16980	0.16409	0.12579	-0.08042	0.03121	0.15603	30.34	6.2	0.00	7.55	0.01269	0.01289	0.01637	0.00782	0.00582	0.00638	0.00466	0.01265	0.01681	0.00677	0.00699	0.00881	0.01488	0.01093	0.01195	0.00218	0.00620	0.00869
11600	0.07702	0.08395	0.06386	0.15105	0.22128	0.17519	0.65463	0.38210	0.21328	0.18363	0.19489	0.20359	0.16665	0.16233	0.12179	-0.08190	0.02680	0.15180
11760	0.07087	0.08525	0.06654	0.14749	0.21934	0.17581	0.65134	0.38406	0.21642	0.18546	0.19715	0.20530	0.16845	0.16224	0.12398	-0.07990	0.02837	0.15369
11920	0.07298	0.08344	0.06422	0.14957	0.22028	0.17334	0.65109	0.38516	0.21493	0.18384	0.19682	0.20317	0.16521	0.16006	0.12181	-0.08305	0.02631	0.15151
12090	0.07263	0.08314	0.06226	0.14721	0.21831	0.17252	0.64591	0.37965	0.21134	0.18174	0.19487	0.20125	0.17094	0.16392	0.12689	-0.07853	0.03187	0.15736
12250	0.07669	0.08712	0.06787	0.15330	0.22378	0.17766	0.65809	0.38740	0.21775	0.18727	0.19940	0.20663	0.16940	0.16517	0.12277	-0.07982	0.03132	0.15577
12410	0.07349	0.08478	0.06543	0.15010	0.22054	0.17415	0.65431	0.38033	0.21254	0.18302	0.19577	0.20318	0.17143	0.16619	0.12743	-0.07734	0.03245	0.15781
12580	0.07543	0.08680	0.06694	0.15158	0.22163	0.17619	0.65455	0.38609	0.21590	0.18565	0.19722	0.20543	0.16835	0.16335	0.12529	-0.08175	0.02968	0.15402
12740	0.07449	0.08480	0.06472	0.14838	0.21895	0.17180	0.64464	0.38241	0.21213	0.18207	0.19468	0.20217	0.16769	0.16338	0.12477	-0.07756	0.03038	0.15620
12900	0.07589	0.08449	0.06624	0.15047	0.22151	0.17596	0.65821	0.38458	0.21517	0.18410	0.19598	0.20394	0.16869	0.16192	0.12358	-0.08068	0.02889	0.15391
13070	0.07290	0.08172	0.06203	0.14767	0.21698	0.17072	0.65078	0.37869	0.21195	0.18085	0.19343	0.20068	0.17053	0.16223	0.12678	-0.08109	0.03060	0.15530	30.34	6.1	0.00	7.74	0.01269	0.01289	0.01637	0.00782	0.00582	0.00638	0.00466	0.01265	0.01681	0.00677	0.00699	0.00881	0.01488	0.01093	0.01195	0.00218	0.00620	0.00869
13230	0.07538	0.08600	0.06650	0.14989	0.22057	0.17427	0.65728	0.38498	0.21482	0.18323	0.19630	0.20312	0.16732	0.16328	0.12523	-0.08228	0.02771	0.15247
13400	0.07237	0.08512	0.06460	0.14720	0.21753	0.17116	0.65242	0.38086	0.21172	0.18197	0.19410	0.20076	0.17101	0.16381	0.12616	-0.07690	0.03216	0.15722
13560	0.07629	0.08803	0.06625	0.15185	0.22200	0.17518	0.65164	0.38447	0.21547	0.18537	0.19740	0.20452	0.17024	0.16322	0.12690	-0.08268	0.02963	0.15422
13720	0.07393	0.08640	0.06671	0.15120	0.22260	0.17658	0.65841	0.38547	0.21833	0.18603	0.19789	0.20614	0.17064	0.16531	0.12745	-0.08013	0.03230	0.15631
13890	0.07550	0.08835	0.06359	0.14951	0.22014	0.17356	0.65252	0.38249	0.21210	0.18334	0.19656	0.20345	0.16572	0.16210	0.12276	-0.08265	0.02629	0.15144
14050	0.07461	0.08969	0.06642	0.15135	0.22320	0.17800	0.65716	0.38714	0.22001	0.18786	0.19894	0.20668	0.17199	0.16675	0.12605	-0.07779	0.03225	0.15663
14210	0.07707	0.08670	0.06610	0.15136	0.22072	0.17494	0.65967	0.38587	0.21494	0.18407	0.19701	0.20490	0.17020	0.16106	0.12266	-0.08272	0.02810	0.15337
14380	0.07485	0.08740	0.06745	0.15117	0.22230	0.17614	0.65448	0.38606	0.21775	0.18628	0.19838	0.20657	0.17144	0.16722	0.12535	-0.07905	0.03189	0.15547
14540	0.07477	0.08656	0.06669	0.14955	0.22034	0.17380	0.65240	0.38255	0.21494	0.18256	0.19548	0.20350	0.16738	0.16056	0.12483	-0.08087	0.02752	0.15138
14700	0.07058	0.08263	0.06252	0.14630	0.21784	0.17025	0.64508	0.38050	0.21215	0.18169	0.19334	0.20074	0.16929	0.16347	0.12480	-0.08406	0.02913	0.15442	30.34	6.2	0.00	7.64	0.01269	0.01289	0.01637	0.00782	0.00582	0.00638	0.00466	0.01265	0.01681	0.00677	0.00699	0.00881	0.01488	0.01093	0.01195	0.00218	0.00620	0.00869
14860	0.07384	0.08404	0.06311	0.14896	0.22069	0.17234	0.65498	0.38239	0.21435	0.18341	0.19408	0.20246	0.16889	0.16071	0.12486	-0.08439	0.02607	0.15155
15030	0.07258	0.08493	0.06549	0.14777	0.21857	0.17184	0.65635	0.38108	0.21350	0.18255	0.19572	0.20199	0.17208	0.16656	0.12845	-0.07850	0.03335	0.15827
15190	0.07854	0.08854	0.06905	0.15403	0.22526	0.17813	0.65598	0.38794	0.22078	0.18845	0.19940	0.20676	0.17153	0.16665	0.12929	-0.07479	0.03311	0.15754
15350	0.07552	0.08612	0.06896	0.15202	0.22304	0.17550	0.66048	0.38781	0.21645	0.18544	0.19769	0.20506	0.16964	0.16101	0.12216	-0.08273	0.02976	0.15488
15520	0.07243	0.08682	0.06536	0.15032	0.22145	0.17428	0.65778	0.38684	0.21595	0.18472	0.19705	0.20380	0.16911	0.16314	0.12394	-0.08236	0.02878	0.15294
15680	0.07432	0.08496	0.06364	0.14900	0.21918	0.17327	0.65557	0.38078	0.21338	0.18296	0.19540	0.20328	0.16952	0.16542	0.12649	-0.08080	0.03021	0.15569
15840	0.07530	0.08709	0.06641	0.15183	0.22228	0.17547	0.65215	0.38630	0.21552	0.18508	0.19603	0.20445	0.17046	0.16126	0.12580	-0.08425	0.02920	0.15450
16010	0.07458	0.08491	0.06486	0.14952	0.22090	0.17370	0.65301	0.38274	0.21305	0.18334	0.19694	0.20316	0.17072	0.16430	0.12537	-0.07680	0.03082	0.15591
16170	0.07249	0.08698	0.06514	0.15119	0.22245	0.17479	0.66070	0.38329	0.21746	0.18497	0.19735	0.20431	0.16951	0.16345	0.12633	-0.08106	0.03003	0.15453
16340	0.07238	0.08488	0.06372	0.14947	0.21962	0.17151	0.65093	0.38128	0.21190	0.18222	0.19556	0.20139	0.16906	0.16313	0.12701	-0.07839	0.03141	0.15683	30.34	6.1	0.00	7.60	0.01268	0.01289	0.01637	0.00782	0.00582	0.00638	0.00466	0.01265	0.01681	0.00677	0.00699	0.00881	0.01488	0.01093	0.01195	0.00218	0.00620	0.00869
16500	0.07588	0.08674	0.06581	0.15091	0.22303	0.17379	0.65813	0.38514	0.21573	0.18540	0.19731	0.20458	0.16909	0.16358	0.12296	-0.08087	0.02944	0.15379
16660	0.07588	0.08707	0.06624	0.15035	0.22315	0.17486	0.65803	0.38389	0.21672	0.18561	0.19857	0.20522	0.16988	0.16125	0.12619	-0.07672	0.03099	0.15545
16830	0.07383	0.08620	0.06671	0.15028	0.22319	0.17437	0.65668	0.38363	0.21639	0.18553	0.19739	0.20431	0.16926	0.16272	0.12508	-0.08098	0.02931	0.15347
16990	0.07762	0.08760	0.06954	0.15258	0.22632	0.17902	0.66479	0.38807	0.21909	0.18890	0.20107	0.20713	0.17224	0.16604	0.12981	-0.07286	0.03347	0.15809
17150	0.07693	0.08679	0.06634	0.15184	0.22243	0.17449	0.65138	0.38249	0.21651	0.18587	0.19823	0.20425	0.17053	0.16444	0.12531	-0.07772	0.03203	0.15583
17320	0.07477	0.08472	0.06498	0.15068	0.22145	0.17335	0.65300	0.38414	0.21381	0.18503	0.19703	0.20419	0.17009	0.16109	0.12581	-0.08080	0.02849	0.15329
17480	0.07401	0.08521	0.06489	0.14894	0.22098	0.17188	0.64853	0.38226	0.21459	0.18398	0.19724	0.20319	0.16810	0.15983	0.12191	-0.08328	0.02698	0.15227
17640	0.07585	0.08772	0.06775	0.15162	0.22570	0.17716	0.66010	0.38783	0.21882	0.18803	0.20199	0.20730	0.17170	0.16558	0.12882	-0.07386	0.03237	0.15769
17810	0.07498	0.08322	0.06368	0.15113	0.22260	0.17346	0.65494	0.38272	0.21505	0.18522	0.19777	0.20489	0.16941	0.16414	0.12385	-0.08046	0.02796	0.15300
17970	0.07320	0.08408	0.06650	0.15079	0.22414	0.17732	0.65441	0.38793	0.21827	0.18686	0.19936	0.20661	0.17183	0.16477	0.12613	-0.08032	0.03171	0.15615	30.34	6.2	0.00	7.60	0.01268	0.01289	0.01637	0.00782	0.00582	0.00638	0.00466	0.01265	0.01681	0.00677	0.00699	0.00881	0.01488	0.01093	0.01195	0.00218	0.00620	0.00869
18130	0.07359	0.08441	0.06456	0.14996	0.22125	0.17264	0.66040	0.38520	0.21362	0.18423	0.19612	0.20350	0.16561	0.16223	0.12407	-0.08603	0.02638	0.15173
18300	0.07201	0.08282	0.06379	0.14704	0.21810	0.17086	0.65104	0.37832	0.21162	0.18268	0.19517	0.20263	0.16929	0.16460	0.12643	-0.07721	0.03209	0.15761
18460	0.07578	0.08666	0.06662	0.15168	0.22291	0.17530	0.65504	0.38486	0.21589	0.18630	0.19680	0.20512	0.17027	0.16179	0.12321	-0.08069	0.02857	0.15370
18620	0.07262	0.08509	0.06343	0.14755	0.22009	0.17148	0.65320	0.38170	0.21304	0.18270	0.19597	0.20234	0.17071	0.16384	0.12651	-0.07947	0.03161	0.15713
18790	0.07375	0.08671	0.06571	0.15186	0.22291	0.17481	0.65846	0.38771	0.21622	0.18481	0.19769	0.20498	0.17122	0.16331	0.12478	-0.07943	0.03105	0.15637
18950	0.07399	0.08720	0.06586	0.15234	0.22439	0.17672	0.65905	0.38648	0.21654	0.18722	0.20006	0.20674	0.17067	0.16350	0.12703	-0.08018	0.02964	0.15477
19110	0.07388	0.08474	0.06367	0.14939	0.22096	0.17341	0.65372	0.38308	0.21475	0.18423	0.19622	0.20449	0.16952	0.16199	0.12469	-0.08132	0.03085	0.15677
19280	0.07494	0.08677	0.06602	0.15236	0.22311	0.17628	0.65401	0.38666	0.21685	0.18654	0.19820	0.20633	0.16966	0.16277	0.12254	-0.08125	0.03043	0.15520
19440	0.07673	0.08484	0.06469	0.15106	0.22191	0.17486	0.65168	0.38376	0.21553	0.18596	0.19878	0.20610	0.17481	0.16651	0.13065	-0.07543	0.03620	0.16095
19610	0.07591	0.08751	0.06659	0.15412	0.22496	0.17824	0.65425	0.38825	0.21852	0.18988	0.20118	0.20774	0.17213	0.16465	0.12640	-0.08144	0.03198	0.15519	30.34	6.3	0.00	7.61	0.01268	0.01289	0.01637	0.00782	0.00582	0.00637	0.00466	0.01265	0.01681	0.00677	0.00699	0.00881	0.01488	0.01093	0.01195	0.00218	0.00620	0.00869
19770	0.07157	0.08382	0.06456	0.14895	0.22034	0.17268	0.65135	0.38142	0.21338	0.18518	0.19647	0.20370	0.16806	0.16271	0.12661	-0.07921	0.03069	0.15517
19930	0.07561	0.08743	0.06620	0.15102	0.22229	0.17486	0.65322	0.38634	0.21533	0.18584	0.19788	0.20536	0.16813	0.16178	0.12231	-0.08385	0.02718	0.15200
20090	0.07406	0.08255	0.06163	0.14659	0.21717	0.17094	0.65324	0.38110	0.21291	0.18252	0.19581	0.20343	0.16955	0.16336	0.12578	-0.08073	0.03053	0.15577
20260	0.07511	0.08489	0.06537	0.14922	0.22034	0.17416	0.65521	0.38340	0.21412	0.18421	0.19747	0.20430	0.16742	0.16306	0.12563	-0.08055	0.03012	0.15606
20420	0.07393	0.08665	0.06638	0.15025	0.22131	0.17590	0.65022	0.38592	0.21524	0.18673	0.19883	0.20564	0.17195	0.16711	0.13129	-0.07777	0.03525	0.16123
20580	0.07574	0.08711	0.06560	0.15423	0.22600	0.17833	0.65570	0.38821	0.21814	0.18888	0.20208	0.20876	0.17165	0.16730	0.12799	-0.07528	0.03590	0.15929
20750	0.07391	0.08700	0.06439	0.15349	0.22459	0.17729	0.65656	0.38310	0.21466	0.18813	0.19982	0.20628	0.17391	0.16902	0.12870	-0.07558	0.03697	0.16069
20910	0.07880	0.08760	0.06620	0.15499	0.22590	0.17964	0.64880	0.38804	0.21892	0.19061	0.20352	0.20978	0.17278	0.16421	0.12768	-0.07551	0.03640	0.16118
21080	0.07687	0.08921	0.06881	0.15933	0.23143	0.18451	0.65995	0.39202	0.22231	0.19418	0.20520	0.21302	0.17405	0.16694	0.12884	-0.07194	0.03749	0.16022
21240	0.07474	0.08197	0.06416	0.15017	0.22180	0.17501	0.65429	0.38334	0.21531	0.18576	0.19863	0.20579	0.16602	0.16343	0.12440	-0.08585	0.02938	0.15528	30.29	6.0	0.00	7.75	0.01268	0.01289	0.01637	0.00782	0.00582	0.00637	0.00466	0.01265	0.01681	0.00677	0.00699	0.00881	0.01488	0.01093	0.01194	0.00218	0.00620	0.00869
21400	0.07577	0.08737	0.06612	0.15418	0.22649	0.18008	0.65606	0.39174	0.22167	0.19145	0.20625	0.21091	0.17384	0.16661	0.12836	-0.07684	0.03728	0.16166
21570	0.07778	0.08761	0.06803	0.15553	0.22735	0.18060	0.66665	0.38605	0.21985	0.19224	0.20506	0.21136	0.17343	0.16856	0.12945	-0.07097	0.04002	0.16300
21730	0.07723	0.08806	0.06809	0.15828	0.22894	0.18175	0.65456	0.38925	0.21926	0.19285	0.20578	0.21136	0.17245	0.16599	0.12514	-0.07676	0.03743	0.16099
21900	0.07513	0.08846	0.06578	0.15469	0.22512	0.17829	0.65444	0.38454	0.21698	0.19020	0.20456	0.20935	0.17608	0.16779	0.12935	-0.07502	0.04083	0.16505
22060	0.07849	0.08848	0.06808	0.15982	0.22993	0.18198	0.65508	0.39000	0.22061	0.19351	0.20726	0.21118	0.17476	0.16637	0.12633	-0.07513	0.03938	0.16337
22220	0.07619	0.09075	0.06727	0.15776	0.22787	0.18067	0.65950	0.38685	0.21923	0.19130	0.20405	0.21041	0.17613	0.16662	0.13109	-0.07004	0.04321	0.16687
22390	0.08000	0.09033	0.06871	0.16058	0.23144	0.18435	0.66587	0.39055	0.22150	0.19421	0.20761	0.21360	0.17749	0.16944	0.13267	-0.06949	0.04403	0.16738
22550	0.07843	0.09033	0.07168	0.16261	0.23463	0.18741	0.66414	0.39134	0.22490	0.19650	0.20971	0.21640	0.17751	0.17065	0.13301	-0.07016	0.04280	0.16646
22710	0.07747	0.08779	0.06875	0.15955	0.23065	0.18411	0.66301	0.39004	0.21915	0.19343	0.20558	0.21339	0.17470	0.16810	0.12727	-0.07164	0.04150	0.16399
22880	0.07705	0.08729	0.06767	0.15766	0.22747	0.18086	0.65032	0.38676	0.22044	0.19177	0.20508	0.21087	0.17115	0.16468	0.12631	-0.07760	0.03487	0.16018	30.40	6.2	0.00	7.61	0.01268	0.01289	0.01637	0.00782	0.00582	0.00637	0.00466	0.01265	0.01681	0.00677	0.00699	0.00881	0.01488	0.01093	0.01194	0.00218	0.00620	0.00869
23040	0.07544	0.08707	0.06563	0.15513	0.22717	0.17847	0.65519	0.38838	0.21868	0.19148	0.20390	0.20943	0.16988	0.16544	0.12764	-0.08142	0.03369	0.15862
23200	0.07212	0.08598	0.06589	0.15286	0.22762	0.18154	0.65968	0.39054	0.22087	0.19363	0.20611	0.21240	0.17281	0.16806	0.12922	-0.07734	0.03813	0.16230
23370	0.07696	0.08690	0.06655	0.15536	0.22707	0.17916	0.65595	0.38812	0.21634	0.19168	0.20342	0.20963	0.16973	0.16517	0.12640	-0.08001	0.03404	0.15954
23530	0.07378	0.08782	0.06924	0.15342	0.22801	0.18040	0.65897	0.38720	0.22054	0.19170	0.20523	0.21123	0.17252	0.16269	0.12803	-0.07459	0.03727	0.16180
23690	0.07519	0.08668	0.06739	0.15441	0.22661	0.17948	0.65332	0.38448	0.21776	0.19175	0.20488	0.20935	0.16887	0.16366	0.12475	-0.08087	0.03507	0.16003
23860	0.07590	0.08745	0.06710	0.15714	0.22962	0.18228	0.66003	0.38766	0.22191	0.19412	0.20597	0.21215	0.17379	0.16677	0.12880	-0.07589	0.03814	0.16212
24020	0.07397	0.08663	0.06671	0.15586	0.22786	0.17951	0.66111	0.38463	0.21792	0.19168	0.20507	0.21026	0.17004	0.16626	0.12690	-0.07805	0.03417	0.15935
24180	0.07494	0.08885	0.06664	0.15650	0.22872	0.18067	0.65416	0.39090	0.21956	0.19381	0.20649	0.21154	0.17484	0.16916	0.12926	-0.07779	0.03679	0.16190
24350	0.07552	0.08622	0.06677	0.15488	0.22684	0.17959	0.65592	0.38671	0.21767	0.19089	0.20450	0.20985	0.16970	0.16539	0.12542	-0.07831	0.03371	0.15885
24510	0.07706	0.08753	0.06729	0.15486	0.22650	0.17924	0.66079	0.38819	0.22024	0.19171	0.20443	0.20972	0.17205	0.16605	0.12927	-0.08055	0.03696	0.16209	30.40	6.1	0.00	7.76	0.01268	0.01288	0.01636	0.00782	0.00581	0.00637	0.00466	0.01264	0.01680	0.00677	0.00699	0.00881	0.01487	0.01093	0.01194	0.00217	0.00620	0.00869
24670	0.07717	0.08557	0.06563	0.15489	0.22585	0.17847	0.65408	0.38808	0.21721	0.19061	0.20331	0.20921	0.17107	0.16408	0.12616	-0.08144	0.03529	0.15969
24840	0.07711	0.08596	0.06737	0.15596	0.22676	0.18071	0.65882	0.39090	0.22095	0.19162	0.20606	0.21105	0.17250	0.16659	0.13014	-0.07691	0.03788	0.16167
25000	0.07654	0.08630	0.06561	0.15476	0.22531	0.17848	0.66268	0.38630	0.21709	0.19069	0.20340	0.20865	0.16923	0.16372	0.12757	-0.08158	0.03405	0.15884
25160	0.07450	0.08327	0.06499	0.15185	0.22322	0.17535	0.65730	0.38400	0.21349	0.18814	0.20173	0.20697	0.17307	0.16840	0.12974	-0.07913	0.03982	0.16504
25330	0.07875	0.08819	0.06727	0.15915	0.22801	0.18032	0.65897	0.38956	0.22020	0.19244	0.20543	0.21126	0.17362	0.16608	0.13008	-0.08069	0.03737	0.16129
25490	0.07821	0.08920	0.06765	0.15746	0.22838	0.18168	0.66280	0.38854	0.22245	0.19292	0.20587	0.21156	0.17243	0.16469	0.12867	-0.07828	0.03849	0.16273
25650	0.07588	0.08679	0.06478	0.15514	0.22519	0.17916	0.66052	0.38632	0.21857	0.19138	0.20427	0.21007	0.16829	0.16391	0.12738	-0.08084	0.03496	0.15986
25820	0.07801	0.08838	0.06764	0.15762	0.22916	0.18222	0.66002	0.38934	0.22206	0.19299	0.20671	0.21258	0.17348	0.16989	0.12876	-0.07928	0.03868	0.16281
25980	0.07595	0.08542	0.06511	0.15625	0.22650	0.17983	0.65761	0.38724	0.21746	0.19014	0.20380	0.21011	0.17182	0.16482	0.12666	-0.08040	0.03620	0.15969
26140	0.07304	0.08424	0.06428	0.15221	0.22344	0.17606	0.65321	0.38381	0.21209	0.18816	0.20081	0.20673	0.17177	0.16750	0.12994	-0.07659	0.03784	0.16368	30.40	6.1	0.00	7.64	0.01268	0.01288	0.01636	0.00782	0.00581	0.00637	0.00466	0.01264	0.01680	0.00677	0.00699	0.00880	0.01487	0.01092	0.01194	0.00217	0.00619	0.00868
26310	0.07881	0.08874	0.06821	0.15689	0.22744	0.18126	0.65478	0.38713	0.21783	0.19204	0.20414	0.21088	0.17349	0.16441	0.12708	-0.07548	0.03776	0.16333
26470	0.07695	0.08940	0.06792	0.15808	0.22964	0.18175	0.66284	0.38994	0.22019	0.19240	0.20562	0.21179	0.17265	0.16869	0.12821	-0.07856	0.03661	0.16162
26630	0.07701	0.08739	0.06471	0.15528	0.22643	0.17809	0.65466	0.38505	0.21623	0.19062	0.20356	0.20917	0.17136	0.16738	0.12840	-0.07656	0.03735	0.16236
26800	0.07650	0.08900	0.06691	0.15697	0.22787	0.18073	0.66434	0.38974	0.21810	0.19233	0.20456	0.21186	0.16880	0.16597	0.12609	-0.08120	0.03525	0.16018
26960	0.07602	0.08636	0.06521	0.15409	0.22472	0.17847	0.65065	0.38477	0.21564	0.18914	0.20261	0.20882	0.16845	0.16049	0.12541	-0.08213	0.03149	0.15809
27120	0.07452	0.08841	0.06943	0.15286	0.22795	0.18209	0.65593	0.38947	0.21999	0.19446	0.20577	0.21300	0.17584	0.16907	0.12718	-0.07366	0.03846	0.16387
27290	0.07834	0.08844	0.06625	0.15792	0.22738	0.18057	0.65439	0.38583	0.21575	0.19138	0.20463	0.21015	0.17016	0.16687	0.12825	-0.07823	0.03668	0.16235
27450	0.07572	0.08830	0.06550	0.15655	0.22609	0.18093	0.65333	0.38822	0.21686	0.19196	0.20440	0.21038	0.17028	0.16404	0.12696	-0.07990	0.03511	0.16059
27610	0.07553	0.08475	0.06668	0.15512	0.22560	0.17910	0.65667	0.38516	0.21701	0.19072	0.20365	0.20979	0.17132	0.16631	0.12680	-0.07841	0.03625	0.16197
27780	0.07852	0.08646	0.06642	0.15487	0.22570	0.17895	0.66059	0.38617	0.21532	0.19124	0.20329	0.20981	0.17085	0.16529	0.12432	-0.08137	0.03451	0.16036	30.34	6.2	0.00	7.60	0.01268	0.01288	0.01636	0.00781	0.00581	0.00637	0.00466	0.01264	0.01680	0.00677	0.00698	0.00880	0.01487	0.01092	0.01194	0.00217	0.00619	0.00868
27940	0.07627	0.08638	0.06630	0.15343	0.22432	0.17633	0.65510	0.38229	0.21584	0.18907	0.20197	0.20815	0.16957	0.16512	0.12538	-0.08193	0.03677	0.16176
28110	0.07827	0.08896	0.06677	0.15507	0.22616	0.17877	0.65769	0.38699	0.21696	0.19115	0.20420	0.20985	0.17060	0.16562	0.12638	-0.08185	0.03377	0.15960
28270	0.07743	0.08780	0.06746	0.15603	0.22600	0.17901	0.66575	0.38662	0.21785	0.19148	0.20462	0.21037	0.17190	0.16722	0.12742	-0.07855	0.03533	0.16059
28430	0.07696	0.08759	0.06689	0.15592	0.22687	0.18034	0.65712	0.38701	0.21840	0.19237	0.20426	0.20980	0.17241	0.16413	0.12653	-0.08171	0.03397	0.15967
28600	0.07631	0.09044	0.06921	0.15763	0.22908	0.18193	0.66496	0.39237	0.22139	0.19444	0.20741	0.21260	0.17349	0.16910	0.12777	-0.07851	0.03771	0.16284
28760	0.07753	0.08514	0.06723	0.15573	0.22577	0.17798	0.65830	0.38774	0.21675	0.19071	0.20271	0.20903	0.17068	0.16455	0.12641	-0.08375	0.03341	0.15909
28920	0.07535	0.09068	0.06991	0.15706	0.22893	0.18185	0.66128	0.38753	0.22081	0.19308	0.20641	0.21284	0.17503	0.16738	0.12810	-0.08018	0.03755	0.16288
29090	0.07697	0.08803	0.06729	0.15619	0.22555	0.17817	0.65776	0.38386	0.21793	0.19074	0.20431	0.20886	0.16996	0.16210	0.12366	-0.08204	0.03320	0.15853
29250	0.07613	0.08575	0.06602	0.15573	0.22717	0.17979	0.66064	0.39063	0.21939	0.19255	0.20378	0.21137	0.17146	0.16618	0.12461	-0.08256	0.03522	0.16014
29410	0.07273	0.08547	0.06483	0.15360	0.22284	0.17655	0.65323	0.38515	0.21648	0.18823	0.20042	0.20771	0.16650	0.16289	0.12341	-0.08334	0.03134	0.15708	30.40	6.2	0.00	7.60	0.01268	0.01288	0.01636	0.00781	0.00581	0.00637	0.00466	0.01264	0.01680	0.00677	0.00698	0.00880	0.01487	0.01092	0.01194	0.00217	0.00619	0.00868
29570	0.07190	0.08565	0.06418	0.15187	0.22217	0.17445	0.66292	0.38213	0.21369	0.18791	0.19989	0.20599	0.17048	0.16375	0.12566	-0.08264	0.03437	0.15898
29740	0.07519	0.08606	0.06507	0.15415	0.22485	0.17701	0.65281	0.38568	0.21727	0.18962	0.20163	0.20907	0.16916	0.16415	0.12345	-0.08271	0.03350	0.15841
29900	0.07461	0.08602	0.06521	0.15290	0.22304	0.17546	0.65131	0.38509	0.21554	0.18945	0.20227	0.20730	0.17087	0.16607	0.12690	-0.08205	0.03484	0.16043
30070	0.07602	0.08901	0.06548	0.15435	0.22617	0.17793	0.65261	0.38785	0.21914	0.19019	0.20306	0.20909	0.17196	0.16387	0.12907	-0.07885	0.03465	0.16095
30230	0.07663	0.08590	0.06555	0.15414	0.22519	0.17897	0.66137	0.38668	0.21792	0.19026	0.20329	0.20917	0.16879	0.16534	0.12533	-0.08127	0.03365	0.15902
30390	0.07446	0.08443	0.06438	0.15337	0.22382	0.17685	0.65640	0.38310	0.21521	0.18937	0.20180	0.20846	0.17127	0.16475	0.12876	-0.08149	0.03585	0.16144
30560	0.07812	0.09009	0.06612	0.15641	0.22623	0.17894	0.66461	0.38841	0.21773	0.19019	0.20354	0.20958	0.17064	0.16378	0.12637	-0.08123	0.03345	0.15942
30720	0.07498	0.08651	0.06634	0.15415	0.22461	0.17723	0.65652	0.38413	0.21332	0.18865	0.20241	0.20860	0.17161	0.16695	0.12875	-0.07870	0.03711	0.16363
30880	0.07905	0.08813	0.06767	0.15824	0.22901	0.18130	0.65296	0.39068	0.21959	0.19329	0.20550	0.21160	0.17346	0.16574	0.12587	-0.07789	0.03627	0.16149
31050	0.07563	0.08691	0.06504	0.15486	0.22523	0.17858	0.65691	0.38726	0.21801	0.19069	0.20141	0.20976	0.16847	0.16276	0.12607	-0.08084	0.03361	0.15864	30.40	6.2	0.00	7.73	0.01268	0.01288	0.01636	0.00781	0.00581	0.00637	0.00466	0.01264	0.01680	0.00677	0.00698	0.00880	0.01487	0.01092	0.01194	0.00217	0.00619	0.00868
31210	0.07417	0.08650	0.06599	0.15270	0.22430	0.17720	0.65602	0.38183	0.21697	0.18850	0.20127	0.20796	0.16904	0.16221	0.12401	-0.08069	0.03186	0.15829
31370	0.07374	0.08258	0.06482	0.15096	0.22144	0.17510	0.64406	0.38115	0.21254	0.18590	0.19946	0.20611	0.17061	0.16628	0.12922	-0.07757	0.03690	0.16217
31540	0.07663	0.08880	0.06748	0.15599	0.22544	0.17979	0.66202	0.38435	0.21736	0.19053	0.20226	0.20954	0.17031	0.16331	0.12299	-0.07854	0.03346	0.15832
31700	0.07323	0.08282	0.06675	0.15132	0.22172	0.17483	0.65440	0.38289	0.21341	0.18678	0.19913	0.20543	0.17168	0.16552	0.12732	-0.07553	0.03861	0.16357
31870	0.07923	0.08990	0.06882	0.15674	0.22742	0.18040	0.65639	0.38874	0.21968	0.19164	0.20407	0.21085	0.17451	0.16448	0.12725	-0.07765	0.03459	0.15975
32030	0.07820	0.08895	0.06824	0.15671	0.22797	0.17994	0.66168	0.39041	0.22054	0.19182	0.20427	0.21147	0.17294	0.16622	0.12995	-0.07456	0.03643	0.16147
32190	0.07676	0.08831	0.06678	0.15468	0.22542	0.17773	0.65504	0.38578	0.21510	0.18975	0.20140	0.20961	0.16656	0.16299	0.12522	-0.07906	0.03270	0.15755
32360	0.07556	0.08726	0.06752	0.15545	0.22647	0.18054	0.65858	0.38468	0.21854	0.19146	0.20273	0.21087	0.17057	0.16397	0.12678	-0.07631	0.03552	0.16109
32520	0.07436	0.08708	0.06639	0.15510	0.22516	0.17849	0.65263	0.38516	0.21617	0.18944	0.20191	0.20974	0.16749	0.16281	0.12333	-0.08021	0.03368	0.15890
32680	0.07572	0.08642	0.06500	0.15407	0.22551	0.17889	0.65632	0.38683	0.21829	0.19001	0.20189	0.20950	0.17164	0.16259	0.12464	-0.07545	0.03355	0.15868	30.40	6.1	0.00	7.61	0.01268	0.01288	0.01636	0.00781	0.00581	0.00637	0.00466	0.01264	0.01680	0.00677	0.00698	0.00880	0.01487	0.01092	0.01194	0.00217	0.00619	0.00868
32850	0.07660	0.08685	0.06648	0.15380	0.22639	0.17855	0.65254	0.38499	0.21632	0.18997	0.20217	0.20941	0.16922	0.16187	0.12406	-0.07723	0.03384	0.15795
33010	0.07305	0.08291	0.06381	0.15127	0.22317	0.17614	0.65160	0.38258	0.21187	0.18660	0.20035	0.20789	0.17334	0.16580	0.12884	-0.07548	0.03794	0.16379
33170	0.07746	0.08643	0.06725	0.15640	0.22870	0.18042	0.66385	0.38608	0.21775	0.19148	0.20294	0.21130	0.16861	0.16431	0.12647	-0.07381	0.03545	0.15994
33340	0.07468	0.08754	0.07029	0.15728	0.22805	0.18215	0.66264	0.38686	0.22112	0.19121	0.20456	0.21150	0.17077	0.16422	0.12693	-0.07166	0.03545	0.16131
33500	0.07451	0.08746	0.06739	0.15492	0.22590	0.17855	0.65448	0.38347	0.21579	0.19006	0.20133	0.20908	0.16864	0.16327	0.12337	-0.07534	0.03266	0.15821
33660	0.07688	0.08638	0.06892	0.15545	0.22591	0.18060	0.65807	0.38741	0.21884	0.19110	0.20173	0.21165	0.16819	0.16471	0.12707	-0.07578	0.03587	0.16004
33830	0.07412	0.08563	0.06581	0.15494	0.22489	0.17918	0.65600	0.38281	0.21731	0.18964	0.20099	0.20956	0.16978	0.16419	0.12940	-0.07470	0.03681	0.16112
33990	0.07703	0.08609	0.06668	0.15590	0.22769	0.17995	0.66158	0.38857	0.21857	0.19145	0.20259	0.21165	0.17081	0.16432	0.12400	-0.07366	0.03539	0.16011
34150	0.07262	0.08464	0.06346	0.15318	0.22404	0.17793	0.64905	0.38461	0.21428	0.18780	0.20043	0.20843	0.16809	0.16037	0.12218	-0.07931	0.03157	0.15536
34320	0.07032	0.08535	0.06642	0.15116	0.22524	0.18070	0.65809	0.38701	0.21891	0.19285	0.20398	0.21174	0.17030	0.16633	0.12657	-0.07387	0.03657	0.16216	30.40	6.2	0.00	7.56	0.01268	0.01288	0.01636	0.00781	0.00581	0.00637	0.00466	0.01264	0.01680	0.00677	0.00698	0.00880	0.01487	0.01092	0.01194	0.00217	0.00619	0.00868
34480	0.07595	0.08666	0.06687	0.15518	0.22533	0.17857	0.65195	0.38353	0.21529	0.18938	0.20120	0.20858	0.16700	0.16028	0.12196	-0.07662	0.03278	0.15786
34640	0.07292	0.08642	0.06562	0.15247	0.22500	0.17982	0.65843	0.38579	0.21840	0.19189	0.20326	0.21020	0.17013	0.16400	0.12499	-0.07380	0.03564	0.16093
34810	0.07568	0.08508	0.06467	0.15415	0.22534	0.17809	0.65659	0.38414	0.21381	0.18993	0.20145	0.20805	0.16802	0.15987	0.12294	-0.07785	0.03264	0.15753
34970	0.07165	0.08357	0.06630	0.15213	0.22613	0.17955	0.66050	0.38535	0.21792	0.19167	0.20447	0.21043	0.16875	0.16326	0.12309	-0.07499	0.03581	0.15987
35130	0.07578	0.08470	0.06614	0.15422	0.22474	0.17858	0.65072	0.38350	0.21515	0.18931	0.20135	0.20907	0.16823	0.16297	0.12081	-0.07521	0.03318	0.15737
35300	0.07585	0.08544	0.06521	0.15473	0.22665	0.18062	0.65627	0.38741	0.21924	0.19199	0.20389	0.21132	0.17053	0.16624	0.12658	-0.07350	0.03646	0.16094
35460	0.07477	0.08410	0.06587	0.15335	0.22345	0.17777	0.65839	0.38534	0.21585	0.18927	0.20171	0.20856	0.16668	0.15959	0.12401	-0.07707	0.03307	0.15796
35620	0.07571	0.08468	0.06452	0.15536	0.22661	0.17990	0.65566	0.38613	0.21744	0.19116	0.20307	0.20941	0.17119	0.16513	0.12366	-0.07517	0.03598	0.15980
35790	0.07518	0.08576	0.06507	0.15336	0.22364	0.17798	0.64951	0.38205	0.21453	0.19029	0.20154	0.20907	0.16661	0.16156	0.12224	-0.07822	0.03294	0.15760
35950	0.07509	0.08639	0.06923	0.15504	0.22690	0.18089	0.65677	0.38795	0.21770	0.19192	0.20555	0.21039	0.17198	0.16426	0.12849	-0.07283	0.03586	0.15969	30.40	6.1	0.00	7.74	0.01268	0.01288	0.01636	0.00781	0.00581	0.00637	0.00466	0.01264	0.01680	0.00677	0.00698	0.00880	0.01487	0.01092	0.01194	0.00217	0.00619	0.00868
36110	0.07475	0.08713	0.06630	0.15399	0.22488	0.17910	0.65500	0.38317	0.21572	0.18937	0.20275	0.20908	0.16846	0.16234	0.12313	-0.07540	0.03399	0.15776
36280	0.07717	0.08887	0.06781	0.15587	0.22688	0.18219	0.66211	0.38820	0.22055	0.19212	0.20651	0.21201	0.17161	0.16501	0.12741	-0.07068	0.03722	0.16179
36440	0.07666	0.08695	0.06585	0.15496	0.22465	0.17886	0.66354	0.38612	0.21605	0.19007	0.20213	0.20989	0.16851	0.16273	0.12263	-0.07558	0.03409	0.15798
36600	0.07449	0.08652	0.06688	0.15445	0.22567	0.17993	0.65699	0.38767	0.21771	0.19249	0.20322	0.21067	0.17045	0.16630	0.12801	-0.07291	0.03513	0.15999
36770	0.07324	0.08544	0.06622	0.15327	0.22399	0.17813	0.65483	0.38319	0.21427	0.18924	0.20160	0.20862	0.16845	0.16274	0.12462	-0.07599	0.03258	0.15711
36930	0.07244	0.08498	0.06360	0.15077	0.22191	0.17607	0.64734	0.38080	0.21226	0.18786	0.19928	0.20644	0.17094	0.16387	0.12940	-0.07224	0.03734	0.16217
37090	0.07626	0.08782	0.06610	0.15569	0.22583	0.17928	0.65284	0.38486	0.21654	0.19092	0.20331	0.20999	0.16968	0.16211	0.12418	-0.07495	0.03401	0.15809
37260	0.07657	0.08699	0.06727	0.15424	0.22508	0.17900	0.65913	0.38672	0.21736	0.19099	0.20376	0.21091	0.16930	0.16556	0.12801	-0.07569	0.03422	0.15797
37420	0.07423	0.08547	0.06460	0.15293	0.22254	0.17664	0.65164	0.38295	0.21470	0.18955	0.20153	0.20837	0.16738	0.16116	0.12263	-0.07729	0.03204	0.15690
37580	0.07606	0.08920	0.06747	0.15476	0.22578	0.18049	0.65396	0.38697	0.21859	0.19134	0.20338	0.21016	0.16816	0.16461	0.12580	-0.07422	0.03599	0.15992	30.40	6.1	0.00	7.62	0.01268	0.01288	0.01636	0.00781	0.00581	0.00637	0.00466	0.01264	0.01680	0.00676	0.00698	0.00880	0.01487	0.01092	0.01194	0.00217	0.00619	0.00868
37750	0.07597	0.08633	0.06387	0.15398	0.22394	0.17755	0.64919	0.38219	0.21470	0.18922	0.20182	0.20753	0.17090	0.16614	0.12686	-0.07389	0.03696	0.16103
37910	0.07653	0.08956	0.06831	0.15743	0.22812	0.18161	0.66065	0.38778	0.21836	0.19191	0.20344	0.21035	0.16874	0.16344	0.12694	-0.07418	0.03618	0.16000
38070	0.07496	0.08423	0.06416	0.15385	0.22410	0.17749	0.64959	0.38630	0.21471	0.18892	0.20219	0.20914	0.16814	0.16351	0.12686	-0.07229	0.03624	0.16011
38240	0.07574	0.08673	0.06524	0.15451	0.22571	0.17803	0.65664	0.38332	0.21639	0.18987	0.20275	0.20882	0.16822	0.16289	0.12310	-0.07612	0.03399	0.15827
38400	0.07476	0.08541	0.06639	0.15279	0.22356	0.17824	0.65268	0.38554	0.21500	0.18877	0.20099	0.20771	0.16738	0.15961	0.12299	-0.07649	0.03129	0.15591
38560	0.07340	0.08633	0.06591	0.15111	0.22476	0.18048	0.66035	0.38617	0.22032	0.19210	0.20505	0.21161	0.17061	0.16665	0.12349	-0.07088	0.03824	0.16165
38730	0.07700	0.08731	0.06402	0.15469	0.22519	0.17818	0.65512	0.38175	0.21495	0.18842	0.20142	0.20809	0.16753	0.16000	0.12282	-0.07693	0.03260	0.15707
38890	0.07229	0.08585	0.06740	0.15311	0.22476	0.18030	0.65634	0.38613	0.21888	0.19147	0.20352	0.21033	0.17023	0.16310	0.12528	-0.07236	0.03597	0.15975
39050	0.07561	0.08529	0.06596	0.15512	0.22496	0.17840	0.65271	0.38375	0.21578	0.18886	0.20108	0.20881	0.16654	0.16361	0.12246	-0.07782	0.03227	0.15643
39220	0.07502	0.08629	0.06734	0.15609	0.22597	0.18035	0.66163	0.38686	0.21790	0.19050	0.20319	0.20965	0.16727	0.16191	0.12580	-0.07475	0.03552	0.15946	30.40	6.1	0.00	7.60	0.01268	0.01288	0.01636	0.00781	0.00581	0.00637	0.00466	0.01264	0.01680	0.00676	0.00698	0.00880	0.01487	0.01092	0.01194	0.00217	0.00619	0.00868
39380	0.07590	0.08408	0.06489	0.15380	0.22310	0.17761	0.65062	0.38215	0.21675	0.18748	0.20129	0.20774	0.16899	0.16065	0.12227	-0.07453	0.03192	0.15676
39540	0.07559	0.08684	0.06517	0.15445	0.22500	0.17968	0.66279	0.38616	0.21756	0.18919	0.20240	0.20875	0.16880	0.16383	0.12394	-0.07323	0.03475	0.15866
39710	0.07514	0.08524	0.06425	0.15362	0.22337	0.17723	0.65290	0.38405	0.21531	0.18776	0.20226	0.20766	0.16756	0.16157	0.12326	-0.07557	0.03293	0.15757
39870	0.07533	0.08710	0.06481	0.15488	0.22583	0.17950	0.65543	0.38701	0.21670	0.19024	0.20236	0.20944	0.17033	0.16573	0.12553	-0.07326	0.03628	0.15997
40030	0.07568	0.08621	0.06469	0.15465	0.22528	0.17829	0.65907	0.38330	0.21531	0.18878	0.20077	0.20892	0.17091	0.16523	0.12465	-0.07289	0.03446	0.15790
40200	0.07555	0.08602	0.06709	0.15690	0.22757	0.18036	0.65445	0.38756	0.21915	0.19063	0.20464	0.21125	0.17127	0.16600	0.12468	-0.06966	0.03801	0.16131
40360	0.07538	0.08749	0.06504	0.15468	0.22522	0.17813	0.65814	0.38290	0.21656	0.18871	0.20224	0.20854	0.16887	0.16311	0.12288	-0.07419	0.03330	0.15866
40520	0.07643	0.08501	0.06630	0.15524	0.22648	0.18069	0.65856	0.38708	0.21919	0.19134	0.20432	0.21047	0.17064	0.16399	0.12713	-0.07167	0.03762	0.16044
40690	0.07483	0.08437	0.06705	0.15396	0.22438	0.17890	0.65831	0.38219	0.21580	0.18883	0.20148	0.20814	0.16818	0.15997	0.12181	-0.07560	0.03311	0.15700
40850	0.07441	0.08324	0.06429	0.15090	0.22115	0.17482	0.65920	0.38383	0.21275	0.18687	0.19880	0.20585	0.17198	0.16671	0.12950	-0.07213	0.03804	0.16261	30.46	6.1	0.00	7.74	0.01268	0.01288	0.01636	0.00781	0.00581	0.00637	0.00466	0.01264	0.01680	0.00677	0.00698	0.00880	0.01487	0.01092	0.01194	0.00217	0.00619	0.00868
41010	0.07802	0.08730	0.06586	0.15634	0.22607	0.17966	0.65537	0.38468	0.21638	0.19128	0.20210	0.20971	0.17021	0.16460	0.12371	-0.07320	0.03385	0.15842
41180	0.07576	0.08680	0.06743	0.15631	0.22626	0.18001	0.65647	0.38729	0.21774	0.19132	0.20446	0.21015	0.17156	0.16538	0.12509	-0.07361	0.03584	0.16005
41340	0.07498	0.08417	0.06617	0.15422	0.22339	0.17667	0.65330	0.38498	0.21406	0.18803	0.20007	0.20823	0.16695	0.16157	0.12308	-0.07707	0.03219	0.15692
41500	0.07259	0.08366	0.06299	0.15176	0.22235	0.17433	0.64866	0.37949	0.21223	0.18777	0.19996	0.20590	0.16886	0.16655	0.12960	-0.07164	0.03844	0.16324
41670	0.07771	0.08739	0.06625	0.15744	0.22685	0.17925	0.65758	0.38546	0.21702	0.19091	0.20298	0.20990	0.17115	0.16431	0.12813	-0.07112	0.03875	0.16296
41830	0.07617	0.08697	0.06656	0.15735	0.22928	0.18075	0.66462	0.38936	0.21867	0.19267	0.20410	0.21033	0.17041	0.16574	0.12473	-0.07202	0.03620	0.16027
41990	0.07526	0.08244	0.06491	0.15504	0.22463	0.17688	0.65362	0.38238	0.21492	0.18894	0.20073	0.20777	0.16881	0.16411	0.12576	-0.07380	0.03620	0.16045
42160	0.07545	0.08410	0.06568	0.15682	0.22508	0.17844	0.65596	0.38763	0.21628	0.19009	0.20273	0.20853	0.17023	0.16491	0.12521	-0.07566	0.03401	0.15808
42320	0.07359	0.08252	0.06462	0.15392	0.22486	0.17734	0.65352	0.38458	0.21433	0.18988	0.20255	0.20784	0.16779	0.16034	0.12234	-0.07829	0.03271	0.15698
42480	0.07212	0.08525	0.06580	0.15247	0.22710	0.17937	0.65861	0.38961	0.22099	0.19229	0.20419	0.21143	0.16937	0.16566	0.12706	-0.07362	0.03835	0.16097	30.46	6.2	0.00	7.58	0.01268	0.01288	0.01636	0.00781	0.00581	0.00637	0.00466	0.01264	0.01680	0.00676	0.00698	0.00880	0.01487	0.01092	0.01194	0.00217	0.00619	0.00868
42650	0.07389	0.08475	0.06427	0.15503	0.22527	0.17758	0.65286	0.38541	0.21474	0.18918	0.20140	0.20816	0.17049	0.16181	0.12393	-0.07752	0.03435	0.15745
42810	0.07196	0.08729	0.06611	0.15301	0.22692	0.18164	0.66523	0.38652	0.22154	0.19267	0.20538	0.21217	0.17523	0.16858	0.12758	-0.07191	0.03963	0.16260
42970	0.07555	0.08520	0.06702	0.15585	0.22572	0.17913	0.65311	0.38305	0.21820	0.19034	0.20208	0.20980	0.16907	0.16253	0.12644	-0.07510	0.03477	0.15825
43140	0.07510	0.08789	0.06687	0.15696	0.22728	0.18072	0.66449	0.38952	0.22155	0.19174	0.20487	0.21152	0.17114	0.16754	0.12682	-0.07288	0.03868	0.16155
43300	0.07438	0.08396	0.06466	0.15569	0.22480	0.17860	0.65608	0.38567	0.21567	0.18942	0.20109	0.20865	0.16726	0.16550	0.12314	-0.07756	0.03367	0.15698
43460	0.07245	0.08162	0.06181	0.15033	0.22143	0.17328	0.64861	0.38128	0.21238	0.18623	0.19802	0.20626	0.16782	0.16460	0.12360	-0.07536	0.03644	0.16071
43620	0.07398	0.08526	0.06449	0.15437	0.22484	0.17674	0.65480	0.38572	0.21667	0.18903	0.20123	0.20965	0.16964	0.16371	0.12405	-0.07548	0.03507	0.15749
43790	0.07223	0.08447	0.06266	0.15234	0.22180	0.17523	0.64930	0.38213	0.21285	0.18659	0.19875	0.20660	0.17043	0.16618	0.12727	-0.07302	0.03757	0.16138
43950	0.07657	0.08583	0.06525	0.15529	0.22513	0.17870	0.65222	0.38455	0.21695	0.18973	0.20169	0.20869	0.16968	0.16547	0.12643	-0.07600	0.03452	0.15784
44120	0.07425	0.08415	0.06304	0.15177	0.22122	0.17542	0.64527	0.38301	0.21163	0.18602	0.19959	0.20646	0.17287	0.16471	0.13084	-0.07261	0.04004	0.16318	30.46	6.1	0.00	7.63	0.01268	0.01288	0.01636	0.00781	0.00581	0.00637	0.00466	0.01264	0.01680	0.00676	0.00698	0.00880	0.01487	0.01092	0.01194	0.00217	0.00619	0.00868
44280	0.07734	0.08751	0.06775	0.15822	0.22799	0.18093	0.66095	0.38652	0.21925	0.19137	0.20442	0.20997	0.17159	0.16522	0.12756	-0.07491	0.03569	0.15968
44440	0.07723	0.08712	0.06788	0.15699	0.22741	0.18142	0.65928	0.38854	0.21792	0.19130	0.20526	0.21121	0.17201	0.16644	0.12752	-0.07331	0.03739	0.16026
44610	0.07456	0.08424	0.06677	0.15574	0.22454	0.17807	0.65564	0.38340	0.21725	0.18911	0.20142	0.20890	0.16878	0.16336	0.12264	-0.07714	0.03307	0.15699
44770	0.07502	0.08767	0.06758	0.15586	0.22658	0.18114	0.65370	0.38783	0.21870	0.19093	0.20350	0.21127	0.17078	0.16624	0.12522	-0.07376	0.03656	0.15906
44930	0.07448	0.08411	0.06403	0.15385	0.22408	0.17814	0.65470	0.38429	0.21615	0.18762	0.20027	0.20870	0.16720	0.15971	0.12130	-0.07959	0.03282	0.15486
45100	0.07430	0.08648	0.06684	0.15583	0.22542	0.17958	0.65797	0.38713	0.21932	0.19049	0.20289	0.21039	0.16997	0.16410	0.12574	-0.07443	0.03616	0.15823
45260	0.07451	0.08444	0.06527	0.15344	0.22367	0.17703	0.65259	0.38304	0.21455	0.18876	0.20068	0.20889	0.16861	0.16357	0.12467	-0.07617	0.03325	0.15645
45420	0.07363	0.08248	0.06474	0.15136	0.22156	0.17526	0.65063	0.37875	0.21194	0.18646	0.20022	0.20694	0.17051	0.16537	0.12813	-0.07264	0.03844	0.16265
45590	0.07776	0.08614	0.06565	0.15616	0.22656	0.17919	0.65456	0.38527	0.21630	0.18957	0.20192	0.20922	0.16974	0.16516	0.12772	-0.07543	0.03760	0.16078
45750	0.07517	0.08684	0.06710	0.15642	0.22704	0.18172	0.65787	0.38869	0.21907	0.19037	0.20351	0.21014	0.16780	0.16408	0.12596	-0.07679	0.03597	0.15893	30.40	6.1	0.00	7.75	0.01268	0.01288	0.01636	0.00781	0.00581	0.00637	0.00466	0.01264	0.01680	0.00676	0.00698	0.00880	0.01487	0.01092	0.01194	0.00217	0.00619	0.00868
45910	0.07600	0.08612	0.06351	0.15441	0.22416	0.17820	0.65268	0.38403	0.21427	0.18819	0.20076	0.20828	0.16900	0.16540	0.12446	-0.07671	0.03638	0.16020
46080	0.07653	0.08396	0.06541	0.15474	0.22484	0.17955	0.65344	0.38655	0.21529	0.18978	0.20311	0.20896	0.16893	0.16219	0.12370	-0.07545	0.03443	0.15789
46240	0.07342	0.08417	0.06413	0.15301	0.22292	0.17790	0.65588	0.38202	0.21364	0.18819	0.20146	0.20805	0.17062	0.16457	0.12795	-0.07337	0.03582	0.16078
46400	0.07694	0.08588	0.06644	0.15600	0.22579	0.17993	0.65236	0.38482	0.21705	0.19094	0.20419	0.21006	0.16876	0.16269	0.12378	-0.07760	0.03575	0.15867
46570	0.07653	0.08421	0.06355	0.15344	0.22311	0.17752	0.64981	0.38404	0.21500	0.18836	0.20170	0.20786	0.17167	0.16329	0.12779	-0.07352	0.03872	0.16110
46730	0.07841	0.08784	0.06703	0.15675	0.22602	0.18016	0.66387	0.38807	0.21909	0.19066	0.20299	0.21053	0.16881	0.16335	0.12550	-0.07311	0.03571	0.15851
46890	0.07563	0.08662	0.06704	0.15429	0.22389	0.18015	0.65558	0.38770	0.21838	0.18954	0.20262	0.20991	0.16901	0.16216	0.12522	-0.07500	0.03523	0.15837
47060	0.07482	0.08614	0.06577	0.15281	0.22277	0.17862	0.65175	0.38222	0.21566	0.18920	0.20240	0.20853	0.16630	0.16185	0.12125	-0.07753	0.03445	0.15724
47220	0.07632	0.08312	0.06477	0.15167	0.22159	0.17472	0.65448	0.38004	0.21413	0.18559	0.19884	0.20682	0.16933	0.16708	0.12758	-0.07315	0.03868	0.16307
47390	0.07883	0.08856	0.06719	0.15571	0.22627	0.18025	0.65299	0.38757	0.21692	0.19062	0.20281	0.20934	0.17069	0.16163	0.12535	-0.07601	0.03523	0.15898	30.46	6.0	0.00	7.60	0.01268	0.01288	0.01635	0.00781	0.00581	0.00637	0.00466	0.01264	0.01680	0.00676	0.00698	0.00880	0.01487	0.01092	0.01194	0.00217	0.00619	0.00868
47550	0.07744	0.08821	0.06727	0.15581	0.22691	0.18166	0.65302	0.38604	0.22024	0.19049	0.20457	0.21066	0.17136	0.16624	0.12878	-0.07404	0.03619	0.16056
47710	0.07580	0.08418	0.06422	0.15313	0.22332	0.17766	0.65326	0.38369	0.21643	0.18744	0.20141	0.20843	0.16683	0.16127	0.12463	-0.07939	0.03235	0.15511
47880	0.07570	0.08781	0.06701	0.15451	0.22674	0.18089	0.66281	0.38890	0.21937	0.19125	0.20432	0.21082	0.17084	0.16628	0.12652	-0.07434	0.03618	0.16007
48040	0.07521	0.08520	0.06681	0.15325	0.22347	0.17742	0.65602	0.38343	0.21629	0.18771	0.20080	0.20835	0.16874	0.16270	0.12477	-0.07891	0.03276	0.15622
48200	0.07635	0.08572	0.06644	0.15346	0.22550	0.17923	0.65661	0.38536	0.21834	0.18872	0.20278	0.20913	0.16905	0.16303	0.12480	-0.07757	0.03437	0.15772
48370	0.07368	0.08532	0.06486	0.15198	0.22237	0.17863	0.65059	0.38445	0.21583	0.18705	0.19987	0.20787	0.16693	0.16141	0.12382	-0.08121	0.03304	0.15660
48530	0.07374	0.08417	0.06278	0.15081	0.21955	0.17667	0.64567	0.38165	0.21398	0.18595	0.19895	0.20625	0.17039	0.16361	0.12802	-0.07501	0.03678	0.15964
48690	0.07613	0.08680	0.06609	0.15385	0.22456	0.17954	0.65811	0.38493	0.21638	0.18752	0.20204	0.20801	0.16786	0.16079	0.12458	-0.08091	0.03324	0.15733
48860	0.07307	0.08454	0.06454	0.15020	0.22151	0.17522	0.65749	0.38359	0.21292	0.18560	0.20001	0.20684	0.17187	0.16813	0.12877	-0.07571	0.03775	0.16162
49020	0.07729	0.08718	0.06799	0.15506	0.22511	0.17884	0.65890	0.38550	0.21734	0.19027	0.20234	0.20951	0.16982	0.16699	0.12595	-0.07612	0.03527	0.15835	30.46	6.0	0.00	7.59	0.01268	0.01288	0.01635	0.00781	0.00581	0.00637	0.00466	0.01264	0.01680	0.00676	0.00698	0.00880	0.01487	0.01092	0.01194	0.00217	0.00619	0.00868
49180	0.07613	0.08739	0.06738	0.15493	0.22687	0.18135	0.66247	0.38807	0.22083	0.19141	0.20409	0.21092	0.17152	0.16612	0.12740	-0.07564	0.03629	0.15952
49350	0.07651	0.08654	0.06517	0.15309	0.22284	0.17695	0.65256	0.38624	0.21735	0.18882	0.20127	0.20818	0.16975	0.16476	0.12679	-0.07527	0.03670	0.16071
49510	0.07811	0.08760	0.06821	0.15510	0.22581	0.18151	0.66207	0.39120	0.22022	0.19013	0.20339	0.21023	0.16981	0.16418	0.12785	-0.07427	0.03596	0.15898
49670	0.07535	0.08473	0.06555	0.15247	0.22202	0.17742	0.65956	0.38527	0.21469	0.18769	0.19983	0.20787	0.16707	0.16485	0.12192	-0.07984	0.03171	0.15446
49830	0.07126	0.08499	0.06599	0.15076	0.22386	0.17944	0.66168	0.38920	0.21976	0.19086	0.20299	0.20971	0.17037	0.16515	0.12672	-0.07482	0.03586	0.15782
50000	0.07410	0.08552	0.06571	0.15135	0.22229	0.17694	0.65187	0.38577	0.21542	0.18696	0.20038	0.20793	0.16714	0.16385	0.12386	-0.07831	0.03247	0.15569
50160	0.07420	0.08440	0.06506	0.14981	0.22083	0.17460	0.65376	0.38283	0.21428	0.18564	0.19917	0.20636	0.16678	0.16402	0.12696	-0.07586	0.03387	0.15865
50320	0.07790	0.08641	0.06677	0.15312	0.22224	0.17752	0.65477	0.38640	0.21543	0.18745	0.20067	0.20862	0.16932	0.16352	0.12291	-0.07638	0.03296	0.15673
50490	0.07274	0.08499	0.06389	0.15114	0.22077	0.17650	0.65902	0.38133	0.21420	0.18686	0.20044	0.20662	0.16968	0.16383	0.12551	-0.07675	0.03543	0.15897
50650	0.07328	0.08665	0.06742	0.15297	0.22345	0.17647	0.65915	0.38661	0.21682	0.18809	0.19991	0.20762	0.17135	0.16233	0.12637	-0.07732	0.03292	0.15669	30.46	6.2	0.00	7.61	0.01268	0.01288	0.01635	0.00781	0.00581	0.00637	0.00466	0.01264	0.01680	0.00676	0.00698	0.00880	0.01487	0.01092	0.01194	0.00217	0.00619	0.00868
50810	0.07427	0.08607	0.06407	0.15048	0.21982	0.17501	0.64822	0.38240	0.21356	0.18634	0.19949	0.20591	0.17184	0.16477	0.12810	-0.07561	0.03588	0.15863
50980	0.07548	0.08752	0.06720	0.15301	0.22357	0.17694	0.64915	0.38572	0.21639	0.18937	0.20095	0.20841	0.17177	0.16612	0.12506	-0.07832	0.03252	0.15689
51140	0.07414	0.08591	0.06591	0.15208	0.22243	0.17685	0.65335	0.38585	0.21787	0.18883	0.20146	0.20828	0.17190	0.16306	0.12575	-0.07606	0.03466	0.15794
51310	0.07543	0.08460	0.06683	0.15171	0.22241	0.17740	0.65684	0.38604	0.21631	0.18845	0.19984	0.20752	0.16911	0.16293	0.12372	-0.07595	0.03215	0.15527
51470	0.07734	0.08941	0.06947	0.15559	0.22579	0.18113	0.66253	0.39128	0.22096	0.19154	0.20409	0.21054	0.17180	0.16720	0.12900	-0.07361	0.03688	0.15993
51630	0.07568	0.08625	0.06735	0.15418	0.22367	0.17765	0.65254	0.38346	0.21403	0.18814	0.20102	0.20831	0.16977	0.16482	0.12856	-0.07431	0.03606	0.15920
51800	0.07619	0.08689	0.06401	0.15284	0.22300	0.17711	0.65202	0.38481	0.21640	0.18857	0.19984	0.20747	0.17097	0.16231	0.12604	-0.07725	0.03237	0.15576
51960	0.07309	0.08425	0.06517	0.14951	0.21981	0.17408	0.65259	0.38147	0.21182	0.18556	0.19853	0.20639	0.17016	0.16568	0.12723	-0.07635	0.03400	0.15832
52120	0.07401	0.08781	0.06544	0.15187	0.22304	0.17624	0.64826	0.38486	0.21519	0.18743	0.20030	0.20807	0.16879	0.16272	0.12635	-0.07739	0.03389	0.15636
52290	0.07425	0.08429	0.06293	0.15034	0.22103	0.17357	0.64629	0.38234	0.21360	0.18571	0.19759	0.20526	0.16983	0.16344	0.12897	-0.07570	0.03575	0.15910	30.46	6.1	0.00	7.73	0.01268	0.01288	0.01635	0.00781	0.00581	0.00637	0.00466	0.01264	0.01680	0.00676	0.00698	0.00880	0.01487	0.01092	0.01194	0.00217	0.00619	0.00868
52450	0.07641	0.08604	0.06682	0.15318	0.22418	0.17728	0.65234	0.38824	0.21560	0.18845	0.20058	0.20828	0.17004	0.16348	0.12622	-0.07495	0.03332	0.15605
52620	0.07499	0.08818	0.06734	0.15365	0.22482	0.17834	0.66269	0.38590	0.21673	0.18978	0.20148	0.20918	0.17114	0.16424	0.12122	-0.07584	0.03462	0.15740
52780	0.07430	0.08526	0.06495	0.15251	0.22387	0.17685	0.65408	0.38484	0.21873	0.18798	0.20193	0.20842	0.17071	0.16471	0.12371	-0.07662	0.03330	0.15602
52940	0.07711	0.08924	0.06836	0.15604	0.22706	0.18125	0.65027	0.38797	0.21988	0.19102	0.20435	0.21123	0.17275	0.16530	0.12811	-0.07269	0.03612	0.15940
53110	0.07668	0.08417	0.06566	0.15373	0.22481	0.17802	0.65531	0.38544	0.21639	0.18887	0.20119	0.20810	0.16843	0.16358	0.12378	-0.07885	0.03264	0.15605
53270	0.07286	0.08426	0.06402	0.15097	0.22263	0.17642	0.65308	0.38434	0.21487	0.18701	0.20068	0.20772	0.16841	0.15893	0.12401	-0.08075	0.03202	0.15406
53430	0.07327	0.08451	0.06323	0.14945	0.21986	0.17361	0.64691	0.38260	0.21278	0.18556	0.19829	0.20560	0.16934	0.16702	0.13001	-0.07283	0.03724	0.16164
53600	0.07846	0.08849	0.06807	0.15636	0.22745	0.17984	0.65681	0.38826	0.21693	0.19017	0.20354	0.21006	0.17444	0.16527	0.12648	-0.07298	0.03628	0.15849
53760	0.07475	0.08605	0.06770	0.15294	0.22408	0.17845	0.65578	0.38725	0.21779	0.18954	0.20173	0.20846	0.17061	0.16433	0.12311	-0.07447	0.03311	0.15621
53930	0.07388	0.08554	0.06432	0.14993	0.21960	0.17526	0.64872	0.38310	0.21347	0.18644	0.19946	0.20559	0.16711	0.16316	0.12347	-0.07933	0.03197	0.15481	30.51	6.3	0.00	7.66	0.01268	0.01288	0.01635	0.00781	0.00581	0.00637	0.00466	0.01264	0.01680	0.00676	0.00698	0.00880	0.01487	0.01092	0.01194	0.00217	0.00619	0.00868
54090	0.07530	0.08571	0.06500	0.14925	0.22104	0.17421	0.65157	0.38287	0.21495	0.18605	0.19868	0.20557	0.17010	0.16706	0.12859	-0.07287	0.03691	0.16011
54250	0.07822	0.08875	0.06641	0.15481	0.22463	0.17844	0.65744	0.38651	0.21912	0.18961	0.20147	0.20937	0.17207	0.16372	0.12696	-0.07465	0.03467	0.15738
54410	0.07266	0.08343	0.06656	0.15202	0.22227	0.17811	0.65619	0.38674	0.21628	0.18853	0.20032	0.20789	0.17016	0.16502	0.12376	-0.07569	0.03328	0.15580
54580	0.07550	0.08443	0.06526	0.15019	0.22066	0.17544	0.65796	0.38382	0.21592	0.18597	0.19957	0.20684	0.16968	0.16385	0.12514	-0.07851	0.03207	0.15551
54740	0.07345	0.08397	0.06309	0.14979	0.21918	0.17302	0.65090	0.38190	0.21368	0.18419	0.19688	0.20437	0.17084	0.16457	0.12869	-0.07558	0.03591	0.15937
54910	0.07581	0.08718	0.06642	0.15303	0.22211	0.17666	0.65356	0.38685	0.21676	0.18728	0.20098	0.20716	0.16838	0.16225	0.12443	-0.07959	0.03264	0.15562
55070	0.07646	0.08746	0.06583	0.15267	0.22258	0.17754	0.65926	0.38922	0.21818	0.18921	0.20114	0.20820	0.17288	0.16487	0.12661	-0.07725	0.03434	0.15713
55230	0.07610	0.08467	0.06652	0.15114	0.22130	0.17649	0.65789	0.38609	0.21532	0.18667	0.19920	0.20646	0.16881	0.16010	0.12122	-0.08056	0.03207	0.15528
55400	0.07520	0.08583	0.06797	0.15265	0.22294	0.17937	0.66239	0.38817	0.21911	0.18903	0.20124	0.20933	0.17285	0.16673	0.12482	-0.07751	0.03467	0.15753
55560	0.07419	0.08501	0.06551	0.15028	0.21898	0.17532	0.65212	0.38670	0.21561	0.18594	0.19904	0.20571	0.16567	0.16274	0.12465	-0.08336	0.03146	0.15328	30.51	6.0	0.00	7.71	0.01268	0.01288	0.01635	0.00781	0.00581	0.00637	0.00466	0.01264	0.01680	0.00676	0.00698	0.00880	0.01487	0.01092	0.01194	0.00217	0.00619	0.00868
55720	0.07405	0.08923	0.06806	0.15262	0.22161	0.17774	0.66014	0.38536	0.21892	0.18854	0.20101	0.20766	0.17214	0.16258	0.12549	-0.07835	0.03419	0.15696
55890	0.07514	0.08716	0.06556	0.15149	0.22149	0.17614	0.65372	0.38449	0.21659	0.18686	0.19865	0.20638	0.16878	0.16451	0.12517	-0.08173	0.03182	0.15371
56050	0.07535	0.08491	0.06582	0.15257	0.22258	0.17868	0.66331	0.38858	0.21935	0.18857	0.20151	0.20845	0.17172	0.16594	0.12849	-0.07794	0.03424	0.15607
56210	0.07210	0.08581	0.06528	0.15112	0.21978	0.17516	0.66292	0.38551	0.21557	0.18614	0.19913	0.20574	0.16766	0.16061	0.12405	-0.08262	0.03004	0.15297
56380	0.07104	0.08401	0.06305	0.14788	0.21703	0.17316	0.64571	0.38109	0.21334	0.18413	0.19668	0.20432	0.17136	0.16303	0.12878	-0.07694	0.03510	0.15841
56540	0.07784	0.08692	0.06692	0.15296	0.22111	0.17706	0.65259	0.38773	0.21676	0.18741	0.20089	0.20738	0.17027	0.16266	0.12628	-0.07928	0.03329	0.15584
56700	0.07466	0.08704	0.06810	0.15275	0.22236	0.17884	0.65392	0.38803	0.21785	0.18874	0.20099	0.20815	0.17019	0.16446	0.12831	-0.07630	0.03445	0.15702
56870	0.07602	0.08679	0.06610	0.15169	0.22030	0.17634	0.65372	0.38323	0.21508	0.18678	0.19939	0.20630	0.16871	0.16434	0.12513	-0.07775	0.03443	0.15809
57030	0.07675	0.08708	0.06627	0.15388	0.22340	0.17904	0.66228	0.38758	0.21804	0.18970	0.20256	0.20831	0.17232	0.16520	0.12556	-0.07504	0.03406	0.15635
57190	0.07281	0.08500	0.06424	0.14931	0.21739	0.17353	0.64964	0.38171	0.21347	0.18447	0.19699	0.20442	0.16662	0.15932	0.12248	-0.08495	0.02831	0.15326	30.46	6.3	0.00	7.60	0.01268	0.01288	0.01635	0.00781	0.00581	0.00637	0.00466	0.01264	0.01680	0.00676	0.00698	0.00880	0.01487	0.01092	0.01194	0.00217	0.00619	0.00868
57360	0.07159	0.08618	0.06811	0.15023	0.22341	0.18171	0.65406	0.39101	0.22080	0.19112	0.20475	0.21120	0.17500	0.16829	0.12839	-0.07172	0.03875	0.16092
57520	0.07513	0.08781	0.06580	0.15514	0.22241	0.17929	0.65198	0.38348	0.21745	0.18806	0.19939	0.20658	0.17029	0.16276	0.12530	-0.08131	0.03014	0.15513
57680	0.07323	0.08439	0.06575	0.15100	0.22419	0.18117	0.65308	0.38956	0.22120	0.19188	0.20440	0.21189	0.17449	0.16869	0.12933	-0.07637	0.03795	0.16150
57840	0.07509	0.08684	0.06565	0.15509	0.22339	0.17745	0.65227	0.38535	0.21405	0.18768	0.19842	0.20586	0.16857	0.16284	0.12383	-0.08276	0.03004	0.15344
58010	0.07428	0.08544	0.06619	0.14970	0.22103	0.17741	0.65030	0.38624	0.21765	0.18883	0.20157	0.20894	0.17031	0.16286	0.12615	-0.07793	0.03428	0.15686
58170	0.07571	0.08303	0.06584	0.15161	0.22069	0.17522	0.65500	0.38194	0.21523	0.18626	0.19833	0.20590	0.16895	0.15995	0.12319	-0.08354	0.03009	0.15399
58330	0.07506	0.08328	0.06246	0.14868	0.21739	0.17350	0.65311	0.37967	0.21172	0.18393	0.19608	0.20349	0.16958	0.16496	0.12586	-0.07967	0.03362	0.15686
58500	0.07486	0.08492	0.06698	0.15191	0.22115	0.17609	0.65697	0.38274	0.21554	0.18607	0.19898	0.20708	0.17120	0.16354	0.12568	-0.08068	0.03115	0.15508
58660	0.07499	0.08463	0.06338	0.14918	0.21867	0.17372	0.65168	0.38310	0.21320	0.18550	0.19743	0.20529	0.17137	0.16468	0.13207	-0.07648	0.03825	0.16002
58830	0.07825	0.08953	0.06704	0.15283	0.22257	0.17596	0.65411	0.38566	0.21653	0.18748	0.19834	0.20577	0.16966	0.16449	0.12357	-0.07952	0.03058	0.15571	30.51	6.1	0.00	7.63	0.01268	0.01288	0.01635	0.00781	0.00581	0.00637	0.00466	0.01264	0.01680	0.00676	0.00698	0.00879	0.01487	0.01092	0.01194	0.00217	0.00619	0.00868
58990	0.07708	0.08823	0.06734	0.15179	0.22175	0.17694	0.65605	0.38396	0.21709	0.18731	0.20035	0.20631	0.17059	0.16406	0.12550	-0.08011	0.03134	0.15532
59150	0.07512	0.08635	0.06687	0.15130	0.22086	0.17543	0.65352	0.38653	0.21597	0.18711	0.19905	0.20566	0.16987	0.16465	0.12406	-0.07982	0.03008	0.15455
59320	0.07561	0.08842	0.06713	0.15285	0.22386	0.17797	0.65733	0.39058	0.21833	0.18949	0.20087	0.20778	0.17225	0.16475	0.12794	-0.07707	0.03318	0.15706
59480	0.07436	0.08541	0.06671	0.15027	0.22041	0.17564	0.65875	0.38638	0.21639	0.18672	0.19844	0.20577	0.17034	0.16158	0.12433	-0.08216	0.02910	0.15311
59640	0.07675	0.08701	0.06946	0.15221	0.22292	0.17770	0.65644	0.38752	0.21959	0.18766	0.20013	0.20781	0.17082	0.16716	0.12886	-0.07751	0.03247	0.15648
59810	0.07473	0.08495	0.06338	0.14943	0.21984	0.17476	0.65560	0.38251	0.21564	0.18488	0.19684	0.20581	0.16828	0.16031	0.12521	-0.08423	0.02762	0.15276
59970	0.07127	0.08340	0.06319	0.14677	0.21752	0.17213	0.65236	0.38293	0.21290	0.18243	0.19612	0.20224	0.16990	0.16369	0.12657	-0.07911	0.03430	0.15843
60130	0.07635	0.08543	0.06639	0.15265	0.22158	0.17586	0.65470	0.38582	0.21841	0.18646	0.19859	0.20554	0.17135	0.16442	0.12679	-0.08052	0.03165	0.15448
60300	0.07583	0.08900	0.06667	0.15208	0.22171	0.17669	0.65760	0.38761	0.21885	0.18781	0.20020	0.20752	0.17089	0.16450	0.12632	-0.07714	0.03160	0.15564
60460	0.07510	0.08395	0.06569	0.14958	0.21823	0.17360	0.64564	0.38442	0.21601	0.18394	0.19641	0.20501	0.16589	0.15989	0.12547	-0.07906	0.02900	0.15274	30.51	6.2	0.00	7.72	0.01267	0.01288	0.01635	0.00781	0.00581	0.00637	0.00466	0.01264	0.01680	0.00676	0.00698	0.00879	0.01487	0.01092	0.01194	0.00217	0.00619	0.00868
60620	0.07405	0.08412	0.06406	0.14579	0.21554	0.17069	0.65421	0.38221	0.21261	0.18261	0.19508	0.20225	0.16995	0.16623	0.12664	-0.07780	0.03353	0.15819
60790	0.07711	0.08738	0.06647	0.15188	0.22150	0.17644	0.65318	0.38694	0.21831	0.18605	0.19809	0.20539	0.17108	0.16528	0.12773	-0.07835	0.03419	0.15755
60950	0.07576	0.08644	0.06631	0.15197	0.22117	0.17720	0.65505	0.38765	0.21861	0.18665	0.19919	0.20602	0.17022	0.16420	0.12836	-0.07720	0.03123	0.15478
61110	0.07490	0.08659	0.06522	0.15053	0.21807	0.17405	0.64994	0.38392	0.21398	0.18477	0.19711	0.20488	0.17096	0.16611	0.12468	-0.07976	0.03237	0.15663
61280	0.07612	0.08785	0.06504	0.15183	0.21974	0.17476	0.65475	0.38399	0.21565	0.18614	0.19903	0.20552	0.16729	0.16461	0.12460	-0.08077	0.03109	0.15452
61440	0.07566	0.08403	0.06531	0.14970	0.21853	0.17399	0.65062	0.38331	0.21585	0.18484	0.19705	0.20398	0.16709	0.16009	0.12437	-0.08444	0.02809	0.15201
61600	0.07191	0.08557	0.06790	0.14731	0.21980	0.17649	0.64989	0.38961	0.21696	0.18658	0.19922	0.20716	0.17120	0.16423	0.12611	-0.07872	0.03307	0.15606
61770	0.07407	0.08702	0.06458	0.14878	0.21816	0.17273	0.65296	0.38286	0.21550	0.18471	0.19713	0.20431	0.16854	0.15978	0.12234	-0.08441	0.02720	0.15265
61930	0.07391	0.08447	0.06573	0.14832	0.22076	0.17715	0.65704	0.39024	0.22129	0.18782	0.20003	0.20835	0.17105	0.16776	0.12735	-0.07709	0.03362	0.15693
62090	0.07571	0.08538	0.06521	0.14910	0.21865	0.17493	0.65602	0.38696	0.21719	0.18561	0.19764	0.20534	0.16792	0.16217	0.12245	-0.08394	0.02915	0.15300	30.57	6.0	0.00	7.63	0.01267	0.01288	0.01635	0.00781	0.00581	0.00637	0.00466	0.01264	0.01680	0.00676	0.00698	0.00880	0.01487	0.01092	0.01194	0.00217	0.00619	0.00868
62260	0.07682	0.08865	0.06886	0.15161	0.22208	0.17782	0.65199	0.39054	0.22160	0.18848	0.20044	0.20904	0.17112	0.16438	0.12596	-0.07633	0.03409	0.15693
62420	0.07649	0.08518	0.06361	0.15079	0.22125	0.17555	0.65585	0.38631	0.21697	0.18674	0.19779	0.20635	0.16623	0.16172	0.12373	-0.08127	0.02871	0.15217
62580	0.07230	0.08228	0.06368	0.14641	0.21582	0.17153	0.64906	0.38128	0.21289	0.18178	0.19471	0.20300	0.16965	0.16748	0.12934	-0.07893	0.03359	0.15804
62740	0.07618	0.08735	0.06604	0.15165	0.22112	0.17675	0.65796	0.39041	0.21629	0.18798	0.19971	0.20622	0.16933	0.16190	0.12477	-0.08209	0.03007	0.15355
62910	0.07263	0.08428	0.06411	0.14706	0.21644	0.17163	0.64459	0.38336	0.21398	0.18265	0.19579	0.20342	0.16965	0.16569	0.12697	-0.08019	0.03288	0.15771
63070	0.07443	0.08688	0.06710	0.15099	0.22095	0.17546	0.65208	0.38513	0.21780	0.18577	0.19874	0.20615	0.16816	0.16190	0.12400	-0.08101	0.03015	0.15368
63230	0.07329	0.08456	0.06394	0.14759	0.21575	0.17218	0.65705	0.38256	0.21344	0.18330	0.19509	0.20345	0.16921	0.16445	0.12459	-0.07949	0.03259	0.15584
63400	0.07748	0.08688	0.06561	0.15021	0.21941	0.17430	0.65860	0.38586	0.21631	0.18584	0.19817	0.20537	0.16944	0.16203	0.12427	-0.08157	0.02951	0.15335
63560	0.07308	0.08295	0.06303	0.14725	0.21667	0.17284	0.65720	0.38294	0.21412	0.18401	0.19678	0.20402	0.16900	0.16340	0.12816	-0.07975	0.03346	0.15681
63730	0.07595	0.08569	0.06480	0.15144	0.21910	0.17537	0.65811	0.38769	0.21607	0.18586	0.19909	0.20581	0.16893	0.16011	0.12396	-0.08255	0.02853	0.15344	30.51	6.0	0.00	7.65	0.01267	0.01288	0.01635	0.00781	0.00581	0.00637	0.00466	0.01264	0.01680	0.00676	0.00698	0.00879	0.01487	0.01092	0.01194	0.00217	0.00619	0.00868
63890	0.07460	0.08595	0.06608	0.14976	0.21846	0.17551	0.65646	0.38739	0.21872	0.18629	0.19953	0.20554	0.16984	0.16456	0.12654	-0.08225	0.03045	0.15480
64050	0.07254	0.08538	0.06631	0.14863	0.21657	0.17383	0.65288	0.38417	0.21659	0.18539	0.19779	0.20490	0.16669	0.16059	0.12467	-0.08571	0.02842	0.15217
64220	0.07473	0.08765	0.06725	0.15190	0.22007	0.17689	0.65696	0.39077	0.22077	0.18761	0.20055	0.20719	0.17076	0.16445	0.12615	-0.08107	0.03168	0.15592
64380	0.07443	0.08425	0.06457	0.14892	0.21737	0.17316	0.65290	0.38589	0.21593	0.18531	0.19672	0.20415	0.16839	0.16035	0.12247	-0.08419	0.02762	0.15182
64540	0.07348	0.08664	0.06705	0.15144	0.21974	0.17703	0.65676	0.38828	0.21806	0.18724	0.20039	0.20738	0.17084	0.16299	0.12512	-0.08277	0.03166	0.15572
64710	0.07535	0.08348	0.06248	0.14852	0.21669	0.17305	0.65061	0.38360	0.21634	0.18548	0.19693	0.20386	0.16872	0.16535	0.12629	-0.08445	0.03098	0.15613
64870	0.07634	0.08529	0.06597	0.15077	0.21968	0.17577	0.66161	0.38634	0.21841	0.18664	0.19841	0.20622	0.16787	0.16518	0.12514	-0.08125	0.02949	0.15441
65030	0.07316	0.08313	0.06484	0.14757	0.21611	0.17269	0.65258	0.38298	0.21429	0.18340	0.19631	0.20290	0.16474	0.16081	0.12029	-0.08808	0.02550	0.14927
65200	0.07101	0.08293	0.06571	0.14588	0.21792	0.17570	0.65619	0.38904	0.21972	0.18726	0.20007	0.20751	0.17252	0.16408	0.12469	-0.08107	0.03109	0.15566
65360	0.07468	0.08627	0.06554	0.14912	0.21717	0.17373	0.65289	0.38376	0.21310	0.18345	0.19665	0.20454	0.16814	0.16021	0.12316	-0.08771	0.02681	0.15151	30.57	6.0	0.00	7.96	0.01267	0.01288	0.01635	0.00781	0.00581	0.00637	0.00466	0.01264	0.01680	0.00676	0.00698	0.00879	0.01487	0.01092	0.01194	0.00217	0.00619	0.00868
65520	0.07088	0.08408	0.06460	0.14614	0.21713	0.17402	0.65296	0.38800	0.21672	0.18635	0.19907	0.20588	0.17006	0.16407	0.12549	-0.08288	0.02964	0.15351
65680	0.07303	0.08448	0.06398	0.14953	0.21579	0.17232	0.65274	0.38163	0.21418	0.18468	0.19670	0.20396	0.16809	0.15896	0.12370	-0.08593	0.02742	0.15066
65850	0.07192	0.08597	0.06346	0.14684	0.21643	0.17368	0.66288	0.38498	0.21669	0.18557	0.19877	0.20544	0.16787	0.16089	0.12403	-0.08385	0.02899	0.15332
66010	0.07367	0.08521	0.06503	0.14803	0.21777	0.17389	0.65589	0.38264	0.21546	0.18384	0.19633	0.20512	0.16819	0.16150	0.12404	-0.08756	0.02723	0.15188
66180	0.07661	0.08711	0.06680	0.15005	0.21785	0.17552	0.65451	0.38697	0.21822	0.18608	0.20000	0.20610	0.17013	0.16392	0.12833	-0.08311	0.02971	0.15389
66340	0.07511	0.08333	0.06402	0.14866	0.21606	0.17268	0.65080	0.38268	0.21465	0.18461	0.19761	0.20492	0.16915	0.16099	0.12588	-0.08912	0.02598	0.15054
66500	0.07502	0.08636	0.06813	0.15013	0.21894	0.17555	0.65279	0.38793	0.21794	0.18619	0.19834	0.20681	0.17212	0.16362	0.12633	-0.08303	0.03058	0.15369
66670	0.07409	0.08552	0.06414	0.14818	0.21631	0.17227	0.65869	0.38240	0.21541	0.18389	0.19745	0.20449	0.16729	0.16146	0.12464	-0.08504	0.02729	0.15171
66830	0.07690	0.08708	0.06697	0.15053	0.21947	0.17472	0.66275	0.38750	0.21776	0.18653	0.19939	0.20689	0.17007	0.16262	0.12521	-0.08203	0.03035	0.15356
66990	0.07282	0.08543	0.06409	0.14810	0.21732	0.17120	0.64764	0.38573	0.21462	0.18365	0.19580	0.20323	0.16932	0.16072	0.12317	-0.08835	0.02715	0.15128	30.51	6.0	0.00	7.62	0.01268	0.01288	0.01635	0.00781	0.00581	0.00637	0.00466	0.01264	0.01680	0.00676	0.00698	0.00879	0.01487	0.01092	0.01194	0.00217	0.00619	0.00868
67160	0.07486	0.08617	0.06748	0.14887	0.21900	0.17497	0.65656	0.38721	0.21780	0.18490	0.19715	0.20609	0.16984	0.16250	0.12451	-0.08635	0.03029	0.15396
67320	0.07527	0.08429	0.06518	0.14815	0.21689	0.17197	0.65162	0.38374	0.21490	0.18344	0.19670	0.20413	0.16847	0.16313	0.12363	-0.08817	0.02815	0.15137
67480	0.07508	0.08555	0.06768	0.14945	0.21929	0.17393	0.65762	0.38322	0.21651	0.18492	0.19782	0.20487	0.16905	0.16316	0.12649	-0.08676	0.02998	0.15363
67650	0.07549	0.08569	0.06564	0.14838	0.21903	0.17308	0.64848	0.38477	0.21658	0.18446	0.19675	0.20366	0.16945	0.16206	0.12401	-0.08475	0.02827	0.15283
67810	0.07506	0.08834	0.06556	0.14911	0.21986	0.17416	0.65369	0.38492	0.21502	0.18489	0.19885	0.20602	0.16819	0.16380	0.12672	-0.08456	0.03030	0.15418
67970	0.07536	0.08511	0.06457	0.14826	0.21835	0.17221	0.65430	0.38304	0.21562	0.18348	0.19605	0.20378	0.16683	0.15979	0.12482	-0.08572	0.02861	0.15229
68140	0.07562	0.08689	0.06614	0.14969	0.22000	0.17435	0.65779	0.38712	0.21754	0.18584	0.19959	0.20609	0.17169	0.16218	0.12567	-0.08033	0.03083	0.15507
68300	0.07592	0.08628	0.06419	0.14869	0.21914	0.17284	0.65806	0.38141	0.21510	0.18404	0.19639	0.20452	0.16934	0.16268	0.12290	-0.08579	0.02835	0.15308
68460	0.07650	0.08809	0.06624	0.15069	0.21992	0.17490	0.65811	0.38805	0.21840	0.18611	0.19972	0.20656	0.17143	0.16321	0.12613	-0.07996	0.03140	0.15573
68630	0.07492	0.08542	0.06515	0.14873	0.21855	0.17339	0.65408	0.38378	0.21470	0.18368	0.19599	0.20357	0.17072	0.16491	0.12740	-0.08253	0.03205	0.15629	30.57	6.0	0.00	7.37	0.01268	0.01288	0.01635	0.00781	0.00581	0.00636	0.00466	0.01264	0.01680	0.00676	0.00698	0.00879	0.01487	0.01092	0.01194	0.00217	0.00619	0.00868
68790	0.07674	0.08811	0.06931	0.15124	0.22101	0.17580	0.65858	0.38838	0.21775	0.18790	0.19924	0.20665	0.17040	0.16778	0.12857	-0.08439	0.03141	0.15500
68950	0.07594	0.08472	0.06546	0.14872	0.21854	0.17160	0.64783	0.38499	0.21489	0.18400	0.19553	0.20395	0.16977	0.16379	0.12685	-0.08454	0.03003	0.15506
69120	0.07450	0.08490	0.06529	0.15017	0.21997	0.17333	0.66086	0.38429	0.21597	0.18461	0.19702	0.20414	0.16779	0.16356	0.12362	-0.08918	0.02865	0.15141
69280	0.07283	0.08368	0.06482	0.14644	0.21783	0.17184	0.65022	0.38124	0.21385	0.18396	0.19572	0.20332	0.16585	0.16123	0.12255	-0.08892	0.02666	0.15097
69440	0.07242	0.08454	0.06692	0.14550	0.21816	0.17303	0.65570	0.38548	0.21709	0.18529	0.19758	0.20521	0.17102	0.16417	0.12609	-0.08487	0.02942	0.15328
69600	0.07324	0.08677	0.06520	0.14755	0.21870	0.17147	0.65314	0.38573	0.21488	0.18463	0.19746	0.20389	0.16653	0.16325	0.12169	-0.08710	0.02793	0.15156
69770	0.07249	0.08586	0.06530	0.14755	0.21851	0.17406	0.65872	0.38682	0.21675	0.18591	0.19924	0.20603	0.16955	0.16146	0.12633	-0.08565	0.02937	0.15375
69930	0.07574	0.08633	0.06450	0.14867	0.21919	0.17312	0.65154	0.38411	0.21589	0.18494	0.19860	0.20468	0.16885	0.16157	0.12342	-0.08521	0.02813	0.15232
70100	0.07560	0.08841	0.06687	0.15040	0.22215	0.17693	0.66030	0.38708	0.21935	0.18787	0.20056	0.20703	0.17209	0.16527	0.12665	-0.08372	0.03203	0.15570
70260	0.07563	0.08633	0.06548	0.14934	0.21846	0.17157	0.65639	0.38672	0.21560	0.18449	0.19714	0.20497	0.16671	0.16064	0.12406	-0.08853	0.02714	0.15165	30.51	6.0	0.00	7.68	0.01268	0.01288	0.01635	0.00781	0.00581	0.00636	0.00466	0.01264	0.01680	0.00676	0.00698	0.00879	0.01487	0.01092	0.01194	0.00217	0.00619	0.00868
70420	0.07641	0.08664	0.06864	0.15059	0.22078	0.17598	0.65760	0.38888	0.21933	0.18736	0.20021	0.20757	0.17014	0.16676	0.12698	-0.08545	0.03154	0.15622
70590	0.07340	0.08510	0.06531	0.14970	0.21774	0.17228	0.65676	0.38533	0.21478	0.18501	0.19851	0.20494	0.16790	0.16125	0.12046	-0.08812	0.02762	0.15133
70750	0.07649	0.08685	0.06671	0.15040	0.21954	0.17472	0.65224	0.38780	0.21916	0.18666	0.19961	0.20735	0.17049	0.16391	0.12477	-0.08664	0.03123	0.15470
70910	0.07403	0.08416	0.06433	0.14884	0.21764	0.17305	0.64902	0.38698	0.21581	0.18412	0.19729	0.20540	0.16861	0.16330	0.12317	-0.09158	0.02719	0.15143
71080	0.07510	0.08680	0.06601	0.15003	0.21954	0.17423	0.65878	0.38805	0.21948	0.18694	0.20029	0.20782	0.16967	0.16448	0.12602	-0.08779	0.02983	0.15300
71240	0.07403	0.08513	0.06486	0.14781	0.21642	0.17195	0.65592	0.38520	0.21500	0.18502	0.19718	0.20559	0.16957	0.16474	0.12230	-0.08998	0.02754	0.15152
71400	0.07289	0.08541	0.06167	0.14664	0.21473	0.16949	0.64695	0.37865	0.21156	0.18247	0.19508	0.20342	0.17005	0.16663	0.12710	-0.08549	0.03237	0.15682
71570	0.07788	0.08640	0.06446	0.15040	0.22019	0.17379	0.65747	0.38627	0.21767	0.18533	0.19907	0.20660	0.16793	0.16417	0.12497	-0.08816	0.02922	0.15374
71730	0.07444	0.08442	0.06436	0.14710	0.21583	0.17121	0.64803	0.38359	0.21221	0.18391	0.19604	0.20444	0.17170	0.16682	0.12640	-0.08326	0.03269	0.15675
71890	0.07717	0.08829	0.06523	0.15091	0.21894	0.17442	0.65573	0.38428	0.21573	0.18605	0.19878	0.20580	0.16884	0.16323	0.12488	-0.08563	0.02870	0.15242	30.51	6.0	0.00	7.60	0.01268	0.01288	0.01635	0.00781	0.00581	0.00637	0.00466	0.01264	0.01680	0.00676	0.00698	0.00879	0.01487	0.01092	0.01194	0.00217	0.00619	0.00868
72060	0.07541	0.08756	0.06852	0.15161	0.22093	0.17539	0.65854	0.39064	0.22007	0.18870	0.20128	0.20740	0.17322	0.16671	0.12851	-0.07988	0.03165	0.15604
72220	0.07477	0.08684	0.06527	0.14954	0.21798	0.17343	0.65190	0.38659	0.21608	0.18661	0.19912	0.20671	0.16693	0.16163	0.12418	-0.08667	0.02830	0.15181
72380	0.07642	0.08837	0.06657	0.15069	0.21957	0.17505	0.65726	0.38910	0.21869	0.18847	0.20034	0.20824	0.17296	0.16432	0.12548	-0.08229	0.03185	0.15580
72550	0.07545	0.08604	0.06416	0.14935	0.21709	0.17366	0.65440	0.38479	0.21570	0.18558	0.19691	0.20627	0.17150	0.16744	0.12866	-0.08229	0.03202	0.15603
72710	0.07642	0.08452	0.06555	0.15200	0.22113	0.17725	0.65379	0.38536	0.21833	0.18880	0.19922	0.20841	0.17056	0.16286	0.12447	-0.08385	0.03042	0.15512
72870	0.07457	0.08549	0.06454	0.14927	0.21780	0.17281	0.65332	0.38368	0.21602	0.18562	0.19797	0.20604	0.16856	0.16234	0.12377	-0.08708	0.02718	0.15087
73030	0.07107	0.08388	0.06494	0.14678	0.21856	0.17481	0.65443	0.38987	0.21975	0.18785	0.19900	0.20766	0.17042	0.16470	0.12636	-0.08255	0.03135	0.15501
73200	0.07374	0.08522	0.06535	0.14850	0.21674	0.17351	0.65851	0.38519	0.21456	0.18588	0.19912	0.20613	0.16760	0.16210	0.12332	-0.08344	0.02791	0.15283
73360	0.07303	0.08519	0.06454	0.14823	0.21621	0.17182	0.64897	0.38228	0.21407	0.18451	0.19582	0.20457	0.17170	0.16764	0.13054	-0.08036	0.03548	0.16034
73530	0.07884	0.09135	0.06802	0.15516	0.22459	0.17881	0.66227	0.39155	0.22075	0.18926	0.20078	0.20928	0.17158	0.16656	0.12748	-0.07803	0.03248	0.15695	30.57	6.1	0.00	7.66	0.01267	0.01288	0.01635	0.00781	0.00581	0.00636	0.00466	0.01264	0.01680	0.00676	0.00698	0.00879	0.01487	0.01092	0.01194	0.00217	0.00619	0.00868
73690	0.07667	0.08689	0.06707	0.15133	0.22204	0.17644	0.65983	0.38945	0.21929	0.18699	0.19945	0.20844	0.17151	0.16443	0.12576	-0.08275	0.03110	0.15649
73850	0.07534	0.08326	0.06513	0.14925	0.21888	0.17425	0.65324	0.38593	0.21704	0.18439	0.19786	0.20627	0.16990	0.16323	0.12481	-0.08412	0.03100	0.15560
74010	0.07351	0.08298	0.06464	0.15031	0.21896	0.17312	0.65971	0.38358	0.21385	0.18428	0.19693	0.20399	0.17013	0.16346	0.12588	-0.08320	0.03337	0.15780
74180	0.07548	0.08821	0.06526	0.15347	0.22039	0.17525	0.65600	0.38730	0.21925	0.18719	0.20013	0.20693	0.17074	0.16258	0.12501	-0.08390	0.03091	0.15535
74340	0.07449	0.08442	0.06401	0.14957	0.21832	0.17277	0.65229	0.38291	0.21539	0.18528	0.19806	0.20456	0.17168	0.16622	0.12705	-0.07844	0.03259	0.15879
74510	0.07858	0.09016	0.06777	0.15297	0.22154	0.17653	0.65155	0.38838	0.21868	0.18759	0.20137	0.20802	0.16927	0.16210	0.12267	-0.08353	0.03172	0.15637
74670	0.07535	0.08696	0.07044	0.15253	0.22312	0.17845	0.66104	0.38855	0.21988	0.18857	0.20312	0.20953	0.17311	0.16527	0.12699	-0.07959	0.03251	0.15697
74830	0.07534	0.08562	0.06696	0.15060	0.22060	0.17532	0.65391	0.38553	0.21701	0.18569	0.19877	0.20707	0.16773	0.16158	0.12367	-0.08594	0.02884	0.15422
75000	0.07593	0.08748	0.06908	0.15394	0.22387	0.17771	0.65383	0.38979	0.22066	0.18900	0.20188	0.20926	0.17133	0.16521	0.12820	-0.08008	0.03270	0.15721
75160	0.07729	0.08518	0.06583	0.14997	0.21851	0.17389	0.65801	0.38513	0.21695	0.18516	0.19701	0.20567	0.16944	0.16397	0.12233	-0.08851	0.02717	0.15218	30.57	6.0	0.00	7.56	0.01267	0.01288	0.01635	0.00781	0.00581	0.00636	0.00466	0.01264	0.01680	0.00676	0.00698	0.00879	0.01487	0.01092	0.01194	0.00217	0.00619	0.00868
75320	0.07728	0.08741	0.06775	0.15252	0.22241	0.17852	0.65599	0.38958	0.22186	0.18872	0.20207	0.20991	0.17072	0.16495	0.12697	-0.07875	0.03348	0.15846
75490	0.07685	0.08518	0.06769	0.15122	0.22054	0.17638	0.65255	0.38778	0.21758	0.18678	0.19932	0.20774	0.16837	0.16260	0.12553	-0.08365	0.02935	0.15462
75650	0.07554	0.08761	0.06739	0.15313	0.22247	0.17879	0.65682	0.38980	0.22060	0.18951	0.20168	0.21080	0.17255	0.16946	0.12816	-0.07707	0.03416	0.15912
75810	0.07842	0.08656	0.06560	0.15259	0.22080	0.17601	0.65741	0.38485	0.21674	0.18646	0.19805	0.20740	0.16731	0.16454	0.12258	-0.08224	0.02938	0.15532
75970	0.07290	0.08469	0.06479	0.14895	0.21811	0.17487	0.64891	0.38532	0.21557	0.18414	0.19583	0.20571	0.17226	0.16573	0.12807	-0.07919	0.03180	0.15796
76140	0.07538	0.08554	0.06754	0.15228	0.22052	0.17546	0.65619	0.38656	0.21735	0.18683	0.19766	0.20712	0.16920	0.16287	0.12475	-0.08027	0.02906	0.15446
76300	0.07467	0.08468	0.06575	0.14919	0.21792	0.17473	0.65183	0.38481	0.21621	0.18534	0.19816	0.20611	0.17045	0.16423	0.12686	-0.08105	0.03087	0.15754
76470	0.07666	0.08562	0.06551	0.15110	0.21938	0.17481	0.66251	0.38639	0.21644	0.18533	0.19798	0.20675	0.16814	0.16117	0.12319	-0.08335	0.02779	0.15330
76630	0.07419	0.08417	0.06472	0.14771	0.21680	0.17152	0.65183	0.37936	0.21296	0.18310	0.19568	0.20385	0.16806	0.16263	0.12434	-0.08421	0.03041	0.15575
76800	0.07242	0.08685	0.06537	0.14984	0.21865	0.17503	0.65795	0.38570	0.21559	0.18501	0.19777	0.20661	0.17145	0.16453	0.12743	-0.07866	0.03384	0.15890	30.57	6.1	0.00	7.65	0.01267	0.01288	0.01634	0.00781	0.00581	0.00636	0.00466	0.01264	0.01679	0.00676	0.00698	0.00879	0.01487	0.01092	0.01194	0.00217	0.00619	0.00868
76960	0.07854	0.09057	0.06665	0.15312	0.22279	0.17736	0.65640	0.38649	0.21921	0.18720	0.19850	0.20836	0.17311	0.16289	0.12604	-0.08196	0.03137	0.15561
77120	0.07597	0.08629	0.06849	0.15079	0.22127	0.17690	0.66612	0.38919	0.21946	0.18932	0.20065	0.20946	0.17425	0.16829	0.12813	-0.07576	0.03367	0.15785
77290	0.07643	0.08515	0.06657	0.15094	0.21980	0.17491	0.65436	0.38658	0.21741	0.18555	0.19781	0.20624	0.17126	0.16577	0.12590	-0.08055	0.03120	0.15553
77450	0.07470	0.08817	0.06612	0.15062	0.21980	0.17530	0.66836	0.38959	0.21880	0.18500	0.19862	0.20699	0.17126	0.16410	0.12421	-0.08133	0.02961	0.15364
77610	0.07241	0.08457	0.06409	0.14717	0.21727	0.17231	0.65397	0.38268	0.21394	0.18293	0.19677	0.20454	0.17028	0.16333	0.12800	-0.07881	0.03376	0.15710
77780	0.07618	0.08763	0.06614	0.15094	0.21967	0.17492	0.64780	0.38642	0.21703	0.18587	0.19829	0.20609	0.16810	0.16520	0.12786	-0.08044	0.03105	0.15516
77940	0.07468	0.08470	0.06506	0.14894	0.21627	0.17334	0.64994	0.38416	0.21394	0.18460	0.19641	0.20493	0.17097	0.16525	0.12952	-0.07884	0.03469	0.15944
78110	0.07772	0.08694	0.06839	0.15327	0.22188	0.17656	0.65746	0.38806	0.21954	0.18717	0.19998	0.20874	0.17187	0.16221	0.12556	-0.07829	0.03061	0.15495
78270	0.07477	0.08777	0.06637	0.15173	0.22262	0.17795	0.66135	0.38979	0.21991	0.18753	0.20092	0.20943	0.17096	0.16361	0.12655	-0.07914	0.03209	0.15659
78430	0.07471	0.08749	0.06570	0.15043	0.21919	0.17395	0.64772	0.38492	0.21715	0.18593	0.19729	0.20688	0.16699	0.16154	0.12357	-0.07968	0.02902	0.15341	30.57	6.0	0.00	7.62	0.01267	0.01288	0.01634	0.00781	0.00581	0.00636	0.00466	0.01264	0.01679	0.00676	0.00698	0.00879	0.01487	0.01092	0.01194	0.00217	0.00619	0.00868
78600	0.07417	0.08787	0.06817	0.15195	0.22158	0.17722	0.66304	0.39012	0.22143	0.18930	0.20112	0.20885	0.17273	0.16666	0.12571	-0.07760	0.03300	0.15691
78760	0.07379	0.08785	0.06640	0.15011	0.21997	0.17538	0.65247	0.38577	0.21900	0.18640	0.19850	0.20625	0.16895	0.16389	0.12705	-0.08128	0.02893	0.15342
78920	0.07618	0.08769	0.06742	0.15131	0.22208	0.17743	0.66085	0.39045	0.22052	0.18748	0.19907	0.20853	0.17014	0.16876	0.12755	-0.07875	0.03258	0.15637
79090	0.07375	0.08603	0.06602	0.14973	0.21921	0.17426	0.65318	0.38564	0.21772	0.18587	0.19629	0.20597	0.16962	0.16228	0.12331	-0.08318	0.02875	0.15235
79250	0.07167	0.08351	0.06376	0.14764	0.21690	0.17152	0.65072	0.38134	0.21275	0.18413	0.19531	0.20449	0.17211	0.16647	0.12932	-0.08017	0.03423	0.15829
79410	0.07619	0.08804	0.06725	0.15371	0.22305	0.17889	0.66211	0.38782	0.21974	0.18813	0.20139	0.20947	0.17070	0.16875	0.12461	-0.07846	0.03195	0.15392
79580	0.07264	0.08444	0.06319	0.14771	0.21505	0.16964	0.65293	0.37985	0.21192	0.18069	0.19258	0.20099	0.16858	0.16417	0.12339	-0.08462	0.02701	0.15096
79740	0.07460	0.08584	0.06648	0.14681	0.21632	0.17287	0.65913	0.38694	0.21590	0.18587	0.19889	0.20933	0.17335	0.16606	0.12594	-0.07470	0.03864	0.16166
79900	0.08128	0.08836	0.06976	0.15945	0.22788	0.18263	0.66290	0.39195	0.22169	0.19188	0.20161	0.20926	0.17180	0.16594	0.12403	-0.08284	0.02736	0.14959
80070	0.07192	0.08089	0.05998	0.14051	0.20950	0.16415	0.64733	0.37540	0.20694	0.17558	0.18776	0.19646	0.16272	0.15228	0.11814	-0.09895	0.01701	0.14479	30.57	6.2	0.00	7.65	0.01267	0.01288	0.01634	0.00781	0.00581	0.00636	0.00466	0.01264	0.01679	0.00676	0.00698	0.00879	0.01487	0.01092	0.01194	0.00217	0.00619	0.00868
80230	0.07157	0.08399	0.06512	0.14548	0.21866	0.17595	0.65463	0.38941	0.22029	0.19134	0.20547	0.21337	0.17450	0.16810	0.13290	-0.06931	0.04419	0.16504
80390	0.07776	0.09036	0.06700	0.15673	0.22479	0.17750	0.65381	0.38429	0.21665	0.18443	0.19405	0.20188	0.16427	0.15568	0.11751	-0.09650	0.01534	0.13916
80560	0.06894	0.07933	0.05750	0.13300	0.20385	0.16028	0.64131	0.37947	0.20947	0.17620	0.19121	0.20024	0.16861	0.15964	0.12540	-0.08536	0.03082	0.15917
80720	0.07911	0.09467	0.07414	0.16019	0.23301	0.19013	0.67725	0.40114	0.23157	0.20068	0.21133	0.21839	0.17920	0.17311	0.12906	-0.07046	0.03944	0.16047
