WetView ver 7.1	07-17-2018	18:12:09
AC9 Absorption and Attenuation Meter
00000266		; Serial number
2	; structure version number
Reserved
0.000000	0.000000		; Depth calibration
19200			; Baud rate
0.100000			; Path length (meters)
31			; number of temperature calibration bins
				12.59339	13.44920	14.48425	15.49668	16.50852	17.49564	18.50545	19.52458	20.50176	21.48889	22.47318	23.48707	24.50962	25.49370	26.49784	27.51372	28.50746	29.47237	30.47938	31.50214	32.50470	33.49235	34.50337	35.50914	36.50618	37.52058	38.51018	39.51308	40.49994	41.49866	42.47204	; temperature bins
a650	Blue	20.34952		-0.00383	-0.00415	-0.00430	-0.00391	-0.00363	-0.00317	-0.00269	-0.00237	-0.00179	-0.00130	-0.00099	-0.00071	-0.00015	0.00000	0.00004	-0.00001	0.00015	0.00036	0.00058	0.00101	0.00161	0.00132	0.00160	0.00169	0.00242	0.00273	0.00336	0.00365	0.00427	0.00566	0.00670		; offset and temperature correction info
a676	Green	20.51193		-0.00398	-0.00384	-0.00360	-0.00306	-0.00302	-0.00255	-0.00235	-0.00212	-0.00163	-0.00136	-0.00118	-0.00089	-0.00029	0.00000	0.00068	0.00082	0.00099	0.00137	0.00145	0.00212	0.00260	0.00252	0.00321	0.00354	0.00457	0.00535	0.00617	0.00648	0.00742	0.00887	0.01002		; offset and temperature correction info
a715	Brown	20.23230		-0.00421	-0.00394	-0.00391	-0.00291	-0.00264	-0.00192	-0.00204	-0.00179	-0.00188	-0.00239	-0.00180	-0.00187	-0.00099	0.00000	0.00084	0.00162	0.00188	0.00224	0.00321	0.00381	0.00466	0.00528	0.00588	0.00696	0.00859	0.01041	0.01148	0.01282	0.01333	0.01456	0.01617		; offset and temperature correction info
c510	Red	20.40042		-0.00261	-0.00247	-0.00258	-0.00225	-0.00203	-0.00197	-0.00199	-0.00203	-0.00154	-0.00103	-0.00069	-0.00019	-0.00007	0.00000	0.00011	-0.00021	-0.00042	-0.00056	-0.00040	0.00011	0.00036	0.00050	0.00077	0.00079	0.00050	0.00042	0.00043	0.00092	0.00147	0.00200	0.00232		; offset and temperature correction info
c532	Magenta	20.40760		-0.00248	-0.00265	-0.00278	-0.00279	-0.00296	-0.00292	-0.00238	-0.00206	-0.00129	-0.00096	-0.00092	-0.00052	-0.00009	0.00000	0.00007	-0.00049	-0.00136	-0.00107	-0.00079	-0.00065	-0.00074	-0.00105	-0.00152	-0.00192	-0.00236	-0.00269	-0.00252	-0.00233	-0.00172	-0.00128	-0.00067		; offset and temperature correction info
c555	Black	20.50654		-0.00053	-0.00063	-0.00106	-0.00094	-0.00068	-0.00055	-0.00053	-0.00039	-0.00028	-0.00025	-0.00011	-0.00035	-0.00007	0.00000	-0.00037	-0.00055	-0.00036	-0.00014	0.00019	0.00044	0.00032	0.00040	0.00050	0.00028	0.00014	0.00013	0.00030	0.00073	0.00117	0.00176	0.00241		; offset and temperature correction info
a412	LtBlue	17.15231		-0.01972	-0.01823	-0.01612	-0.01381	-0.01272	-0.01080	-0.00959	-0.00866	-0.00710	-0.00532	-0.00354	-0.00148	-0.00028	0.00000	0.00176	0.00297	0.00394	0.00440	0.00453	0.00487	0.00804	0.00856	0.01065	0.01248	0.01388	0.01439	0.01659	0.01881	0.02256	0.02450	0.02719		; offset and temperature correction info
a440	LtGreen	18.00171		-0.00729	-0.00642	-0.00581	-0.00502	-0.00426	-0.00349	-0.00244	-0.00218	-0.00179	-0.00101	-0.00046	-0.00006	0.00036	0.00000	0.00040	0.00045	0.00030	-0.00015	-0.00024	-0.00035	0.00012	-0.00013	-0.00033	-0.00089	-0.00142	-0.00189	-0.00231	-0.00205	-0.00140	-0.00140	-0.00146		; offset and temperature correction info
a488	Yellow	18.86491		-0.00113	-0.00102	-0.00106	-0.00064	-0.00027	-0.00020	-0.00030	-0.00037	-0.00047	-0.00059	-0.00052	-0.00012	0.00008	0.00000	0.00025	0.00012	-0.00013	-0.00043	-0.00065	-0.00076	-0.00025	0.00010	0.00090	0.00111	0.00113	0.00104	0.00073	0.00068	0.00120	0.00186	0.00258		; offset and temperature correction info
c650	Blue	20.46075		-0.00145	-0.00097	-0.00092	-0.00139	-0.00185	-0.00196	-0.00237	-0.00266	-0.00238	-0.00163	-0.00083	-0.00041	-0.00010	0.00000	0.00005	-0.00001	0.00015	0.00034	0.00029	0.00065	0.00101	0.00164	0.00126	0.00156	0.00175	0.00270	0.00287	0.00371	0.00407	0.00473	0.00534		; offset and temperature correction info
c676	Green	20.10118		-0.00170	-0.00144	-0.00149	-0.00177	-0.00188	-0.00194	-0.00198	-0.00196	-0.00177	-0.00156	-0.00140	-0.00091	-0.00033	0.00000	0.00050	0.00092	0.00110	0.00141	0.00167	0.00199	0.00216	0.00265	0.00269	0.00289	0.00315	0.00374	0.00367	0.00408	0.00486	0.00561	0.00646		; offset and temperature correction info
c715	Brown	19.91219		-0.01201	-0.01097	-0.00859	-0.00680	-0.00651	-0.00592	-0.00535	-0.00440	-0.00387	-0.00303	-0.00222	-0.00153	-0.00028	0.00000	0.00093	0.00149	0.00247	0.00322	0.00330	0.00427	0.00373	0.00464	0.00536	0.00551	0.00643	0.00733	0.00779	0.00884	0.00899	0.01021	0.01120		; offset and temperature correction info
a510	Red	19.21192		0.00201	0.00193	0.00158	0.00098	0.00089	0.00049	0.00011	-0.00016	-0.00016	-0.00005	0.00028	0.00025	0.00006	0.00000	0.00035	-0.00022	-0.00023	-0.00080	-0.00144	-0.00154	-0.00153	-0.00204	-0.00220	-0.00219	-0.00190	-0.00128	-0.00069	-0.00018	0.00068	0.00152	0.00241		; offset and temperature correction info
a532	Magenta	19.41084		-0.00097	-0.00072	-0.00060	-0.00081	-0.00062	-0.00071	-0.00040	0.00020	0.00028	0.00043	0.00000	-0.00035	0.00007	0.00000	-0.00011	-0.00059	-0.00080	-0.00098	-0.00137	-0.00162	-0.00163	-0.00130	-0.00073	-0.00018	0.00090	0.00185	0.00175	0.00247	0.00291	0.00327	0.00349		; offset and temperature correction info
a555	Black	19.69776		0.00171	0.00183	0.00183	0.00186	0.00191	0.00170	0.00115	0.00131	0.00097	0.00073	0.00060	0.00013	0.00015	0.00000	0.00014	-0.00029	-0.00066	-0.00082	-0.00116	-0.00139	-0.00134	-0.00167	-0.00119	-0.00093	-0.00048	0.00053	0.00111	0.00095	0.00178	0.00206	0.00273		; offset and temperature correction info
c412	LtBlue	19.91180		-0.02051	-0.01853	-0.01589	-0.01311	-0.01059	-0.00877	-0.00705	-0.00581	-0.00413	-0.00231	-0.00098	-0.00066	-0.00011	0.00000	-0.00013	-0.00085	-0.00170	-0.00170	-0.00302	-0.00330	-0.00429	-0.00551	-0.00626	-0.00775	-0.00978	-0.01181	-0.01113	-0.01108	-0.01116	-0.01192	-0.01291		; offset and temperature correction info
c440	LtGreen	20.06241		-0.01064	-0.00992	-0.00892	-0.00766	-0.00639	-0.00531	-0.00478	-0.00384	-0.00287	-0.00187	-0.00102	-0.00063	-0.00023	0.00000	-0.00007	-0.00053	-0.00090	-0.00119	-0.00169	-0.00197	-0.00226	-0.00257	-0.00260	-0.00289	-0.00394	-0.00470	-0.00481	-0.00493	-0.00520	-0.00580	-0.00620		; offset and temperature correction info
c488	Yellow	20.35984		-0.01125	-0.01082	-0.00966	-0.00833	-0.00726	-0.00661	-0.00579	-0.00500	-0.00389	-0.00278	-0.00167	-0.00113	-0.00041	0.00000	0.00055	0.00121	0.00187	0.00226	0.00222	0.00251	0.00281	0.00359	0.00414	0.00427	0.00401	0.00404	0.00486	0.00563	0.00638	0.00684	0.00718		; offset and temperature correction info
0.003500	0.004000	0.015000	0.020000	0.015000	0.020000	2500.000000	2000.000000	1000.000000	; maxANoise	maxCNoise	maxADifference	maxCDifference	minACounts	minCCounts	minRCounts	maxTempSdev	maxDepthSdev
0			; auxilliary capabilities
1			; acquisition binsize
0	1.23952	1.04857	0.71640	113.35610	88.74110	75.43823	7.60517	5.27382	2.95375	74.41894	86.46216	103.65938	2.14893	1.72652	1.35998	93.17931	76.20666	73.26884	22.30	6.1	0.00	7.17	0.01280	0.01293	0.01695	0.00779	0.00581	0.00636	0.00470	0.01270	0.01695	0.00678	0.00690	0.00904	0.01496	0.01102	0.01203	0.00217	0.00616	0.00868
170	0.81655	0.89551	0.52790	98.13183	68.07850	69.80634	7.12234	4.56876	2.44321	66.84935	70.28914	66.53063	1.96281	1.51612	1.27013	72.54238	25.52413	6.28669
330	0.88983	1.03099	0.59751	7.92497	7.06596	8.50569	7.50155	5.08505	2.64525	5.26662	3.97009	7.92871	2.02680	1.72785	1.41559	16.49818	10.97867	8.42452
490	0.95697	0.94106	0.54501	6.44290	22.20056	14.06445	7.11900	4.75458	2.59952	7.04513	9.36261	16.04858	2.10350	1.66881	1.36607	28.83050	22.46555	21.71924
660	0.86647	1.01233	0.78023	16.92054	10.57401	7.68051	7.28613	4.70674	2.64593	12.71177	8.77588	9.16035	2.47914	2.58721	1.49709	22.73643	15.11407	10.07849
820	0.90026	1.11067	0.67263	7.66087	5.68370	6.27051	7.51188	6.60315	3.35304	4.63362	5.06154	4.67201	2.93848	3.87270	2.21225	10.19142	8.70241	6.04090
990	1.51351	1.66768	1.12760	6.06747	5.50895	13.66195	9.61336	7.26827	3.48853	6.69579	8.93655	11.98011	2.71252	1.95553	5.26813	12.52744	10.50493	12.37209
1150	1.93363	2.17687	1.85110	14.91293	10.40702	11.11128	11.09850	8.86105	5.68276	3.27682	3.15501	7.25674	3.77376	4.23402	4.97483	9.60554	7.22238	5.27787
1310	3.65619	2.85805	2.25071	5.12512	4.93658	4.84438	7.64941	4.99865	3.15690	4.84981	6.09821	5.74347	2.97797	3.06042	3.84490	9.43022	7.17747	5.22257
1480	3.36159	2.59133	1.36557	4.59506	4.23484	3.89465	7.47572	5.49635	5.62023	3.27982	2.98696	2.76253	2.84202	2.68288	1.80057	9.34764	6.93522	5.04547
1640	3.15499	2.70431	3.45326	5.13096	4.67706	4.03580	8.04442	5.95038	4.75584	2.91181	2.80075	2.60822	3.63736	2.54263	2.13285	8.98745	7.04935	6.91697	22.37	6.1	0.00	7.21	0.01280	0.01293	0.01695	0.00778	0.00581	0.00636	0.00470	0.01270	0.01695	0.00677	0.00689	0.00903	0.01496	0.01102	0.01203	0.00218	0.00616	0.00868
1800	1.51866	1.46035	1.15616	4.34657	3.93164	3.72391	6.98917	5.20762	3.02864	3.56832	3.44417	2.84513	3.02102	4.04825	3.08667	8.93036	7.33329	4.64749
1970	2.55774	6.41129	7.07803	5.23321	4.12880	3.90308	18.75855	13.58843	11.44703	3.49058	20.05235	9.19389	8.69787	8.45049	12.31691	25.23687	28.28653	41.76542
2130	16.84521	12.68184	14.16772	98.30780	98.38606	90.52982	21.62729	18.11956	18.94686	91.33186	83.79399	97.30393	18.40241	15.99097	15.58720	111.09846	107.19654	94.02931
2300	9.26004	13.42178	20.42540	58.21765	73.24950	85.65098	27.26774	24.73115	18.43342	97.95243	101.71159	102.56486	18.76951	23.52823	18.21977	89.12622	108.44817	96.20654
2460	18.10156	21.47154	19.44488	106.41710	93.22793	91.96876	16.74680	13.03015	12.15013	103.91226	103.00371	41.60431	9.29533	5.04260	3.61380	46.37886	67.15534	53.52849
2630	4.60291	5.37726	8.12471	27.83794	43.80085	83.80669	21.90848	14.84986	14.25779	40.00178	59.31796	70.91336	10.73072	11.95474	13.17323	57.47381	63.27386	99.17386
2790	14.85109	12.06380	12.03043	67.89791	82.54486	89.18163	19.96121	18.96486	16.71220	44.85864	40.92544	69.74034	14.02530	12.55575	13.41610	60.23794	60.53444	59.10053
2960	10.39503	8.55925	9.02455	67.30521	29.84330	32.43262	13.12042	14.77031	11.10410	27.33891	16.22209	28.26479	9.69534	9.89188	6.24431	27.97404	23.91345	40.75108
