WetView ver 7.1	07-15-2019	21:13:59
AC9 Absorption and Attenuation Meter
00000311		; Serial number
2	; structure version number
Reserved
0.000000	0.000000		; Depth calibration
19200			; Baud rate
0.100000			; Path length (meters)
23			; number of temperature calibration bins
				12.61517	13.44096	14.46844	15.49904	16.50682	17.50108	18.49752	19.51783	20.49177	21.49009	22.48286	23.50673	24.54012	25.54812	26.49986	27.49321	28.50960	29.48671	30.47471	31.49432	32.50437	33.48679	34.49133	; temperature bins
a650	Blue	18.61587		0.01156	0.01096	0.01010	0.00930	0.00851	0.00774	0.00661	0.00573	0.00499	0.00402	0.00285	0.00203	0.00096	0.00000	-0.00110	-0.00152	-0.00210	-0.00247	-0.00259	-0.00317	-0.00346	-0.00380	-0.00403		; offset and temperature correction info
a676	Green	18.78942		0.00964	0.00899	0.00863	0.00813	0.00730	0.00639	0.00545	0.00448	0.00385	0.00301	0.00233	0.00165	0.00046	0.00000	-0.00106	-0.00167	-0.00251	-0.00280	-0.00316	-0.00329	-0.00377	-0.00392	-0.00441		; offset and temperature correction info
a715	Brown	18.59217		0.01171	0.01109	0.01043	0.00975	0.00878	0.00789	0.00685	0.00572	0.00469	0.00356	0.00255	0.00160	0.00061	0.00000	-0.00063	-0.00113	-0.00152	-0.00183	-0.00226	-0.00293	-0.00364	-0.00404	-0.00473		; offset and temperature correction info
c510	Red	18.18396		-0.00549	-0.00480	-0.00383	-0.00272	-0.00202	-0.00118	-0.00044	-0.00038	-0.00015	-0.00021	0.00013	0.00007	-0.00007	0.00000	-0.00007	-0.00065	-0.00045	-0.00018	0.00007	0.00039	-0.00001	-0.00002	-0.00045		; offset and temperature correction info
c532	Magenta	18.26528		-0.00721	-0.00645	-0.00581	-0.00518	-0.00465	-0.00345	-0.00281	-0.00270	-0.00182	-0.00141	-0.00108	-0.00072	-0.00022	0.00000	0.00044	0.00030	0.00031	-0.00006	-0.00052	-0.00089	-0.00142	-0.00149	-0.00154		; offset and temperature correction info
c555	Black	18.37125		-0.00430	-0.00419	-0.00381	-0.00319	-0.00286	-0.00254	-0.00205	-0.00196	-0.00138	-0.00137	-0.00067	-0.00051	-0.00030	0.00000	0.00067	0.00087	0.00057	0.00027	-0.00015	-0.00089	-0.00127	-0.00137	-0.00150		; offset and temperature correction info
a412	LtBlue	15.33566		-0.06011	-0.05567	-0.05012	-0.04441	-0.03922	-0.03412	-0.02941	-0.02503	-0.02049	-0.01588	-0.01121	-0.00784	-0.00311	0.00000	0.00273	0.00611	0.00757	0.00871	0.01066	0.01299	0.01539	0.01781	0.02175		; offset and temperature correction info
a440	LtGreen	16.05925		-0.01380	-0.01214	-0.01039	-0.00858	-0.00690	-0.00532	-0.00426	-0.00322	-0.00230	-0.00158	-0.00055	0.00006	0.00001	0.00000	0.00017	0.00016	-0.00094	-0.00222	-0.00363	-0.00486	-0.00567	-0.00651	-0.00782		; offset and temperature correction info
a488	Yellow	16.82827		0.00255	0.00293	0.00331	0.00354	0.00373	0.00378	0.00363	0.00350	0.00291	0.00225	0.00215	0.00142	0.00099	0.00000	-0.00092	-0.00169	-0.00295	-0.00396	-0.00479	-0.00542	-0.00582	-0.00604	-0.00663		; offset and temperature correction info
c650	Blue	18.49287		-0.00570	-0.00516	-0.00456	-0.00403	-0.00346	-0.00232	-0.00132	-0.00122	-0.00073	-0.00066	-0.00035	-0.00016	0.00003	0.00000	0.00044	0.00078	0.00108	0.00057	0.00040	-0.00042	-0.00033	-0.00029	-0.00034		; offset and temperature correction info
c676	Green	18.50570		0.00299	0.00293	0.00287	0.00293	0.00278	0.00294	0.00317	0.00251	0.00243	0.00215	0.00139	0.00123	0.00068	0.00000	-0.00041	-0.00106	-0.00205	-0.00268	-0.00325	-0.00413	-0.00495	-0.00610	-0.00674		; offset and temperature correction info
c715	Brown	17.88888		0.00826	0.00812	0.00773	0.00790	0.00766	0.00758	0.00753	0.00650	0.00571	0.00461	0.00359	0.00222	0.00101	0.00000	-0.00146	-0.00284	-0.00385	-0.00448	-0.00463	-0.00513	-0.00623	-0.00715	-0.00838		; offset and temperature correction info
a510	Red	17.18050		0.00353	0.00364	0.00354	0.00361	0.00381	0.00381	0.00356	0.00332	0.00277	0.00229	0.00176	0.00116	0.00036	0.00000	-0.00014	-0.00069	-0.00088	-0.00147	-0.00150	-0.00129	-0.00120	-0.00134	-0.00091		; offset and temperature correction info
a532	Magenta	17.40228		0.00550	0.00548	0.00526	0.00479	0.00464	0.00422	0.00393	0.00328	0.00253	0.00212	0.00136	0.00085	0.00039	0.00000	-0.00059	-0.00146	-0.00188	-0.00262	-0.00330	-0.00393	-0.00491	-0.00540	-0.00605		; offset and temperature correction info
a555	Black	17.72308		0.00849	0.00832	0.00800	0.00760	0.00724	0.00655	0.00580	0.00495	0.00435	0.00347	0.00252	0.00153	0.00049	0.00000	-0.00050	-0.00155	-0.00214	-0.00306	-0.00350	-0.00411	-0.00470	-0.00539	-0.00570		; offset and temperature correction info
c412	LtBlue	16.72802		-0.05949	-0.05458	-0.04744	-0.04134	-0.03547	-0.03064	-0.02511	-0.02047	-0.01574	-0.01163	-0.00761	-0.00442	-0.00204	0.00000	0.00100	0.00051	-0.00043	-0.00239	-0.00475	-0.00629	-0.00827	-0.00955	-0.01337		; offset and temperature correction info
c440	LtGreen	17.42637		-0.02723	-0.02503	-0.02216	-0.01930	-0.01691	-0.01394	-0.01125	-0.00926	-0.00732	-0.00582	-0.00401	-0.00226	-0.00093	0.00000	0.00082	0.00123	0.00133	0.00097	0.00038	-0.00003	-0.00022	-0.00023	-0.00125		; offset and temperature correction info
c488	Yellow	18.03666		-0.00640	-0.00554	-0.00465	-0.00357	-0.00276	-0.00154	-0.00067	-0.00031	-0.00014	-0.00012	0.00046	0.00032	0.00020	0.00000	0.00001	-0.00024	-0.00060	-0.00084	-0.00126	-0.00180	-0.00276	-0.00304	-0.00427		; offset and temperature correction info
0.003500	0.004000	0.015000	0.020000	0.015000	0.020000	2500.000000	2000.000000	1000.000000	; maxANoise	maxCNoise	maxADifference	maxCDifference	minACounts	minCCounts	minRCounts	maxTempSdev	maxDepthSdev
0			; auxilliary capabilities
1			; acquisition binsize
0	0.41168	0.35956	0.28781	1.60538	1.32997	1.00568	7.82604	4.45491	2.09939	0.59737	0.47622	0.42793	1.58388	1.20776	0.92317	7.42042	4.25646	2.05544	31.36	6.0	0.00	-2.04	0.01748	0.01210	0.01531	0.01884	0.01937	0.01515	0.00551	0.01526	0.02025	0.01926	0.01356	0.01725	0.01720	0.01778	0.01388	0.00583	0.01644	0.02207
160	0.41113	0.36141	0.28830	1.60703	1.33133	1.00728	7.83212	4.45628	2.10147	0.59991	0.47674	0.42838	1.58696	1.21215	0.92677	7.42368	4.25993	2.05654
330	0.41123	0.36131	0.28778	1.60520	1.32941	1.00469	7.82456	4.45786	2.10328	0.59563	0.47410	0.42432	1.58592	1.20969	0.92557	7.41929	4.25817	2.05505
490	0.40930	0.35745	0.28562	1.60333	1.32654	1.00287	7.81215	4.45422	2.09757	0.59241	0.47066	0.42235	1.58482	1.21198	0.92594	7.42155	4.26007	2.05725
660	0.41035	0.35897	0.28580	1.60601	1.32986	1.00516	7.81965	4.45056	2.09898	0.59681	0.47675	0.42559	1.58388	1.20684	0.92206	7.42646	4.25918	2.05940
830	0.40959	0.35968	0.28737	1.60823	1.32809	1.00661	7.81873	4.45534	2.10020	0.59913	0.47655	0.42880	1.58239	1.20847	0.92404	7.42151	4.26079	2.05763
990	0.41352	0.36350	0.28793	1.60900	1.33646	1.01213	7.82231	4.45993	2.10662	0.60382	0.48113	0.43271	1.58729	1.20957	0.92756	7.42936	4.26612	2.06315
1160	0.41100	0.36039	0.28739	1.61238	1.33528	1.01246	7.82563	4.45434	2.10223	0.60192	0.48205	0.43071	1.58457	1.21011	0.92388	7.42614	4.26146	2.06024
1320	0.40806	0.35743	0.28583	1.60787	1.33345	1.00778	7.81873	4.45083	2.09879	0.60037	0.47703	0.42993	1.58136	1.20794	0.92168	7.42517	4.26080	2.05655
1490	0.40742	0.35773	0.28703	1.60643	1.33114	1.00862	7.81965	4.45379	2.09865	0.59894	0.47591	0.42708	1.58194	1.20902	0.92358	7.42614	4.26246	2.05952
1650	0.40914	0.35787	0.28414	1.60647	1.33028	1.00614	7.81682	4.45231	2.09674	0.59640	0.47494	0.42704	1.58397	1.21118	0.92758	7.42466	4.26213	2.06064	31.30	6.1	0.00	-2.04	0.01748	0.01210	0.01531	0.01884	0.01937	0.01515	0.00551	0.01526	0.02025	0.01926	0.01356	0.01725	0.01721	0.01778	0.01388	0.00583	0.01643	0.02207
1820	0.41091	0.36094	0.28810	1.60884	1.33290	1.00898	7.82616	4.45743	2.10173	0.60216	0.47925	0.43015	1.58400	1.20880	0.92456	7.42393	4.26164	2.05951
1980	0.41152	0.35910	0.28478	1.60724	1.33070	1.00700	7.82177	4.45368	2.09862	0.59765	0.47510	0.42680	1.58292	1.20594	0.92143	7.41821	4.25927	2.05648
2150	0.41128	0.36000	0.28863	1.60985	1.33502	1.01117	7.81998	4.45648	2.10197	0.60513	0.48198	0.43483	1.58535	1.20756	0.92371	7.43034	4.26542	2.06386
2310	0.41039	0.35770	0.28476	1.61134	1.33551	1.01088	7.81875	4.45294	2.09716	0.60849	0.48375	0.43733	1.58142	1.20284	0.91989	7.42949	4.26766	2.06499
2480	0.40563	0.35469	0.28258	1.61169	1.33623	1.01169	7.81932	4.44401	2.09417	0.61049	0.48450	0.43725	1.58021	1.20835	0.92452	7.43243	4.27203	2.06923
2650	0.41078	0.35910	0.28576	1.61778	1.34149	1.01692	7.81508	4.45226	2.09755	0.61308	0.48726	0.44057	1.58178	1.20801	0.92359	7.43401	4.27226	2.06939
2810	0.41022	0.36020	0.28628	1.61681	1.34280	1.01738	7.81442	4.45120	2.09882	0.61191	0.48811	0.44297	1.58324	1.20813	0.92382	7.43368	4.27047	2.06831
2980	0.40988	0.35876	0.28664	1.61828	1.34390	1.01869	7.81671	4.45204	2.09868	0.61454	0.49041	0.44239	1.58233	1.20570	0.92056	7.43381	4.27144	2.06912
3140	0.41177	0.36182	0.28959	1.62191	1.34764	1.02373	7.81477	4.45673	2.10443	0.62010	0.49504	0.44714	1.58636	1.21166	0.92688	7.43905	4.27703	2.07457
3310	0.41126	0.36079	0.29030	1.62375	1.35071	1.02401	7.81473	4.45668	2.09915	0.62162	0.49560	0.44870	1.58485	1.20871	0.92332	7.43923	4.27650	2.07256	31.30	6.2	0.00	-2.04	0.01748	0.01211	0.01531	0.01884	0.01937	0.01515	0.00551	0.01526	0.02026	0.01926	0.01356	0.01725	0.01721	0.01778	0.01388	0.00583	0.01643	0.02207
3470	0.40911	0.36017	0.28570	1.62132	1.34742	1.02310	7.82663	4.44927	2.09875	0.61899	0.49315	0.44677	1.58254	1.20696	0.92356	7.43697	4.27448	2.07162
3640	0.40852	0.35963	0.28599	1.62301	1.34953	1.02472	7.81040	4.44997	2.09700	0.62050	0.49571	0.44821	1.58360	1.20907	0.92448	7.44032	4.27700	2.07486
3810	0.41068	0.36046	0.28762	1.62494	1.35193	1.02520	7.82305	4.45389	2.09829	0.62251	0.49557	0.44970	1.58622	1.21256	0.92975	7.44411	4.28159	2.07876
3970	0.41355	0.36377	0.28987	1.62964	1.35654	1.02959	7.82412	4.45700	2.10317	0.62571	0.50046	0.45513	1.58538	1.21238	0.92397	7.44129	4.28020	2.07739
4140	0.41311	0.36019	0.28737	1.62887	1.35477	1.02900	7.82065	4.45562	2.10041	0.62607	0.50091	0.45430	1.58353	1.20724	0.92303	7.44088	4.27869	2.07734
4300	0.40943	0.35850	0.28673	1.62832	1.35787	1.03279	7.81637	4.45697	2.10355	0.63084	0.50502	0.45773	1.58591	1.21069	0.92530	7.44383	4.28289	2.08168
4470	0.41019	0.35830	0.28569	1.63182	1.35747	1.03122	7.81800	4.45487	2.09930	0.62810	0.50256	0.45706	1.58359	1.20667	0.92369	7.44379	4.28133	2.07941
4630	0.40899	0.35786	0.28591	1.63016	1.35864	1.03247	7.81504	4.45008	2.09824	0.63190	0.50574	0.45936	1.58310	1.20773	0.92339	7.44682	4.28441	2.08270
4800	0.40944	0.35924	0.28662	1.63366	1.36112	1.03469	7.82096	4.45626	2.10211	0.63258	0.50698	0.46087	1.58349	1.20777	0.92213	7.44759	4.28357	2.08205
4960	0.41182	0.36339	0.29016	1.63678	1.36496	1.03893	7.82453	4.45911	2.10364	0.63709	0.51215	0.46488	1.58652	1.20877	0.92625	7.45063	4.28836	2.08738	31.25	6.0	0.00	-2.04	0.01749	0.01211	0.01531	0.01884	0.01937	0.01515	0.00551	0.01526	0.02026	0.01926	0.01356	0.01724	0.01721	0.01778	0.01388	0.00583	0.01643	0.02206
5130	0.41095	0.36072	0.28789	1.63818	1.36606	1.03794	7.82724	4.45679	2.10192	0.63841	0.51224	0.46587	1.58569	1.20863	0.92192	7.45091	4.28820	2.08691
5290	0.40912	0.35975	0.28633	1.63659	1.36312	1.03563	7.82014	4.45262	2.09773	0.63592	0.50877	0.46335	1.58538	1.21091	0.92656	7.45212	4.29147	2.09054
5460	0.41105	0.35979	0.28812	1.64056	1.36670	1.03981	7.82668	4.45679	2.10045	0.63936	0.51351	0.46773	1.58489	1.21062	0.92672	7.45451	4.29041	2.08958
5630	0.41125	0.35817	0.28810	1.63945	1.36994	1.04125	7.81892	4.45550	2.10065	0.64240	0.51415	0.47081	1.58292	1.20712	0.92319	7.45471	4.29104	2.08801
5790	0.41131	0.36228	0.28847	1.64491	1.37529	1.04740	7.82550	4.46281	2.10316	0.64734	0.52006	0.47507	1.58824	1.21123	0.92557	7.46175	4.29699	2.09403
5960	0.41049	0.36104	0.28686	1.64518	1.37414	1.04679	7.82234	4.45548	2.10232	0.64517	0.51921	0.47215	1.58516	1.20739	0.92295	7.45742	4.29462	2.09299
6120	0.41104	0.35908	0.28769	1.64516	1.37423	1.04653	7.82458	4.45480	2.10159	0.64727	0.51986	0.47360	1.58368	1.20814	0.92440	7.46001	4.29541	2.09412
6290	0.40925	0.36031	0.28795	1.64508	1.37499	1.04813	7.82627	4.45471	2.10014	0.65058	0.52194	0.47645	1.58261	1.20893	0.92395	7.46001	4.29824	2.09727
6450	0.41147	0.35957	0.28676	1.64841	1.37804	1.04959	7.81994	4.45529	2.09837	0.65147	0.52373	0.47875	1.58429	1.20976	0.92428	7.46891	4.30344	2.10136
6620	0.41270	0.36242	0.28595	1.65295	1.38280	1.05499	7.82582	4.45609	2.10198	0.65537	0.52776	0.48150	1.58467	1.20893	0.92273	7.46392	4.30075	2.10021	31.25	6.1	0.00	-2.04	0.01749	0.01211	0.01531	0.01884	0.01937	0.01515	0.00552	0.01526	0.02026	0.01926	0.01356	0.01724	0.01721	0.01778	0.01388	0.00583	0.01643	0.02206
6780	0.41108	0.35927	0.28739	1.65219	1.38243	1.05404	7.81679	4.45480	2.10142	0.65477	0.52733	0.48143	1.58327	1.20730	0.92172	7.46420	4.30089	2.09911
6950	0.41123	0.36195	0.28887	1.65496	1.38742	1.05819	7.82541	4.45831	2.10368	0.66026	0.53053	0.48646	1.58549	1.20961	0.92286	7.47327	4.30578	2.10319
7110	0.41141	0.35902	0.28639	1.65442	1.38657	1.05753	7.81944	4.45268	2.10011	0.65570	0.52659	0.48339	1.58409	1.20770	0.92307	7.46809	4.30255	2.10042
7280	0.40746	0.35750	0.28432	1.65324	1.38407	1.05458	7.82771	4.45129	2.09885	0.65483	0.52551	0.47676	1.58523	1.21009	0.92721	7.46522	4.30256	2.10048
7450	0.41332	0.36178	0.28955	1.64957	1.37955	1.05135	7.82511	4.45677	2.10523	0.64901	0.52131	0.47653	1.58723	1.21220	0.92642	7.46008	4.29614	2.09178
7610	0.41279	0.35970	0.28746	1.64070	1.36892	1.04194	7.81694	4.45230	2.10192	0.64069	0.51131	0.46618	1.58258	1.20704	0.92174	7.45325	4.29170	2.08948
7780	0.40964	0.35808	0.28611	1.63944	1.37008	1.04306	7.81674	4.45563	2.10002	0.64264	0.51442	0.47092	1.58264	1.20834	0.92290	7.45660	4.29529	2.09279
7940	0.41042	0.36030	0.28935	1.64797	1.37907	1.05026	7.82929	4.45798	2.10151	0.64849	0.52095	0.47725	1.58638	1.21076	0.92435	7.46085	4.29843	2.09642
8110	0.41040	0.35959	0.28683	1.64835	1.37761	1.05006	7.82306	4.45870	2.10432	0.65205	0.52216	0.47701	1.58496	1.21061	0.92673	7.46190	4.29890	2.09657
8280	0.41046	0.35750	0.28808	1.64638	1.37470	1.04638	7.81597	4.45152	2.10076	0.64802	0.51857	0.47304	1.58344	1.20607	0.92377	7.45797	4.29463	2.09389	31.30	6.1	0.00	-2.04	0.01749	0.01211	0.01531	0.01883	0.01936	0.01514	0.00552	0.01527	0.02026	0.01926	0.01356	0.01724	0.01721	0.01778	0.01388	0.00583	0.01643	0.02206
8440	0.41001	0.35805	0.28657	1.64473	1.37403	1.04534	7.81464	4.45310	2.09876	0.64884	0.51980	0.47381	1.58285	1.20819	0.92623	7.45684	4.29717	2.09607
8610	0.41007	0.35968	0.29004	1.64801	1.37985	1.05163	7.83077	4.45703	2.10321	0.65271	0.52356	0.47984	1.58628	1.20946	0.92377	7.46614	4.30116	2.09801
8780	0.40950	0.35835	0.28902	1.64972	1.37997	1.05129	7.82459	4.45251	2.10157	0.65339	0.52383	0.48019	1.58302	1.20851	0.92339	7.46464	4.30123	2.09900
8940	0.40978	0.35723	0.28682	1.64978	1.37949	1.05121	7.81097	4.45502	2.09915	0.65343	0.52263	0.47806	1.58054	1.20572	0.92244	7.46671	4.30200	2.09840
9110	0.40808	0.35809	0.28541	1.64952	1.37851	1.05149	7.81403	4.45259	2.09823	0.65241	0.52112	0.47743	1.58229	1.20882	0.92203	7.46335	4.30132	2.09806
9280	0.40995	0.35837	0.28583	1.64752	1.37776	1.05032	7.81454	4.45156	2.09720	0.64958	0.52062	0.47743	1.58434	1.21025	0.92484	7.46930	4.30480	2.10153
9440	0.41291	0.36140	0.28942	1.65204	1.38117	1.05172	7.82643	4.45416	2.10108	0.65278	0.52255	0.47751	1.58907	1.21077	0.92959	7.46837	4.30313	2.09959
9610	0.41085	0.35937	0.28785	1.64966	1.37912	1.05108	7.81974	4.45245	2.10067	0.65070	0.52065	0.47623	1.58258	1.20962	0.92425	7.46375	4.30010	2.09732
9770	0.40984	0.35749	0.28507	1.64798	1.37741	1.04750	7.82398	4.45247	2.09756	0.64980	0.51878	0.47458	1.58021	1.20477	0.92037	7.46242	4.29770	2.09497
9940	0.40928	0.36040	0.28518	1.64870	1.37914	1.05158	7.81718	4.45593	2.10218	0.65286	0.52354	0.47880	1.58596	1.20744	0.92333	7.46773	4.30180	2.09919	31.30	6.0	0.00	-2.04	0.01749	0.01211	0.01531	0.01883	0.01936	0.01514	0.00552	0.01527	0.02026	0.01925	0.01356	0.01724	0.01721	0.01778	0.01388	0.00583	0.01643	0.02206
10100	0.40864	0.35797	0.28553	1.64928	1.37850	1.04913	7.81739	4.45088	2.09798	0.65001	0.52001	0.47631	1.58323	1.20559	0.92228	7.46421	4.29880	2.09520
10270	0.40965	0.35621	0.28270	1.64511	1.37547	1.04703	7.80368	4.45045	2.09627	0.64751	0.51775	0.47453	1.58153	1.20567	0.92409	7.46312	4.29920	2.09725
10430	0.40988	0.35524	0.28589	1.64788	1.37760	1.04762	7.80352	4.45278	2.09655	0.65165	0.52027	0.47570	1.58030	1.20499	0.92053	7.45734	4.29747	2.09442
10600	0.40953	0.35850	0.28792	1.64886	1.37954	1.05193	7.81244	4.46024	2.10309	0.65286	0.52284	0.47875	1.58561	1.20935	0.92593	7.46587	4.30116	2.09909
10760	0.40872	0.36066	0.28695	1.64982	1.37936	1.04945	7.81371	4.45339	2.10081	0.65241	0.52199	0.47836	1.58342	1.20730	0.92128	7.46737	4.30061	2.09750
10930	0.40821	0.35953	0.28546	1.64790	1.37926	1.05150	7.82045	4.45461	2.10057	0.65456	0.52314	0.47849	1.58420	1.20833	0.92290	7.46846	4.30317	2.09982
11090	0.40827	0.35538	0.28513	1.64884	1.37806	1.04794	7.81387	4.45098	2.09481	0.65039	0.52065	0.47687	1.58304	1.20872	0.92390	7.46963	4.30436	2.10027
11260	0.41021	0.35726	0.28684	1.65105	1.38079	1.05216	7.82137	4.45550	2.09825	0.65372	0.52284	0.47719	1.58366	1.20611	0.92139	7.46632	4.30188	2.09740
11420	0.40688	0.35686	0.28646	1.64820	1.37909	1.05163	7.82259	4.45281	2.09805	0.65386	0.52293	0.47794	1.58222	1.20707	0.92232	7.46627	4.30168	2.09745
11590	0.40842	0.35701	0.28528	1.64777	1.37712	1.04853	7.81586	4.45042	2.09522	0.65081	0.51964	0.47552	1.58317	1.20697	0.92492	7.46714	4.30102	2.09765	31.25	6.1	0.00	-2.04	0.01749	0.01211	0.01531	0.01883	0.01936	0.01514	0.00552	0.01527	0.02026	0.01925	0.01356	0.01724	0.01721	0.01779	0.01388	0.00583	0.01643	0.02206
11750	0.40903	0.35572	0.28540	1.64847	1.37768	1.04953	7.81495	4.45261	2.09728	0.65121	0.52056	0.47558	1.58338	1.20458	0.92126	7.46050	4.29641	2.09413
11910	0.40778	0.35481	0.28405	1.64747	1.37724	1.04951	7.82152	4.45311	2.09909	0.65134	0.52039	0.47559	1.58305	1.20858	0.92178	7.46645	4.29877	2.09570
12080	0.40732	0.35600	0.28206	1.64580	1.37644	1.04837	7.82157	4.45062	2.09562	0.65008	0.51887	0.47484	1.58099	1.21014	0.92246	7.46467	4.30086	2.09738
12250	0.41043	0.35791	0.28576	1.64776	1.37849	1.05025	7.82418	4.45368	2.09857	0.65192	0.52036	0.47645	1.58364	1.20811	0.92348	7.46268	4.29991	2.09721
12410	0.40857	0.35717	0.28619	1.64934	1.37878	1.05015	7.81770	4.45297	2.09922	0.65157	0.52158	0.47741	1.58310	1.20633	0.92392	7.46289	4.29824	2.09610
12580	0.41034	0.36033	0.28730	1.64998	1.37973	1.05254	7.81989	4.45727	2.10187	0.65613	0.52344	0.47869	1.58382	1.20975	0.92167	7.46774	4.30124	2.09746
12740	0.40769	0.36029	0.28544	1.64782	1.37909	1.05119	7.83469	4.45208	2.09947	0.65204	0.52040	0.47665	1.58379	1.20847	0.92399	7.46657	4.29906	2.09628
12910	0.41018	0.35597	0.28405	1.64654	1.37696	1.04821	7.81255	4.45131	2.09583	0.64915	0.51799	0.47538	1.58336	1.20885	0.92627	7.46681	4.30349	2.10046
13070	0.41166	0.35914	0.28705	1.65127	1.37991	1.05107	7.83607	4.45338	2.10116	0.65449	0.52344	0.47859	1.58346	1.20886	0.92210	7.46467	4.30058	2.09773
13240	0.41013	0.35682	0.28653	1.64698	1.37764	1.04931	7.81441	4.45296	2.09873	0.65149	0.52053	0.47584	1.58400	1.20750	0.92331	7.46757	4.30096	2.09698	31.36	6.0	0.00	-2.04	0.01749	0.01211	0.01531	0.01883	0.01936	0.01514	0.00552	0.01527	0.02027	0.01925	0.01356	0.01724	0.01722	0.01779	0.01389	0.00583	0.01643	0.02206
13410	0.41049	0.35943	0.28882	1.64828	1.37892	1.04940	7.81604	4.45552	2.09818	0.65291	0.52102	0.47806	1.58403	1.20946	0.92340	7.46324	4.30092	2.09845
13570	0.41042	0.35917	0.28654	1.64900	1.37792	1.04843	7.80865	4.45606	2.09907	0.65171	0.52041	0.47692	1.58475	1.21023	0.92619	7.46652	4.30366	2.09891
13740	0.41205	0.35958	0.28750	1.65067	1.38045	1.05293	7.82425	4.45661	2.10161	0.65417	0.52225	0.47773	1.58412	1.20972	0.92492	7.46567	4.30050	2.09739
13900	0.41083	0.35865	0.28670	1.64947	1.37937	1.04895	7.82135	4.45343	2.09958	0.65329	0.52199	0.47891	1.58296	1.20609	0.92323	7.46490	4.30017	2.09667
14070	0.40944	0.35973	0.28610	1.64821	1.37753	1.04945	7.82563	4.45387	2.09921	0.65408	0.52151	0.47570	1.58158	1.20762	0.92319	7.46442	4.29820	2.09533
14240	0.41113	0.36015	0.28747	1.64902	1.37976	1.05188	7.81839	4.45676	2.10167	0.65469	0.52316	0.47816	1.58352	1.20788	0.92561	7.46717	4.30128	2.09721
14400	0.41097	0.35804	0.28882	1.64828	1.37785	1.04967	7.81441	4.45178	2.09983	0.65206	0.52065	0.47711	1.58324	1.20577	0.92284	7.46373	4.30060	2.09602
14570	0.40931	0.35666	0.28553	1.64597	1.37576	1.04775	7.81477	4.44863	2.09521	0.65048	0.51892	0.47531	1.58591	1.21061	0.92720	7.46866	4.30295	2.09986
14730	0.41065	0.36203	0.28880	1.65073	1.38049	1.05152	7.81829	4.45373	2.09808	0.65378	0.52208	0.47777	1.58431	1.20821	0.92605	7.46547	4.30011	2.09772
14900	0.41151	0.35886	0.28676	1.64824	1.37891	1.05005	7.81504	4.45254	2.10118	0.65153	0.52061	0.47802	1.58395	1.20870	0.92398	7.46687	4.29970	2.09660	31.36	6.0	0.00	-2.04	0.01749	0.01211	0.01532	0.01883	0.01936	0.01514	0.00552	0.01527	0.02027	0.01925	0.01356	0.01724	0.01722	0.01779	0.01389	0.00583	0.01643	0.02206
15070	0.41135	0.35689	0.28817	1.64821	1.37829	1.05028	7.81504	4.45486	2.10009	0.65203	0.52103	0.47726	1.58300	1.20739	0.92115	7.46460	4.29773	2.09516
15230	0.41147	0.36133	0.28948	1.64981	1.38098	1.05268	7.81922	4.45623	2.10258	0.65537	0.52393	0.48019	1.58692	1.21174	0.92575	7.46845	4.30228	2.09893
15400	0.41085	0.35939	0.28829	1.64970	1.37940	1.05085	7.82004	4.45637	2.10061	0.65333	0.52183	0.47899	1.58633	1.20776	0.92415	7.46986	4.30049	2.09693
15560	0.40976	0.35697	0.28539	1.64698	1.37776	1.05005	7.82524	4.45337	2.09893	0.65213	0.51991	0.47676	1.58160	1.20717	0.92383	7.46614	4.30033	2.09647
15730	0.40906	0.35630	0.28773	1.64691	1.37843	1.05081	7.82060	4.45539	2.10228	0.65347	0.52193	0.47953	1.58610	1.20864	0.92477	7.46772	4.30040	2.09709
15890	0.40923	0.35726	0.28726	1.64804	1.37815	1.04888	7.81183	4.45291	2.09920	0.65160	0.51956	0.47663	1.58469	1.21119	0.92566	7.47010	4.30396	2.10087
16060	0.41275	0.36277	0.28877	1.65130	1.38170	1.05216	7.82238	4.45423	2.10042	0.65447	0.52327	0.47904	1.58552	1.20890	0.92479	7.46808	4.30351	2.09952
16220	0.41038	0.35755	0.28598	1.64960	1.37923	1.05041	7.82483	4.45439	2.10100	0.65263	0.52120	0.47739	1.58237	1.20727	0.92228	7.46642	4.29962	2.09574
16390	0.40915	0.35787	0.28431	1.64749	1.37809	1.04932	7.81973	4.45230	2.09816	0.65214	0.51928	0.47590	1.58246	1.20626	0.92235	7.46590	4.30099	2.09719
16560	0.40985	0.35843	0.28638	1.64717	1.37809	1.05033	7.81481	4.45429	2.09844	0.65438	0.52070	0.47593	1.58311	1.20795	0.92246	7.46770	4.30039	2.09712	31.30	6.2	0.00	-2.04	0.01749	0.01211	0.01532	0.01883	0.01936	0.01514	0.00552	0.01527	0.02027	0.01925	0.01356	0.01724	0.01722	0.01779	0.01389	0.00583	0.01643	0.02206
16720	0.40998	0.35657	0.28699	1.64627	1.37606	1.04835	7.81781	4.45273	2.09800	0.65004	0.51821	0.47425	1.58355	1.21079	0.92595	7.46604	4.30381	2.09920
16890	0.41153	0.36054	0.28658	1.64963	1.37894	1.05031	7.82373	4.45695	2.09936	0.65237	0.52117	0.47688	1.58552	1.21115	0.92378	7.46868	4.30213	2.09857
17050	0.41103	0.36080	0.28950	1.64850	1.37793	1.05024	7.82363	4.45461	2.09895	0.65254	0.52041	0.47674	1.58470	1.21001	0.92314	7.46645	4.30015	2.09716
17220	0.41000	0.35949	0.28671	1.64864	1.37925	1.05010	7.81302	4.45313	2.10182	0.65264	0.52091	0.47650	1.58346	1.20730	0.92243	7.46511	4.29903	2.09618
17380	0.41230	0.35885	0.28980	1.65045	1.38104	1.05251	7.81792	4.45898	2.10199	0.65503	0.52321	0.48004	1.58568	1.20954	0.92506	7.46847	4.30236	2.09874
17550	0.41069	0.36009	0.28822	1.64988	1.37964	1.05066	7.82705	4.45668	2.10170	0.65504	0.52320	0.47899	1.58251	1.20723	0.92359	7.46779	4.30080	2.09809
17720	0.41012	0.35896	0.28545	1.64638	1.37646	1.04852	7.81445	4.45115	2.09545	0.65185	0.51849	0.47570	1.58096	1.20655	0.92342	7.46293	4.29734	2.09411
17880	0.40922	0.35695	0.28797	1.64638	1.37697	1.04811	7.82485	4.45378	2.09918	0.65235	0.51955	0.47558	1.58209	1.20803	0.92453	7.46309	4.30189	2.09881
18050	0.41221	0.36104	0.28913	1.64974	1.38036	1.05224	7.83200	4.45847	2.10104	0.65589	0.52407	0.48074	1.58321	1.21106	0.92554	7.46924	4.30271	2.09885
18220	0.41232	0.35958	0.28884	1.64981	1.38073	1.05126	7.81672	4.45527	2.10327	0.65660	0.52339	0.48043	1.58348	1.20904	0.92519	7.46638	4.30322	2.09920	31.30	6.0	0.00	-2.04	0.01749	0.01211	0.01532	0.01883	0.01936	0.01514	0.00552	0.01528	0.02027	0.01925	0.01356	0.01724	0.01722	0.01779	0.01389	0.00583	0.01643	0.02206
18380	0.40998	0.36054	0.28965	1.65004	1.38071	1.05313	7.82121	4.45537	2.10091	0.65654	0.52301	0.47929	1.58576	1.21031	0.92484	7.46638	4.30354	2.09966
18550	0.41050	0.36015	0.28791	1.65003	1.37966	1.05197	7.81066	4.45586	2.09964	0.65669	0.52248	0.47976	1.58573	1.21062	0.92555	7.46950	4.30277	2.09925
18720	0.41148	0.36032	0.28720	1.65008	1.38117	1.05335	7.81509	4.45499	2.10006	0.65559	0.52272	0.47846	1.58346	1.20928	0.92488	7.46824	4.30282	2.09975
18880	0.40932	0.35948	0.28727	1.64902	1.37912	1.05069	7.82631	4.45447	2.09907	0.65494	0.52206	0.47905	1.58570	1.21161	0.92750	7.47294	4.30696	2.10285
19050	0.41250	0.36257	0.29032	1.65372	1.38399	1.05439	7.81667	4.45791	2.10252	0.65837	0.52540	0.48149	1.58669	1.21167	0.92594	7.47217	4.30606	2.10211
19210	0.41112	0.35923	0.28814	1.65293	1.38247	1.05364	7.81851	4.45284	2.10058	0.65664	0.52285	0.48054	1.58531	1.20900	0.92327	7.46852	4.30372	2.10007
19380	0.41069	0.35909	0.28695	1.64952	1.38040	1.05239	7.82167	4.45751	2.09875	0.65626	0.52297	0.47942	1.58263	1.20755	0.92263	7.46784	4.30038	2.09679
19540	0.41038	0.36027	0.28753	1.65164	1.38384	1.05602	7.82004	4.46007	2.10320	0.66018	0.52540	0.48162	1.58784	1.21247	0.92651	7.47006	4.30609	2.10203
19710	0.41127	0.35968	0.28740	1.65131	1.38301	1.05396	7.82101	4.45527	2.10130	0.65733	0.52527	0.48156	1.58360	1.20883	0.92197	7.46844	4.30184	2.09858
19870	0.40744	0.35708	0.28367	1.64935	1.38043	1.05046	7.82321	4.45052	2.09693	0.65319	0.52103	0.47914	1.58250	1.20976	0.92201	7.46737	4.30189	2.09852	31.36	6.0	0.00	-2.04	0.01749	0.01211	0.01532	0.01883	0.01936	0.01514	0.00552	0.01528	0.02027	0.01925	0.01356	0.01724	0.01722	0.01779	0.01389	0.00583	0.01643	0.02206
20040	0.41085	0.35867	0.28591	1.65036	1.38077	1.05275	7.82249	4.45378	2.09971	0.65651	0.52397	0.47966	1.58357	1.20957	0.92431	7.47093	4.30290	2.09914
20210	0.41117	0.35871	0.28609	1.64981	1.38110	1.05183	7.81740	4.45405	2.09877	0.65512	0.52224	0.47957	1.58333	1.20897	0.92518	7.46980	4.30441	2.10055
20370	0.41189	0.36016	0.28788	1.65139	1.38193	1.05357	7.82000	4.45538	2.10125	0.65811	0.52556	0.48153	1.58336	1.20784	0.92364	7.46721	4.30312	2.09955
20540	0.40989	0.36051	0.28560	1.65053	1.38099	1.05190	7.81933	4.45300	2.09849	0.65618	0.52523	0.48141	1.58234	1.20680	0.92355	7.46531	4.29993	2.09829
20700	0.40948	0.35776	0.28785	1.64989	1.38235	1.05382	7.82530	4.45564	2.10336	0.65988	0.52664	0.48303	1.58504	1.21020	0.92595	7.46952	4.30542	2.10158
20870	0.41101	0.35930	0.28851	1.65172	1.38305	1.05436	7.83148	4.45617	2.10213	0.65870	0.52488	0.48238	1.58373	1.20839	0.92228	7.46895	4.30264	2.09931
21030	0.41117	0.35739	0.28523	1.64838	1.37789	1.04915	7.81240	4.45493	2.09684	0.65438	0.52199	0.47781	1.58555	1.21133	0.92728	7.46988	4.30610	2.10200
21200	0.41242	0.36057	0.28914	1.65126	1.38198	1.05351	7.81271	4.45717	2.10098	0.65515	0.52317	0.47950	1.58530	1.20961	0.92611	7.46802	4.30371	2.09954
21370	0.40992	0.35870	0.28690	1.65019	1.38059	1.05111	7.83153	4.45686	2.10247	0.65397	0.52114	0.47851	1.58442	1.20766	0.92300	7.46604	4.30190	2.09736
21530	0.41099	0.35906	0.28744	1.64764	1.37897	1.05104	7.84043	4.45556	2.09970	0.65551	0.52169	0.47795	1.58162	1.20735	0.92310	7.46344	4.29898	2.09556	31.25	6.0	0.00	-2.04	0.01749	0.01211	0.01532	0.01883	0.01936	0.01514	0.00552	0.01528	0.02027	0.01925	0.01356	0.01724	0.01722	0.01779	0.01389	0.00583	0.01643	0.02206
21700	0.41041	0.35887	0.28831	1.64942	1.38130	1.05404	7.83027	4.45616	2.10190	0.65785	0.52315	0.48057	1.58436	1.20924	0.92355	7.46898	4.30275	2.09757
21860	0.41193	0.35965	0.28782	1.64933	1.38090	1.05425	7.82353	4.45437	2.10104	0.65651	0.52292	0.48063	1.58451	1.20802	0.92442	7.46595	4.30159	2.09793
22030	0.41123	0.35849	0.28656	1.64936	1.37940	1.05046	7.81425	4.45148	2.09975	0.65534	0.52169	0.47986	1.58427	1.21245	0.92672	7.46805	4.30472	2.10053
22190	0.41201	0.36119	0.28790	1.65108	1.38200	1.05410	7.83226	4.45839	2.10157	0.65632	0.52446	0.48102	1.58480	1.21057	0.92519	7.46951	4.30307	2.09983
22360	0.41116	0.35862	0.28830	1.65133	1.38200	1.05291	7.81752	4.45702	2.10105	0.65715	0.52443	0.48137	1.58395	1.20845	0.92594	7.46777	4.30278	2.09960
22530	0.41063	0.35971	0.28768	1.65128	1.38303	1.05307	7.81803	4.45262	2.10070	0.65756	0.52409	0.48264	1.58601	1.21225	0.92918	7.47344	4.30922	2.10444
22690	0.41424	0.36121	0.28905	1.65545	1.38605	1.05822	7.82267	4.46054	2.10372	0.66216	0.52786	0.48526	1.58678	1.20843	0.92563	7.47186	4.30760	2.10354
22860	0.41051	0.35976	0.28808	1.65371	1.38486	1.05731	7.81476	4.45622	2.10091	0.66106	0.52698	0.48410	1.58326	1.20902	0.92257	7.46866	4.30416	2.10053
23020	0.41084	0.35782	0.28621	1.65160	1.38280	1.05418	7.82588	4.45146	2.09857	0.65867	0.52451	0.48206	1.58190	1.20677	0.92213	7.46623	4.30186	2.09815
23190	0.40959	0.35995	0.28919	1.65167	1.38407	1.05550	7.82536	4.45703	2.10241	0.65951	0.52616	0.48419	1.58525	1.20850	0.92538	7.46854	4.30294	2.10057	31.36	6.2	0.00	-2.04	0.01749	0.01211	0.01532	0.01883	0.01936	0.01514	0.00552	0.01528	0.02027	0.01925	0.01356	0.01724	0.01722	0.01779	0.01389	0.00583	0.01643	0.02205
23350	0.40922	0.35847	0.28626	1.65013	1.38187	1.05183	7.82128	4.45254	2.09842	0.65637	0.52265	0.48188	1.58594	1.21182	0.92565	7.47186	4.30853	2.10452
23520	0.41127	0.36188	0.28916	1.65456	1.38606	1.05604	7.82552	4.45623	2.10113	0.66064	0.52590	0.48443	1.58500	1.21023	0.92464	7.47502	4.30717	2.10259
23690	0.41217	0.35949	0.28785	1.65167	1.38272	1.05383	7.81007	4.45422	2.10049	0.65770	0.52283	0.48050	1.58370	1.20870	0.92265	7.46570	4.30223	2.09722
23850	0.40962	0.35769	0.28796	1.65004	1.38084	1.05215	7.82577	4.45477	2.09976	0.65539	0.52334	0.48052	1.58212	1.20618	0.92351	7.46534	4.30081	2.09710
24020	0.41139	0.35900	0.28879	1.64951	1.38126	1.05303	7.82904	4.45552	2.10165	0.65897	0.52448	0.48178	1.58375	1.20883	0.92419	7.46688	4.30253	2.09827
24180	0.40973	0.35760	0.28513	1.64775	1.37737	1.04927	7.81848	4.45087	2.09612	0.65370	0.52088	0.47717	1.58490	1.21138	0.92747	7.47214	4.30564	2.10169
24350	0.41172	0.36114	0.29025	1.65188	1.38264	1.05395	7.81506	4.45860	2.10288	0.65646	0.52340	0.48006	1.58662	1.20986	0.92531	7.46376	4.30312	2.09913
24510	0.41136	0.36062	0.28561	1.64849	1.37920	1.05105	7.81302	4.45495	2.09949	0.65664	0.52292	0.47963	1.58263	1.20692	0.92471	7.46336	4.30049	2.09734
24680	0.41106	0.35712	0.28598	1.64736	1.37989	1.05110	7.81873	4.45483	2.09932	0.65676	0.52192	0.47901	1.58586	1.20948	0.92489	7.46898	4.30332	2.09928
24840	0.41091	0.35928	0.28830	1.65018	1.38203	1.05333	7.81722	4.45651	2.10197	0.65681	0.52406	0.48087	1.58418	1.20812	0.92268	7.46813	4.30243	2.09864	31.36	6.0	0.00	-2.04	0.01749	0.01211	0.01532	0.01883	0.01936	0.01514	0.00552	0.01528	0.02027	0.01925	0.01356	0.01724	0.01722	0.01779	0.01389	0.00583	0.01643	0.02205
25010	0.40919	0.35784	0.28717	1.64916	1.38067	1.05207	7.82309	4.45486	2.09843	0.65570	0.52227	0.47968	1.58146	1.20566	0.92515	7.46769	4.30181	2.09777
25170	0.41000	0.35930	0.28777	1.64906	1.38067	1.05249	7.80530	4.45826	2.10211	0.65845	0.52475	0.48195	1.58365	1.20782	0.92241	7.46603	4.30282	2.09909
25340	0.41019	0.35878	0.28757	1.64952	1.38078	1.05258	7.82656	4.45582	2.10126	0.65693	0.52186	0.47981	1.58336	1.21070	0.92440	7.46720	4.30384	2.09916
25510	0.41038	0.35928	0.28665	1.64830	1.37904	1.05026	7.81799	4.45317	2.09930	0.65531	0.52041	0.47902	1.58534	1.21124	0.92529	7.46676	4.30414	2.10059
25670	0.41108	0.35995	0.28760	1.65134	1.38124	1.05265	7.80586	4.45378	2.10103	0.65623	0.52393	0.48130	1.58475	1.20942	0.92836	7.46878	4.30201	2.09973
25840	0.41087	0.35910	0.28647	1.65035	1.38057	1.05173	7.82385	4.45461	2.10030	0.65680	0.52360	0.48105	1.58338	1.20946	0.92514	7.46745	4.30322	2.09926
26010	0.41091	0.36093	0.28815	1.64823	1.38021	1.05164	7.81804	4.45419	2.10133	0.65700	0.52343	0.48098	1.58111	1.20973	0.92401	7.46526	4.30057	2.09730
26170	0.41379	0.36135	0.28986	1.65151	1.38314	1.05569	7.82554	4.46092	2.10410	0.66007	0.52529	0.48248	1.58875	1.21030	0.92611	7.47376	4.30569	2.10215
26340	0.41130	0.35993	0.28813	1.65036	1.38098	1.05370	7.81437	4.45490	2.10150	0.65738	0.52307	0.48057	1.58445	1.20951	0.92399	7.46951	4.30255	2.09900
26500	0.41082	0.35859	0.28633	1.64767	1.37875	1.04949	7.81078	4.45483	2.09699	0.65456	0.52067	0.47833	1.58455	1.21031	0.92796	7.47019	4.30567	2.10178	31.30	6.1	0.00	-2.04	0.01749	0.01211	0.01532	0.01883	0.01936	0.01514	0.00552	0.01528	0.02027	0.01925	0.01356	0.01724	0.01722	0.01779	0.01389	0.00583	0.01643	0.02205
26670	0.41215	0.36138	0.28863	1.65161	1.38104	1.05173	7.82342	4.45585	2.10349	0.65570	0.52269	0.48006	1.58624	1.20897	0.92301	7.46618	4.30310	2.09898
26830	0.41161	0.36086	0.28726	1.64764	1.37893	1.05031	7.82307	4.45538	2.10039	0.65650	0.52157	0.47922	1.58212	1.20815	0.92111	7.46161	4.30035	2.09701
27000	0.41178	0.36147	0.29067	1.65013	1.38191	1.05364	7.82521	4.45739	2.10247	0.65823	0.52339	0.48059	1.58775	1.21061	0.92566	7.46865	4.30374	2.09947
27160	0.40969	0.35902	0.28789	1.64920	1.38007	1.05146	7.81970	4.45369	2.09981	0.65536	0.52147	0.47872	1.58463	1.20724	0.92414	7.46671	4.30054	2.09620
27330	0.40834	0.35979	0.28890	1.64620	1.37962	1.05144	7.81939	4.45753	2.10112	0.65538	0.52046	0.48014	1.58672	1.20752	0.92437	7.46598	4.30143	2.09678
27490	0.40938	0.35739	0.28574	1.64727	1.37735	1.04982	7.82485	4.45253	2.09829	0.65383	0.51941	0.47686	1.58613	1.21059	0.92764	7.46756	4.30388	2.09947
27660	0.41240	0.36131	0.28810	1.64992	1.38110	1.05288	7.81853	4.45436	2.10125	0.65575	0.52276	0.48045	1.58355	1.20914	0.92451	7.46914	4.30223	2.09738
27820	0.40957	0.35994	0.28575	1.64761	1.38014	1.05162	7.81302	4.45449	2.09833	0.65573	0.52189	0.48048	1.58436	1.20753	0.92301	7.46258	4.30061	2.09643
27990	0.40924	0.36102	0.28735	1.64987	1.38156	1.05294	7.81634	4.45639	2.10192	0.65785	0.52342	0.48078	1.58430	1.21100	0.92451	7.46760	4.30202	2.09830
28160	0.41058	0.35877	0.28532	1.64810	1.37896	1.05028	7.81827	4.45081	2.09878	0.65476	0.51980	0.47813	1.58625	1.21226	0.92708	7.47038	4.30596	2.10210	31.36	6.1	0.00	-2.04	0.01750	0.01211	0.01532	0.01883	0.01936	0.01514	0.00552	0.01528	0.02027	0.01925	0.01356	0.01724	0.01722	0.01779	0.01389	0.00583	0.01643	0.02205
28320	0.41348	0.36295	0.28928	1.65101	1.38232	1.05480	7.82041	4.45797	2.10322	0.65872	0.52385	0.48139	1.58611	1.21104	0.92751	7.47164	4.30387	2.09983
28490	0.41185	0.36062	0.28808	1.64957	1.37981	1.05247	7.81970	4.45707	2.10314	0.65741	0.52274	0.48027	1.58381	1.21071	0.92465	7.46828	4.30107	2.09785
28650	0.41028	0.35963	0.28772	1.64843	1.38053	1.05162	7.81623	4.45223	2.10163	0.65639	0.52277	0.48121	1.58379	1.20957	0.92361	7.46621	4.30048	2.09729
28820	0.41309	0.36052	0.28788	1.65120	1.38344	1.05437	7.82577	4.46090	2.10330	0.65981	0.52527	0.48343	1.58708	1.20999	0.92772	7.46880	4.30402	2.10043
28980	0.41048	0.35873	0.28734	1.65042	1.38180	1.05330	7.82342	4.45857	2.10218	0.65660	0.52240	0.48157	1.58611	1.21114	0.92540	7.46783	4.30142	2.09861
29150	0.41014	0.35703	0.28545	1.64811	1.37973	1.05007	7.81740	4.45072	2.09717	0.65384	0.52103	0.47933	1.58593	1.21196	0.92899	7.47042	4.30507	2.10190
29310	0.41320	0.36270	0.28913	1.65202	1.38180	1.05282	7.81995	4.45505	2.10275	0.65874	0.52396	0.48147	1.58508	1.20913	0.92455	7.46913	4.30183	2.09860
29480	0.40941	0.35920	0.28899	1.64876	1.38030	1.05147	7.81904	4.45413	2.09935	0.65674	0.52263	0.48040	1.58317	1.21043	0.92457	7.47026	4.30380	2.09847
29650	0.41084	0.36073	0.28798	1.64919	1.37953	1.05155	7.81159	4.45432	2.09919	0.65747	0.52215	0.47917	1.58638	1.21170	0.92919	7.47403	4.30815	2.10334
29810	0.41557	0.36247	0.28924	1.65250	1.38294	1.05541	7.81916	4.46175	2.10528	0.65933	0.52488	0.48130	1.58842	1.21197	0.92813	7.47181	4.30523	2.10039	31.25	6.1	0.00	-2.04	0.01750	0.01211	0.01532	0.01883	0.01936	0.01514	0.00552	0.01528	0.02027	0.01925	0.01356	0.01724	0.01722	0.01779	0.01389	0.00583	0.01643	0.02205
29980	0.41104	0.35869	0.28981	1.65016	1.38190	1.05208	7.81503	4.45667	2.10317	0.65566	0.52132	0.47999	1.58632	1.21049	0.92316	7.46959	4.30270	2.09778
30140	0.40892	0.35852	0.28812	1.64770	1.37877	1.05134	7.82375	4.45109	2.09988	0.65615	0.52028	0.47811	1.58336	1.20972	0.92542	7.46384	4.30063	2.09653
30310	0.41097	0.36009	0.28911	1.64891	1.38096	1.05327	7.82400	4.45305	2.10155	0.65566	0.52247	0.47964	1.58511	1.21014	0.92531	7.46639	4.30153	2.09750
30470	0.41072	0.35844	0.28875	1.64670	1.37836	1.04909	7.80790	4.45170	2.09772	0.65409	0.52031	0.47779	1.58539	1.21345	0.92669	7.47153	4.30523	2.10120
30640	0.41296	0.36218	0.28882	1.65014	1.38078	1.05134	7.81549	4.45540	2.10220	0.65590	0.52293	0.48016	1.58538	1.20928	0.92747	7.46845	4.30313	2.09948
30810	0.41082	0.36079	0.28820	1.64893	1.37985	1.05114	7.82058	4.45616	2.10217	0.65631	0.52298	0.48045	1.58373	1.20906	0.92437	7.46995	4.30237	2.09851
30970	0.41268	0.35987	0.28726	1.64904	1.38038	1.05186	7.81212	4.45480	2.10057	0.65709	0.52256	0.48033	1.58322	1.20817	0.92326	7.46149	4.30202	2.09787
31140	0.41243	0.36178	0.29035	1.65123	1.38294	1.05404	7.82523	4.45600	2.10266	0.65904	0.52566	0.48419	1.58608	1.20978	0.92605	7.47250	4.30373	2.09960
31300	0.41204	0.36125	0.28801	1.65091	1.38224	1.05306	7.81860	4.45341	2.10068	0.65625	0.52294	0.48096	1.58558	1.21058	0.92514	7.47023	4.30208	2.09834
31470	0.41066	0.35856	0.28714	1.64631	1.37750	1.04870	7.80600	4.45156	2.09699	0.65441	0.51967	0.47905	1.58426	1.21050	0.92674	7.46955	4.30432	2.10070	31.30	6.1	0.00	-2.04	0.01750	0.01211	0.01532	0.01883	0.01936	0.01514	0.00552	0.01528	0.02027	0.01925	0.01356	0.01724	0.01722	0.01779	0.01389	0.00583	0.01643	0.02205
31630	0.41262	0.35943	0.28977	1.65106	1.38225	1.05423	7.82374	4.45342	2.10036	0.65820	0.52369	0.48035	1.58409	1.20971	0.92403	7.46793	4.30304	2.09851
31800	0.41225	0.36109	0.28890	1.64835	1.38074	1.05212	7.81838	4.45383	2.10153	0.65674	0.52331	0.48098	1.58372	1.20926	0.92413	7.46846	4.30292	2.09779
31970	0.41169	0.36068	0.28733	1.64857	1.38030	1.05067	7.82231	4.45387	2.09932	0.65548	0.52271	0.48052	1.58606	1.21243	0.92847	7.47186	4.30614	2.10220
32130	0.41538	0.36313	0.29088	1.65328	1.38437	1.05501	7.81925	4.45904	2.10391	0.65871	0.52522	0.48207	1.58873	1.21215	0.92592	7.47024	4.30457	2.10059
32300	0.41352	0.36124	0.28808	1.65064	1.38112	1.05342	7.81328	4.45140	2.10126	0.65789	0.52414	0.47969	1.58402	1.20855	0.92621	7.46744	4.30221	2.09872
32460	0.41117	0.35727	0.28619	1.64885	1.38030	1.05143	7.80829	4.45379	2.09954	0.65559	0.52203	0.47922	1.58302	1.20873	0.92372	7.46744	4.30165	2.09642
32630	0.41021	0.36044	0.28987	1.65017	1.38192	1.05283	7.82017	4.45404	2.10246	0.65568	0.52437	0.48120	1.58529	1.21107	0.92525	7.47056	4.30197	2.09798
32790	0.40779	0.35660	0.28741	1.64779	1.37841	1.04893	7.81767	4.45218	2.09699	0.65463	0.52131	0.47838	1.58525	1.21215	0.92847	7.47036	4.30430	2.10137
32960	0.41194	0.36126	0.28969	1.65104	1.38193	1.05290	7.82445	4.45379	2.10193	0.65824	0.52375	0.47996	1.58571	1.21156	0.92565	7.46995	4.30459	2.09997
33130	0.41079	0.35858	0.28854	1.64901	1.37922	1.05047	7.82251	4.45387	2.09890	0.65495	0.52149	0.47804	1.58536	1.21070	0.92569	7.46918	4.30240	2.09709	31.30	6.0	0.00	-2.04	0.01749	0.01211	0.01532	0.01883	0.01936	0.01514	0.00552	0.01528	0.02027	0.01925	0.01356	0.01724	0.01722	0.01779	0.01389	0.00583	0.01643	0.02205
33290	0.41039	0.36135	0.28689	1.64836	1.38071	1.05200	7.81282	4.45533	2.10078	0.65590	0.52216	0.47947	1.58553	1.21019	0.92260	7.46554	4.30017	2.09690
33460	0.41203	0.35960	0.29072	1.65075	1.38177	1.05415	7.82643	4.46147	2.10454	0.65847	0.52500	0.48164	1.58900	1.21037	0.92829	7.47007	4.30475	2.10011
33620	0.41288	0.35986	0.28946	1.65017	1.38209	1.05342	7.82572	4.45558	2.10154	0.65551	0.52282	0.48050	1.58493	1.20799	0.92408	7.46704	4.30189	2.09803
33790	0.40962	0.35679	0.28666	1.64782	1.37945	1.04991	7.81771	4.45109	2.09850	0.65338	0.51965	0.47892	1.58608	1.21271	0.92750	7.46943	4.30495	2.10066
33950	0.41406	0.35992	0.28956	1.65073	1.38186	1.05272	7.82572	4.45537	2.10261	0.65754	0.52238	0.47989	1.58403	1.20857	0.92375	7.46627	4.30212	2.09874
34120	0.41180	0.35979	0.28739	1.64823	1.37944	1.05218	7.82286	4.45656	2.10129	0.65532	0.52278	0.47976	1.58497	1.20862	0.92622	7.47040	4.30243	2.09826
34290	0.40935	0.35989	0.28736	1.64854	1.37938	1.05014	7.82368	4.45178	2.09877	0.65455	0.52100	0.47845	1.58603	1.21250	0.92497	7.46967	4.30455	2.10133
34450	0.41285	0.36245	0.29094	1.65057	1.38126	1.05236	7.82597	4.45906	2.10345	0.65768	0.52314	0.48092	1.58478	1.21067	0.92547	7.46817	4.30248	2.09865
34620	0.41108	0.36008	0.28735	1.64756	1.38042	1.05133	7.82980	4.45491	2.10005	0.65549	0.52126	0.47929	1.58492	1.20881	0.92335	7.46550	4.30102	2.09665
34780	0.40812	0.35927	0.28951	1.64772	1.38135	1.05460	7.82548	4.45767	2.10609	0.65855	0.52425	0.48164	1.58741	1.21160	0.92861	7.46850	4.30443	2.10043	31.30	6.0	0.00	-2.04	0.01749	0.01211	0.01532	0.01883	0.01936	0.01514	0.00552	0.01528	0.02027	0.01925	0.01356	0.01724	0.01722	0.01779	0.01389	0.00583	0.01643	0.02205
34950	0.40987	0.36099	0.28657	1.65012	1.38056	1.05152	7.82456	4.45592	2.10125	0.65754	0.52337	0.47959	1.58419	1.20935	0.92511	7.46915	4.30290	2.09849
35110	0.41137	0.35573	0.28513	1.64636	1.37707	1.04965	7.80845	4.45416	2.09575	0.65491	0.51966	0.47647	1.58578	1.21100	0.92665	7.47263	4.30475	2.10185
35280	0.41172	0.36134	0.28806	1.65062	1.38158	1.05317	7.82114	4.45802	2.10138	0.65698	0.52148	0.47931	1.58429	1.20932	0.92510	7.47114	4.30354	2.09842
35440	0.41001	0.36072	0.28651	1.64795	1.37906	1.05136	7.82130	4.45323	2.10276	0.65562	0.52161	0.47807	1.58437	1.20732	0.92402	7.46830	4.29926	2.09680
35610	0.41247	0.35965	0.28895	1.65021	1.38222	1.05393	7.82303	4.45857	2.10425	0.65855	0.52508	0.48134	1.58583	1.21032	0.92819	7.47239	4.30457	2.10006
35780	0.41047	0.35835	0.28767	1.64915	1.38045	1.05198	7.82982	4.45592	2.10245	0.65615	0.52139	0.47798	1.58453	1.20836	0.92288	7.46883	4.30001	2.09598
35940	0.40870	0.35734	0.28583	1.64497	1.37661	1.04812	7.81808	4.45152	2.09669	0.65078	0.51771	0.47527	1.58362	1.21138	0.92817	7.47081	4.30338	2.09960
36110	0.41098	0.35941	0.28820	1.64928	1.37964	1.05044	7.81018	4.45412	2.10073	0.65487	0.52124	0.47910	1.58416	1.21108	0.92555	7.46506	4.30106	2.09701
36270	0.40986	0.35758	0.28581	1.64797	1.37885	1.05090	7.82349	4.45376	2.10137	0.65413	0.52103	0.47901	1.58408	1.20940	0.92377	7.46494	4.30061	2.09637
36440	0.41198	0.36141	0.28986	1.65000	1.38210	1.05438	7.81983	4.45698	2.10523	0.65743	0.52475	0.48210	1.58902	1.21296	0.92707	7.47022	4.30367	2.09983	31.36	6.0	0.00	-2.04	0.01750	0.01211	0.01532	0.01883	0.01936	0.01514	0.00552	0.01528	0.02027	0.01925	0.01356	0.01724	0.01722	0.01779	0.01389	0.00583	0.01643	0.02205
36600	0.41219	0.36062	0.28699	1.65054	1.38127	1.05234	7.81055	4.45792	2.10331	0.65629	0.52308	0.48134	1.58794	1.20985	0.92591	7.46880	4.30268	2.09827
36770	0.41055	0.35783	0.28749	1.64840	1.37794	1.04965	7.82437	4.45142	2.10057	0.65506	0.52005	0.47807	1.58441	1.21044	0.92495	7.46654	4.30134	2.09718
36930	0.40951	0.35780	0.28857	1.64751	1.37905	1.05066	7.81137	4.45577	2.10009	0.65497	0.52159	0.47858	1.58422	1.21045	0.92572	7.46617	4.29952	2.09620
37100	0.41045	0.35631	0.28740	1.64722	1.37744	1.04910	7.81132	4.45231	2.10003	0.65406	0.51977	0.47689	1.58617	1.21126	0.92647	7.46888	4.30364	2.09886
37270	0.41054	0.35910	0.28721	1.64868	1.37843	1.05177	7.82314	4.45763	2.10140	0.65600	0.52192	0.47786	1.58501	1.21063	0.92559	7.46682	4.30159	2.09722
37430	0.41142	0.36118	0.28837	1.64815	1.37815	1.04976	7.82314	4.45684	2.10224	0.65504	0.52120	0.47798	1.58451	1.20886	0.92251	7.46395	4.29933	2.09556
37600	0.41019	0.36226	0.28905	1.64936	1.38044	1.05251	7.82238	4.46010	2.10459	0.65735	0.52299	0.47987	1.58972	1.21118	0.92715	7.46658	4.30282	2.09845
37760	0.41220	0.36038	0.28767	1.64772	1.37830	1.05106	7.81463	4.45478	2.10016	0.65446	0.52017	0.47742	1.58758	1.21117	0.92530	7.46387	4.30040	2.09612
37930	0.40951	0.35795	0.28479	1.64530	1.37513	1.04718	7.81993	4.45073	2.09869	0.65109	0.51753	0.47604	1.58478	1.20971	0.92763	7.47091	4.30257	2.09925
38090	0.41212	0.35993	0.28854	1.64828	1.37941	1.05067	7.82820	4.45413	2.10148	0.65467	0.52054	0.47896	1.58473	1.21075	0.92213	7.46903	4.29977	2.09615	31.36	6.0	0.00	-2.04	0.01750	0.01211	0.01532	0.01883	0.01936	0.01514	0.00552	0.01528	0.02027	0.01925	0.01356	0.01724	0.01722	0.01779	0.01389	0.00583	0.01643	0.02205
38260	0.41043	0.36084	0.28667	1.64659	1.37767	1.05033	7.81601	4.45539	2.09949	0.65414	0.51944	0.47639	1.58523	1.20850	0.92370	7.46745	4.29864	2.09520
38420	0.41155	0.36112	0.28965	1.64765	1.37919	1.05111	7.81785	4.46025	2.10449	0.65616	0.52170	0.47991	1.58647	1.21305	0.92455	7.46737	4.30106	2.09762
38590	0.41300	0.35906	0.28934	1.64721	1.37705	1.04980	7.83198	4.45459	2.10148	0.65393	0.51908	0.47680	1.58452	1.20846	0.92410	7.46786	4.29981	2.09594
38750	0.40929	0.35635	0.28513	1.64429	1.37464	1.04633	7.83019	4.45248	2.10036	0.65055	0.51713	0.47540	1.58343	1.20954	0.92516	7.46834	4.29895	2.09569
38920	0.41100	0.36078	0.28741	1.64580	1.37679	1.04893	7.81560	4.45506	2.10167	0.65351	0.51886	0.47656	1.58544	1.21056	0.92606	7.46680	4.29970	2.09587
39090	0.41161	0.35989	0.28780	1.64633	1.37665	1.04991	7.82315	4.45666	2.09983	0.65213	0.51796	0.47633	1.58660	1.21356	0.92630	7.46939	4.30253	2.09960
39250	0.41407	0.36307	0.29121	1.64871	1.37937	1.05075	7.81458	4.46078	2.10290	0.65571	0.52127	0.47851	1.58551	1.21009	0.92571	7.46567	4.30163	2.09759
39420	0.41289	0.35969	0.28837	1.64609	1.37688	1.04989	7.81902	4.45453	2.10059	0.65346	0.51905	0.47539	1.58484	1.21011	0.92428	7.46458	4.29792	2.09439
39580	0.40779	0.35935	0.29016	1.64511	1.37812	1.05150	7.82315	4.45768	2.10363	0.65664	0.52222	0.47942	1.58762	1.21127	0.92608	7.46818	4.30066	2.09742
39750	0.41188	0.36012	0.28858	1.64657	1.37808	1.04977	7.81873	4.45566	2.10025	0.65277	0.51845	0.47765	1.58548	1.21196	0.92670	7.46946	4.29935	2.09522	31.36	6.2	0.00	-2.04	0.01750	0.01211	0.01532	0.01883	0.01936	0.01514	0.00552	0.01528	0.02027	0.01925	0.01356	0.01724	0.01722	0.01779	0.01389	0.00583	0.01643	0.02205
39910	0.40929	0.35835	0.28723	1.64569	1.37609	1.04695	7.81052	4.45335	2.09891	0.65130	0.51813	0.47569	1.58465	1.21097	0.92741	7.46970	4.30151	2.09827
40080	0.41167	0.36071	0.28797	1.64876	1.37865	1.04954	7.82271	4.45681	2.10063	0.65444	0.52129	0.47826	1.58408	1.21023	0.92505	7.46492	4.30061	2.09643
40250	0.41338	0.36111	0.28701	1.64673	1.37769	1.04885	7.82587	4.45418	2.10040	0.65552	0.52106	0.47648	1.58327	1.20941	0.92607	7.46683	4.29940	2.09599
40410	0.41057	0.36305	0.28998	1.64836	1.38038	1.05231	7.81776	4.45967	2.10498	0.65794	0.52227	0.47900	1.58779	1.21252	0.92794	7.46986	4.30399	2.09884
40580	0.40980	0.36107	0.28742	1.64857	1.37945	1.05114	7.80986	4.45754	2.10126	0.65376	0.52050	0.47778	1.58603	1.21055	0.92510	7.46990	4.30006	2.09650
40740	0.40952	0.35825	0.28585	1.64513	1.37512	1.04690	7.82281	4.45071	2.09840	0.65239	0.51879	0.47440	1.58609	1.21088	0.92765	7.46800	4.30185	2.09772
40910	0.41047	0.35862	0.28852	1.64874	1.37806	1.04952	7.82082	4.45814	2.10196	0.65399	0.52061	0.47780	1.58414	1.20985	0.92491	7.46440	4.29878	2.09573
41070	0.40983	0.35919	0.28860	1.64768	1.37723	1.04867	7.81098	4.45586	2.10097	0.65326	0.51938	0.47723	1.58371	1.20785	0.92562	7.46699	4.29743	2.09519
41240	0.41095	0.36340	0.28902	1.64811	1.38018	1.05268	7.82893	4.46092	2.10384	0.65689	0.52270	0.47955	1.58936	1.21249	0.92546	7.46889	4.30247	2.09832
41400	0.41201	0.36131	0.28854	1.64816	1.37865	1.05079	7.82889	4.45719	2.10451	0.65457	0.52097	0.47705	1.58613	1.20999	0.92612	7.46490	4.29974	2.09570	31.30	6.2	0.00	-2.04	0.01750	0.01211	0.01532	0.01883	0.01936	0.01514	0.00552	0.01528	0.02027	0.01925	0.01356	0.01724	0.01722	0.01779	0.01389	0.00583	0.01643	0.02205
41570	0.40790	0.36138	0.28853	1.64513	1.37840	1.05113	7.82359	4.46016	2.10407	0.65384	0.51960	0.47734	1.58739	1.21265	0.92629	7.46737	4.30027	2.09595
41730	0.41089	0.35837	0.28779	1.64586	1.37661	1.04742	7.82634	4.45582	2.10087	0.65025	0.51727	0.47574	1.58456	1.20866	0.92384	7.46150	4.29697	2.09306
41900	0.41045	0.35930	0.28758	1.64526	1.37506	1.04734	7.82246	4.45215	2.09942	0.65063	0.51689	0.47346	1.58432	1.21152	0.92552	7.46356	4.29796	2.09426
42060	0.41076	0.36053	0.28731	1.64449	1.37438	1.04689	7.82129	4.45612	2.10190	0.65294	0.51833	0.47469	1.58474	1.20818	0.92411	7.46214	4.29609	2.09276
42230	0.41292	0.35996	0.29039	1.64602	1.37794	1.05007	7.82338	4.46108	2.10413	0.65371	0.52032	0.47786	1.58881	1.21051	0.92832	7.46846	4.29961	2.09555
42390	0.41164	0.35935	0.28793	1.64612	1.37653	1.04870	7.82782	4.45728	2.10110	0.65157	0.51765	0.47628	1.58517	1.20846	0.92528	7.46433	4.29767	2.09419
42560	0.40898	0.35924	0.28625	1.64317	1.37437	1.04644	7.82078	4.45227	2.09871	0.65147	0.51753	0.47468	1.58551	1.21090	0.92731	7.46563	4.30066	2.09697
42730	0.41068	0.36161	0.28925	1.64561	1.37726	1.04955	7.82537	4.45769	2.10114	0.65293	0.51875	0.47673	1.58584	1.21056	0.92499	7.46449	4.29883	2.09499
42890	0.41018	0.35746	0.28972	1.64590	1.37545	1.04862	7.81971	4.45404	2.10260	0.65388	0.51924	0.47553	1.58535	1.20713	0.92631	7.46478	4.29775	2.09464
43060	0.41213	0.36083	0.28940	1.64827	1.38041	1.05239	7.82307	4.46036	2.10392	0.65551	0.52142	0.47945	1.58946	1.21199	0.92821	7.46655	4.30265	2.09710	31.30	6.0	0.00	-2.04	0.01750	0.01211	0.01532	0.01883	0.01936	0.01514	0.00552	0.01528	0.02027	0.01925	0.01356	0.01724	0.01722	0.01779	0.01389	0.00583	0.01643	0.02205
43220	0.41203	0.35978	0.28881	1.64830	1.37862	1.05093	7.81965	4.46106	2.10216	0.65485	0.52031	0.47792	1.58639	1.21003	0.92672	7.46578	4.30130	2.09637
43390	0.40974	0.35860	0.28901	1.64597	1.37673	1.04859	7.81588	4.45623	2.10094	0.65301	0.51878	0.47755	1.58519	1.20926	0.92459	7.46667	4.29825	2.09436
43550	0.41099	0.35891	0.28780	1.64363	1.37589	1.04783	7.83016	4.45486	2.09929	0.65211	0.51748	0.47654	1.58518	1.20923	0.92693	7.46384	4.29964	2.09482
43720	0.41190	0.36026	0.28870	1.64439	1.37578	1.04811	7.82352	4.45432	2.10041	0.65332	0.51929	0.47646	1.58557	1.20915	0.92372	7.46562	4.29778	2.09507
43890	0.41022	0.35882	0.28716	1.64489	1.37519	1.04703	7.82710	4.45486	2.10096	0.65287	0.51891	0.47659	1.58624	1.21271	0.92634	7.46339	4.30102	2.09694
44050	0.41267	0.36127	0.28882	1.64741	1.37882	1.04983	7.82618	4.45890	2.10158	0.65326	0.51969	0.47809	1.58551	1.21068	0.92684	7.46801	4.29922	2.09527
44220	0.41114	0.36081	0.28834	1.64532	1.37655	1.04817	7.81669	4.45605	2.10093	0.65207	0.51806	0.47640	1.58462	1.21157	0.92469	7.46526	4.29926	2.09556
44380	0.40945	0.35972	0.28949	1.64639	1.37660	1.04745	7.82154	4.45421	2.10021	0.65133	0.51776	0.47538	1.58287	1.20686	0.92552	7.46295	4.29578	2.09269
44550	0.41127	0.36154	0.29146	1.64711	1.37833	1.05035	7.83225	4.45948	2.10417	0.65483	0.52100	0.47732	1.58788	1.21159	0.92436	7.46623	4.30054	2.09578
44720	0.41227	0.35995	0.28831	1.64502	1.37577	1.04839	7.82054	4.45556	2.10276	0.65249	0.51753	0.47528	1.58625	1.21067	0.92487	7.46534	4.29754	2.09423	31.36	6.2	0.00	-2.04	0.01750	0.01211	0.01532	0.01883	0.01936	0.01514	0.00552	0.01528	0.02027	0.01925	0.01356	0.01724	0.01722	0.01779	0.01389	0.00583	0.01643	0.02205
44880	0.40951	0.35849	0.28652	1.64349	1.37335	1.04539	7.81585	4.45113	2.09882	0.64918	0.51577	0.47391	1.58629	1.21293	0.92859	7.46797	4.30109	2.09767
45050	0.41330	0.36229	0.28958	1.64738	1.37770	1.04910	7.82125	4.45836	2.10280	0.65376	0.51929	0.47641	1.58712	1.21197	0.92824	7.46392	4.29968	2.09579
45210	0.41221	0.36213	0.28784	1.64537	1.37516	1.04816	7.81681	4.45746	2.10078	0.65283	0.51742	0.47439	1.58463	1.20925	0.92371	7.46360	4.29791	2.09381
45380	0.41204	0.36184	0.28860	1.64362	1.37560	1.04829	7.82564	4.45515	2.10095	0.65242	0.51799	0.47622	1.58353	1.20960	0.92316	7.46534	4.29709	2.09245
45540	0.41113	0.36114	0.28975	1.64637	1.37799	1.05020	7.82263	4.45532	2.10268	0.65496	0.51928	0.47607	1.58791	1.20973	0.92649	7.46736	4.29971	2.09520
45710	0.41003	0.35973	0.28881	1.64537	1.37642	1.04940	7.82513	4.45594	2.10106	0.65283	0.51854	0.47508	1.58511	1.20891	0.92533	7.46704	4.29866	2.09554
45880	0.41034	0.35935	0.28844	1.64493	1.37554	1.04701	7.82314	4.45323	2.09747	0.65126	0.51611	0.47376	1.58205	1.20889	0.92358	7.46510	4.29683	2.09371
46040	0.40932	0.35875	0.28854	1.64338	1.37580	1.04740	7.81987	4.45330	2.10010	0.65187	0.51781	0.47511	1.58417	1.20932	0.92653	7.46522	4.29883	2.09507
46210	0.41166	0.35927	0.28884	1.64574	1.37708	1.04861	7.83191	4.45389	2.10374	0.65368	0.51872	0.47719	1.58540	1.21105	0.92723	7.46400	4.29980	2.09548
46380	0.41127	0.35946	0.29043	1.64474	1.37716	1.04955	7.81086	4.45742	2.10115	0.65324	0.51843	0.47686	1.58588	1.21072	0.92524	7.46702	4.29881	2.09508	31.36	6.0	0.00	-2.04	0.01750	0.01211	0.01532	0.01883	0.01936	0.01514	0.00552	0.01528	0.02027	0.01925	0.01356	0.01724	0.01722	0.01779	0.01389	0.00583	0.01643	0.02205
46540	0.41254	0.36105	0.29128	1.64626	1.37829	1.04864	7.81708	4.45583	2.10294	0.65325	0.51933	0.47759	1.58530	1.20976	0.92493	7.46495	4.29963	2.09576
46710	0.41018	0.36027	0.28785	1.64471	1.37526	1.04671	7.82279	4.45274	2.09979	0.65192	0.51747	0.47425	1.58696	1.21226	0.92980	7.46799	4.30232	2.09845
46870	0.41255	0.35981	0.28980	1.64814	1.37845	1.04960	7.82452	4.45612	2.10196	0.65366	0.51961	0.47687	1.58735	1.21050	0.92816	7.46767	4.30118	2.09691
47040	0.41288	0.36001	0.28907	1.64675	1.37769	1.04892	7.81326	4.45548	2.10125	0.65251	0.51908	0.47663	1.58775	1.20965	0.92520	7.46204	4.29825	2.09482
47210	0.41024	0.35989	0.29092	1.64597	1.37677	1.04811	7.81728	4.45119	2.10138	0.65148	0.51856	0.47613	1.58682	1.20966	0.92498	7.46609	4.29848	2.09424
47370	0.41072	0.35813	0.28805	1.64567	1.37782	1.04898	7.82198	4.45807	2.10159	0.65289	0.51858	0.47551	1.58369	1.20969	0.92395	7.46172	4.29697	2.09333
47540	0.41045	0.35915	0.28925	1.64615	1.37832	1.05022	7.82203	4.46027	2.10368	0.65485	0.51988	0.47758	1.58777	1.21137	0.92613	7.46673	4.30073	2.09527
47700	0.41130	0.36056	0.28966	1.64559	1.37697	1.04876	7.82723	4.45514	2.10043	0.65211	0.51889	0.47617	1.58628	1.20906	0.92657	7.45985	4.29627	2.09274
47870	0.41009	0.35834	0.28629	1.64286	1.37191	1.04287	7.81102	4.45173	2.09823	0.64919	0.51446	0.47101	1.58670	1.21211	0.92652	7.46398	4.30110	2.09687
48040	0.41178	0.36048	0.28850	1.64531	1.37473	1.04742	7.82484	4.45359	2.10205	0.65264	0.51691	0.47436	1.58658	1.20942	0.92537	7.46264	4.29814	2.09333	31.36	6.0	0.00	-2.04	0.01750	0.01211	0.01532	0.01883	0.01936	0.01514	0.00552	0.01528	0.02027	0.01925	0.01356	0.01724	0.01722	0.01779	0.01389	0.00583	0.01643	0.02205
48200	0.40950	0.36013	0.28845	1.64369	1.37483	1.04746	7.82264	4.45350	2.10119	0.65204	0.51727	0.47506	1.58674	1.21155	0.92561	7.46309	4.29779	2.09460
48370	0.41147	0.35980	0.28836	1.64490	1.37548	1.04658	7.81994	4.45627	2.10193	0.65095	0.51585	0.47400	1.58835	1.21353	0.92860	7.46706	4.30165	2.09714
48530	0.41170	0.36230	0.29124	1.64755	1.37826	1.05006	7.82020	4.45693	2.10387	0.65389	0.51934	0.47746	1.58777	1.21173	0.92676	7.46475	4.29894	2.09391
48700	0.41333	0.35957	0.28944	1.64573	1.37676	1.04862	7.81989	4.45582	2.10135	0.65169	0.51761	0.47485	1.58612	1.20897	0.92415	7.46070	4.29637	2.09275
48860	0.40947	0.35903	0.29057	1.64295	1.37541	1.04942	7.83045	4.45962	2.10344	0.65688	0.52088	0.47732	1.58686	1.20944	0.92657	7.46823	4.30083	2.09672
49030	0.41138	0.36066	0.28895	1.64504	1.37569	1.04845	7.81673	4.45428	2.10053	0.65275	0.51749	0.47519	1.58518	1.20856	0.92446	7.46362	4.29732	2.09383
49190	0.41094	0.35810	0.28737	1.64322	1.37336	1.04535	7.80955	4.45106	2.09821	0.65091	0.51709	0.47495	1.58602	1.21149	0.92687	7.46216	4.29844	2.09572
49360	0.40974	0.36074	0.28929	1.64544	1.37579	1.04686	7.81806	4.45520	2.09966	0.65341	0.51809	0.47556	1.58481	1.21092	0.92389	7.46188	4.29801	2.09437
49520	0.41123	0.35797	0.28896	1.64591	1.37511	1.04745	7.82708	4.45743	2.10188	0.65320	0.51840	0.47551	1.58528	1.20754	0.92626	7.46402	4.29689	2.09324
49690	0.41214	0.36180	0.28923	1.64679	1.37850	1.05047	7.82656	4.46043	2.10384	0.65568	0.51988	0.47745	1.58605	1.21239	0.92686	7.46607	4.29953	2.09596	31.30	6.0	0.00	-2.04	0.01750	0.01211	0.01532	0.01883	0.01936	0.01514	0.00552	0.01528	0.02027	0.01925	0.01356	0.01724	0.01722	0.01779	0.01389	0.00583	0.01642	0.02205
49860	0.41262	0.36069	0.28794	1.64558	1.37641	1.04795	7.82360	4.45479	2.10196	0.65288	0.51914	0.47731	1.58575	1.20988	0.92874	7.46773	4.29807	2.09386
50020	0.41159	0.35871	0.28610	1.64407	1.37337	1.04539	7.81432	4.45323	2.09876	0.65177	0.51710	0.47471	1.58475	1.21296	0.92738	7.46466	4.30094	2.09724
50190	0.41394	0.36083	0.28747	1.64665	1.37633	1.04818	7.82044	4.45693	2.10133	0.65297	0.51746	0.47546	1.58684	1.20920	0.92794	7.46891	4.30114	2.09605
50350	0.41100	0.35941	0.28845	1.64502	1.37563	1.04827	7.81983	4.45642	2.10144	0.65226	0.51725	0.47485	1.58465	1.20877	0.92564	7.46474	4.29860	2.09354
50520	0.41235	0.36203	0.28858	1.64458	1.37544	1.04718	7.81983	4.45521	2.10130	0.65082	0.51706	0.47513	1.58696	1.21129	0.92722	7.46624	4.30148	2.09731
50680	0.41352	0.35919	0.29079	1.64909	1.37838	1.04962	7.82503	4.45444	2.10429	0.65396	0.52029	0.47794	1.58695	1.21009	0.92714	7.46656	4.29882	2.09486
50850	0.41170	0.36111	0.28824	1.64623	1.37634	1.04727	7.81279	4.45379	2.09980	0.65240	0.51802	0.47564	1.58411	1.20984	0.92287	7.46219	4.29531	2.09117
51010	0.40840	0.35835	0.28857	1.64340	1.37580	1.04888	7.82697	4.46075	2.10214	0.65256	0.51839	0.47542	1.58498	1.21098	0.92532	7.46632	4.29833	2.09438
51180	0.41009	0.35917	0.28770	1.64369	1.37432	1.04559	7.81468	4.45169	2.09812	0.65266	0.51644	0.47325	1.58671	1.21214	0.92624	7.46591	4.30147	2.09727
51350	0.41389	0.35963	0.28818	1.64646	1.37686	1.04801	7.82636	4.45975	2.10247	0.65319	0.51916	0.47559	1.58451	1.20851	0.92303	7.46532	4.29825	2.09379	31.36	6.1	0.00	-2.04	0.01750	0.01211	0.01532	0.01883	0.01936	0.01514	0.00552	0.01528	0.02027	0.01925	0.01356	0.01724	0.01722	0.01779	0.01389	0.00583	0.01642	0.02205
51510	0.41027	0.35739	0.28772	1.64290	1.37358	1.04552	7.81957	4.45116	2.10043	0.65072	0.51531	0.47379	1.58461	1.20439	0.92194	7.46212	4.29659	2.09184
51680	0.40928	0.35882	0.29021	1.64387	1.37613	1.04783	7.81835	4.45657	2.10103	0.65077	0.51699	0.47657	1.58519	1.20848	0.92456	7.46471	4.29766	2.09383
51840	0.41103	0.35687	0.28616	1.64343	1.37320	1.04483	7.82947	4.45146	2.09763	0.65037	0.51605	0.47316	1.58557	1.21411	0.92807	7.46596	4.30111	2.09780
52010	0.41452	0.36148	0.28943	1.64745	1.37715	1.04876	7.82192	4.45637	2.10364	0.65370	0.51903	0.47699	1.58647	1.21280	0.92681	7.46572	4.30060	2.09570
52170	0.41105	0.35933	0.28956	1.64452	1.37573	1.04715	7.81860	4.45511	2.10179	0.65216	0.51639	0.47494	1.58389	1.20635	0.92461	7.46151	4.29500	2.09141
52340	0.41482	0.36173	0.29188	1.64682	1.37824	1.05069	7.82590	4.46144	2.10615	0.65581	0.52169	0.47818	1.58832	1.21355	0.92780	7.46665	4.30077	2.09699
52500	0.41327	0.36036	0.28857	1.64607	1.37689	1.04913	7.82891	4.46045	2.10249	0.65376	0.51963	0.47673	1.58478	1.20938	0.92534	7.46398	4.29844	2.09317
52670	0.41041	0.35775	0.28628	1.64322	1.37334	1.04512	7.81646	4.45466	2.09869	0.64894	0.51565	0.47275	1.58467	1.21053	0.92419	7.46135	4.29872	2.09431
52830	0.41194	0.36040	0.28885	1.64467	1.37457	1.04631	7.82855	4.45587	2.10132	0.65164	0.51690	0.47435	1.58211	1.20663	0.92166	7.46107	4.29467	2.09121
53000	0.41234	0.36155	0.29023	1.64562	1.37713	1.04960	7.82234	4.46181	2.10407	0.65439	0.51911	0.47668	1.58787	1.20971	0.92901	7.46671	4.30045	2.09511	31.36	6.0	0.00	-2.04	0.01750	0.01211	0.01532	0.01883	0.01936	0.01514	0.00552	0.01528	0.02027	0.01925	0.01356	0.01724	0.01722	0.01779	0.01389	0.00583	0.01643	0.02205
53160	0.40994	0.35982	0.28785	1.64454	1.37536	1.04721	7.82627	4.45638	2.10235	0.65183	0.51669	0.47439	1.58457	1.20809	0.92390	7.46173	4.29681	2.09217
53330	0.40871	0.36124	0.29001	1.64226	1.37466	1.04700	7.82903	4.45760	2.10147	0.65220	0.51735	0.47457	1.58650	1.21007	0.92326	7.46201	4.29665	2.09239
53490	0.40919	0.35934	0.28641	1.64350	1.37454	1.04536	7.82229	4.45250	2.10051	0.65030	0.51516	0.47391	1.58636	1.21169	0.92505	7.46537	4.29958	2.09532
53660	0.41211	0.36040	0.28741	1.64607	1.37713	1.04815	7.83255	4.45647	2.10305	0.65326	0.51748	0.47508	1.58660	1.21088	0.92652	7.46379	4.29845	2.09333
53820	0.41063	0.36100	0.28660	1.64407	1.37468	1.04686	7.83137	4.45295	2.09992	0.65101	0.51658	0.47476	1.58375	1.20672	0.92365	7.46343	4.29379	2.08994
53990	0.41159	0.36102	0.28781	1.64485	1.37644	1.04841	7.82739	4.45710	2.10383	0.65182	0.51642	0.47488	1.58654	1.20941	0.92512	7.46278	4.29769	2.09329
54150	0.41179	0.35970	0.28842	1.64422	1.37454	1.04585	7.82132	4.45685	2.10351	0.65104	0.51729	0.47434	1.58477	1.20843	0.92515	7.46189	4.29633	2.09238
54320	0.41052	0.36075	0.28657	1.64264	1.37187	1.04314	7.82724	4.45109	2.10106	0.64924	0.51381	0.47240	1.58547	1.21209	0.92680	7.46622	4.29948	2.09541
54490	0.41358	0.36181	0.28838	1.64553	1.37498	1.04634	7.81572	4.45779	2.10038	0.65144	0.51622	0.47382	1.58614	1.20791	0.92574	7.46396	4.29995	2.09558
