WetView ver 7.1	07-15-2019	21:17:44
AC9 Absorption and Attenuation Meter
00000311		; Serial number
2	; structure version number
Reserved
0.000000	0.000000		; Depth calibration
19200			; Baud rate
0.100000			; Path length (meters)
23			; number of temperature calibration bins
				12.61517	13.44096	14.46844	15.49904	16.50682	17.50108	18.49752	19.51783	20.49177	21.49009	22.48286	23.50673	24.54012	25.54812	26.49986	27.49321	28.50960	29.48671	30.47471	31.49432	32.50437	33.48679	34.49133	; temperature bins
a650	Blue	18.61587		0.01156	0.01096	0.01010	0.00930	0.00851	0.00774	0.00661	0.00573	0.00499	0.00402	0.00285	0.00203	0.00096	0.00000	-0.00110	-0.00152	-0.00210	-0.00247	-0.00259	-0.00317	-0.00346	-0.00380	-0.00403		; offset and temperature correction info
a676	Green	18.78942		0.00964	0.00899	0.00863	0.00813	0.00730	0.00639	0.00545	0.00448	0.00385	0.00301	0.00233	0.00165	0.00046	0.00000	-0.00106	-0.00167	-0.00251	-0.00280	-0.00316	-0.00329	-0.00377	-0.00392	-0.00441		; offset and temperature correction info
a715	Brown	18.59217		0.01171	0.01109	0.01043	0.00975	0.00878	0.00789	0.00685	0.00572	0.00469	0.00356	0.00255	0.00160	0.00061	0.00000	-0.00063	-0.00113	-0.00152	-0.00183	-0.00226	-0.00293	-0.00364	-0.00404	-0.00473		; offset and temperature correction info
c510	Red	18.18396		-0.00549	-0.00480	-0.00383	-0.00272	-0.00202	-0.00118	-0.00044	-0.00038	-0.00015	-0.00021	0.00013	0.00007	-0.00007	0.00000	-0.00007	-0.00065	-0.00045	-0.00018	0.00007	0.00039	-0.00001	-0.00002	-0.00045		; offset and temperature correction info
c532	Magenta	18.26528		-0.00721	-0.00645	-0.00581	-0.00518	-0.00465	-0.00345	-0.00281	-0.00270	-0.00182	-0.00141	-0.00108	-0.00072	-0.00022	0.00000	0.00044	0.00030	0.00031	-0.00006	-0.00052	-0.00089	-0.00142	-0.00149	-0.00154		; offset and temperature correction info
c555	Black	18.37125		-0.00430	-0.00419	-0.00381	-0.00319	-0.00286	-0.00254	-0.00205	-0.00196	-0.00138	-0.00137	-0.00067	-0.00051	-0.00030	0.00000	0.00067	0.00087	0.00057	0.00027	-0.00015	-0.00089	-0.00127	-0.00137	-0.00150		; offset and temperature correction info
a412	LtBlue	15.33566		-0.06011	-0.05567	-0.05012	-0.04441	-0.03922	-0.03412	-0.02941	-0.02503	-0.02049	-0.01588	-0.01121	-0.00784	-0.00311	0.00000	0.00273	0.00611	0.00757	0.00871	0.01066	0.01299	0.01539	0.01781	0.02175		; offset and temperature correction info
a440	LtGreen	16.05925		-0.01380	-0.01214	-0.01039	-0.00858	-0.00690	-0.00532	-0.00426	-0.00322	-0.00230	-0.00158	-0.00055	0.00006	0.00001	0.00000	0.00017	0.00016	-0.00094	-0.00222	-0.00363	-0.00486	-0.00567	-0.00651	-0.00782		; offset and temperature correction info
a488	Yellow	16.82827		0.00255	0.00293	0.00331	0.00354	0.00373	0.00378	0.00363	0.00350	0.00291	0.00225	0.00215	0.00142	0.00099	0.00000	-0.00092	-0.00169	-0.00295	-0.00396	-0.00479	-0.00542	-0.00582	-0.00604	-0.00663		; offset and temperature correction info
c650	Blue	18.49287		-0.00570	-0.00516	-0.00456	-0.00403	-0.00346	-0.00232	-0.00132	-0.00122	-0.00073	-0.00066	-0.00035	-0.00016	0.00003	0.00000	0.00044	0.00078	0.00108	0.00057	0.00040	-0.00042	-0.00033	-0.00029	-0.00034		; offset and temperature correction info
c676	Green	18.50570		0.00299	0.00293	0.00287	0.00293	0.00278	0.00294	0.00317	0.00251	0.00243	0.00215	0.00139	0.00123	0.00068	0.00000	-0.00041	-0.00106	-0.00205	-0.00268	-0.00325	-0.00413	-0.00495	-0.00610	-0.00674		; offset and temperature correction info
c715	Brown	17.88888		0.00826	0.00812	0.00773	0.00790	0.00766	0.00758	0.00753	0.00650	0.00571	0.00461	0.00359	0.00222	0.00101	0.00000	-0.00146	-0.00284	-0.00385	-0.00448	-0.00463	-0.00513	-0.00623	-0.00715	-0.00838		; offset and temperature correction info
a510	Red	17.18050		0.00353	0.00364	0.00354	0.00361	0.00381	0.00381	0.00356	0.00332	0.00277	0.00229	0.00176	0.00116	0.00036	0.00000	-0.00014	-0.00069	-0.00088	-0.00147	-0.00150	-0.00129	-0.00120	-0.00134	-0.00091		; offset and temperature correction info
a532	Magenta	17.40228		0.00550	0.00548	0.00526	0.00479	0.00464	0.00422	0.00393	0.00328	0.00253	0.00212	0.00136	0.00085	0.00039	0.00000	-0.00059	-0.00146	-0.00188	-0.00262	-0.00330	-0.00393	-0.00491	-0.00540	-0.00605		; offset and temperature correction info
a555	Black	17.72308		0.00849	0.00832	0.00800	0.00760	0.00724	0.00655	0.00580	0.00495	0.00435	0.00347	0.00252	0.00153	0.00049	0.00000	-0.00050	-0.00155	-0.00214	-0.00306	-0.00350	-0.00411	-0.00470	-0.00539	-0.00570		; offset and temperature correction info
c412	LtBlue	16.72802		-0.05949	-0.05458	-0.04744	-0.04134	-0.03547	-0.03064	-0.02511	-0.02047	-0.01574	-0.01163	-0.00761	-0.00442	-0.00204	0.00000	0.00100	0.00051	-0.00043	-0.00239	-0.00475	-0.00629	-0.00827	-0.00955	-0.01337		; offset and temperature correction info
c440	LtGreen	17.42637		-0.02723	-0.02503	-0.02216	-0.01930	-0.01691	-0.01394	-0.01125	-0.00926	-0.00732	-0.00582	-0.00401	-0.00226	-0.00093	0.00000	0.00082	0.00123	0.00133	0.00097	0.00038	-0.00003	-0.00022	-0.00023	-0.00125		; offset and temperature correction info
c488	Yellow	18.03666		-0.00640	-0.00554	-0.00465	-0.00357	-0.00276	-0.00154	-0.00067	-0.00031	-0.00014	-0.00012	0.00046	0.00032	0.00020	0.00000	0.00001	-0.00024	-0.00060	-0.00084	-0.00126	-0.00180	-0.00276	-0.00304	-0.00427		; offset and temperature correction info
0.003500	0.004000	0.015000	0.020000	0.015000	0.020000	2500.000000	2000.000000	1000.000000	; maxANoise	maxCNoise	maxADifference	maxCDifference	minACounts	minCCounts	minRCounts	maxTempSdev	maxDepthSdev
0			; auxilliary capabilities
1			; acquisition binsize
0	0.41499	0.36351	0.29063	1.63294	1.35964	1.03325	7.82943	4.46500	2.10736	0.63193	0.50322	0.45648	1.59047	1.21272	0.92878	7.45704	4.28881	2.08501	31.47	6.2	0.00	-2.04	0.01750	0.01212	0.01532	0.01882	0.01935	0.01513	0.00552	0.01529	0.02028	0.01924	0.01355	0.01723	0.01723	0.01780	0.01389	0.00582	0.01642	0.02204
160	0.41247	0.36135	0.28703	1.63181	1.35680	1.02921	7.83371	4.46011	2.10590	0.62597	0.49863	0.45067	1.59254	1.21536	0.93108	7.45821	4.28935	2.08734
330	0.41687	0.36346	0.28876	1.63580	1.36280	1.03457	7.83055	4.46155	2.10454	0.63215	0.50072	0.45764	1.58776	1.21192	0.92684	7.45356	4.28934	2.08238
490	0.41376	0.36028	0.28763	1.63260	1.35767	1.03434	7.82168	4.45599	2.10211	0.62963	0.49987	0.45037	1.58601	1.20980	0.92586	7.45113	4.28639	2.08450
660	0.41528	0.36554	0.29146	1.63903	1.37279	1.05535	7.82025	4.46771	2.11006	0.64061	0.50550	0.45308	1.58924	1.20939	0.92329	7.46295	4.29186	2.09091
820	0.40641	0.35562	0.28161	1.64763	1.37735	1.05449	7.81011	4.44657	2.09186	0.66744	0.52835	0.47749	1.57703	1.20252	0.91838	7.48297	4.31304	2.10659
990	0.40401	0.35249	0.27951	1.63985	1.36145	1.03641	7.81459	4.44870	2.09485	0.63653	0.50243	0.45312	1.57800	1.20367	0.91898	7.46898	4.30134	2.09764
1150	0.40637	0.35510	0.28159	1.64620	1.37365	1.04461	7.81495	4.45011	2.09299	0.65276	0.51285	0.47364	1.57845	1.20318	0.91923	7.47458	4.30804	2.09989
1320	0.40794	0.35727	0.28188	1.64696	1.36996	1.04204	7.82366	4.44775	2.09414	0.64587	0.50782	0.45544	1.58047	1.20569	0.92182	7.46141	4.29706	2.09878
1480	0.40639	0.35608	0.28083	1.63898	1.35667	1.03124	7.81831	4.44809	2.09184	0.64604	0.51211	0.46847	1.57671	1.20349	0.91863	7.46862	4.29934	2.09328
1650	0.40927	0.35802	0.28457	1.64286	1.36847	1.04007	7.81822	4.45253	2.09689	0.64031	0.50836	0.46702	1.58294	1.20737	0.92185	7.46762	4.29792	2.09048	31.53	6.0	0.00	-2.04	0.01750	0.01212	0.01532	0.01882	0.01935	0.01513	0.00552	0.01529	0.02028	0.01924	0.01355	0.01723	0.01723	0.01780	0.01390	0.00582	0.01642	0.02204
1820	0.40859	0.35435	0.28282	1.64186	1.37195	1.04966	7.81120	4.44918	2.09426	0.64617	0.50917	0.46622	1.58202	1.20980	0.92452	7.47775	4.30394	2.09703
1980	0.41099	0.36001	0.28702	1.64681	1.37592	1.04740	7.81761	4.46184	2.10252	0.64488	0.51082	0.46872	1.58458	1.20894	0.92319	7.47597	4.30548	2.09992
2150	0.41017	0.35803	0.28352	1.64573	1.37227	1.04537	7.81120	4.45326	2.09820	0.65219	0.51505	0.47096	1.58054	1.20567	0.92105	7.46701	4.29959	2.09384
2310	0.40818	0.35753	0.28271	1.64220	1.36856	1.04276	7.82200	4.45344	2.09711	0.64830	0.51369	0.46961	1.58040	1.20449	0.91998	7.46644	4.30349	2.09677
2480	0.40703	0.35504	0.28449	1.64766	1.37459	1.04869	7.81695	4.45172	2.09866	0.65260	0.51684	0.47204	1.58175	1.20610	0.92185	7.47094	4.30104	2.09584
2640	0.40934	0.35550	0.28284	1.64518	1.37331	1.04373	7.81807	4.44870	2.09432	0.64587	0.51058	0.46780	1.57984	1.20615	0.91991	7.46977	4.30187	2.09546
2810	0.40904	0.35731	0.28429	1.64262	1.36966	1.04143	7.82154	4.45452	2.09492	0.64261	0.50660	0.46411	1.58139	1.20558	0.92107	7.46750	4.30109	2.09322
2970	0.40895	0.35596	0.28507	1.64036	1.36593	1.04214	7.81415	4.45124	2.09717	0.64597	0.51152	0.46631	1.57969	1.20555	0.91916	7.46341	4.29710	2.09169
3140	0.41017	0.35862	0.28617	1.64323	1.36962	1.04397	7.82067	4.45579	2.10009	0.64827	0.51381	0.46987	1.58229	1.20749	0.92230	7.47313	4.30031	2.09542
3310	0.40934	0.35768	0.28539	1.64275	1.37130	1.04348	7.80855	4.45762	2.10059	0.64494	0.51185	0.46826	1.58204	1.20782	0.92264	7.47207	4.29905	2.09205	31.53	6.1	0.00	-2.04	0.01750	0.01212	0.01533	0.01882	0.01935	0.01513	0.00552	0.01529	0.02028	0.01924	0.01355	0.01723	0.01723	0.01780	0.01390	0.00582	0.01641	0.02204
3470	0.40986	0.35639	0.28347	1.64025	1.36677	1.04064	7.82592	4.45148	2.09747	0.64332	0.50758	0.46576	1.58391	1.20996	0.92393	7.47316	4.30170	2.09508
3640	0.41250	0.35955	0.28538	1.64128	1.37037	1.04444	7.82215	4.45203	2.09873	0.64753	0.51035	0.46416	1.58420	1.20888	0.92282	7.46915	4.29997	2.09507
3800	0.40993	0.35932	0.28434	1.64031	1.36896	1.04431	7.82883	4.45428	2.10049	0.64830	0.50966	0.46609	1.58319	1.20802	0.92290	7.46948	4.30079	2.09450
3970	0.40856	0.35896	0.28441	1.64114	1.36845	1.04326	7.82327	4.45391	2.09783	0.64651	0.51033	0.46772	1.58525	1.21249	0.92687	7.47483	4.30407	2.09648
4130	0.41241	0.36127	0.28817	1.64563	1.37211	1.04706	7.81884	4.45490	2.10116	0.64962	0.51278	0.46909	1.58337	1.20985	0.92577	7.47183	4.30227	2.09503
4300	0.41140	0.35793	0.28476	1.64212	1.36920	1.04408	7.81721	4.45326	2.10043	0.64834	0.51122	0.46698	1.58224	1.20758	0.92048	7.46761	4.29826	2.09288
4470	0.40738	0.35958	0.28794	1.64012	1.36931	1.04461	7.83714	4.45892	2.10062	0.64975	0.51404	0.46936	1.58421	1.20786	0.92444	7.46867	4.30171	2.09425
4630	0.41034	0.35838	0.28511	1.64140	1.36936	1.04203	7.81751	4.45148	2.09760	0.64560	0.51043	0.46855	1.58281	1.20668	0.91982	7.46664	4.29885	2.09351
4800	0.40813	0.35764	0.28403	1.64005	1.36796	1.03991	7.82393	4.45299	2.09616	0.64525	0.50836	0.46815	1.58160	1.20821	0.92253	7.46891	4.30170	2.09403
4960	0.41239	0.35975	0.28617	1.64234	1.37010	1.04479	7.81975	4.45534	2.09967	0.64810	0.51035	0.46850	1.58306	1.20806	0.92349	7.46717	4.30101	2.09328	31.58	6.1	0.00	-2.04	0.01750	0.01212	0.01533	0.01882	0.01934	0.01513	0.00553	0.01529	0.02029	0.01924	0.01355	0.01723	0.01723	0.01780	0.01390	0.00582	0.01641	0.02204
5130	0.40966	0.35879	0.28562	1.63974	1.36756	1.04230	7.81919	4.45195	2.09881	0.64923	0.51029	0.46716	1.58073	1.20724	0.92252	7.46818	4.29715	2.09102
5290	0.40943	0.35989	0.28810	1.64298	1.36973	1.04487	7.82606	4.45701	2.10318	0.65045	0.51484	0.47055	1.58478	1.20904	0.92364	7.47272	4.30036	2.09495
5460	0.41086	0.35918	0.28620	1.64233	1.37184	1.04316	7.81608	4.45393	2.10042	0.64796	0.50938	0.46836	1.58303	1.20744	0.92384	7.47280	4.30207	2.09335
5620	0.41210	0.35846	0.28376	1.64130	1.36760	1.04136	7.81929	4.45373	2.09878	0.64686	0.50928	0.46572	1.58361	1.20899	0.92500	7.47333	4.30377	2.09635
5790	0.41049	0.36025	0.28621	1.64383	1.37040	1.04511	7.82724	4.45585	2.10123	0.64730	0.51125	0.46825	1.58332	1.20658	0.92375	7.47305	4.30105	2.09351
5960	0.41047	0.36072	0.28569	1.64131	1.36992	1.04469	7.82632	4.45547	2.09999	0.64719	0.51101	0.46769	1.58210	1.20658	0.92308	7.46920	4.29914	2.09184
6120	0.41226	0.36121	0.28866	1.64437	1.37332	1.04773	7.83152	4.45886	2.10439	0.65241	0.51488	0.47138	1.58506	1.21063	0.92238	7.47264	4.30411	2.09745
6290	0.41271	0.36020	0.28771	1.64306	1.37096	1.04501	7.81292	4.45658	2.10163	0.65190	0.51469	0.47030	1.58397	1.20612	0.92188	7.46972	4.30129	2.09447
6450	0.41038	0.36019	0.28483	1.64309	1.37093	1.04436	7.81618	4.45459	2.09900	0.64961	0.51280	0.46875	1.58209	1.20753	0.91994	7.46749	4.29991	2.09436
6620	0.40945	0.35815	0.28659	1.64205	1.36931	1.04402	7.82873	4.45631	2.09973	0.65251	0.51512	0.47178	1.58519	1.20824	0.92364	7.47049	4.30084	2.09466	31.53	6.2	0.00	-2.04	0.01750	0.01212	0.01533	0.01881	0.01934	0.01513	0.00553	0.01529	0.02029	0.01924	0.01355	0.01723	0.01723	0.01780	0.01390	0.00582	0.01641	0.02203
6780	0.41002	0.35935	0.28558	1.64318	1.37059	1.04384	7.82129	4.45506	2.09894	0.65021	0.51315	0.46952	1.58468	1.20854	0.92766	7.47207	4.30385	2.09740
6950	0.41389	0.36340	0.28666	1.64650	1.37427	1.04662	7.82756	4.45755	2.10060	0.65169	0.51412	0.47092	1.58409	1.20984	0.92220	7.46948	4.30192	2.09553
7110	0.41108	0.35826	0.28626	1.64391	1.37095	1.04453	7.82955	4.45499	2.09994	0.64946	0.51306	0.46904	1.58126	1.20735	0.92184	7.47114	4.30089	2.09377
7280	0.41192	0.36067	0.28747	1.64401	1.37207	1.04673	7.83853	4.46144	2.10408	0.65389	0.51700	0.47281	1.58612	1.20953	0.92649	7.47564	4.30442	2.09727
7440	0.41156	0.35943	0.28595	1.64432	1.37232	1.04438	7.81844	4.45840	2.09863	0.65004	0.51320	0.47157	1.58330	1.20862	0.92077	7.47049	4.30127	2.09447
7610	0.41119	0.35636	0.28524	1.64278	1.36915	1.04265	7.82628	4.45351	2.09606	0.64872	0.51360	0.47197	1.58404	1.20949	0.92511	7.47135	4.30298	2.09594
7780	0.41113	0.35966	0.28441	1.64542	1.37264	1.04538	7.83077	4.45813	2.10028	0.65044	0.51373	0.47015	1.58329	1.20904	0.92454	7.47143	4.30248	2.09594
7940	0.41069	0.35958	0.28688	1.64301	1.37134	1.04417	7.82435	4.45776	2.10028	0.65088	0.51464	0.47185	1.58305	1.20864	0.92156	7.46737	4.30047	2.09442
8110	0.41187	0.36110	0.28745	1.64509	1.37280	1.04744	7.82990	4.46083	2.10337	0.65400	0.51640	0.47250	1.58609	1.20849	0.92407	7.47049	4.30529	2.09789
8270	0.41119	0.35787	0.28755	1.64414	1.37177	1.04535	7.82872	4.45825	2.10155	0.65234	0.51561	0.47214	1.58462	1.20828	0.92316	7.46968	4.30274	2.09586	31.53	6.2	0.00	-2.04	0.01750	0.01212	0.01533	0.01881	0.01934	0.01513	0.00553	0.01529	0.02029	0.01924	0.01355	0.01723	0.01723	0.01780	0.01390	0.00582	0.01641	0.02203
8440	0.40799	0.35845	0.28495	1.64144	1.36911	1.04224	7.82327	4.45194	2.09967	0.65063	0.51321	0.46886	1.58477	1.20897	0.92399	7.47118	4.30340	2.09829
8600	0.41401	0.36002	0.28771	1.64661	1.37389	1.04664	7.82561	4.45689	2.10208	0.65281	0.51587	0.47216	1.58456	1.20735	0.92104	7.47240	4.30300	2.09666
8770	0.41068	0.36072	0.28657	1.64464	1.37213	1.04527	7.82378	4.45477	2.10096	0.65248	0.51566	0.47274	1.58641	1.21324	0.92598	7.47394	4.30647	2.10020
8930	0.41504	0.36221	0.28957	1.64844	1.37542	1.04786	7.82373	4.45761	2.10447	0.65418	0.51780	0.47443	1.58688	1.21022	0.92506	7.47662	4.30323	2.09717
9100	0.41052	0.35947	0.28561	1.64639	1.37318	1.04562	7.81741	4.45640	2.10072	0.65096	0.51429	0.47151	1.58399	1.20715	0.92168	7.47297	4.30196	2.09487
9260	0.40878	0.35636	0.28641	1.64264	1.37342	1.04693	7.82235	4.45849	2.10231	0.65180	0.51638	0.47419	1.58408	1.20955	0.92503	7.47062	4.30206	2.09434
9430	0.40984	0.35802	0.28419	1.64386	1.37274	1.04644	7.82607	4.45649	2.10085	0.64968	0.51461	0.47069	1.58636	1.20983	0.92832	7.47540	4.30640	2.10012
9590	0.41339	0.36024	0.28560	1.64723	1.37608	1.04811	7.83331	4.45582	2.10057	0.65372	0.51691	0.47397	1.58586	1.20913	0.92423	7.47256	4.30334	2.09704
9760	0.41001	0.35646	0.28513	1.64467	1.37244	1.04595	7.83122	4.45351	2.09762	0.65116	0.51506	0.47161	1.58376	1.20608	0.92318	7.46972	4.30043	2.09545
9930	0.40928	0.35804	0.28642	1.64468	1.37384	1.04660	7.81539	4.45545	2.10190	0.65157	0.51645	0.47283	1.58602	1.20910	0.92460	7.47355	4.30368	2.09657	31.53	6.2	0.00	-2.04	0.01750	0.01212	0.01533	0.01881	0.01934	0.01513	0.00553	0.01529	0.02029	0.01924	0.01355	0.01723	0.01724	0.01780	0.01390	0.00582	0.01641	0.02203
10090	0.41065	0.35800	0.28389	1.64487	1.37206	1.04507	7.81737	4.45272	2.09734	0.64995	0.51266	0.47060	1.58689	1.20941	0.92780	7.47035	4.30611	2.09936
10260	0.41081	0.36075	0.28697	1.64728	1.37389	1.04749	7.81116	4.45753	2.10115	0.65266	0.51650	0.47278	1.58485	1.21125	0.92552	7.47209	4.30277	2.09736
10420	0.41044	0.35962	0.28618	1.64586	1.37298	1.04624	7.82089	4.45438	2.09994	0.65245	0.51678	0.47380	1.58199	1.20861	0.92301	7.47412	4.30149	2.09532
10590	0.41277	0.36211	0.28926	1.64714	1.37658	1.04983	7.82139	4.46156	2.10638	0.65657	0.51972	0.47649	1.58841	1.21138	0.92707	7.47615	4.30701	2.10010
10750	0.41175	0.35955	0.28787	1.64777	1.37618	1.04926	7.83026	4.46170	2.10171	0.65542	0.51799	0.47426	1.58610	1.21010	0.92433	7.47530	4.30462	2.09792
10920	0.41135	0.35848	0.28457	1.64489	1.37222	1.04621	7.82511	4.45266	2.09843	0.65227	0.51437	0.47273	1.58513	1.21071	0.92554	7.47720	4.30452	2.09940
11080	0.41215	0.36032	0.28682	1.64719	1.37563	1.04883	7.82083	4.45856	2.09899	0.65012	0.51304	0.47072	1.58505	1.21050	0.92542	7.47019	4.30182	2.09701
11250	0.41009	0.36007	0.28530	1.64820	1.37548	1.04741	7.82440	4.45297	2.09857	0.65360	0.52005	0.47959	1.58504	1.20711	0.92320	7.47846	4.30811	2.09997
11410	0.41085	0.36049	0.28632	1.64843	1.37712	1.05040	7.82669	4.45728	2.10187	0.65659	0.51979	0.47658	1.58463	1.20876	0.92492	7.47254	4.30364	2.09843
11580	0.41076	0.35755	0.28597	1.64558	1.37491	1.04824	7.81618	4.45599	2.09825	0.65692	0.51785	0.47444	1.58344	1.20676	0.92053	7.47131	4.30314	2.09755	31.47	6.0	0.00	-2.04	0.01750	0.01212	0.01533	0.01881	0.01934	0.01513	0.00553	0.01529	0.02029	0.01924	0.01355	0.01723	0.01724	0.01781	0.01390	0.00582	0.01641	0.02203
11740	0.40967	0.35891	0.28573	1.64579	1.37314	1.04698	7.82765	4.45475	2.10189	0.65407	0.51767	0.47537	1.58356	1.21001	0.92589	7.47419	4.30518	2.09958
11910	0.40915	0.35846	0.28522	1.64692	1.37564	1.04876	7.81934	4.45336	2.10146	0.65373	0.51823	0.47432	1.58713	1.21105	0.92924	7.47723	4.30920	2.10273
12080	0.41118	0.36044	0.28857	1.64899	1.37660	1.04960	7.82026	4.45917	2.10279	0.65627	0.51920	0.47706	1.58625	1.21236	0.92745	7.47241	4.30751	2.10034
12240	0.41287	0.36162	0.28591	1.64972	1.37762	1.05128	7.81196	4.45467	2.10137	0.65439	0.51724	0.47432	1.58548	1.20828	0.92524	7.47374	4.30600	2.10017
12410	0.40861	0.35688	0.28610	1.64482	1.37499	1.04805	7.82897	4.45652	2.10005	0.65636	0.51743	0.47478	1.58306	1.20836	0.92351	7.47362	4.30323	2.09574
12570	0.41222	0.36036	0.28632	1.64751	1.37685	1.04995	7.82999	4.45975	2.10381	0.65658	0.51913	0.47624	1.58333	1.20840	0.92429	7.47338	4.30513	2.09833
12740	0.41048	0.35915	0.28689	1.64656	1.37456	1.04868	7.82515	4.45887	2.10335	0.65607	0.51919	0.47564	1.58402	1.20885	0.92519	7.47305	4.30440	2.09779
12900	0.40984	0.35800	0.28624	1.64590	1.37420	1.04712	7.82816	4.45687	2.10061	0.65359	0.51657	0.47402	1.58555	1.21239	0.92632	7.47674	4.30556	2.10050
13070	0.41266	0.36051	0.28583	1.64861	1.37674	1.05000	7.82754	4.45863	2.10205	0.65668	0.51884	0.47703	1.58520	1.20964	0.92552	7.47423	4.30534	2.09932
13240	0.41077	0.35968	0.28764	1.64747	1.37586	1.04985	7.81854	4.45514	2.10387	0.65692	0.51999	0.47713	1.58560	1.21063	0.92579	7.47545	4.30602	2.09968	31.58	6.0	0.00	-2.04	0.01750	0.01212	0.01533	0.01881	0.01934	0.01513	0.00553	0.01529	0.02029	0.01924	0.01355	0.01723	0.01724	0.01780	0.01390	0.00582	0.01641	0.02203
13400	0.41055	0.35967	0.28619	1.64830	1.37659	1.04893	7.81777	4.45929	2.10204	0.65679	0.51879	0.47621	1.58438	1.20913	0.92166	7.47201	4.30513	2.09824
13570	0.41222	0.36260	0.28707	1.65076	1.37991	1.05396	7.82914	4.46039	2.10540	0.65881	0.52127	0.47901	1.58678	1.21296	0.92754	7.47930	4.30840	2.10126
13730	0.41379	0.36108	0.28864	1.65036	1.37860	1.05271	7.82419	4.46083	2.10169	0.65882	0.52153	0.47833	1.58625	1.21116	0.92429	7.47780	4.30710	2.10096
13900	0.41072	0.36044	0.28567	1.65062	1.37877	1.05126	7.80999	4.45845	2.10017	0.65798	0.52031	0.47844	1.58261	1.20834	0.92540	7.47642	4.30574	2.10045
14070	0.41116	0.36162	0.28714	1.64929	1.37807	1.05159	7.82761	4.45758	2.10346	0.66110	0.52230	0.47948	1.58522	1.21106	0.92629	7.47549	4.30759	2.10088
14230	0.41308	0.35989	0.28601	1.65063	1.37814	1.05130	7.82654	4.45590	2.10291	0.65850	0.52129	0.47845	1.58506	1.20893	0.92668	7.47626	4.30732	2.10165
14400	0.41024	0.35991	0.28604	1.64892	1.37724	1.04883	7.81752	4.45401	2.09935	0.65692	0.51973	0.47701	1.58648	1.21269	0.92670	7.47695	4.31097	2.10516
14560	0.41547	0.36085	0.28925	1.65291	1.38022	1.05336	7.82287	4.46018	2.10476	0.66030	0.52265	0.48078	1.58534	1.21225	0.92615	7.47764	4.30986	2.10258
14730	0.41386	0.36030	0.28766	1.65128	1.37947	1.05252	7.82470	4.45742	2.10346	0.65802	0.52110	0.47827	1.58540	1.20989	0.92487	7.47630	4.30775	2.10048
14900	0.41317	0.36080	0.28759	1.65018	1.37899	1.05124	7.81213	4.45980	2.10122	0.65890	0.52070	0.47894	1.58394	1.20951	0.92367	7.47707	4.30676	2.10121	31.53	5.9	0.00	-2.04	0.01750	0.01212	0.01533	0.01881	0.01934	0.01513	0.00553	0.01529	0.02029	0.01924	0.01355	0.01723	0.01724	0.01780	0.01390	0.00582	0.01641	0.02203
15060	0.41287	0.36185	0.29080	1.65345	1.38113	1.05521	7.83633	4.46299	2.10606	0.66237	0.52446	0.48186	1.58963	1.21376	0.92709	7.48247	4.31233	2.10562
15230	0.41300	0.36240	0.28668	1.65274	1.37992	1.05295	7.81885	4.45979	2.10158	0.66173	0.52332	0.47946	1.58449	1.20897	0.92404	7.47549	4.30751	2.10164
15390	0.41194	0.35930	0.28606	1.65051	1.37706	1.04874	7.82379	4.45530	2.09842	0.65615	0.51829	0.47564	1.58623	1.21096	0.92913	7.47614	4.31070	2.10324
15560	0.41304	0.36003	0.28778	1.65189	1.37837	1.05070	7.82496	4.45630	2.09958	0.66055	0.52175	0.47940	1.58479	1.20827	0.92334	7.48027	4.30674	2.10074
15720	0.41197	0.35883	0.28816	1.65046	1.37830	1.05085	7.82629	4.45793	2.10201	0.65973	0.52135	0.47949	1.58320	1.20746	0.92352	7.47492	4.30577	2.09931
15890	0.41243	0.36214	0.28866	1.65117	1.37970	1.05378	7.82343	4.45527	2.10237	0.66137	0.52273	0.47986	1.58674	1.21324	0.92605	7.47707	4.30807	2.10222
16050	0.41210	0.36180	0.28762	1.65089	1.37871	1.05254	7.83817	4.45937	2.10114	0.65746	0.52009	0.47768	1.58520	1.20738	0.92279	7.47841	4.30717	2.09997
16220	0.41081	0.36123	0.28742	1.64987	1.37837	1.05137	7.82715	4.45812	2.10374	0.66130	0.52272	0.48017	1.58519	1.20922	0.92582	7.47687	4.30739	2.10110
16380	0.41274	0.35936	0.28657	1.65196	1.37834	1.05058	7.82980	4.45691	2.10169	0.65803	0.52151	0.47907	1.58648	1.21212	0.92772	7.48149	4.31205	2.10618
16550	0.41396	0.36213	0.28980	1.65697	1.38342	1.05586	7.82506	4.46142	2.10370	0.65998	0.52293	0.48090	1.58752	1.21053	0.92701	7.48045	4.31037	2.10423	31.53	6.1	0.00	-2.04	0.01750	0.01212	0.01533	0.01881	0.01934	0.01513	0.00553	0.01529	0.02029	0.01924	0.01355	0.01723	0.01724	0.01780	0.01390	0.00582	0.01641	0.02203
16710	0.41235	0.36155	0.28718	1.65401	1.38101	1.05427	7.81070	4.45686	2.10151	0.66109	0.52277	0.48036	1.58455	1.20850	0.92295	7.47887	4.30851	2.10181
16880	0.41192	0.36201	0.28981	1.65293	1.38195	1.05587	7.83914	4.46077	2.10483	0.66091	0.52329	0.48184	1.58692	1.21096	0.92170	7.48281	4.31220	2.10436
17040	0.41106	0.35956	0.28621	1.65206	1.37938	1.05339	7.81040	4.45644	2.09996	0.65922	0.51953	0.47769	1.58720	1.21131	0.92472	7.48220	4.31298	2.10728
17210	0.41268	0.36108	0.28723	1.65367	1.38016	1.05357	7.82812	4.45866	2.10155	0.66214	0.52333	0.48072	1.58625	1.21033	0.92142	7.47701	4.30840	2.10258
17370	0.41093	0.35824	0.28576	1.65151	1.37990	1.05279	7.82277	4.45540	2.10149	0.65790	0.52030	0.47834	1.58346	1.20761	0.92206	7.47887	4.30875	2.10131
17540	0.41104	0.35918	0.28740	1.65068	1.38007	1.05378	7.82155	4.45592	2.10206	0.65973	0.52159	0.48087	1.58419	1.20893	0.92255	7.47676	4.30786	2.10225
17700	0.41119	0.36126	0.28567	1.65113	1.37899	1.05312	7.82303	4.45697	2.09922	0.65768	0.51988	0.47774	1.58536	1.21096	0.92672	7.47985	4.31081	2.10454
17870	0.41218	0.36131	0.28847	1.65244	1.38075	1.05451	7.82991	4.45818	2.10267	0.65961	0.52247	0.48045	1.58685	1.21075	0.92544	7.48050	4.30945	2.10288
18040	0.41336	0.36042	0.28890	1.65301	1.38264	1.05471	7.83511	4.46056	2.10375	0.66092	0.52251	0.48059	1.58562	1.21161	0.92489	7.47761	4.30980	2.10319
18200	0.41379	0.36461	0.28944	1.65570	1.38438	1.05792	7.82649	4.46356	2.10858	0.66404	0.52722	0.48436	1.58784	1.21280	0.92770	7.48515	4.31331	2.10710	31.53	6.0	0.00	-2.04	0.01750	0.01212	0.01533	0.01881	0.01934	0.01513	0.00553	0.01529	0.02029	0.01924	0.01355	0.01723	0.01724	0.01780	0.01390	0.00582	0.01641	0.02203
18370	0.41182	0.36310	0.28739	1.65517	1.38355	1.05648	7.82267	4.45813	2.10291	0.66203	0.52475	0.48216	1.58685	1.20949	0.92463	7.48218	4.31083	2.10319
18530	0.41064	0.35899	0.28520	1.65315	1.38145	1.05575	7.82328	4.45659	2.10214	0.66270	0.52387	0.48080	1.58597	1.20720	0.92347	7.48121	4.30950	2.10253
18700	0.41029	0.35938	0.28595	1.65254	1.38030	1.05435	7.83705	4.46085	2.10373	0.65994	0.52220	0.48042	1.58342	1.20983	0.92645	7.47975	4.31016	2.10403
18860	0.41071	0.35944	0.28579	1.65246	1.38036	1.05353	7.83853	4.45913	2.10033	0.66064	0.52159	0.47851	1.58643	1.21049	0.92676	7.47963	4.31045	2.10380
19030	0.41402	0.36081	0.28648	1.65287	1.38102	1.05546	7.83705	4.46014	2.10289	0.66152	0.52308	0.48059	1.58408	1.21102	0.92372	7.47865	4.30943	2.10282
19190	0.41158	0.36155	0.28536	1.65230	1.38098	1.05450	7.82869	4.45752	2.10306	0.66051	0.52256	0.48015	1.58446	1.20648	0.92279	7.47626	4.30714	2.10142
19360	0.41153	0.36135	0.29024	1.65535	1.38410	1.05818	7.83761	4.45909	2.10470	0.66362	0.52494	0.48267	1.58741	1.21105	0.92600	7.48166	4.31116	2.10545
19520	0.41414	0.36049	0.28832	1.65332	1.38151	1.05461	7.83073	4.45809	2.10402	0.66217	0.52291	0.48097	1.58683	1.20838	0.92397	7.47869	4.31003	2.10325
19690	0.41206	0.35857	0.28546	1.64996	1.37828	1.05240	7.83175	4.45372	2.09957	0.66025	0.52118	0.47898	1.58672	1.21192	0.92756	7.48344	4.31280	2.10745
19860	0.41307	0.36139	0.28746	1.65553	1.38375	1.05705	7.81834	4.45810	2.10379	0.66264	0.52397	0.48310	1.58658	1.21074	0.92679	7.48384	4.31273	2.10576	31.53	6.0	0.00	-2.04	0.01750	0.01212	0.01533	0.01881	0.01934	0.01513	0.00553	0.01529	0.02029	0.01924	0.01355	0.01723	0.01724	0.01780	0.01390	0.00582	0.01641	0.02203
20020	0.41268	0.36026	0.28939	1.65366	1.38234	1.05544	7.82553	4.45719	2.10322	0.66226	0.52360	0.48227	1.58448	1.21263	0.92399	7.47946	4.31128	2.10393
20190	0.41224	0.35973	0.28889	1.65264	1.38180	1.05590	7.83409	4.45836	2.10379	0.66386	0.52537	0.48310	1.58501	1.20904	0.92402	7.47852	4.30981	2.10326
20350	0.41246	0.36363	0.28817	1.65580	1.38539	1.05880	7.82894	4.46249	2.10623	0.66515	0.52758	0.48603	1.58960	1.21195	0.92561	7.48433	4.31355	2.10678
20520	0.41285	0.36044	0.28942	1.65619	1.38445	1.05788	7.82879	4.45937	2.10411	0.66418	0.52687	0.48354	1.58555	1.21071	0.92451	7.48007	4.31196	2.10594
20680	0.41183	0.35946	0.28647	1.65297	1.38205	1.05562	7.83261	4.45427	2.09927	0.66177	0.52327	0.48141	1.58209	1.20794	0.92356	7.48031	4.30980	2.10276
20850	0.40813	0.35873	0.28436	1.65221	1.38142	1.05464	7.82869	4.45464	2.10113	0.66283	0.52446	0.48171	1.58312	1.20881	0.92612	7.48473	4.31239	2.10613
21020	0.41111	0.36085	0.28867	1.65536	1.38383	1.05593	7.82869	4.45593	2.10372	0.66288	0.52397	0.48219	1.58664	1.21046	0.92591	7.48246	4.31330	2.10601
21180	0.41136	0.36167	0.28750	1.65536	1.38322	1.05684	7.82838	4.45832	2.10238	0.66465	0.52472	0.48283	1.58683	1.21304	0.92780	7.48514	4.31539	2.10826
21350	0.41373	0.36127	0.28940	1.65670	1.38515	1.05924	7.82700	4.45914	2.10376	0.66621	0.52679	0.48405	1.58792	1.21027	0.92573	7.48124	4.31271	2.10525
21520	0.41059	0.36132	0.28831	1.65428	1.38370	1.05618	7.83955	4.45415	2.10122	0.66364	0.52493	0.48381	1.58442	1.20893	0.92344	7.48038	4.30937	2.10263	31.58	5.9	0.00	-2.04	0.01750	0.01212	0.01533	0.01881	0.01934	0.01513	0.00553	0.01529	0.02029	0.01924	0.01355	0.01723	0.01723	0.01780	0.01390	0.00582	0.01641	0.02203
21680	0.41308	0.36467	0.29055	1.65657	1.38659	1.05940	7.82578	4.46305	2.10462	0.66799	0.52810	0.48717	1.58800	1.21278	0.92666	7.48399	4.31413	2.10784
21840	0.41327	0.36210	0.28770	1.65665	1.38404	1.05731	7.82048	4.45598	2.10346	0.66579	0.52610	0.48469	1.58561	1.20914	0.92483	7.48095	4.31077	2.10404
22010	0.41131	0.35883	0.28467	1.65218	1.38142	1.05475	7.81462	4.45289	2.09916	0.66233	0.52316	0.48082	1.58505	1.21133	0.92761	7.48322	4.31389	2.10883
22180	0.41407	0.36198	0.28898	1.65608	1.38341	1.05678	7.82680	4.45634	2.10290	0.66526	0.52640	0.48437	1.58576	1.21060	0.92570	7.48123	4.31150	2.10592
22340	0.41217	0.36263	0.28888	1.65499	1.38455	1.05803	7.83128	4.45570	2.10126	0.66450	0.52588	0.48401	1.58674	1.20994	0.92459	7.47957	4.31052	2.10392
22510	0.41410	0.36304	0.29133	1.65739	1.38685	1.06103	7.83052	4.46373	2.10538	0.66816	0.52916	0.48760	1.58968	1.21133	0.92652	7.48513	4.31403	2.10756
22670	0.41289	0.35969	0.28895	1.65728	1.38651	1.05922	7.82099	4.45712	2.10189	0.66622	0.52723	0.48711	1.58720	1.20916	0.92395	7.48342	4.31344	2.10579
22840	0.41224	0.35784	0.28618	1.65361	1.38196	1.05608	7.82145	4.45573	2.09990	0.66383	0.52489	0.48393	1.58651	1.21262	0.92704	7.48285	4.31532	2.10861
23000	0.41373	0.36236	0.28937	1.65620	1.38451	1.05772	7.83098	4.45925	2.10149	0.66543	0.52723	0.48506	1.58538	1.21060	0.92332	7.48070	4.31235	2.10586
23170	0.41137	0.36086	0.28795	1.65404	1.38356	1.05702	7.82952	4.45577	2.10111	0.66560	0.52678	0.48428	1.58758	1.21250	0.92571	7.48175	4.31554	2.10934	31.58	5.9	0.00	-2.04	0.01750	0.01212	0.01533	0.01881	0.01934	0.01513	0.00553	0.01529	0.02029	0.01924	0.01355	0.01723	0.01723	0.01780	0.01390	0.00582	0.01641	0.02203
23330	0.41419	0.36349	0.28892	1.65780	1.38548	1.05944	7.82025	4.45874	2.10319	0.66642	0.52839	0.48607	1.58606	1.21009	0.92484	7.48078	4.31295	2.10677
23500	0.41200	0.36112	0.28677	1.65480	1.38503	1.05844	7.83013	4.45648	2.10148	0.66495	0.52615	0.48489	1.58457	1.20841	0.92213	7.47940	4.31015	2.10359
23660	0.40963	0.36068	0.28997	1.65311	1.38486	1.05859	7.81729	4.45954	2.10530	0.66603	0.52657	0.48631	1.58577	1.21036	0.92525	7.48358	4.31178	2.10567
23830	0.41233	0.35923	0.28651	1.65459	1.38360	1.05779	7.81795	4.45399	2.10075	0.66466	0.52557	0.48487	1.58509	1.21098	0.92424	7.48398	4.31275	2.10650
24000	0.41184	0.36159	0.28593	1.65460	1.38296	1.05568	7.82631	4.45599	2.10094	0.66418	0.52400	0.48277	1.58637	1.21019	0.92714	7.48472	4.31444	2.10792
24160	0.41254	0.36110	0.28754	1.65642	1.38483	1.05867	7.83008	4.45969	2.10204	0.66613	0.52726	0.48509	1.58617	1.20948	0.92609	7.48163	4.31300	2.10638
24330	0.41073	0.36203	0.28870	1.65503	1.38446	1.05887	7.82866	4.45930	2.10251	0.66646	0.52732	0.48463	1.58558	1.20934	0.92485	7.48127	4.31219	2.10605
24490	0.41411	0.36489	0.29044	1.65794	1.38803	1.06212	7.82371	4.46118	2.10494	0.67003	0.52967	0.48838	1.58855	1.21261	0.92742	7.48338	4.31709	2.10983
24660	0.41463	0.36324	0.28904	1.65857	1.38738	1.06139	7.83019	4.45731	2.10152	0.66911	0.52912	0.48687	1.58619	1.21266	0.92499	7.48187	4.31360	2.10847
24830	0.41043	0.36093	0.28694	1.65604	1.38454	1.05737	7.82573	4.45420	2.09969	0.66458	0.52595	0.48386	1.58632	1.21232	0.92804	7.48307	4.31765	2.11192	31.58	6.1	0.00	-2.04	0.01750	0.01212	0.01533	0.01881	0.01934	0.01513	0.00553	0.01529	0.02029	0.01924	0.01355	0.01723	0.01723	0.01780	0.01390	0.00582	0.01641	0.02203
24990	0.41374	0.36193	0.28799	1.65894	1.38735	1.06029	7.82084	4.46046	2.10255	0.66901	0.52847	0.48600	1.58521	1.21028	0.92535	7.48575	4.31415	2.10939
25160	0.41224	0.35946	0.28759	1.65589	1.38511	1.05903	7.82461	4.45920	2.10315	0.66642	0.52725	0.48481	1.58308	1.20530	0.92244	7.47771	4.31173	2.10541
25320	0.41491	0.36445	0.29035	1.65823	1.38895	1.06281	7.82849	4.46268	2.10753	0.66979	0.52992	0.48844	1.58900	1.21301	0.92745	7.48356	4.31601	2.11012
25490	0.41527	0.36089	0.28807	1.65855	1.38758	1.06068	7.83843	4.46102	2.10250	0.66710	0.52829	0.48793	1.58583	1.20836	0.92268	7.48177	4.31250	2.10653
25650	0.40932	0.35926	0.28785	1.65440	1.38358	1.05639	7.82874	4.45419	2.09891	0.66308	0.52417	0.48421	1.58336	1.20804	0.92299	7.48319	4.31402	2.10713
25820	0.41211	0.36219	0.29023	1.65607	1.38563	1.05883	7.82145	4.45850	2.10282	0.66604	0.52678	0.48606	1.58524	1.20981	0.92316	7.48368	4.31471	2.10800
25980	0.41228	0.36181	0.28835	1.65528	1.38521	1.05926	7.83598	4.46155	2.10447	0.66572	0.52552	0.48584	1.58743	1.21333	0.92952	7.48709	4.31810	2.11131
26150	0.41488	0.36486	0.29070	1.65932	1.38855	1.06307	7.82553	4.46421	2.10410	0.66839	0.52982	0.48808	1.58643	1.21193	0.92688	7.48449	4.31629	2.10957
26310	0.41351	0.36192	0.28791	1.65725	1.38611	1.05961	7.83410	4.45955	2.10305	0.66723	0.52741	0.48656	1.58575	1.20926	0.92530	7.48129	4.31438	2.10754
26480	0.41181	0.36100	0.28783	1.65662	1.38633	1.05968	7.82764	4.46078	2.10445	0.66667	0.52860	0.48550	1.58561	1.20985	0.92348	7.47986	4.31298	2.10675	31.53	6.0	0.00	-2.04	0.01750	0.01212	0.01533	0.01881	0.01934	0.01513	0.00553	0.01529	0.02029	0.01924	0.01355	0.01723	0.01723	0.01780	0.01390	0.00582	0.01641	0.02203
26650	0.41049	0.36171	0.28746	1.65686	1.38667	1.05986	7.82499	4.46038	2.10320	0.66896	0.52825	0.48676	1.58490	1.21119	0.92574	7.48262	4.31457	2.10795
26810	0.41130	0.35745	0.28818	1.65568	1.38545	1.05721	7.81602	4.45618	2.09902	0.66570	0.52721	0.48378	1.58765	1.21421	0.92950	7.48663	4.31772	2.11150
26980	0.41381	0.36327	0.28925	1.65982	1.38788	1.06074	7.82580	4.45924	2.10329	0.66859	0.52922	0.48780	1.58669	1.21094	0.92392	7.48538	4.31744	2.10986
27140	0.41191	0.35999	0.28715	1.65752	1.38654	1.05933	7.82509	4.45856	2.10057	0.66842	0.52817	0.48482	1.58522	1.20732	0.92283	7.47746	4.31162	2.10681
27310	0.41284	0.36389	0.29076	1.65876	1.38939	1.06259	7.84223	4.46293	2.10748	0.67115	0.53137	0.49018	1.58997	1.21279	0.92696	7.48623	4.31843	2.11057
27470	0.41121	0.36078	0.28916	1.65946	1.38907	1.06242	7.82371	4.45889	2.10267	0.66789	0.52853	0.48573	1.58389	1.21081	0.92375	7.48339	4.31257	2.10677
27640	0.40879	0.35914	0.28592	1.65538	1.38573	1.05771	7.82417	4.45610	2.09883	0.66504	0.52594	0.48375	1.58513	1.21134	0.92449	7.48063	4.31406	2.10834
27800	0.41086	0.36204	0.28898	1.65839	1.38750	1.05957	7.83371	4.45997	2.10366	0.66739	0.52895	0.48720	1.58512	1.20884	0.92388	7.48176	4.31213	2.10573
27970	0.41318	0.36367	0.29031	1.65947	1.39093	1.06318	7.82728	4.46431	2.10627	0.66833	0.52992	0.48843	1.58878	1.21303	0.92600	7.48505	4.31664	2.10916
28130	0.41239	0.36086	0.28778	1.65684	1.38851	1.06122	7.82512	4.45670	2.10308	0.66672	0.52806	0.48633	1.58586	1.21033	0.92428	7.48356	4.31318	2.10690	31.58	6.2	0.00	-2.04	0.01750	0.01212	0.01533	0.01881	0.01934	0.01513	0.00553	0.01529	0.02029	0.01924	0.01355	0.01723	0.01723	0.01780	0.01390	0.00582	0.01641	0.02203
28300	0.41058	0.36053	0.28865	1.65616	1.38724	1.06030	7.83878	4.46091	2.10362	0.66745	0.52928	0.48772	1.58754	1.21017	0.92660	7.48226	4.31415	2.10791
28460	0.41198	0.36084	0.28596	1.65683	1.38607	1.05872	7.81895	4.45526	2.09927	0.66503	0.52711	0.48513	1.58637	1.21238	0.92751	7.48535	4.31556	2.11151
28630	0.41463	0.36289	0.28791	1.66025	1.38928	1.06036	7.83506	4.46126	2.10409	0.66816	0.53018	0.48756	1.58775	1.21051	0.92618	7.48182	4.31610	2.10917
28790	0.41073	0.36023	0.28539	1.65499	1.38456	1.05718	7.82109	4.45777	2.10189	0.66601	0.52635	0.48292	1.58549	1.20905	0.92407	7.47687	4.31118	2.10604
28960	0.41106	0.36160	0.28965	1.65382	1.38391	1.05880	7.83159	4.46081	2.10235	0.66903	0.52909	0.48775	1.58482	1.20901	0.92405	7.47788	4.31336	2.10953
29120	0.40994	0.35788	0.28521	1.66257	1.39054	1.05859	7.82333	4.45471	2.10151	0.66072	0.52575	0.48507	1.58685	1.21250	0.92632	7.48482	4.31512	2.10751
29290	0.41232	0.36038	0.28925	1.65751	1.38694	1.05947	7.82191	4.45937	2.10409	0.66632	0.53026	0.48808	1.58609	1.21080	0.92670	7.48405	4.31124	2.10664
29450	0.41337	0.36045	0.28773	1.65669	1.38717	1.05859	7.82476	4.45700	2.10263	0.66463	0.52642	0.48755	1.58524	1.20991	0.92451	7.47942	4.31037	2.10412
29620	0.41408	0.36245	0.29177	1.65990	1.39089	1.06177	7.82756	4.46367	2.10684	0.66761	0.52996	0.48944	1.59003	1.21391	0.92896	7.48657	4.31649	2.10907
29790	0.41199	0.35980	0.28739	1.65825	1.38769	1.06011	7.83834	4.45812	2.10306	0.66434	0.52721	0.48538	1.58760	1.21175	0.92613	7.48253	4.31160	2.10649	31.58	6.2	0.00	-2.04	0.01750	0.01212	0.01533	0.01881	0.01934	0.01513	0.00553	0.01529	0.02028	0.01924	0.01355	0.01723	0.01723	0.01780	0.01390	0.00582	0.01641	0.02203
29950	0.41078	0.36051	0.28505	1.65527	1.38541	1.05626	7.82752	4.45426	2.10066	0.66481	0.52475	0.48573	1.58555	1.21139	0.92597	7.48383	4.31528	2.10934
30120	0.41353	0.36342	0.28747	1.65990	1.38792	1.05825	7.82350	4.45994	2.10161	0.66533	0.52785	0.48732	1.58792	1.21186	0.92526	7.48221	4.31241	2.10671
30280	0.41037	0.36041	0.28813	1.65627	1.38641	1.05797	7.83242	4.45773	2.10311	0.66512	0.52722	0.48647	1.58472	1.21006	0.92479	7.47787	4.30951	2.10395
30450	0.41062	0.36292	0.28990	1.65805	1.38816	1.06021	7.82538	4.46103	2.10604	0.66676	0.52850	0.48811	1.58895	1.21190	0.92676	7.48473	4.31491	2.10828
30610	0.41190	0.36069	0.28921	1.65666	1.38646	1.05913	7.82538	4.45730	2.10065	0.66478	0.52681	0.48568	1.58656	1.21209	0.92610	7.48180	4.31287	2.10574
30780	0.41103	0.36153	0.28881	1.65498	1.38583	1.05892	7.81820	4.45962	2.10431	0.66656	0.52721	0.48644	1.58856	1.21157	0.92706	7.48424	4.31295	2.10691
30940	0.41237	0.36172	0.28980	1.65620	1.38492	1.05648	7.82808	4.45668	2.10044	0.66415	0.52542	0.48568	1.58909	1.21346	0.92869	7.48688	4.31599	2.11007
31110	0.41569	0.36071	0.29032	1.66004	1.38886	1.06218	7.83517	4.45885	2.10305	0.66671	0.52936	0.48763	1.58920	1.21234	0.92642	7.48720	4.31469	2.10748
31270	0.41354	0.36126	0.28838	1.65640	1.38548	1.05978	7.82029	4.45883	2.09979	0.66493	0.52622	0.48521	1.58371	1.20915	0.92482	7.48327	4.31037	2.10464
31440	0.41183	0.35982	0.28813	1.65605	1.38641	1.05959	7.82148	4.45800	2.10303	0.66637	0.52682	0.48613	1.58517	1.20894	0.92284	7.48130	4.31079	2.10549	31.58	6.2	0.00	-2.04	0.01750	0.01212	0.01533	0.01881	0.01934	0.01513	0.00553	0.01529	0.02028	0.01924	0.01355	0.01723	0.01723	0.01780	0.01390	0.00582	0.01641	0.02203
31600	0.41153	0.35836	0.28601	1.65496	1.38328	1.05519	7.82159	4.45255	2.09881	0.66265	0.52397	0.48131	1.58544	1.21078	0.92640	7.48179	4.31338	2.10887
31770	0.41146	0.36050	0.28687	1.65599	1.38435	1.05745	7.82755	4.46012	2.10275	0.66561	0.52612	0.48498	1.58586	1.20992	0.92378	7.48207	4.31213	2.10773
31930	0.41279	0.36034	0.28670	1.65626	1.38545	1.05613	7.82245	4.45627	2.10120	0.66452	0.52572	0.48574	1.58536	1.20827	0.92286	7.48106	4.30950	2.10487
32100	0.41358	0.36154	0.29063	1.65826	1.38976	1.06017	7.83459	4.45632	2.10277	0.66712	0.52837	0.48797	1.58775	1.21083	0.92763	7.48386	4.31319	2.10708
32270	0.41160	0.36248	0.28936	1.65667	1.38654	1.05825	7.82159	4.45971	2.10234	0.66493	0.52662	0.48589	1.58469	1.20900	0.92387	7.48134	4.31197	2.10515
32430	0.41115	0.35930	0.28803	1.65399	1.38405	1.05617	7.81919	4.45575	2.09949	0.66333	0.52411	0.48276	1.58621	1.21093	0.92691	7.48321	4.31360	2.10784
32600	0.41269	0.36188	0.28948	1.65647	1.38464	1.05698	7.83051	4.45902	2.10194	0.66696	0.52867	0.48568	1.58581	1.20933	0.92371	7.48203	4.31142	2.10589
32760	0.41338	0.36150	0.28876	1.65610	1.38537	1.05713	7.83010	4.45879	2.10231	0.66615	0.52710	0.48600	1.58643	1.20956	0.92425	7.48325	4.31061	2.10423
32930	0.41528	0.36345	0.28985	1.65879	1.38899	1.06179	7.83244	4.46366	2.10673	0.66872	0.52901	0.48695	1.58850	1.21196	0.92908	7.48337	4.31610	2.10984
33090	0.41197	0.36333	0.28848	1.65780	1.38659	1.05939	7.83307	4.45919	2.10286	0.66617	0.52774	0.48576	1.58627	1.20970	0.92395	7.48279	4.31314	2.10739	31.58	6.2	0.00	-2.04	0.01750	0.01212	0.01533	0.01881	0.01934	0.01513	0.00553	0.01529	0.02028	0.01924	0.01355	0.01723	0.01723	0.01780	0.01390	0.00582	0.01641	0.02204
33260	0.41015	0.36134	0.28913	1.65537	1.38707	1.05994	7.83211	4.45851	2.10338	0.66756	0.52848	0.48675	1.58803	1.21241	0.92492	7.48287	4.31368	2.10769
33420	0.41178	0.36184	0.28641	1.65608	1.38526	1.05668	7.83328	4.45476	2.10218	0.66290	0.52506	0.48363	1.58550	1.21263	0.92657	7.48173	4.31561	2.10936
33590	0.41394	0.36415	0.28914	1.65722	1.38731	1.05924	7.82614	4.45953	2.10366	0.66759	0.52664	0.48572	1.58639	1.20950	0.92534	7.48173	4.31287	2.10711
33750	0.41073	0.36169	0.29127	1.65604	1.38815	1.06039	7.82568	4.46181	2.10373	0.66670	0.52717	0.48709	1.58989	1.21192	0.92485	7.48550	4.31546	2.10774
33920	0.41403	0.36054	0.28775	1.65681	1.38570	1.05778	7.83348	4.45627	2.10228	0.66431	0.52461	0.48390	1.58813	1.21111	0.92693	7.48506	4.31472	2.10906
34080	0.41398	0.36164	0.28692	1.65819	1.38778	1.05929	7.81758	4.45521	2.10147	0.66619	0.52699	0.48538	1.58414	1.20896	0.92105	7.48197	4.31180	2.10567
34240	0.41245	0.35975	0.28742	1.65542	1.38736	1.05893	7.82665	4.45951	2.10330	0.66667	0.52706	0.48605	1.58437	1.20780	0.92374	7.48218	4.31211	2.10583
34410	0.40904	0.35876	0.28769	1.65424	1.38435	1.05652	7.82762	4.45518	2.09938	0.66389	0.52495	0.48413	1.58587	1.21099	0.92644	7.48007	4.31294	2.10825
34570	0.41356	0.36225	0.28800	1.65679	1.38670	1.05876	7.82823	4.45559	2.10120	0.66543	0.52632	0.48660	1.58166	1.20932	0.92450	7.47861	4.31067	2.10465
34740	0.41161	0.36297	0.29033	1.65893	1.39025	1.06277	7.82359	4.45924	2.10289	0.66847	0.52908	0.48853	1.58891	1.21200	0.92565	7.48504	4.31585	2.10879	31.58	6.1	0.00	-2.04	0.01750	0.01212	0.01533	0.01881	0.01934	0.01513	0.00552	0.01529	0.02028	0.01924	0.01355	0.01723	0.01723	0.01780	0.01390	0.00582	0.01641	0.02204
34900	0.41342	0.36239	0.28911	1.65759	1.38679	1.05973	7.82563	4.45850	2.10069	0.66730	0.52747	0.48547	1.58613	1.20948	0.92494	7.48301	4.31309	2.10717
35070	0.41189	0.35997	0.28746	1.65597	1.38545	1.05774	7.81004	4.45282	2.09946	0.66560	0.52624	0.48431	1.58584	1.20934	0.92825	7.48414	4.31360	2.10871
35240	0.41297	0.36125	0.28988	1.65760	1.38758	1.05866	7.82231	4.45750	2.10316	0.66781	0.52741	0.48568	1.58603	1.20935	0.92605	7.48325	4.31352	2.10855
35400	0.41268	0.35982	0.28917	1.65813	1.38731	1.05854	7.82313	4.45961	2.10147	0.66819	0.52847	0.48803	1.58380	1.20946	0.92420	7.48228	4.31197	2.10690
35570	0.41178	0.36371	0.28962	1.65988	1.38951	1.06201	7.82542	4.46275	2.10526	0.66955	0.53134	0.48934	1.58797	1.21219	0.92523	7.48832	4.31500	2.10884
35730	0.41322	0.36128	0.28975	1.65889	1.38849	1.06117	7.83323	4.45844	2.10289	0.66762	0.52897	0.48751	1.58453	1.20938	0.92758	7.48337	4.31297	2.10640
35900	0.41127	0.35889	0.28974	1.65627	1.38861	1.06274	7.82736	4.46259	2.10604	0.67039	0.53034	0.48912	1.58793	1.21221	0.92720	7.48520	4.31610	2.11003
36060	0.41207	0.36017	0.28794	1.65826	1.38750	1.06027	7.81615	4.45505	2.10251	0.66678	0.52767	0.48635	1.58478	1.20875	0.92392	7.48366	4.31430	2.10794
36230	0.41113	0.36111	0.28670	1.65725	1.38623	1.05897	7.82705	4.45604	2.09964	0.66700	0.52593	0.48631	1.58663	1.21183	0.92752	7.48427	4.31473	2.10933
36400	0.41478	0.36257	0.28611	1.65953	1.38924	1.06357	7.83188	4.46172	2.10107	0.66703	0.52551	0.48471	1.58680	1.21045	0.92323	7.48221	4.31203	2.10803	31.53	6.1	0.00	-2.04	0.01750	0.01212	0.01533	0.01881	0.01934	0.01513	0.00553	0.01529	0.02029	0.01924	0.01355	0.01723	0.01723	0.01780	0.01390	0.00582	0.01641	0.02204
36560	0.41162	0.36023	0.28738	1.65800	1.38836	1.06007	7.82750	4.45711	2.10107	0.66866	0.52757	0.48930	1.58255	1.20888	0.92363	7.48225	4.31432	2.10702
36730	0.41237	0.36127	0.28896	1.65795	1.38841	1.06307	7.83183	4.45833	2.10202	0.67530	0.53361	0.49093	1.58663	1.21065	0.92576	7.48574	4.31613	2.11142
36890	0.41152	0.35926	0.28526	1.66002	1.38867	1.05945	7.81680	4.45790	2.10041	0.66927	0.52939	0.48912	1.58713	1.21236	0.92959	7.48879	4.31983	2.11431
37060	0.41577	0.36422	0.28919	1.66371	1.39232	1.06392	7.82107	4.46106	2.10573	0.67250	0.53325	0.49291	1.58747	1.21005	0.92795	7.48907	4.31902	2.11198
37220	0.41395	0.36117	0.28796	1.66237	1.39080	1.06319	7.82729	4.45797	2.10390	0.67241	0.53240	0.49080	1.58583	1.21060	0.92672	7.48777	4.31648	2.11066
37390	0.41222	0.35973	0.28924	1.66104	1.39109	1.06181	7.82836	4.45676	2.10165	0.66956	0.53104	0.49133	1.58501	1.20642	0.92164	7.48509	4.31280	2.10735
37550	0.41159	0.36147	0.29066	1.66176	1.39248	1.06500	7.83351	4.46033	2.10591	0.67316	0.53199	0.49106	1.58898	1.20994	0.92603	7.48789	4.31789	2.11085
37720	0.41399	0.36178	0.28722	1.66102	1.39175	1.06438	7.82062	4.45779	2.10309	0.67182	0.53157	0.48944	1.58517	1.21062	0.92592	7.48477	4.31564	2.10932
37880	0.41285	0.36088	0.28918	1.65765	1.38814	1.06172	7.81400	4.45803	2.10095	0.67174	0.53027	0.48956	1.58678	1.21026	0.92632	7.48599	4.31453	2.10844
38050	0.41102	0.36093	0.28840	1.65737	1.38757	1.05955	7.81806	4.46112	2.10251	0.66606	0.52650	0.48656	1.58649	1.21205	0.92637	7.48555	4.31333	2.10718	31.58	6.0	0.00	-2.04	0.01750	0.01212	0.01533	0.01881	0.01934	0.01513	0.00553	0.01529	0.02028	0.01924	0.01355	0.01723	0.01723	0.01780	0.01390	0.00582	0.01641	0.02203
38220	0.41114	0.36047	0.28600	1.65808	1.38895	1.06080	7.82453	4.45749	2.10127	0.66778	0.52721	0.48690	1.58831	1.21294	0.92776	7.48997	4.31730	2.10936
38380	0.41466	0.36363	0.28890	1.66136	1.39170	1.06273	7.83697	4.46135	2.10614	0.67021	0.52951	0.49013	1.58862	1.21162	0.92629	7.48567	4.31491	2.10864
38550	0.41185	0.36218	0.28723	1.65895	1.38973	1.06142	7.81852	4.45807	2.10335	0.66897	0.52994	0.48957	1.58559	1.21031	0.92540	7.48287	4.31410	2.10710
38710	0.40921	0.36086	0.28895	1.65891	1.39181	1.06457	7.83452	4.46133	2.10783	0.67295	0.53243	0.49260	1.59034	1.21289	0.92788	7.48831	4.31841	2.11136
38880	0.41341	0.36341	0.28804	1.66176	1.39182	1.06372	7.82356	4.46273	2.10466	0.67112	0.53139	0.49147	1.58583	1.20954	0.92535	7.48624	4.31578	2.10887
39040	0.41165	0.35920	0.28503	1.65819	1.38811	1.05975	7.82198	4.45868	2.10095	0.66775	0.52798	0.48688	1.58889	1.21206	0.92761	7.48908	4.31994	2.11276
39210	0.41394	0.36354	0.29010	1.66202	1.39130	1.06398	7.83621	4.45951	2.10346	0.67235	0.53128	0.49035	1.58706	1.21046	0.92430	7.48518	4.31581	2.10984
39370	0.41234	0.36049	0.28732	1.65907	1.38972	1.06141	7.82504	4.45688	2.10357	0.67012	0.52912	0.48889	1.58455	1.20822	0.92351	7.48571	4.31448	2.10748
39540	0.41261	0.36262	0.28961	1.66096	1.39159	1.06547	7.83503	4.46019	2.10494	0.67373	0.53238	0.49153	1.58676	1.21251	0.92701	7.48871	4.31739	2.11215
39710	0.41227	0.36206	0.28811	1.65965	1.39110	1.06214	7.82324	4.45795	2.10253	0.67152	0.53094	0.49034	1.58693	1.20909	0.92303	7.48493	4.31593	2.10931	31.58	6.1	0.00	-2.04	0.01750	0.01212	0.01533	0.01881	0.01934	0.01513	0.00553	0.01529	0.02028	0.01924	0.01355	0.01723	0.01723	0.01780	0.01390	0.00582	0.01641	0.02203
39870	0.41097	0.36055	0.28800	1.65710	1.38736	1.05910	7.82299	4.45487	2.09990	0.66884	0.52893	0.48818	1.58719	1.21122	0.92719	7.48558	4.31701	2.11079
40040	0.41444	0.36435	0.29048	1.66028	1.38962	1.06131	7.82824	4.45912	2.10307	0.67043	0.53061	0.49013	1.58743	1.20926	0.92542	7.48452	4.31524	2.10920
40200	0.41408	0.36232	0.28857	1.66032	1.38918	1.06085	7.82753	4.45886	2.10310	0.67031	0.53148	0.49032	1.58555	1.20928	0.92432	7.48384	4.31439	2.10751
40370	0.41394	0.36375	0.29096	1.66192	1.39392	1.06524	7.82916	4.46038	2.10659	0.67517	0.53336	0.49229	1.59052	1.21340	0.92850	7.48785	4.31911	2.11137
40530	0.41281	0.36211	0.29132	1.66235	1.39195	1.06426	7.82355	4.45978	2.10524	0.67224	0.53175	0.49050	1.58673	1.20903	0.92424	7.48793	4.31687	2.10942
40700	0.41034	0.35933	0.28621	1.65842	1.38971	1.06159	7.82579	4.45773	2.10036	0.67050	0.52888	0.48900	1.58408	1.20921	0.92318	7.48104	4.31417	2.10721
40860	0.40976	0.35921	0.28786	1.65849	1.39001	1.06303	7.81458	4.45795	2.10131	0.67074	0.52984	0.48952	1.58649	1.20926	0.92634	7.48619	4.31572	2.10887
41030	0.41055	0.36124	0.28738	1.65806	1.38857	1.06093	7.82508	4.45549	2.10102	0.66934	0.53000	0.48800	1.58644	1.20981	0.92682	7.48887	4.31820	2.11123
41190	0.41420	0.36038	0.28905	1.66111	1.39097	1.06200	7.82487	4.45958	2.10285	0.67127	0.52979	0.48934	1.58818	1.21147	0.92647	7.48574	4.31677	2.11073
41360	0.41105	0.36196	0.28973	1.66099	1.39141	1.06258	7.82428	4.45928	2.10173	0.67260	0.53056	0.48990	1.58669	1.21003	0.92301	7.48353	4.31445	2.10946	31.58	6.0	0.00	-2.04	0.01750	0.01212	0.01533	0.01881	0.01934	0.01513	0.00552	0.01529	0.02029	0.01924	0.01355	0.01723	0.01723	0.01780	0.01390	0.00582	0.01641	0.02203
41530	0.41195	0.36156	0.29148	1.66239	1.39348	1.06366	7.82887	4.45879	2.10800	0.67307	0.53311	0.49464	1.58671	1.21090	0.92794	7.48556	4.31791	2.10973
41690	0.41195	0.36005	0.28953	1.66069	1.39055	1.06165	7.82367	4.45689	2.10421	0.67183	0.53151	0.49084	1.58563	1.20950	0.92436	7.48410	4.31620	2.10955
41860	0.41182	0.35998	0.28851	1.65914	1.38977	1.06039	7.81298	4.45706	2.10118	0.66894	0.52907	0.48937	1.58743	1.21203	0.92953	7.48787	4.31973	2.11267
42020	0.41344	0.36301	0.29062	1.66219	1.39224	1.06423	7.81099	4.45949	2.10416	0.67221	0.53205	0.49138	1.58746	1.21186	0.92863	7.48528	4.31897	2.11230
42190	0.41240	0.36066	0.28866	1.66104	1.39186	1.06279	7.81944	4.45727	2.10308	0.67197	0.53182	0.49107	1.58759	1.21130	0.92714	7.48605	4.31831	2.11036
42360	0.41184	0.36351	0.28959	1.66014	1.39153	1.06295	7.81165	4.45838	2.10348	0.67214	0.53094	0.49042	1.58467	1.21163	0.92504	7.48580	4.31674	2.11042
42520	0.41438	0.36315	0.29145	1.66274	1.39284	1.06505	7.82372	4.46186	2.10572	0.67385	0.53416	0.49288	1.58915	1.21188	0.92673	7.48836	4.31923	2.11192
42690	0.41303	0.36218	0.28939	1.66153	1.39215	1.06282	7.82510	4.45739	2.10231	0.67135	0.53107	0.49036	1.58591	1.20981	0.92581	7.48426	4.31673	2.10959
42850	0.41186	0.36024	0.28639	1.65787	1.38766	1.05870	7.80626	4.45686	2.09900	0.66849	0.52876	0.48846	1.58411	1.20887	0.92577	7.48187	4.31590	2.10983
43020	0.41226	0.36278	0.28806	1.66210	1.39235	1.06378	7.82381	4.45772	2.10288	0.67156	0.53123	0.49070	1.58655	1.20938	0.92769	7.48531	4.31715	2.11108	31.53	6.2	0.00	-2.04	0.01750	0.01212	0.01533	0.01881	0.01934	0.01513	0.00552	0.01529	0.02028	0.01924	0.01355	0.01723	0.01723	0.01780	0.01390	0.00582	0.01641	0.02203
43180	0.41101	0.36186	0.28907	1.66166	1.39123	1.06156	7.81515	4.45819	2.10217	0.67236	0.53103	0.49122	1.58833	1.21490	0.93021	7.48965	4.32162	2.11456
43350	0.41556	0.36470	0.29251	1.66642	1.39595	1.06717	7.83677	4.46274	2.10525	0.67407	0.53405	0.49380	1.58828	1.21133	0.92715	7.48807	4.31961	2.11182
43510	0.41508	0.36124	0.28956	1.66402	1.39418	1.06488	7.83416	4.45864	2.10401	0.67163	0.53106	0.49156	1.58529	1.20951	0.92413	7.48344	4.31790	2.10934
43680	0.41203	0.36156	0.28799	1.65971	1.39134	1.06286	7.82300	4.45894	2.10166	0.67179	0.53065	0.48996	1.58555	1.21083	0.92459	7.48506	4.31572	2.11020
43840	0.41112	0.36136	0.29005	1.66142	1.39192	1.06299	7.82351	4.45811	2.10354	0.67259	0.53263	0.49161	1.58872	1.20948	0.92611	7.48190	4.31599	2.11014
44010	0.41057	0.35838	0.28788	1.65983	1.38912	1.06090	7.81907	4.45539	2.10090	0.67132	0.52953	0.48879	1.58725	1.21361	0.93022	7.48494	4.32098	2.11365
44180	0.41432	0.36409	0.29102	1.66388	1.39321	1.06486	7.81928	4.45835	2.10585	0.67372	0.53246	0.49146	1.58747	1.21230	0.92686	7.48933	4.31893	2.11288
44340	0.41168	0.36264	0.28835	1.66177	1.39189	1.06273	7.83212	4.45683	2.10403	0.67187	0.53149	0.49224	1.58532	1.21146	0.92652	7.48511	4.31740	2.11033
44510	0.41256	0.36312	0.28991	1.66090	1.39238	1.06391	7.82361	4.45885	2.10516	0.67073	0.53023	0.49173	1.58647	1.21026	0.92308	7.48604	4.31669	2.10783
44670	0.41332	0.36373	0.29220	1.66209	1.39524	1.06790	7.82844	4.46203	2.10688	0.67422	0.53394	0.49355	1.58822	1.21359	0.92773	7.48912	4.32064	2.11293	31.58	6.0	0.00	-2.04	0.01750	0.01212	0.01533	0.01881	0.01934	0.01513	0.00552	0.01529	0.02028	0.01924	0.01355	0.01723	0.01723	0.01780	0.01390	0.00582	0.01641	0.02204
44840	0.41260	0.36171	0.28953	1.66125	1.39257	1.06370	7.82579	4.46214	2.10531	0.67401	0.53262	0.49288	1.58718	1.21213	0.92331	7.48498	4.31865	2.11125
45010	0.41021	0.35989	0.28730	1.65997	1.38884	1.06133	7.82971	4.45562	2.10165	0.67050	0.53024	0.48940	1.58507	1.21072	0.92499	7.48534	4.31517	2.11028
45170	0.41241	0.36183	0.28899	1.65967	1.39122	1.06230	7.82920	4.45954	2.10226	0.67244	0.53122	0.49171	1.58835	1.21243	0.92785	7.48607	4.31831	2.11159
45340	0.41523	0.36245	0.29004	1.66275	1.39227	1.06413	7.82808	4.46109	2.10304	0.67252	0.53231	0.49209	1.58791	1.21406	0.92916	7.48595	4.31749	2.11144
45500	0.41392	0.36167	0.28979	1.66148	1.39230	1.06360	7.82900	4.45840	2.10324	0.67177	0.53074	0.49135	1.59089	1.21494	0.93096	7.48936	4.32192	2.11444
45670	0.41457	0.36351	0.29045	1.66387	1.39419	1.06568	7.82217	4.46567	2.10771	0.67428	0.53459	0.49320	1.58969	1.21270	0.92873	7.48668	4.31955	2.11252
45830	0.41396	0.36253	0.28934	1.66294	1.39257	1.06439	7.82828	4.45934	2.10481	0.67325	0.53134	0.49079	1.58738	1.21213	0.92781	7.48766	4.31765	2.11096
46000	0.41158	0.36070	0.28840	1.66055	1.39126	1.06301	7.83287	4.45816	2.10370	0.67282	0.53228	0.49053	1.58616	1.20956	0.92635	7.48490	4.31584	2.11011
46170	0.41328	0.36303	0.29087	1.66208	1.39170	1.06374	7.83236	4.46105	2.10544	0.67432	0.53375	0.49290	1.58908	1.20867	0.92762	7.48725	4.31781	2.11151
46330	0.41342	0.36123	0.28958	1.66225	1.39207	1.06366	7.82998	4.46068	2.10573	0.67277	0.53298	0.49275	1.58577	1.20893	0.92580	7.48759	4.31787	2.11036	31.58	6.1	0.00	-2.04	0.01750	0.01212	0.01532	0.01881	0.01934	0.01513	0.00553	0.01529	0.02028	0.01924	0.01355	0.01723	0.01723	0.01780	0.01390	0.00582	0.01641	0.02204
46500	0.41191	0.35922	0.28870	1.66006	1.39167	1.06301	7.81475	4.45833	2.10207	0.67135	0.53076	0.49032	1.58680	1.21117	0.92727	7.49190	4.32124	2.11417
46660	0.41350	0.36110	0.28819	1.66259	1.39323	1.06503	7.82897	4.45825	2.10316	0.67371	0.53292	0.49218	1.58627	1.21213	0.92786	7.48975	4.31866	2.11255
46830	0.41299	0.36116	0.28736	1.66272	1.39436	1.06556	7.82800	4.45770	2.10292	0.67392	0.53362	0.49362	1.58446	1.20920	0.92615	7.48747	4.31767	2.11019
46990	0.41477	0.36261	0.29223	1.66630	1.39753	1.06923	7.83146	4.46407	2.10800	0.67664	0.53604	0.49607	1.59072	1.21189	0.92976	7.49100	4.32224	2.11462
47160	0.41422	0.36281	0.29057	1.66667	1.39672	1.06794	7.83162	4.46114	2.10651	0.67452	0.53483	0.49452	1.58823	1.21195	0.92952	7.48954	4.31985	2.11351
47320	0.41175	0.35846	0.28900	1.66105	1.39267	1.06438	7.82886	4.45601	2.10024	0.67200	0.53174	0.49086	1.58408	1.20820	0.92344	7.48593	4.31762	2.11119
47490	0.40989	0.35987	0.28693	1.66094	1.39131	1.06437	7.82611	4.45613	2.10314	0.67350	0.53184	0.49159	1.58614	1.21097	0.92610	7.48958	4.31952	2.11262
47660	0.41097	0.36074	0.28673	1.66318	1.39314	1.06479	7.83121	4.45939	2.10269	0.67357	0.53262	0.49237	1.58888	1.21337	0.92995	7.49243	4.32155	2.11543
47820	0.41364	0.36289	0.28970	1.66613	1.39605	1.06690	7.82789	4.46031	2.10522	0.67593	0.53506	0.49410	1.58805	1.21044	0.92684	7.48820	4.31877	2.11273
47990	0.41270	0.36155	0.28729	1.66241	1.39357	1.06580	7.81849	4.45962	2.10409	0.67440	0.53415	0.49376	1.58528	1.21058	0.92610	7.48721	4.31793	2.11161	31.58	5.9	0.00	-2.04	0.01750	0.01212	0.01532	0.01881	0.01934	0.01513	0.00552	0.01529	0.02028	0.01924	0.01355	0.01723	0.01723	0.01780	0.01390	0.00582	0.01641	0.02204
48150	0.41250	0.36378	0.29189	1.66154	1.39459	1.06740	7.82242	4.46386	2.10685	0.67684	0.53608	0.49591	1.58939	1.21375	0.93020	7.48984	4.32139	2.11454
48320	0.41352	0.36385	0.29048	1.66501	1.39465	1.06628	7.83297	4.46271	2.10518	0.67342	0.53359	0.49401	1.58586	1.21048	0.92560	7.48733	4.31785	2.11119
48480	0.41045	0.36047	0.28760	1.66143	1.39111	1.06194	7.81916	4.45447	2.10186	0.66996	0.53044	0.49143	1.58926	1.21205	0.92845	7.49037	4.32207	2.11589
48650	0.41637	0.36266	0.28981	1.66528	1.39579	1.06651	7.82262	4.46179	2.10371	0.67421	0.53382	0.49427	1.58640	1.21086	0.92545	7.48899	4.31861	2.11175
48810	0.41292	0.35978	0.28976	1.66324	1.39385	1.06438	7.83001	4.46061	2.10375	0.67275	0.53237	0.49281	1.58382	1.20982	0.92586	7.48534	4.31719	2.10946
48980	0.41261	0.36181	0.29143	1.66334	1.39542	1.06714	7.83853	4.46095	2.10749	0.67534	0.53463	0.49449	1.58814	1.21206	0.92807	7.48980	4.31977	2.11240
49140	0.41156	0.35952	0.28792	1.66267	1.39298	1.06378	7.82777	4.45852	2.10132	0.67223	0.53221	0.49240	1.58860	1.21357	0.92854	7.48915	4.31987	2.11490
49310	0.41429	0.36149	0.29022	1.66431	1.39530	1.06586	7.82711	4.46116	2.10497	0.67416	0.53451	0.49392	1.58710	1.21014	0.92551	7.48599	4.31845	2.11085
49470	0.41072	0.35880	0.28810	1.66287	1.39366	1.06496	7.83527	4.45838	2.10354	0.67348	0.53270	0.49356	1.58541	1.20783	0.92270	7.48526	4.31696	2.11009
49640	0.41277	0.36100	0.29048	1.66432	1.39675	1.06892	7.83572	4.46454	2.10676	0.67570	0.53527	0.49555	1.59043	1.21120	0.92746	7.48772	4.32019	2.11371	31.53	6.1	0.00	-2.04	0.01750	0.01212	0.01532	0.01881	0.01934	0.01513	0.00552	0.01529	0.02028	0.01923	0.01355	0.01723	0.01723	0.01780	0.01390	0.00582	0.01641	0.02204
49810	0.41253	0.36118	0.28672	1.66377	1.39418	1.06528	7.83327	4.45817	2.10435	0.67373	0.53440	0.49347	1.58629	1.20819	0.92480	7.48598	4.31648	2.11029
49970	0.41012	0.35661	0.28732	1.66030	1.39139	1.06353	7.81502	4.45519	2.10274	0.67186	0.53175	0.49053	1.58666	1.20934	0.92852	7.48772	4.31873	2.11268
50140	0.41249	0.36023	0.28911	1.66223	1.39343	1.06649	7.83174	4.46230	2.10324	0.67482	0.53405	0.49274	1.58723	1.21133	0.92790	7.48837	4.32014	2.11356
50300	0.41286	0.35919	0.28795	1.66265	1.39291	1.06445	7.82812	4.46057	2.10280	0.67344	0.53167	0.49192	1.58677	1.21260	0.93013	7.48951	4.32260	2.11640
50470	0.41560	0.36573	0.28978	1.66627	1.39597	1.06748	7.83557	4.46247	2.10589	0.67473	0.53435	0.49442	1.58796	1.21074	0.92858	7.49081	4.31990	2.11359
50630	0.41345	0.36069	0.28796	1.66348	1.39487	1.06694	7.83332	4.46091	2.10382	0.67324	0.53332	0.49223	1.58493	1.21093	0.92721	7.48598	4.31991	2.11294
50800	0.41297	0.36044	0.28922	1.66210	1.39337	1.06508	7.82639	4.45902	2.10303	0.67364	0.53304	0.49394	1.58639	1.21014	0.92531	7.48586	4.31742	2.11131
50970	0.41275	0.36092	0.28872	1.66332	1.39492	1.06667	7.83491	4.45994	2.10501	0.67547	0.53518	0.49418	1.58856	1.21137	0.92440	7.48963	4.31931	2.11288
51130	0.41191	0.36055	0.28937	1.66364	1.39394	1.06504	7.83149	4.46070	2.10500	0.67381	0.53395	0.49372	1.58804	1.21244	0.93000	7.48541	4.31919	2.11256
51300	0.41154	0.35779	0.28801	1.66189	1.39295	1.06451	7.83349	4.45826	2.10188	0.67211	0.53161	0.49190	1.58611	1.21227	0.93061	7.48905	4.32265	2.11543	31.53	6.1	0.00	-2.04	0.01750	0.01212	0.01532	0.01881	0.01934	0.01513	0.00552	0.01529	0.02028	0.01923	0.01355	0.01723	0.01723	0.01780	0.01390	0.00582	0.01641	0.02204
51460	0.41358	0.36147	0.28970	1.66473	1.39607	1.06672	7.82589	4.46132	2.10362	0.67457	0.53468	0.49451	1.58845	1.21375	0.92775	7.49104	4.32202	2.11532
