WetView ver 7.1	07-19-2019	19:46:16
AC9 Absorption and Attenuation Meter
00000311		; Serial number
2	; structure version number
Reserved
0.000000	0.000000		; Depth calibration
19200			; Baud rate
0.100000			; Path length (meters)
23			; number of temperature calibration bins
				12.61517	13.44096	14.46844	15.49904	16.50682	17.50108	18.49752	19.51783	20.49177	21.49009	22.48286	23.50673	24.54012	25.54812	26.49986	27.49321	28.50960	29.48671	30.47471	31.49432	32.50437	33.48679	34.49133	; temperature bins
a650	Blue	18.61587		0.01156	0.01096	0.01010	0.00930	0.00851	0.00774	0.00661	0.00573	0.00499	0.00402	0.00285	0.00203	0.00096	0.00000	-0.00110	-0.00152	-0.00210	-0.00247	-0.00259	-0.00317	-0.00346	-0.00380	-0.00403		; offset and temperature correction info
a676	Green	18.78942		0.00964	0.00899	0.00863	0.00813	0.00730	0.00639	0.00545	0.00448	0.00385	0.00301	0.00233	0.00165	0.00046	0.00000	-0.00106	-0.00167	-0.00251	-0.00280	-0.00316	-0.00329	-0.00377	-0.00392	-0.00441		; offset and temperature correction info
a715	Brown	18.59217		0.01171	0.01109	0.01043	0.00975	0.00878	0.00789	0.00685	0.00572	0.00469	0.00356	0.00255	0.00160	0.00061	0.00000	-0.00063	-0.00113	-0.00152	-0.00183	-0.00226	-0.00293	-0.00364	-0.00404	-0.00473		; offset and temperature correction info
c510	Red	18.18396		-0.00549	-0.00480	-0.00383	-0.00272	-0.00202	-0.00118	-0.00044	-0.00038	-0.00015	-0.00021	0.00013	0.00007	-0.00007	0.00000	-0.00007	-0.00065	-0.00045	-0.00018	0.00007	0.00039	-0.00001	-0.00002	-0.00045		; offset and temperature correction info
c532	Magenta	18.26528		-0.00721	-0.00645	-0.00581	-0.00518	-0.00465	-0.00345	-0.00281	-0.00270	-0.00182	-0.00141	-0.00108	-0.00072	-0.00022	0.00000	0.00044	0.00030	0.00031	-0.00006	-0.00052	-0.00089	-0.00142	-0.00149	-0.00154		; offset and temperature correction info
c555	Black	18.37125		-0.00430	-0.00419	-0.00381	-0.00319	-0.00286	-0.00254	-0.00205	-0.00196	-0.00138	-0.00137	-0.00067	-0.00051	-0.00030	0.00000	0.00067	0.00087	0.00057	0.00027	-0.00015	-0.00089	-0.00127	-0.00137	-0.00150		; offset and temperature correction info
a412	LtBlue	15.33566		-0.06011	-0.05567	-0.05012	-0.04441	-0.03922	-0.03412	-0.02941	-0.02503	-0.02049	-0.01588	-0.01121	-0.00784	-0.00311	0.00000	0.00273	0.00611	0.00757	0.00871	0.01066	0.01299	0.01539	0.01781	0.02175		; offset and temperature correction info
a440	LtGreen	16.05925		-0.01380	-0.01214	-0.01039	-0.00858	-0.00690	-0.00532	-0.00426	-0.00322	-0.00230	-0.00158	-0.00055	0.00006	0.00001	0.00000	0.00017	0.00016	-0.00094	-0.00222	-0.00363	-0.00486	-0.00567	-0.00651	-0.00782		; offset and temperature correction info
a488	Yellow	16.82827		0.00255	0.00293	0.00331	0.00354	0.00373	0.00378	0.00363	0.00350	0.00291	0.00225	0.00215	0.00142	0.00099	0.00000	-0.00092	-0.00169	-0.00295	-0.00396	-0.00479	-0.00542	-0.00582	-0.00604	-0.00663		; offset and temperature correction info
c650	Blue	18.49287		-0.00570	-0.00516	-0.00456	-0.00403	-0.00346	-0.00232	-0.00132	-0.00122	-0.00073	-0.00066	-0.00035	-0.00016	0.00003	0.00000	0.00044	0.00078	0.00108	0.00057	0.00040	-0.00042	-0.00033	-0.00029	-0.00034		; offset and temperature correction info
c676	Green	18.50570		0.00299	0.00293	0.00287	0.00293	0.00278	0.00294	0.00317	0.00251	0.00243	0.00215	0.00139	0.00123	0.00068	0.00000	-0.00041	-0.00106	-0.00205	-0.00268	-0.00325	-0.00413	-0.00495	-0.00610	-0.00674		; offset and temperature correction info
c715	Brown	17.88888		0.00826	0.00812	0.00773	0.00790	0.00766	0.00758	0.00753	0.00650	0.00571	0.00461	0.00359	0.00222	0.00101	0.00000	-0.00146	-0.00284	-0.00385	-0.00448	-0.00463	-0.00513	-0.00623	-0.00715	-0.00838		; offset and temperature correction info
a510	Red	17.18050		0.00353	0.00364	0.00354	0.00361	0.00381	0.00381	0.00356	0.00332	0.00277	0.00229	0.00176	0.00116	0.00036	0.00000	-0.00014	-0.00069	-0.00088	-0.00147	-0.00150	-0.00129	-0.00120	-0.00134	-0.00091		; offset and temperature correction info
a532	Magenta	17.40228		0.00550	0.00548	0.00526	0.00479	0.00464	0.00422	0.00393	0.00328	0.00253	0.00212	0.00136	0.00085	0.00039	0.00000	-0.00059	-0.00146	-0.00188	-0.00262	-0.00330	-0.00393	-0.00491	-0.00540	-0.00605		; offset and temperature correction info
a555	Black	17.72308		0.00849	0.00832	0.00800	0.00760	0.00724	0.00655	0.00580	0.00495	0.00435	0.00347	0.00252	0.00153	0.00049	0.00000	-0.00050	-0.00155	-0.00214	-0.00306	-0.00350	-0.00411	-0.00470	-0.00539	-0.00570		; offset and temperature correction info
c412	LtBlue	16.72802		-0.05949	-0.05458	-0.04744	-0.04134	-0.03547	-0.03064	-0.02511	-0.02047	-0.01574	-0.01163	-0.00761	-0.00442	-0.00204	0.00000	0.00100	0.00051	-0.00043	-0.00239	-0.00475	-0.00629	-0.00827	-0.00955	-0.01337		; offset and temperature correction info
c440	LtGreen	17.42637		-0.02723	-0.02503	-0.02216	-0.01930	-0.01691	-0.01394	-0.01125	-0.00926	-0.00732	-0.00582	-0.00401	-0.00226	-0.00093	0.00000	0.00082	0.00123	0.00133	0.00097	0.00038	-0.00003	-0.00022	-0.00023	-0.00125		; offset and temperature correction info
c488	Yellow	18.03666		-0.00640	-0.00554	-0.00465	-0.00357	-0.00276	-0.00154	-0.00067	-0.00031	-0.00014	-0.00012	0.00046	0.00032	0.00020	0.00000	0.00001	-0.00024	-0.00060	-0.00084	-0.00126	-0.00180	-0.00276	-0.00304	-0.00427		; offset and temperature correction info
0.003500	0.004000	0.015000	0.020000	0.015000	0.020000	2500.000000	2000.000000	1000.000000	; maxANoise	maxCNoise	maxADifference	maxCDifference	minACounts	minCCounts	minRCounts	maxTempSdev	maxDepthSdev
0			; auxilliary capabilities
1			; acquisition binsize
0	1.73809	1.68898	1.54157	5.81783	5.79967	5.71953	7.23651	5.02861	3.30648	5.51562	5.53801	4.93910	2.86757	2.52411	2.25678	5.31313	5.52261	5.69628	32.69	6.1	0.00	-2.04	0.01734	0.01200	0.01518	0.01847	0.01905	0.01489	0.00545	0.01513	0.02007	0.01879	0.01308	0.01670	0.01706	0.01764	0.01378	0.00577	0.01626	0.02170
160	1.73815	1.69014	1.54068	5.82155	5.80348	5.72253	7.23695	5.02599	3.31209	5.51961	5.54210	4.94300	2.86823	2.52805	2.25855	5.31655	5.52476	5.69683
330	1.74105	1.69056	1.54406	5.82088	5.80303	5.72259	7.24240	5.03012	3.31167	5.51861	5.54029	4.94199	2.87209	2.52709	2.26044	5.31688	5.52774	5.69942
490	1.74217	1.69225	1.54407	5.82389	5.80506	5.72441	7.24523	5.03184	3.31369	5.52108	5.54318	4.94361	2.87080	2.52724	2.25535	5.31576	5.52443	5.69759
650	1.73969	1.69302	1.54509	5.82042	5.80563	5.72556	7.25542	5.03295	3.31563	5.52190	5.54444	4.94503	2.87245	2.52735	2.25716	5.31886	5.52602	5.69917
820	1.74098	1.69166	1.54351	5.82142	5.80350	5.72225	7.23850	5.02786	3.31125	5.51903	5.54186	4.94289	2.87274	2.52623	2.25838	5.31747	5.52776	5.69954
980	1.74370	1.69233	1.54550	5.82401	5.80591	5.72460	7.24922	5.03003	3.31407	5.52095	5.54277	4.94419	2.87204	2.52462	2.25592	5.31925	5.52561	5.69755
1150	1.74068	1.68994	1.54280	5.82278	5.80618	5.72437	7.25459	5.02943	3.31542	5.52080	5.54245	4.94359	2.87096	2.52397	2.25439	5.31494	5.52404	5.69713
1310	1.73944	1.69181	1.54345	5.82051	5.80247	5.72155	7.23490	5.02495	3.31001	5.51649	5.54012	4.94065	2.86930	2.52209	2.25110	5.31174	5.51951	5.69313
1470	1.73984	1.69037	1.54411	5.81990	5.80366	5.72407	7.24610	5.02892	3.31451	5.52066	5.54235	4.94292	2.87222	2.52503	2.25527	5.31655	5.52354	5.69599
1640	1.73962	1.68866	1.54044	5.82035	5.80075	5.72031	7.24674	5.02567	3.30810	5.51731	5.53881	4.93947	2.86910	2.52056	2.25441	5.31169	5.51968	5.69325	32.75	5.9	0.00	-2.04	0.01734	0.01200	0.01518	0.01847	0.01905	0.01489	0.00545	0.01513	0.02007	0.01879	0.01308	0.01670	0.01706	0.01764	0.01378	0.00577	0.01626	0.02170
1800	1.73924	1.69206	1.54593	5.82096	5.80480	5.72624	7.24986	5.03440	3.31654	5.52085	5.54404	4.94296	2.87308	2.52671	2.25712	5.31686	5.52660	5.69865
1960	1.74022	1.69048	1.54278	5.82134	5.80265	5.72244	7.22945	5.02595	3.31316	5.51765	5.53964	4.94058	2.86953	2.52322	2.25510	5.31528	5.52405	5.69706
2130	1.74039	1.69048	1.54057	5.81980	5.80270	5.72111	7.24352	5.02992	3.31056	5.51762	5.53928	4.94061	2.87062	2.52550	2.25381	5.31242	5.52161	5.69510
2290	1.73709	1.68693	1.54057	5.81744	5.79909	5.71827	7.23719	5.02353	3.30969	5.51566	5.53584	4.93881	2.87060	2.52740	2.26030	5.31159	5.52496	5.69803
2460	1.74100	1.69407	1.54491	5.82081	5.80244	5.72168	7.23904	5.03618	3.31454	5.51895	5.54104	4.94153	2.87067	2.52711	2.25445	5.31064	5.52121	5.69454
2620	1.74104	1.69339	1.54524	5.82079	5.80348	5.72284	7.25030	5.03342	3.31583	5.52094	5.54261	4.94337	2.87343	2.52651	2.25928	5.31574	5.52369	5.69655
2790	1.74170	1.69225	1.54369	5.81950	5.80171	5.72062	7.23826	5.03042	3.31157	5.51716	5.53863	4.93933	2.87430	2.52675	2.25824	5.31838	5.52519	5.69762
2950	1.74126	1.69364	1.54339	5.82098	5.80236	5.72250	7.25118	5.03306	3.31447	5.51906	5.54014	4.94095	2.86973	2.52386	2.25666	5.30991	5.52076	5.69448
3110	1.74058	1.69233	1.54642	5.81976	5.80271	5.72184	7.24401	5.03464	3.31675	5.52019	5.54262	4.94311	2.87365	2.52645	2.25781	5.31637	5.52371	5.69533
3280	1.74033	1.68951	1.54154	5.81875	5.80028	5.71945	7.23339	5.02615	3.31411	5.51579	5.53981	4.94117	2.87026	2.52565	2.25576	5.31396	5.52246	5.69489	32.75	6.1	0.00	-2.04	0.01734	0.01200	0.01518	0.01847	0.01905	0.01489	0.00545	0.01512	0.02007	0.01879	0.01308	0.01670	0.01706	0.01764	0.01378	0.00577	0.01626	0.02170
3440	1.74105	1.69196	1.54382	5.81937	5.80155	5.72035	7.23369	5.02759	3.31116	5.51699	5.53974	4.94084	2.87205	2.52707	2.25791	5.31508	5.52462	5.69679
3610	1.74289	1.69234	1.54590	5.82182	5.80363	5.72347	7.24153	5.03508	3.31402	5.51770	5.53993	4.94170	2.87185	2.52547	2.25719	5.31103	5.52113	5.69428
3770	1.74093	1.69155	1.54410	5.81829	5.80288	5.72328	7.23709	5.03525	3.31614	5.51953	5.54209	4.94238	2.87369	2.52768	2.25882	5.31624	5.52422	5.69672
3940	1.73993	1.69185	1.54360	5.81922	5.80210	5.72138	7.25098	5.02980	3.31414	5.51732	5.53846	4.94006	2.87440	2.52927	2.26181	5.31601	5.52653	5.69852
4100	1.74233	1.69469	1.54584	5.82199	5.80353	5.72348	7.25050	5.03244	3.31422	5.51967	5.54115	4.94241	2.87238	2.52608	2.25654	5.31377	5.52435	5.69616
4270	1.74157	1.69259	1.54731	5.82066	5.80435	5.72296	7.25089	5.03472	3.31618	5.51889	5.54072	4.94230	2.87407	2.52752	2.25886	5.31426	5.52425	5.69647
4430	1.74054	1.69283	1.54413	5.81873	5.80050	5.72031	7.24304	5.02861	3.31367	5.51725	5.53882	4.93977	2.87100	2.52466	2.25743	5.31228	5.52268	5.69532
4590	1.73962	1.69058	1.54062	5.81852	5.80047	5.72038	7.23933	5.02621	3.31005	5.51563	5.53811	4.93743	2.86935	2.52221	2.25449	5.31051	5.51994	5.69420
4760	1.73807	1.69021	1.54236	5.81642	5.79731	5.71721	7.23656	5.02325	3.30999	5.51465	5.53700	4.93673	2.87032	2.52651	2.25968	5.31475	5.52316	5.69693
4920	1.74218	1.69376	1.54344	5.81956	5.80205	5.72063	7.23952	5.03076	3.31133	5.51658	5.53762	4.94007	2.86855	2.52268	2.25662	5.31078	5.52041	5.69337	32.69	6.0	0.00	-2.04	0.01734	0.01200	0.01518	0.01847	0.01905	0.01489	0.00545	0.01512	0.02007	0.01879	0.01308	0.01670	0.01706	0.01764	0.01378	0.00577	0.01626	0.02170
5090	1.73863	1.69239	1.54372	5.81931	5.80245	5.72265	7.23582	5.03150	3.31271	5.51811	5.54027	4.94090	2.87176	2.52475	2.25550	5.31354	5.52151	5.69526
5250	1.73947	1.69160	1.54232	5.81759	5.79906	5.71844	7.23616	5.02644	3.30859	5.51536	5.53849	4.93892	2.87189	2.52761	2.25777	5.31400	5.52337	5.69747
5420	1.74043	1.69122	1.54355	5.81863	5.80017	5.72033	7.24649	5.02967	3.31157	5.51669	5.53853	4.94056	2.86896	2.52288	2.25730	5.31094	5.51930	5.69312
5580	1.74031	1.69301	1.54631	5.81941	5.80288	5.72287	7.24434	5.03455	3.31376	5.51857	5.54121	4.94144	2.87170	2.52578	2.25903	5.31414	5.52429	5.69641
5750	1.73900	1.69153	1.54236	5.81811	5.80056	5.71998	7.24922	5.02765	3.31210	5.51617	5.53735	4.93841	2.87107	2.52676	2.25956	5.31522	5.52481	5.69666
5910	1.74032	1.69039	1.54560	5.81920	5.80101	5.72154	7.24742	5.02888	3.31180	5.51666	5.53875	4.93934	2.86852	2.52259	2.25527	5.31180	5.52073	5.69343
6070	1.73940	1.68917	1.54661	5.81904	5.80280	5.72274	7.25312	5.03095	3.31384	5.51861	5.54048	4.94046	2.87084	2.52525	2.25540	5.31394	5.52222	5.69519
6240	1.73970	1.69138	1.54432	5.81780	5.79943	5.71958	7.23694	5.02682	3.31203	5.51474	5.53704	4.93729	2.86745	2.52379	2.25378	5.31002	5.51914	5.69345
6400	1.73612	1.69030	1.54248	5.81638	5.79909	5.71849	7.24030	5.02805	3.30842	5.51524	5.53755	4.93748	2.86972	2.52330	2.25688	5.31028	5.52102	5.69459
6570	1.73882	1.68930	1.54224	5.81690	5.79993	5.71989	7.24077	5.02877	3.30978	5.51502	5.53753	4.93758	2.86875	2.52322	2.25376	5.31067	5.52057	5.69421	32.69	6.1	0.00	-2.04	0.01734	0.01200	0.01518	0.01847	0.01905	0.01489	0.00545	0.01512	0.02007	0.01879	0.01308	0.01670	0.01706	0.01764	0.01378	0.00577	0.01626	0.02170
6730	1.74011	1.68970	1.54294	5.81768	5.80015	5.71908	7.24013	5.03077	3.31099	5.51598	5.53680	4.93838	2.86853	2.52488	2.25585	5.31047	5.52021	5.69423
6900	1.73739	1.69063	1.54311	5.81703	5.79970	5.72032	7.23687	5.02806	3.31104	5.51502	5.53655	4.93734	2.86979	2.52260	2.25605	5.31080	5.52104	5.69395
7060	1.73744	1.69116	1.54272	5.81730	5.79991	5.71952	7.24540	5.02767	3.31178	5.51503	5.53657	4.93724	2.86810	2.52270	2.25592	5.30935	5.51939	5.69284
7230	1.73906	1.69136	1.54328	5.81750	5.80054	5.72007	7.24510	5.03250	3.31273	5.51601	5.53729	4.93810	2.87044	2.52471	2.25417	5.31186	5.52134	5.69387
7390	1.73830	1.68809	1.54002	5.81570	5.79794	5.71743	7.24647	5.02503	3.30869	5.51309	5.53514	4.93545	2.86773	2.52290	2.25655	5.31354	5.52219	5.69526
7560	1.73770	1.68941	1.54388	5.81735	5.79994	5.71921	7.24028	5.02742	3.31124	5.51546	5.53670	4.93778	2.86633	2.52104	2.25175	5.31070	5.51979	5.69164
7720	1.73926	1.69002	1.54478	5.81901	5.80241	5.72176	7.23901	5.02779	3.31167	5.51737	5.53867	4.94003	2.86837	2.52283	2.25527	5.31360	5.52327	5.69478
7890	1.73751	1.68960	1.54186	5.81825	5.80047	5.71982	7.23492	5.02512	3.30711	5.51462	5.53613	4.93677	2.86681	2.52190	2.25305	5.31298	5.52141	5.69423
8050	1.73759	1.68906	1.54099	5.81650	5.79949	5.71879	7.23916	5.02852	3.30909	5.51454	5.53677	4.93713	2.86717	2.52393	2.25327	5.31133	5.52297	5.69346
8220	1.73970	1.68933	1.54046	5.81787	5.80006	5.71989	7.24332	5.02706	3.30830	5.51365	5.53615	4.93748	2.86532	2.52144	2.25466	5.31182	5.52033	5.69289	32.69	6.0	0.00	-2.04	0.01734	0.01200	0.01518	0.01847	0.01905	0.01489	0.00545	0.01512	0.02007	0.01879	0.01308	0.01670	0.01706	0.01764	0.01378	0.00577	0.01626	0.02170
8380	1.73707	1.69152	1.54470	5.81719	5.80003	5.71963	7.25390	5.02952	3.31188	5.51542	5.53762	4.93806	2.86749	2.52441	2.25301	5.31113	5.52089	5.69332
8550	1.73752	1.68767	1.54207	5.81588	5.79784	5.71635	7.23465	5.02361	3.30925	5.51332	5.53517	4.93469	2.86768	2.52430	2.25558	5.31192	5.52269	5.69433
8710	1.73899	1.68922	1.54168	5.81812	5.79988	5.71965	7.24337	5.02773	3.30906	5.51548	5.53714	4.93764	2.86750	2.52331	2.25600	5.31109	5.52012	5.69314
8880	1.73970	1.69024	1.54265	5.81945	5.80223	5.72111	7.24708	5.03196	3.31279	5.51698	5.53877	4.93888	2.87145	2.52411	2.25705	5.31482	5.52174	5.69478
9040	1.73845	1.68905	1.54105	5.81673	5.79939	5.71821	7.23606	5.02817	3.31021	5.51447	5.53590	4.93794	2.86924	2.52420	2.25647	5.31162	5.51838	5.69160
9200	1.73765	1.68837	1.54119	5.81633	5.79758	5.71696	7.23139	5.02855	3.30983	5.51281	5.53507	4.93562	2.87190	2.52655	2.25926	5.31297	5.52312	5.69631
9370	1.74169	1.69291	1.54515	5.82010	5.80173	5.72123	7.24337	5.03307	3.31201	5.51539	5.53721	4.93774	2.86968	2.52433	2.25581	5.31195	5.52159	5.69346
9530	1.73829	1.68963	1.54310	5.81650	5.79940	5.71902	7.24162	5.03241	3.31018	5.51438	5.53695	4.93712	2.86991	2.52394	2.25781	5.31254	5.52022	5.69321
9700	1.73651	1.68489	1.54002	5.81524	5.79737	5.71602	7.22808	5.02565	3.31004	5.51158	5.53396	4.93327	2.86926	2.52313	2.25503	5.30951	5.51868	5.69175
9860	1.73639	1.68845	1.54151	5.81466	5.79768	5.71679	7.24693	5.02776	3.30845	5.51271	5.53460	4.93484	2.86816	2.52163	2.25867	5.31121	5.51789	5.69149	32.75	6.2	0.00	-2.04	0.01734	0.01200	0.01518	0.01847	0.01905	0.01489	0.00545	0.01513	0.02007	0.01879	0.01308	0.01670	0.01706	0.01764	0.01378	0.00577	0.01626	0.02170
10030	1.73747	1.68787	1.53984	5.81489	5.79578	5.71624	7.24449	5.02787	3.30947	5.51136	5.53355	4.93386	2.86939	2.52423	2.25890	5.31325	5.52158	5.69499
10190	1.73960	1.69078	1.54475	5.81779	5.79936	5.71956	7.24615	5.02955	3.31170	5.51478	5.53612	4.93684	2.86869	2.52316	2.25710	5.31157	5.51932	5.69213
10350	1.73984	1.69144	1.54416	5.81722	5.79950	5.72004	7.23660	5.03149	3.31458	5.51510	5.53827	4.93776	2.87162	2.52513	2.25958	5.31187	5.52036	5.69274
10520	1.73775	1.68606	1.54019	5.81573	5.79653	5.71715	7.24210	5.02863	3.30928	5.51214	5.53395	4.93490	2.87068	2.52869	2.26015	5.31342	5.52211	5.69472
10680	1.73918	1.69098	1.54376	5.81704	5.79853	5.71801	7.24420	5.03073	3.31289	5.51312	5.53622	4.93548	2.86997	2.52104	2.25418	5.30960	5.51848	5.68994
10850	1.74039	1.69144	1.54674	5.81576	5.79861	5.71778	7.23703	5.03113	3.31394	5.51367	5.53624	4.93703	2.87240	2.52374	2.25599	5.31068	5.51952	5.69121
11010	1.73908	1.68900	1.54340	5.81468	5.79705	5.71696	7.24975	5.02877	3.31407	5.51185	5.53409	4.93523	2.86999	2.52561	2.25917	5.30696	5.51857	5.69090
11180	1.73951	1.69162	1.54340	5.81512	5.79774	5.71863	7.24161	5.03306	3.31349	5.51281	5.53410	4.93399	2.86986	2.52269	2.25404	5.30887	5.51728	5.69037
11340	1.73847	1.69163	1.54307	5.81493	5.79727	5.71718	7.25244	5.02911	3.31324	5.51352	5.53474	4.93472	2.87002	2.52220	2.25760	5.30831	5.51798	5.69120
11510	1.73624	1.68965	1.54249	5.81390	5.79570	5.71566	7.24316	5.03022	3.31137	5.51257	5.53354	4.93352	2.86928	2.52386	2.25529	5.30806	5.51889	5.69177	32.69	6.1	0.00	-2.04	0.01734	0.01200	0.01518	0.01847	0.01905	0.01489	0.00545	0.01513	0.02007	0.01879	0.01308	0.01670	0.01706	0.01764	0.01378	0.00577	0.01626	0.02170
11670	1.73776	1.69061	1.54403	5.81546	5.79715	5.71727	7.24633	5.03121	3.31301	5.51278	5.53430	4.93545	2.86755	2.52299	2.25539	5.31003	5.51749	5.69030
11840	1.74039	1.69233	1.54463	5.81459	5.79793	5.71854	7.24267	5.03216	3.31313	5.51358	5.53412	4.93550	2.86801	2.52531	2.25565	5.30944	5.51806	5.69154
12000	1.73891	1.68880	1.54219	5.81331	5.79460	5.71328	7.24457	5.02557	3.30951	5.50902	5.53138	4.93222	2.86878	2.52640	2.25830	5.31026	5.51932	5.69246
12170	1.74284	1.69291	1.54609	5.81562	5.79766	5.71671	7.24555	5.03172	3.31352	5.51186	5.53323	4.93413	2.86851	2.52564	2.25906	5.31099	5.51892	5.69075
12330	1.74054	1.69202	1.54570	5.81496	5.79553	5.71648	7.25325	5.02926	3.31295	5.51207	5.53239	4.93312	2.86994	2.52380	2.25742	5.31178	5.51885	5.69177
12500	1.74030	1.69335	1.54429	5.81553	5.79770	5.71712	7.25076	5.03200	3.31574	5.51338	5.53351	4.93506	2.86876	2.52621	2.25845	5.31115	5.51767	5.68931
12660	1.74137	1.69227	1.54695	5.81293	5.79829	5.71805	7.24940	5.03628	3.31958	5.51501	5.53653	4.93730	2.87412	2.52741	2.26087	5.31365	5.52041	5.69236
12830	1.74097	1.69074	1.54515	5.81517	5.79748	5.71654	7.23955	5.02969	3.31497	5.51158	5.53282	4.93484	2.87160	2.52612	2.25824	5.31085	5.51933	5.69090
12990	1.74185	1.69214	1.54372	5.81355	5.79584	5.71717	7.23206	5.03336	3.31515	5.51126	5.53194	4.93294	2.87131	2.52467	2.25827	5.30901	5.51664	5.68978
13160	1.73917	1.69335	1.54512	5.81240	5.79578	5.71588	7.23720	5.03376	3.31752	5.51259	5.53298	4.93440	2.87083	2.52796	2.25775	5.30776	5.51786	5.68881	32.75	6.1	0.00	-2.04	0.01734	0.01200	0.01518	0.01847	0.01906	0.01489	0.00545	0.01513	0.02007	0.01879	0.01308	0.01670	0.01706	0.01764	0.01378	0.00577	0.01626	0.02170
13320	1.74154	1.69195	1.54594	5.81325	5.79633	5.71574	7.23964	5.03689	3.31562	5.51296	5.53391	4.93584	2.87352	2.52884	2.26170	5.31062	5.51721	5.68954
13490	1.74080	1.69210	1.54539	5.81185	5.79390	5.71237	7.23384	5.02612	3.30917	5.50769	5.52900	4.92931	2.87009	2.52537	2.25830	5.31043	5.51893	5.69184
13650	1.73848	1.69156	1.54371	5.81403	5.79553	5.71536	7.23886	5.03182	3.31366	5.51015	5.53242	4.93230	2.86637	2.52427	2.25470	5.30816	5.51563	5.68751
13820	1.73918	1.69120	1.54537	5.81308	5.79539	5.71370	7.23847	5.03213	3.31205	5.51258	5.53338	4.93385	2.87091	2.52726	2.25821	5.30960	5.51737	5.69202
13980	1.74136	1.69382	1.54610	5.81289	5.79320	5.71464	7.24987	5.03318	3.31263	5.50917	5.53247	4.93249	2.87562	2.52949	2.26326	5.31356	5.52048	5.69429
14150	1.74398	1.69602	1.54759	5.81607	5.79738	5.71775	7.25290	5.03372	3.31316	5.51005	5.53099	4.93138	2.86953	2.52200	2.25504	5.30832	5.51536	5.68722
14310	1.73628	1.68869	1.54339	5.81150	5.79372	5.71468	7.25397	5.03595	3.31443	5.51010	5.53306	4.93548	2.87443	2.52807	2.25984	5.30743	5.51582	5.68921
14470	1.74230	1.69383	1.54657	5.81291	5.79552	5.71521	7.24797	5.03460	3.31650	5.50960	5.53224	4.93378	2.87146	2.52358	2.25832	5.30954	5.51480	5.68702
14640	1.73946	1.69063	1.54048	5.80972	5.79178	5.71137	7.23638	5.02482	3.31148	5.50648	5.52992	4.93059	2.86908	2.52488	2.25712	5.30872	5.51681	5.68972
14810	1.73630	1.69086	1.54195	5.81368	5.79482	5.71349	7.23953	5.02606	3.30760	5.50994	5.53177	4.93445	2.87109	2.52370	2.25625	5.31045	5.51866	5.69110	32.75	6.0	0.00	-2.04	0.01733	0.01200	0.01518	0.01848	0.01906	0.01489	0.00545	0.01512	0.02006	0.01879	0.01308	0.01670	0.01705	0.01763	0.01377	0.00578	0.01626	0.02171
14970	1.73877	1.69213	1.54412	5.81572	5.79821	5.71697	7.23836	5.03097	3.31524	5.51246	5.53469	4.93773	2.87022	2.52815	2.26221	5.31097	5.51792	5.68955
15140	1.73960	1.69162	1.54636	5.81541	5.79719	5.71529	7.23826	5.02916	3.31334	5.50989	5.53115	4.93363	2.87173	2.52570	2.26361	5.31121	5.51952	5.69247
15300	1.74464	1.70040	1.55369	5.81448	5.79947	5.72378	7.27209	5.05099	3.33073	5.51939	5.54206	4.94541	2.88877	2.54187	2.27157	5.31377	5.52294	5.69754
15470	1.75159	1.70407	1.55605	5.81582	5.79705	5.72211	7.26662	5.05348	3.33371	5.52075	5.54157	4.94311	2.89044	2.54369	2.27364	5.31048	5.52111	5.69622
15630	1.75326	1.70249	1.55556	5.81257	5.79429	5.72117	7.26114	5.05069	3.32712	5.51728	5.53719	4.93909	2.88751	2.54328	2.27178	5.30630	5.52130	5.69512
15800	1.75367	1.70288	1.55651	5.80979	5.79199	5.71709	7.25553	5.05159	3.33183	5.51833	5.54286	4.94504	2.88721	2.54230	2.27166	5.30732	5.51549	5.69113
15960	1.75274	1.70418	1.55644	5.81329	5.79571	5.71984	7.26266	5.04786	3.32866	5.51671	5.54059	4.94517	2.88631	2.54227	2.27276	5.30979	5.51819	5.69258
16120	1.75225	1.70723	1.55605	5.81276	5.79540	5.71910	7.26002	5.04433	3.32813	5.51087	5.53186	4.93432	2.88097	2.53433	2.26532	5.30679	5.51660	5.68919
16290	1.74748	1.69962	1.55018	5.80943	5.79254	5.71689	7.25660	5.04528	3.32202	5.51105	5.53243	4.93399	2.87713	2.53260	2.26690	5.30953	5.51839	5.69351
16460	1.74565	1.69694	1.55131	5.81465	5.79503	5.71790	7.24973	5.04129	3.31927	5.51480	5.53799	4.94034	2.87683	2.53374	2.26768	5.30993	5.52073	5.69548	32.75	6.1	0.00	-2.04	0.01733	0.01199	0.01517	0.01848	0.01906	0.01490	0.00545	0.01511	0.02005	0.01879	0.01309	0.01671	0.01705	0.01763	0.01377	0.00578	0.01626	0.02171
16620	1.74887	1.69960	1.55609	5.81509	5.79766	5.72312	7.25789	5.04990	3.33121	5.52076	5.54424	4.94856	2.88982	2.54396	2.27634	5.30977	5.52159	5.69661
16790	1.75261	1.70362	1.55420	5.81856	5.79821	5.71824	7.24949	5.04105	3.32123	5.51306	5.53691	4.94351	2.87873	2.53832	2.27067	5.31135	5.51959	5.69369
16950	1.75277	1.70515	1.55791	5.81702	5.80027	5.72403	7.27314	5.05006	3.32873	5.51630	5.54053	4.94445	2.88369	2.53632	2.26619	5.31102	5.51924	5.69225
17120	1.75036	1.70223	1.55465	5.81452	5.79842	5.72186	7.25657	5.04720	3.32789	5.51708	5.53899	4.94345	2.88472	2.53732	2.26780	5.31141	5.52073	5.69452
17280	1.74888	1.70157	1.55299	5.81396	5.79615	5.72063	7.25564	5.04518	3.32354	5.51534	5.53741	4.93991	2.88018	2.53775	2.26558	5.30707	5.51843	5.69228
17440	1.74905	1.69951	1.55236	5.81177	5.79424	5.71922	7.26082	5.03922	3.32065	5.51412	5.53425	4.93635	2.87806	2.53060	2.26455	5.30898	5.52069	5.69446
17610	1.74663	1.69757	1.54991	5.81366	5.79673	5.72109	7.25242	5.04026	3.32204	5.51805	5.53842	4.93996	2.88005	2.53237	2.26720	5.31042	5.52031	5.69375
17780	1.74615	1.69850	1.55482	5.81288	5.79651	5.72336	7.26717	5.04746	3.32733	5.52085	5.54108	4.94291	2.88258	2.53851	2.26782	5.31108	5.52152	5.69597
17940	1.74842	1.70087	1.55466	5.81425	5.79524	5.71966	7.27221	5.04767	3.32320	5.51872	5.54097	4.94332	2.88217	2.53945	2.26566	5.31171	5.51972	5.69291
18110	1.74735	1.69799	1.55012	5.81373	5.79486	5.72080	7.25286	5.04005	3.32171	5.51679	5.53717	4.94085	2.87997	2.53529	2.26580	5.30664	5.52078	5.69604	32.69	6.1	0.00	-2.04	0.01733	0.01199	0.01517	0.01848	0.01906	0.01490	0.00545	0.01511	0.02005	0.01879	0.01309	0.01671	0.01704	0.01763	0.01377	0.00578	0.01626	0.02171
18270	1.74863	1.69868	1.55255	5.81504	5.79578	5.71901	7.25442	5.04281	3.32247	5.51594	5.53725	4.94060	2.87954	2.53252	2.26515	5.30707	5.51835	5.69427
18430	1.74816	1.69865	1.55243	5.81277	5.79421	5.71800	7.25687	5.04248	3.32218	5.51516	5.53882	4.94133	2.87778	2.53220	2.26364	5.30585	5.51827	5.69242
18600	1.74439	1.69777	1.54776	5.81191	5.79319	5.71645	7.24891	5.02969	3.31149	5.50947	5.53198	4.93234	2.86493	2.51793	2.24997	5.30325	5.51176	5.68513
18760	1.73492	1.68802	1.54076	5.81140	5.79337	5.71439	7.24256	5.02427	3.30951	5.51058	5.52897	4.92756	2.86501	2.51692	2.25062	5.30838	5.51584	5.68653
18930	1.73068	1.68263	1.53505	5.80837	5.78960	5.70777	7.22692	5.01259	3.29461	5.50559	5.52833	4.92849	2.85738	2.51344	2.24799	5.31141	5.51856	5.68969
19090	1.73229	1.68427	1.53823	5.81430	5.79710	5.71949	7.22312	5.00840	3.29213	5.51384	5.53948	4.93803	2.84384	2.50278	2.23666	5.31556	5.52260	5.68943
19260	1.72944	1.68426	1.53801	5.80428	5.78711	5.70123	7.22945	5.02113	3.30705	5.50201	5.51379	4.91768	2.86495	2.52469	2.25614	5.31082	5.51655	5.68889
19420	1.74431	1.69745	1.55054	5.81211	5.79638	5.71926	7.25491	5.04638	3.32799	5.51994	5.54324	4.94876	2.88493	2.54134	2.27082	5.31731	5.53136	5.70578
19590	1.75128	1.70116	1.55353	5.82464	5.80535	5.73489	7.25345	5.04808	3.32622	5.52892	5.55080	4.95189	2.88774	2.54419	2.27663	5.31724	5.52752	5.69965
19750	1.75487	1.70594	1.55609	5.80765	5.79058	5.71775	7.26640	5.05207	3.32869	5.51658	5.53144	4.93314	2.89009	2.54589	2.27337	5.30956	5.51867	5.69346	32.75	6.2	0.00	-2.04	0.01733	0.01199	0.01517	0.01848	0.01906	0.01490	0.00545	0.01511	0.02006	0.01879	0.01309	0.01670	0.01705	0.01763	0.01377	0.00578	0.01626	0.02171
19910	1.75397	1.70285	1.55678	5.80771	5.79167	5.71834	7.26107	5.04705	3.32185	5.51532	5.53596	4.93831	2.87932	2.53044	2.25909	5.30347	5.51652	5.69126
20070	1.74058	1.69016	1.54366	5.80733	5.78962	5.71439	7.23691	5.02496	3.30560	5.50797	5.52963	4.92765	2.86848	2.51722	2.24966	5.30166	5.50681	5.67977
20240	1.73569	1.68717	1.54095	5.80513	5.78892	5.71247	7.23560	5.01942	3.29605	5.50796	5.53963	4.94215	2.85111	2.50537	2.23802	5.30548	5.51829	5.69378
20400	1.72248	1.67340	1.52812	5.81711	5.79446	5.71277	7.19852	4.99041	3.27284	5.49950	5.51663	4.90709	2.83362	2.49046	2.22390	5.31041	5.51057	5.67227
20570	1.71326	1.66832	1.52482	5.79572	5.78099	5.68520	7.20027	5.00088	3.28946	5.48971	5.49452	4.89375	2.85072	2.50982	2.24630	5.31087	5.50740	5.67034
20740	1.72848	1.68237	1.53588	5.80287	5.79246	5.71481	7.21826	5.01230	3.29447	5.51436	5.54306	4.94492	2.85212	2.50872	2.24277	5.31957	5.52861	5.70214
20900	1.72939	1.68224	1.53843	5.82184	5.80165	5.72325	7.22259	5.01909	3.30641	5.51262	5.53137	4.92998	2.86253	2.52204	2.25612	5.31133	5.51673	5.68411
21070	1.73931	1.69231	1.54695	5.79962	5.78499	5.70170	7.24681	5.04097	3.32118	5.50260	5.51729	4.92377	2.87907	2.53473	2.26895	5.30877	5.51884	5.69219
21230	1.74969	1.70342	1.55754	5.81084	5.79598	5.72091	7.25897	5.04746	3.33046	5.51765	5.53967	4.94323	2.88728	2.54070	2.27461	5.31005	5.52297	5.69788
21400	1.76016	1.70798	1.56223	5.80612	5.78867	5.71578	7.27661	5.05980	3.33351	5.50928	5.53039	4.93159	2.89289	2.54466	2.27679	5.29698	5.50795	5.68098	32.75	6.2	0.00	-2.04	0.01734	0.01200	0.01519	0.01847	0.01905	0.01489	0.00546	0.01513	0.02008	0.01879	0.01308	0.01670	0.01707	0.01765	0.01378	0.00577	0.01625	0.02170
21560	1.75278	1.69909	1.55358	5.79745	5.77923	5.69797	7.25484	5.03948	3.31865	5.49320	5.50680	4.90801	2.87629	2.52376	2.25315	5.29106	5.49652	5.66764
21720	1.73396	1.68450	1.53618	5.79264	5.77606	5.69280	7.23388	5.01084	3.29160	5.48924	5.50590	4.90363	2.85165	2.50403	2.23125	5.29678	5.50210	5.67397
21880	1.71887	1.66694	1.52167	5.80138	5.78331	5.69535	7.20400	4.98552	3.27005	5.49040	5.51351	4.90715	2.82675	2.48144	2.21486	5.30043	5.50482	5.67141
22050	1.70131	1.65526	1.50988	5.80575	5.78968	5.69672	7.18543	4.97038	3.25307	5.49381	5.50976	4.90715	2.81052	2.46741	2.20138	5.31934	5.52337	5.69185
22210	1.68977	1.64364	1.49960	5.82593	5.80345	5.70949	7.16293	4.95733	3.24537	5.50224	5.52814	4.92062	2.80510	2.46354	2.19979	5.32716	5.53472	5.70319
22380	1.68998	1.64595	1.50346	5.83260	5.80879	5.71342	7.18034	4.96390	3.25257	5.50179	5.51661	4.91207	2.81454	2.47609	2.21294	5.32145	5.52512	5.68859
22550	1.70323	1.65479	1.51515	5.81591	5.79683	5.70514	7.17560	4.97816	3.26897	5.49905	5.51547	4.91480	2.83345	2.49508	2.23135	5.32056	5.52759	5.69414
22720	1.71923	1.67144	1.52819	5.81701	5.79956	5.71169	7.21536	5.00391	3.28979	5.50462	5.52135	4.91804	2.85173	2.50908	2.24368	5.31225	5.51947	5.68749
22890	1.73164	1.68561	1.53899	5.81009	5.79144	5.70657	7.22897	5.02595	3.31029	5.50328	5.51998	4.92247	2.86753	2.52250	2.25933	5.30965	5.51572	5.68723
23050	1.73784	1.68901	1.54390	5.81228	5.79285	5.71459	7.24147	5.03433	3.31583	5.51058	5.53077	4.93434	2.87693	2.53234	2.26330	5.30717	5.51804	5.68934	32.75	6.1	0.00	-2.04	0.01733	0.01200	0.01518	0.01847	0.01906	0.01489	0.00545	0.01512	0.02006	0.01879	0.01308	0.01670	0.01705	0.01763	0.01377	0.00577	0.01626	0.02171
23210	1.74972	1.70075	1.55344	5.80891	5.79154	5.71899	7.26397	5.04843	3.32971	5.51529	5.53480	4.93991	2.89174	2.54067	2.27001	5.30105	5.51107	5.68317
23380	1.75024	1.69942	1.55387	5.80288	5.78548	5.71171	7.26436	5.04469	3.32507	5.50513	5.52474	4.93006	2.88271	2.53519	2.26788	5.29667	5.50694	5.67992
23540	1.74773	1.70269	1.55867	5.80015	5.78579	5.71370	7.27560	5.05215	3.33162	5.51151	5.53081	4.93457	2.88952	2.54150	2.27256	5.30253	5.51329	5.68588
23700	1.75215	1.70359	1.55847	5.80410	5.78583	5.71128	7.27487	5.04930	3.32744	5.50827	5.52879	4.93253	2.88619	2.53789	2.26749	5.30032	5.50814	5.68213
23870	1.74848	1.70043	1.55471	5.79967	5.78266	5.70851	7.25708	5.04638	3.32543	5.50637	5.52538	4.92901	2.88830	2.54372	2.27618	5.30411	5.51405	5.68767
24030	1.75390	1.70459	1.55825	5.80567	5.78813	5.71344	7.26138	5.05198	3.33222	5.51122	5.53079	4.93291	2.88714	2.54242	2.27229	5.30279	5.51181	5.68393
24190	1.75300	1.70436	1.55726	5.80380	5.78645	5.71297	7.26744	5.05278	3.32985	5.51009	5.52887	4.93315	2.88824	2.54276	2.27344	5.30111	5.51226	5.68545
24360	1.75317	1.70340	1.55683	5.80109	5.78504	5.71163	7.25161	5.04724	3.32967	5.50842	5.52737	4.93139	2.88750	2.54355	2.27108	5.30115	5.51143	5.68515
24520	1.75255	1.70397	1.55966	5.80311	5.78560	5.71094	7.26407	5.04917	3.32824	5.50916	5.52877	4.93266	2.88640	2.54052	2.27279	5.29976	5.51060	5.68395
24690	1.74790	1.69962	1.55392	5.80636	5.78933	5.71495	7.26731	5.04451	3.32351	5.51130	5.53036	4.93485	2.88172	2.53716	2.27000	5.30734	5.51417	5.68638	32.75	6.1	0.00	-2.04	0.01733	0.01199	0.01517	0.01848	0.01906	0.01490	0.00545	0.01511	0.02005	0.01879	0.01309	0.01671	0.01704	0.01763	0.01377	0.00578	0.01626	0.02171
24850	1.74751	1.69866	1.55318	5.80443	5.78781	5.71246	7.25304	5.04037	3.32368	5.51083	5.52967	4.93283	2.88049	2.53649	2.27142	5.30418	5.51553	5.68877
25020	1.74889	1.70236	1.55343	5.80542	5.78855	5.71382	7.25059	5.04556	3.32251	5.51106	5.53027	4.93284	2.88255	2.53631	2.26759	5.30362	5.51373	5.68628
25180	1.74884	1.70112	1.55611	5.80562	5.78989	5.71606	7.25777	5.04408	3.32525	5.51108	5.53068	4.93361	2.88033	2.53646	2.26916	5.30474	5.51421	5.68702
25350	1.74734	1.69897	1.55360	5.80393	5.78729	5.71289	7.24937	5.04371	3.32274	5.50956	5.52842	4.93278	2.88143	2.53670	2.27226	5.30523	5.51593	5.68804
25510	1.75063	1.70010	1.55393	5.80583	5.78866	5.71368	7.24640	5.04240	3.32312	5.51137	5.52916	4.93262	2.87965	2.53685	2.26851	5.30221	5.51284	5.68559
25680	1.74937	1.69988	1.55542	5.80719	5.79130	5.71609	7.26799	5.05135	3.32927	5.51237	5.53190	4.93675	2.88645	2.53866	2.27050	5.30912	5.51605	5.68915
25840	1.74857	1.69737	1.55311	5.80614	5.78865	5.71184	7.25577	5.04376	3.32187	5.50950	5.52843	4.93259	2.88017	2.53545	2.26821	5.30362	5.51304	5.68562
26010	1.74674	1.69992	1.55362	5.80398	5.78665	5.71264	7.25709	5.04621	3.32227	5.51147	5.52982	4.93243	2.88032	2.53596	2.26804	5.30530	5.51248	5.68563
26170	1.74898	1.69600	1.55193	5.80401	5.78554	5.71107	7.25528	5.04321	3.32306	5.50846	5.52837	4.93180	2.87831	2.53088	2.26442	5.30201	5.50981	5.68356
26340	1.74128	1.69484	1.55133	5.80314	5.78965	5.71587	7.25606	5.04068	3.32364	5.51368	5.53204	4.93586	2.87969	2.53430	2.26513	5.30977	5.51629	5.68955	32.69	6.1	0.00	-2.04	0.01732	0.01199	0.01517	0.01848	0.01906	0.01490	0.00545	0.01510	0.02004	0.01880	0.01309	0.01671	0.01704	0.01762	0.01376	0.00578	0.01627	0.02172
26500	1.74383	1.69560	1.55005	5.80667	5.79007	5.71481	7.26192	5.03908	3.31858	5.51086	5.52943	4.93255	2.87637	2.53274	2.26341	5.30543	5.51531	5.68710
26660	1.74236	1.69368	1.54802	5.80460	5.78779	5.71330	7.25498	5.03923	3.31829	5.51038	5.52975	4.93304	2.87627	2.53163	2.26292	5.30484	5.51521	5.68770
26830	1.74149	1.69219	1.54731	5.80548	5.78768	5.71222	7.24976	5.03840	3.31619	5.50977	5.52968	4.93281	2.87588	2.53215	2.26582	5.30635	5.51452	5.68750
26990	1.74309	1.69309	1.54903	5.80508	5.78848	5.71291	7.24024	5.03425	3.31651	5.51001	5.52876	4.93281	2.87419	2.53070	2.26200	5.30619	5.51514	5.68763
27160	1.74375	1.69175	1.54857	5.80417	5.78703	5.71149	7.24727	5.03407	3.31506	5.50867	5.52846	4.93041	2.87574	2.53025	2.26292	5.30642	5.51555	5.68799
27320	1.74159	1.69555	1.54876	5.80618	5.78743	5.71266	7.25234	5.03650	3.31795	5.51006	5.53027	4.93343	2.87527	2.52974	2.26271	5.30346	5.51182	5.68550
27490	1.74391	1.69640	1.54971	5.80776	5.79097	5.71576	7.26036	5.03794	3.31976	5.51240	5.53159	4.93465	2.87957	2.53244	2.26333	5.30727	5.51649	5.68844
27650	1.74491	1.69404	1.54858	5.80457	5.78803	5.71347	7.24985	5.03573	3.31510	5.50859	5.52704	4.93100	2.87846	2.53358	2.26543	5.30566	5.51810	5.69076
27820	1.74518	1.69525	1.55181	5.80833	5.79074	5.71540	7.25137	5.03519	3.31726	5.51031	5.52965	4.93272	2.87685	2.52938	2.26191	5.30487	5.51409	5.68733
27980	1.74144	1.69203	1.54572	5.80850	5.79076	5.71633	7.25198	5.03373	3.31571	5.51249	5.53174	4.93452	2.87661	2.52690	2.26219	5.31052	5.51627	5.68906	32.75	6.2	0.00	-2.04	0.01732	0.01198	0.01516	0.01849	0.01907	0.01490	0.00544	0.01510	0.02004	0.01880	0.01309	0.01671	0.01703	0.01761	0.01376	0.00578	0.01627	0.02172
28140	1.74014	1.68993	1.54550	5.80656	5.78838	5.71402	7.24323	5.03251	3.31034	5.50927	5.52797	4.93214	2.87233	2.52738	2.25748	5.30789	5.51612	5.68795
28310	1.74001	1.68952	1.54480	5.80501	5.78773	5.71314	7.24265	5.03069	3.31247	5.50915	5.52817	4.93217	2.87101	2.52393	2.25831	5.30631	5.51317	5.68495
28470	1.73709	1.68893	1.54137	5.80331	5.78541	5.71049	7.23835	5.02810	3.30779	5.50717	5.52607	4.92945	2.87213	2.52896	2.26176	5.30569	5.51634	5.68993
28640	1.74062	1.69258	1.54762	5.80678	5.78830	5.71357	7.24724	5.03283	3.31065	5.51058	5.53012	4.93249	2.87192	2.52929	2.26079	5.30838	5.51712	5.69002
28800	1.74343	1.69436	1.54891	5.80985	5.79134	5.71674	7.25032	5.03662	3.31505	5.51313	5.53160	4.93577	2.87492	2.52827	2.26046	5.30973	5.51694	5.68986
28970	1.74215	1.69232	1.54660	5.80585	5.78936	5.71409	7.24831	5.03517	3.31569	5.51114	5.52996	4.93458	2.87612	2.52864	2.25852	5.30628	5.51380	5.68643
29130	1.73851	1.69011	1.54440	5.80474	5.78811	5.71276	7.24050	5.03200	3.31188	5.50859	5.52733	4.93171	2.87039	2.52326	2.25636	5.30269	5.51002	5.68342
29290	1.73676	1.69165	1.54585	5.80327	5.78970	5.71609	7.25745	5.03762	3.32038	5.51160	5.53082	4.93565	2.87414	2.53068	2.26036	5.30733	5.51564	5.68920
29460	1.74007	1.69087	1.54484	5.80524	5.78796	5.71269	7.25090	5.03257	3.31213	5.50805	5.52784	4.93139	2.87149	2.52784	2.26028	5.30634	5.51495	5.68667
29620	1.73959	1.69071	1.54436	5.80577	5.78825	5.71344	7.24779	5.02926	3.31291	5.50948	5.52778	4.93240	2.87156	2.52441	2.25646	5.30778	5.51401	5.68596	32.75	6.1	0.00	-2.04	0.01731	0.01198	0.01516	0.01849	0.01907	0.01490	0.00544	0.01509	0.02003	0.01880	0.01309	0.01671	0.01703	0.01761	0.01376	0.00578	0.01627	0.02172
29790	1.73826	1.68960	1.54369	5.80505	5.78723	5.71328	7.24783	5.03138	3.31292	5.51024	5.52971	4.93171	2.87005	2.52554	2.25662	5.30610	5.51565	5.68756
29950	1.73850	1.69095	1.54522	5.80550	5.78742	5.71176	7.23465	5.03059	3.31171	5.50846	5.52761	4.93195	2.86971	2.52355	2.25804	5.30439	5.51195	5.68321
30110	1.74030	1.69118	1.54647	5.80713	5.79304	5.71873	7.24393	5.03389	3.31528	5.50970	5.52865	4.93289	2.87117	2.52699	2.25784	5.31104	5.51802	5.69020
30280	1.74041	1.68984	1.54486	5.80520	5.78730	5.71172	7.24363	5.02948	3.30833	5.50811	5.52688	4.93064	2.87108	2.52711	2.25915	5.30716	5.51683	5.68966
30440	1.74056	1.69227	1.54503	5.80822	5.78925	5.71373	7.25057	5.03050	3.31342	5.50990	5.53011	4.93338	2.86931	2.52519	2.25720	5.30545	5.51350	5.68660
30610	1.73820	1.69098	1.54741	5.80705	5.78970	5.71443	7.23124	5.03368	3.31360	5.51069	5.52945	4.93320	2.87193	2.52633	2.25732	5.30841	5.51452	5.68852
30770	1.73924	1.68750	1.54591	5.80457	5.78566	5.71093	7.23953	5.02755	3.30945	5.50778	5.52645	4.93066	2.86986	2.52374	2.25528	5.30275	5.51494	5.68714
30940	1.73975	1.69064	1.54553	5.80624	5.78899	5.71405	7.24759	5.03020	3.31126	5.50900	5.52796	4.93245	2.87056	2.52440	2.25647	5.30896	5.51304	5.68630
31100	1.73749	1.69043	1.54333	5.80291	5.78509	5.71151	7.23089	5.02982	3.31014	5.50632	5.52499	4.92892	2.87104	2.53128	2.26166	5.30910	5.51911	5.69132
31270	1.73869	1.69092	1.54491	5.80862	5.79160	5.71533	7.24814	5.03308	3.31355	5.51112	5.52985	4.93338	2.86952	2.52584	2.25770	5.30621	5.51697	5.68786	32.69	6.1	0.00	-2.04	0.01731	0.01198	0.01516	0.01849	0.01907	0.01490	0.00544	0.01509	0.02003	0.01880	0.01309	0.01671	0.01703	0.01761	0.01375	0.00578	0.01627	0.02172
31430	1.73749	1.68929	1.54565	5.80494	5.78833	5.71424	7.24325	5.03124	3.31215	5.51006	5.52738	4.93156	2.86866	2.52446	2.25701	5.30798	5.51599	5.68788
31590	1.73953	1.69178	1.54495	5.80566	5.78832	5.71475	7.25376	5.02856	3.31213	5.51053	5.52846	4.93085	2.86984	2.52524	2.25353	5.30604	5.51436	5.68753
31760	1.73710	1.68801	1.54136	5.80365	5.78656	5.71272	7.23558	5.02857	3.31017	5.50890	5.52774	4.93042	2.86990	2.52709	2.25873	5.30720	5.51589	5.68940
31930	1.73887	1.68880	1.54533	5.80508	5.78797	5.71290	7.24789	5.03221	3.31341	5.50969	5.52873	4.93139	2.87189	2.52723	2.25871	5.30917	5.51964	5.69160
32090	1.74206	1.69188	1.54582	5.80961	5.79163	5.71679	7.24462	5.03158	3.31411	5.51117	5.53074	4.93364	2.86896	2.52492	2.25879	5.30683	5.51755	5.68841
32260	1.73724	1.69175	1.54446	5.80561	5.78832	5.71268	7.23939	5.03034	3.31164	5.51034	5.52760	4.93142	2.86869	2.52427	2.25464	5.30654	5.51497	5.68699
32420	1.73727	1.68883	1.54357	5.80358	5.78766	5.71454	7.23485	5.03263	3.31102	5.50994	5.52847	4.93059	2.86883	2.52381	2.25666	5.30716	5.51515	5.68751
32580	1.73700	1.68759	1.54514	5.80446	5.78741	5.71373	7.23681	5.02857	3.31080	5.50860	5.52692	4.93002	2.86885	2.52482	2.25815	5.30914	5.51835	5.69110
32750	1.73887	1.69154	1.54322	5.80536	5.78792	5.71356	7.25317	5.03308	3.31018	5.51156	5.52900	4.93232	2.86870	2.52301	2.25446	5.30789	5.51477	5.68666
32920	1.73828	1.69110	1.54456	5.80722	5.79042	5.71497	7.24698	5.02992	3.31191	5.51103	5.52996	4.93352	2.87122	2.52456	2.25612	5.30774	5.51543	5.68707	32.75	6.2	0.00	-2.04	0.01731	0.01198	0.01516	0.01849	0.01907	0.01490	0.00544	0.01509	0.02003	0.01880	0.01309	0.01671	0.01702	0.01761	0.01375	0.00578	0.01627	0.02172
33080	1.73717	1.68984	1.54228	5.80470	5.78773	5.71238	7.24102	5.02480	3.30717	5.50659	5.52487	4.93063	2.86874	2.52942	2.25864	5.30938	5.51878	5.69090
33240	1.74109	1.69048	1.54524	5.80776	5.78954	5.71563	7.23462	5.02722	3.31148	5.51023	5.52737	4.93167	2.87017	2.52286	2.25560	5.30767	5.51603	5.68777
33410	1.73819	1.68872	1.54404	5.80499	5.78764	5.71448	7.25231	5.02636	3.30822	5.50958	5.52667	4.92991	2.86591	2.52378	2.25517	5.30803	5.51600	5.68850
33570	1.73682	1.68887	1.54459	5.80441	5.78753	5.71311	7.23799	5.02471	3.30886	5.50926	5.52770	4.93040	2.86572	2.52435	2.25492	5.30688	5.51689	5.68830
33740	1.73647	1.68852	1.54123	5.80550	5.78734	5.71370	7.23145	5.02773	3.31128	5.50950	5.52756	4.93136	2.86640	2.52205	2.25528	5.30668	5.51679	5.68811
33900	1.73615	1.68948	1.54444	5.80496	5.78863	5.71369	7.23521	5.02890	3.30858	5.50916	5.52758	4.93178	2.86674	2.52303	2.25444	5.30751	5.51439	5.68591
34070	1.73734	1.69321	1.54575	5.80812	5.78995	5.71551	7.25568	5.02879	3.31149	5.51095	5.52971	4.93260	2.86848	2.52506	2.25792	5.30922	5.51709	5.68820
34230	1.73662	1.68750	1.54296	5.80533	5.78704	5.71263	7.23765	5.02302	3.30815	5.50731	5.52672	4.93126	2.86718	2.52266	2.25683	5.30675	5.51515	5.68703
34400	1.73579	1.68928	1.54275	5.80534	5.78858	5.71404	7.24683	5.02798	3.30884	5.50863	5.52763	4.93078	2.86864	2.52373	2.25682	5.30770	5.51581	5.68803
34560	1.73678	1.68718	1.54406	5.80474	5.78750	5.71305	7.23467	5.02642	3.30800	5.50902	5.52723	4.93030	2.86683	2.52447	2.25498	5.30565	5.51652	5.68825	32.75	6.0	0.00	-2.04	0.01731	0.01198	0.01516	0.01849	0.01907	0.01490	0.00544	0.01509	0.02003	0.01880	0.01309	0.01671	0.01702	0.01760	0.01375	0.00578	0.01627	0.02172
34730	1.73694	1.68712	1.54444	5.80570	5.78763	5.71322	7.23931	5.02595	3.30752	5.50950	5.52812	4.93076	2.86343	2.52222	2.25241	5.30519	5.51407	5.68544
34890	1.73389	1.68697	1.54436	5.80421	5.78870	5.71339	7.23399	5.02854	3.30952	5.50905	5.52786	4.93166	2.86545	2.52078	2.25390	5.30834	5.51651	5.68756
35060	1.73512	1.68798	1.54371	5.80474	5.78722	5.71240	7.23306	5.02861	3.30707	5.50799	5.52572	4.93012	2.86847	2.52171	2.25459	5.31098	5.51843	5.68966
35220	1.73774	1.69113	1.54396	5.80656	5.78909	5.71473	7.24537	5.02732	3.30981	5.50920	5.52740	4.93053	2.86623	2.52309	2.25272	5.30775	5.51456	5.68614
35390	1.73586	1.68941	1.54499	5.80604	5.78835	5.71389	7.23936	5.03161	3.31048	5.50989	5.52913	4.93195	2.86776	2.52095	2.25440	5.30719	5.51625	5.68816
35550	1.73477	1.68656	1.54350	5.80332	5.78552	5.71042	7.23511	5.02563	3.30756	5.50538	5.52452	4.92812	2.86728	2.52128	2.25375	5.30539	5.51407	5.68632
35710	1.73554	1.68647	1.54216	5.80206	5.78394	5.70878	7.24131	5.02331	3.30705	5.50563	5.52403	4.92685	2.86380	2.51926	2.25236	5.30246	5.51204	5.68394
35880	1.73345	1.68519	1.54106	5.79945	5.78101	5.70686	7.23536	5.01886	3.30382	5.50225	5.52162	4.92399	2.86439	2.52098	2.25502	5.30660	5.51471	5.68586
36040	1.73641	1.68725	1.54264	5.80330	5.78514	5.70907	7.23902	5.02724	3.30974	5.50566	5.52485	4.92749	2.86217	2.51914	2.24813	5.30394	5.51128	5.68218
36210	1.73366	1.68919	1.54289	5.80248	5.78564	5.71205	7.24226	5.02661	3.30944	5.50637	5.52416	4.92764	2.86442	2.52010	2.25144	5.30772	5.51353	5.68483	32.75	6.2	0.00	-2.04	0.01731	0.01198	0.01516	0.01849	0.01907	0.01490	0.00544	0.01509	0.02003	0.01880	0.01309	0.01671	0.01702	0.01760	0.01375	0.00578	0.01627	0.02172
36370	1.73377	1.68500	1.53966	5.80101	5.78323	5.70733	7.23996	5.02090	3.30460	5.50299	5.52116	4.92500	2.86249	2.51692	2.25024	5.30322	5.51199	5.68318
36540	1.73238	1.68411	1.54074	5.80048	5.78297	5.70936	7.25100	5.02276	3.30616	5.50396	5.52379	4.92628	2.86164	2.51779	2.24933	5.30329	5.51089	5.68255
36700	1.73121	1.68341	1.53859	5.79861	5.77984	5.70555	7.23054	5.01927	3.30413	5.50140	5.51945	4.92432	2.86281	2.52152	2.25176	5.30513	5.51421	5.68685
36870	1.73589	1.68796	1.54324	5.80319	5.78411	5.70938	7.23815	5.02415	3.30698	5.50492	5.52396	4.92670	2.86597	2.52019	2.25173	5.30624	5.51208	5.68359
37030	1.73289	1.68592	1.54236	5.80045	5.78237	5.70779	7.23215	5.02198	3.30527	5.50460	5.52236	4.92597	2.86526	2.51946	2.25081	5.29997	5.51139	5.68305
37200	1.73442	1.68552	1.54291	5.80030	5.78234	5.70827	7.22766	5.02634	3.30655	5.50401	5.52268	4.92479	2.86289	2.51872	2.24976	5.29990	5.51006	5.68101
37360	1.73384	1.68449	1.54226	5.79908	5.78021	5.70635	7.22761	5.02115	3.30622	5.50202	5.51883	4.92343	2.86425	2.52088	2.25082	5.30513	5.51291	5.68447
37530	1.73278	1.68558	1.54100	5.80113	5.78162	5.70770	7.22868	5.02157	3.30358	5.50288	5.52251	4.92563	2.86466	2.52249	2.25222	5.30398	5.51396	5.68595
37690	1.73517	1.68799	1.54252	5.80391	5.78484	5.71004	7.22376	5.02539	3.30697	5.50427	5.52319	4.92668	2.86496	2.52135	2.25032	5.30210	5.51170	5.68298
37850	1.73279	1.68678	1.54371	5.80065	5.78338	5.71019	7.23288	5.02564	3.30606	5.50547	5.52408	4.92574	2.86565	2.52074	2.24958	5.30270	5.51226	5.68485	32.75	6.2	0.00	-2.04	0.01731	0.01198	0.01516	0.01849	0.01907	0.01490	0.00544	0.01509	0.02003	0.01880	0.01309	0.01671	0.01702	0.01760	0.01375	0.00578	0.01627	0.02173
38020	1.73295	1.68331	1.53884	5.80020	5.78144	5.70645	7.23566	5.02222	3.30200	5.50195	5.52058	4.92421	2.86460	2.52058	2.25112	5.30316	5.51295	5.68518
38180	1.73212	1.68521	1.54078	5.80196	5.78264	5.70743	7.24319	5.02530	3.30492	5.50305	5.52171	4.92482	2.86216	2.51624	2.24800	5.30135	5.51086	5.68146
38350	1.73107	1.68365	1.53987	5.79952	5.78231	5.70822	7.24494	5.02044	3.30197	5.50221	5.52001	4.92325	2.86108	2.51594	2.24705	5.30158	5.50956	5.68087
38510	1.73055	1.68262	1.53726	5.79843	5.78013	5.70626	7.23127	5.02115	3.30235	5.50089	5.52067	4.92369	2.85894	2.51491	2.24634	5.29586	5.50884	5.67948
38670	1.73179	1.68534	1.53961	5.80021	5.78229	5.70843	7.24675	5.02048	3.30703	5.50427	5.52405	4.92631	2.86319	2.51931	2.25011	5.30240	5.51204	5.68248
38840	1.72990	1.68438	1.53761	5.79880	5.78041	5.70530	7.24494	5.01775	3.30056	5.49926	5.51900	4.92211	2.86016	2.51697	2.24879	5.29908	5.51039	5.68225
39000	1.72944	1.68416	1.53863	5.79949	5.77987	5.70693	7.22415	5.01941	3.30286	5.50087	5.51929	4.92263	2.86224	2.51720	2.24856	5.29899	5.50983	5.68135
39170	1.73153	1.68235	1.53862	5.79872	5.78075	5.70621	7.23806	5.02057	3.30202	5.50107	5.52077	4.92422	2.86021	2.51559	2.24728	5.29997	5.50964	5.68168
39330	1.73017	1.68412	1.53888	5.79902	5.78056	5.70646	7.23478	5.02245	3.30405	5.50178	5.52089	4.92315	2.86175	2.51581	2.24841	5.30056	5.50977	5.68082
39500	1.73057	1.68452	1.53786	5.79906	5.78132	5.70684	7.23642	5.02233	3.30350	5.50199	5.51971	4.92328	2.85992	2.51655	2.24907	5.30207	5.51035	5.68144	32.75	6.1	0.00	-2.04	0.01731	0.01198	0.01516	0.01849	0.01907	0.01490	0.00544	0.01509	0.02002	0.01880	0.01309	0.01671	0.01702	0.01760	0.01375	0.00578	0.01627	0.02173
39660	1.73054	1.68345	1.53916	5.79858	5.77969	5.70691	7.23256	5.01714	3.30230	5.50248	5.52149	4.92377	2.85926	2.51624	2.24811	5.29655	5.50923	5.68068
39830	1.73029	1.68297	1.53764	5.79852	5.78098	5.70541	7.23457	5.01729	3.29962	5.50056	5.51975	4.92323	2.86178	2.51597	2.24997	5.29799	5.50943	5.68152
39990	1.73303	1.68362	1.53807	5.79992	5.78038	5.70559	7.23330	5.01638	3.30082	5.50085	5.51996	4.92330	2.85787	2.51416	2.24704	5.30147	5.50894	5.68075
40160	1.73295	1.68560	1.53991	5.79993	5.78185	5.70674	7.23735	5.02242	3.30376	5.50287	5.52145	4.92394	2.86015	2.51349	2.24728	5.30039	5.50912	5.68163
40320	1.73011	1.68076	1.53587	5.79764	5.77815	5.70380	7.23017	5.01599	3.29966	5.49883	5.51790	4.92293	2.85899	2.51545	2.24688	5.30055	5.50985	5.68108
40490	1.73106	1.68237	1.53683	5.79973	5.78086	5.70523	7.23418	5.01464	3.30024	5.49935	5.51853	4.92312	2.86110	2.51749	2.25131	5.30555	5.51288	5.68520
40650	1.73317	1.68578	1.54187	5.80354	5.78413	5.70786	7.23710	5.02065	3.30394	5.50390	5.52170	4.92553	2.86098	2.51748	2.24883	5.30078	5.51059	5.68305
40810	1.73145	1.68407	1.54016	5.80001	5.78061	5.70578	7.22627	5.01737	3.30207	5.50082	5.52012	4.92245	2.85966	2.51351	2.24668	5.29835	5.50757	5.67880
40980	1.72932	1.68106	1.53822	5.79737	5.77745	5.70341	7.23618	5.01679	3.29881	5.49763	5.51733	4.92154	2.86054	2.51864	2.25091	5.30404	5.51353	5.68569
41140	1.73385	1.68534	1.54002	5.80272	5.78318	5.70894	7.23215	5.02306	3.30420	5.50313	5.52078	4.92521	2.86326	2.51792	2.24980	5.30600	5.51272	5.68378	32.75	5.9	0.00	-2.04	0.01731	0.01198	0.01516	0.01849	0.01907	0.01490	0.00544	0.01509	0.02002	0.01880	0.01309	0.01671	0.01702	0.01760	0.01375	0.00578	0.01627	0.02173
41310	1.73208	1.68409	1.54044	5.80112	5.78238	5.70978	7.24563	5.02286	3.30504	5.50356	5.52140	4.92504	2.86292	2.51734	2.24781	5.30245	5.51182	5.68435
41470	1.72918	1.68053	1.53859	5.79905	5.78029	5.70530	7.23078	5.01617	3.30140	5.50116	5.51837	4.92099	2.85750	2.51314	2.24606	5.29768	5.50822	5.68017
41630	1.72941	1.68297	1.53898	5.79924	5.78172	5.70739	7.24509	5.02205	3.30343	5.50302	5.52162	4.92329	2.86054	2.51562	2.24897	5.30077	5.51086	5.68294
41800	1.73023	1.68293	1.53577	5.79784	5.77867	5.70400	7.23762	5.01472	3.30168	5.49843	5.51782	4.92172	2.85818	2.51168	2.24660	5.29640	5.50688	5.67697
41960	1.73051	1.68243	1.53998	5.79845	5.78084	5.70712	7.23347	5.01993	3.30185	5.50099	5.51887	4.92303	2.85922	2.51268	2.24781	5.30021	5.51004	5.68157
42120	1.72898	1.68011	1.53503	5.79664	5.77793	5.70400	7.23430	5.01497	3.29750	5.49829	5.51638	4.92014	2.85642	2.51077	2.24282	5.29676	5.50538	5.67724
42290	1.72923	1.68241	1.53868	5.79633	5.77882	5.70550	7.23357	5.01672	3.30195	5.50030	5.51923	4.92215	2.86112	2.51348	2.24730	5.30071	5.50931	5.68073
42450	1.72788	1.68035	1.53639	5.79575	5.77703	5.70391	7.22864	5.01743	3.29770	5.49773	5.51671	4.91953	2.85752	2.51256	2.24520	5.29719	5.50556	5.67700
42610	1.72973	1.68270	1.53724	5.79638	5.77851	5.70546	7.23566	5.01544	3.30062	5.50146	5.52041	4.92164	2.85738	2.51360	2.24683	5.30031	5.50897	5.68060
42780	1.72906	1.68048	1.53934	5.79629	5.77764	5.70252	7.21930	5.01174	3.29893	5.49832	5.51752	4.91962	2.85815	2.51412	2.24735	5.29798	5.50836	5.68001	32.75	6.1	0.00	-2.04	0.01731	0.01198	0.01516	0.01849	0.01907	0.01490	0.00544	0.01509	0.02002	0.01880	0.01309	0.01671	0.01702	0.01760	0.01375	0.00578	0.01627	0.02173
42940	1.72943	1.68382	1.53759	5.79729	5.77804	5.70387	7.22569	5.01539	3.29964	5.49938	5.51847	4.92159	2.85829	2.51200	2.24598	5.29479	5.50806	5.67936
43110	1.72777	1.68044	1.53703	5.79509	5.77716	5.70249	7.23691	5.01091	3.29647	5.49659	5.51463	4.91940	2.86003	2.51470	2.25033	5.30107	5.51138	5.68324
43270	1.73270	1.68455	1.53898	5.79973	5.78149	5.70658	7.23759	5.02111	3.30129	5.50145	5.51856	4.92192	2.85776	2.51424	2.24723	5.29762	5.50765	5.68023
43440	1.73006	1.68197	1.53671	5.79720	5.77951	5.70518	7.23569	5.01858	3.30007	5.49865	5.51823	4.92221	2.85819	2.51322	2.24748	5.30113	5.50967	5.68065
43600	1.72908	1.68215	1.53792	5.79744	5.77964	5.70513	7.22788	5.01777	3.30167	5.49973	5.51911	4.92186	2.85862	2.51186	2.24702	5.29818	5.50850	5.67938
43770	1.72900	1.68141	1.53712	5.79584	5.77834	5.70435	7.23471	5.01911	3.30087	5.49933	5.51748	4.92197	2.85666	2.51295	2.24738	5.29759	5.50759	5.67952
43930	1.72880	1.68245	1.53672	5.79668	5.77859	5.70436	7.23159	5.01497	3.29892	5.49778	5.51539	4.92074	2.85738	2.51334	2.24342	5.29558	5.50547	5.67710
44090	1.72638	1.68388	1.53979	5.79492	5.78054	5.70626	7.23408	5.01916	3.30392	5.50220	5.52081	4.92419	2.86213	2.51947	2.24857	5.30166	5.51036	5.68378
44260	1.73203	1.68177	1.54010	5.79899	5.77940	5.70392	7.23296	5.01649	3.29996	5.49821	5.51747	4.92123	2.86198	2.51868	2.24843	5.30156	5.51153	5.68437
44420	1.73221	1.68469	1.53877	5.80125	5.78170	5.70551	7.24155	5.01951	3.30329	5.50023	5.51912	4.92318	2.85983	2.51542	2.24805	5.30242	5.50934	5.68072	32.75	6.0	0.00	-2.04	0.01731	0.01198	0.01516	0.01849	0.01907	0.01490	0.00544	0.01509	0.02002	0.01880	0.01309	0.01671	0.01702	0.01760	0.01375	0.00578	0.01627	0.02173
44590	1.73085	1.68188	1.53865	5.79883	5.77955	5.70508	7.22944	5.01900	3.30019	5.49917	5.51893	4.92105	2.85863	2.51291	2.24597	5.29739	5.50752	5.68012
44750	1.72705	1.68064	1.53715	5.79573	5.77701	5.70293	7.22822	5.01301	3.29691	5.49729	5.51546	4.91951	2.85713	2.50918	2.24185	5.29293	5.50353	5.67494
44910	1.72787	1.68091	1.53757	5.79565	5.77830	5.70489	7.24571	5.01793	3.29866	5.49847	5.51634	4.91956	2.85909	2.51221	2.24614	5.29963	5.50683	5.67784
45080	1.72722	1.68222	1.53637	5.79415	5.77554	5.70127	7.22686	5.01169	3.29873	5.49697	5.51603	4.91898	2.85607	2.51053	2.24449	5.29473	5.50288	5.67522
45240	1.73106	1.68429	1.53693	5.79741	5.77976	5.70634	7.22481	5.02144	3.30317	5.49884	5.51782	4.92146	2.86033	2.51390	2.24579	5.29900	5.50794	5.67943
45400	1.72794	1.68102	1.53468	5.79500	5.77652	5.70263	7.23266	5.01188	3.29596	5.49591	5.51374	4.91715	2.85759	2.51189	2.24621	5.29963	5.50816	5.68001
45570	1.72646	1.68049	1.53511	5.79514	5.77609	5.70238	7.22354	5.01358	3.29618	5.49582	5.51513	4.91768	2.85630	2.51302	2.24336	5.29680	5.50583	5.67758
45730	1.72548	1.67872	1.53420	5.79321	5.77414	5.69908	7.22471	5.01093	3.29446	5.49147	5.51208	4.91450	2.85816	2.51638	2.24855	5.29654	5.50861	5.68023
45900	1.72869	1.68413	1.53712	5.79624	5.77579	5.70198	7.23110	5.01458	3.29810	5.49407	5.51415	4.91556	2.85758	2.51230	2.24613	5.29591	5.50392	5.67612
46060	1.72851	1.68194	1.53482	5.79287	5.77310	5.69951	7.22890	5.01599	3.29864	5.49220	5.51076	4.91456	2.85615	2.51210	2.24472	5.29087	5.50139	5.67374	32.75	6.2	0.00	-2.04	0.01731	0.01198	0.01516	0.01849	0.01907	0.01490	0.00544	0.01509	0.02002	0.01880	0.01309	0.01671	0.01702	0.01760	0.01375	0.00578	0.01627	0.02173
46230	1.72671	1.68009	1.53349	5.78975	5.77035	5.69522	7.22520	5.01141	3.29548	5.48800	5.50878	4.91110	2.85591	2.51631	2.24738	5.29684	5.50727	5.67775
46390	1.72973	1.68155	1.53543	5.79419	5.77431	5.70075	7.23930	5.01737	3.29831	5.49193	5.51193	4.91509	2.85910	2.51320	2.24474	5.29313	5.50393	5.67532
46560	1.72769	1.68027	1.53544	5.79185	5.77322	5.69839	7.23330	5.01531	3.29602	5.49049	5.51079	4.91423	2.85512	2.51437	2.24692	5.29218	5.50288	5.67514
46720	1.72729	1.68077	1.53576	5.79201	5.77246	5.69825	7.23203	5.01892	3.29782	5.49048	5.51168	4.91433	2.85565	2.51020	2.23959	5.29139	5.50129	5.67338
46890	1.72534	1.67926	1.53554	5.79128	5.77201	5.69917	7.23261	5.01747	3.29794	5.49212	5.51268	4.91583	2.85529	2.51239	2.24345	5.29175	5.50255	5.67507
47050	1.72762	1.68149	1.53671	5.79291	5.77208	5.69805	7.21666	5.01438	3.29516	5.49003	5.51048	4.91397	2.85890	2.51493	2.24526	5.29409	5.50408	5.67551
47220	1.72916	1.68225	1.53813	5.79485	5.77472	5.69940	7.22188	5.01602	3.29854	5.49072	5.51048	4.91386	2.85593	2.51180	2.24510	5.29524	5.50224	5.67398
47380	1.72561	1.68062	1.53803	5.79098	5.77183	5.69959	7.23476	5.01742	3.29965	5.49244	5.51205	4.91445	2.85907	2.51479	2.24396	5.29484	5.50298	5.67450
47550	1.72791	1.67998	1.53382	5.79230	5.77056	5.69716	7.23339	5.01025	3.29518	5.48790	5.50900	4.91168	2.85767	2.51232	2.24567	5.29340	5.50561	5.67702
47710	1.72785	1.68137	1.53590	5.79308	5.77277	5.69894	7.24045	5.01631	3.29700	5.49047	5.51082	4.91269	2.85617	2.51159	2.24442	5.28990	5.50152	5.67317	32.80	6.0	0.00	-2.04	0.01731	0.01198	0.01516	0.01849	0.01907	0.01490	0.00544	0.01509	0.02002	0.01880	0.01309	0.01671	0.01702	0.01760	0.01375	0.00578	0.01627	0.02173
47870	1.72795	1.67941	1.53603	5.79280	5.77240	5.69882	7.21986	5.01620	3.29982	5.49010	5.51133	4.91452	2.85642	2.50985	2.24311	5.29085	5.50170	5.67291
48040	1.72614	1.68012	1.53325	5.79093	5.77075	5.69602	7.21717	5.01245	3.29521	5.48729	5.50837	4.91183	2.85202	2.50954	2.24251	5.28675	5.49710	5.66892
48200	1.72690	1.68165	1.53873	5.79337	5.77432	5.70096	7.23381	5.01884	3.30233	5.49217	5.51373	4.91538	2.85975	2.51321	2.24666	5.29341	5.50515	5.67616
48360	1.72657	1.67736	1.53518	5.79286	5.77140	5.69691	7.22468	5.01183	3.29481	5.48832	5.50878	4.91253	2.85697	2.51060	2.24456	5.29430	5.50451	5.67402
48530	1.72703	1.67904	1.53558	5.79163	5.77064	5.69805	7.22034	5.01180	3.29500	5.48856	5.50795	4.91064	2.85484	2.50711	2.24029	5.28750	5.49783	5.67085
48690	1.72324	1.67747	1.53186	5.78740	5.76691	5.69241	7.22454	5.00720	3.29140	5.48438	5.50571	4.90926	2.85398	2.51159	2.24155	5.28921	5.50023	5.67326
48860	1.72663	1.67926	1.53529	5.79108	5.77053	5.69657	7.22805	5.01248	3.29732	5.48737	5.50852	4.91190	2.85505	2.50964	2.24468	5.28951	5.49872	5.66989
49020	1.72686	1.68212	1.53358	5.79015	5.77128	5.69624	7.23366	5.01402	3.29605	5.48758	5.50820	4.91121	2.85607	2.51107	2.24333	5.28773	5.50077	5.67270
49190	1.72654	1.68040	1.53489	5.78898	5.76958	5.69537	7.22663	5.01265	3.29496	5.48720	5.50827	4.91161	2.85369	2.51108	2.24130	5.28826	5.49951	5.67106
49350	1.72724	1.68033	1.53626	5.79008	5.77010	5.69485	7.21922	5.01386	3.29467	5.48734	5.50986	4.91043	2.85302	2.51171	2.24430	5.28935	5.50034	5.67122	32.75	6.1	0.00	-2.04	0.01731	0.01198	0.01516	0.01849	0.01907	0.01490	0.00544	0.01509	0.02002	0.01880	0.01309	0.01671	0.01702	0.01760	0.01375	0.00578	0.01627	0.02173
49510	1.72666	1.68031	1.53589	5.79015	5.77056	5.69583	7.22600	5.00976	3.29599	5.48749	5.50934	4.91108	2.85449	2.50888	2.24196	5.28686	5.49920	5.67051
49680	1.72396	1.67702	1.53317	5.78823	5.76844	5.69470	7.21484	5.00903	3.29343	5.48605	5.50679	4.90955	2.85408	2.50947	2.24458	5.28863	5.50011	5.67183
49850	1.72621	1.67785	1.53436	5.78945	5.76936	5.69459	7.21308	5.01022	3.29462	5.48637	5.50837	4.91048	2.85594	2.51237	2.24628	5.29293	5.50302	5.67542
50010	1.72837	1.68257	1.53770	5.79336	5.77260	5.69762	7.22259	5.01293	3.29648	5.48859	5.50954	4.91226	2.85538	2.51213	2.24331	5.29162	5.50079	5.67244
50170	1.72607	1.67889	1.53511	5.78992	5.76971	5.69525	7.21888	5.00937	3.29428	5.48673	5.50723	4.90990	2.85430	2.50929	2.24374	5.28768	5.49914	5.67122
50340	1.72455	1.67714	1.53352	5.78889	5.76892	5.69449	7.22127	5.01344	3.29641	5.48659	5.50799	4.90944	2.85522	2.51011	2.24141	5.28794	5.49936	5.67211
50500	1.72441	1.67843	1.53323	5.78941	5.76899	5.69334	7.21299	5.00920	3.29113	5.48414	5.50803	4.90898	2.85378	2.51143	2.24333	5.29119	5.50106	5.67331
50670	1.72704	1.67751	1.53566	5.78969	5.76942	5.69529	7.21469	5.01348	3.29549	5.48761	5.50818	4.91011	2.85323	2.51086	2.24292	5.29027	5.49791	5.67035
50830	1.72579	1.67922	1.53450	5.79117	5.77029	5.69634	7.22581	5.01328	3.29494	5.48823	5.50846	4.91141	2.85262	2.51058	2.24262	5.29040	5.49974	5.67176
51000	1.72329	1.67721	1.53229	5.78831	5.76758	5.69267	7.21904	5.00708	3.29179	5.48436	5.50628	4.90800	2.85252	2.51340	2.24719	5.29095	5.50246	5.67454	32.80	6.1	0.00	-2.04	0.01731	0.01198	0.01516	0.01849	0.01907	0.01490	0.00544	0.01509	0.02003	0.01880	0.01309	0.01671	0.01702	0.01760	0.01375	0.00578	0.01627	0.02173
51160	1.72600	1.68126	1.53510	5.79116	5.77031	5.69630	7.21938	5.01232	3.29812	5.48734	5.51043	4.91105	2.85387	2.51026	2.24104	5.28853	5.50004	5.67080
51330	1.72623	1.67956	1.53516	5.78940	5.76937	5.69468	7.22938	5.01222	3.29591	5.48624	5.50772	4.91026	2.85294	2.50787	2.24200	5.28718	5.49804	5.66998
51490	1.72659	1.68036	1.53402	5.78839	5.76848	5.69402	7.22489	5.01354	3.29653	5.48652	5.50765	4.90970	2.85290	2.51043	2.24326	5.28876	5.49833	5.67032
51660	1.72587	1.67843	1.53409	5.78824	5.76867	5.69353	7.22972	5.01149	3.29483	5.48563	5.50743	4.90889	2.85464	2.50778	2.24233	5.28688	5.49825	5.67087
51820	1.72688	1.67822	1.53508	5.78795	5.76873	5.69421	7.22977	5.01103	3.29583	5.48708	5.50876	4.91037	2.85108	2.50701	2.24044	5.28570	5.49703	5.66853
51990	1.72625	1.67989	1.53580	5.78948	5.77032	5.69597	7.23607	5.01533	3.29928	5.48800	5.50837	4.91153	2.85749	2.51191	2.24409	5.28823	5.49970	5.67203
52150	1.72804	1.67884	1.53466	5.78806	5.76825	5.69160	7.22840	5.01158	3.29427	5.48452	5.50561	4.90902	2.85283	2.50955	2.24087	5.28636	5.49791	5.67009
52320	1.72475	1.67899	1.53221	5.78735	5.76832	5.69506	7.22572	5.01744	3.29469	5.48613	5.50778	4.90924	2.85364	2.50952	2.24376	5.28816	5.49916	5.67041
52480	1.72749	1.67784	1.53381	5.78897	5.76813	5.69245	7.22821	5.01206	3.29422	5.48503	5.50598	4.90911	2.85493	2.51154	2.24410	5.28964	5.50105	5.67244
52650	1.72590	1.68136	1.53670	5.78997	5.76996	5.69588	7.23235	5.01215	3.29830	5.48762	5.50803	4.91039	2.85297	2.51229	2.24126	5.28880	5.49808	5.67009	32.75	5.9	0.00	-2.04	0.01731	0.01198	0.01516	0.01849	0.01907	0.01490	0.00544	0.01509	0.02003	0.01880	0.01309	0.01671	0.01702	0.01760	0.01375	0.00578	0.01627	0.02173
52810	1.72469	1.68067	1.53703	5.78698	5.77013	5.69669	7.22454	5.01670	3.30041	5.48817	5.51067	4.91136	2.85537	2.51286	2.24284	5.29212	5.50148	5.67312
52980	1.72673	1.67827	1.53583	5.78871	5.76858	5.69385	7.22005	5.00997	3.29495	5.48544	5.50666	4.90815	2.85701	2.51057	2.24557	5.29274	5.50356	5.67519
53140	1.73060	1.68202	1.53686	5.79180	5.77186	5.69795	7.22951	5.01598	3.30017	5.48878	5.50885	4.91116	2.85528	2.50943	2.24461	5.29205	5.50138	5.67266
53310	1.72833	1.68173	1.53443	5.79047	5.77064	5.69685	7.22893	5.01521	3.29723	5.48771	5.50873	4.91072	2.85664	2.51094	2.24270	5.29212	5.50091	5.67154
53470	1.72483	1.67887	1.53263	5.78757	5.76762	5.69349	7.22264	5.01256	3.29365	5.48404	5.50436	4.90701	2.85168	2.50863	2.24126	5.28369	5.49505	5.66665
53630	1.72624	1.67653	1.53323	5.78678	5.76789	5.69383	7.22912	5.01255	3.29508	5.48404	5.50720	4.90880	2.85537	2.50852	2.24181	5.28756	5.49710	5.66850
53800	1.72521	1.67671	1.53395	5.78593	5.76664	5.69194	7.21552	5.01187	3.29388	5.48415	5.50579	4.90617	2.85366	2.50639	2.23825	5.28428	5.49346	5.66709
53960	1.72495	1.67973	1.53390	5.78663	5.76753	5.69390	7.22269	5.01572	3.29709	5.48423	5.50604	4.90801	2.85340	2.50753	2.23993	5.28848	5.49632	5.66908
54120	1.72678	1.67956	1.53364	5.78673	5.76655	5.69235	7.21991	5.01001	3.29566	5.48374	5.50508	4.90682	2.85306	2.50686	2.23954	5.28490	5.49524	5.66700
54290	1.72668	1.68045	1.53565	5.78813	5.76916	5.69639	7.23204	5.01576	3.29816	5.48545	5.50689	4.90938	2.85426	2.50867	2.24391	5.28830	5.49923	5.67128	32.69	6.2	0.00	-2.04	0.01731	0.01198	0.01516	0.01849	0.01907	0.01490	0.00544	0.01509	0.02002	0.01880	0.01309	0.01671	0.01702	0.01760	0.01375	0.00578	0.01627	0.02173
54450	1.72654	1.67842	1.53407	5.78659	5.76663	5.69206	7.23263	5.01435	3.29380	5.48337	5.50470	4.90714	2.85507	2.50977	2.24339	5.28393	5.49809	5.67170
54620	1.72692	1.68083	1.53298	5.78719	5.76795	5.69293	7.22955	5.01563	3.29544	5.48428	5.50625	4.90774	2.85257	2.50609	2.24234	5.28692	5.49497	5.66792
54780	1.72595	1.68108	1.53464	5.78703	5.76792	5.69390	7.23717	5.01647	3.29840	5.48594	5.50734	4.90770	2.85637	2.50995	2.24180	5.28659	5.49717	5.66871
54950	1.72526	1.67720	1.53412	5.78584	5.76608	5.69123	7.21546	5.00981	3.29342	5.48318	5.50455	4.90686	2.85564	2.50909	2.24154	5.28715	5.49884	5.66923
55110	1.72726	1.67937	1.53539	5.78640	5.76692	5.69280	7.22219	5.01196	3.29679	5.48379	5.50493	4.90734	2.85283	2.50986	2.24161	5.28259	5.49616	5.66801
55280	1.72561	1.68102	1.53613	5.78707	5.76770	5.69350	7.22575	5.01922	3.29986	5.48459	5.50650	4.90847	2.85542	2.50889	2.24253	5.28754	5.49766	5.66930
55440	1.72543	1.67767	1.53407	5.78584	5.76507	5.69073	7.22814	5.01129	3.29477	5.48270	5.50390	4.90597	2.85393	2.50805	2.24116	5.28685	5.49754	5.66923
55610	1.72840	1.67958	1.53480	5.78712	5.76710	5.69191	7.21605	5.01192	3.29634	5.48344	5.50597	4.90725	2.85750	2.51173	2.24476	5.28758	5.50170	5.67324
55770	1.73085	1.68273	1.53612	5.79024	5.77033	5.69526	7.24132	5.01828	3.30149	5.48713	5.50868	4.91066	2.85592	2.50883	2.24344	5.28675	5.49893	5.67089
55940	1.72768	1.68013	1.53291	5.78653	5.76642	5.69310	7.22646	5.01654	3.30128	5.48618	5.50858	4.90906	2.85694	2.51011	2.24448	5.28538	5.49523	5.66749	32.75	6.3	0.00	-2.04	0.01731	0.01198	0.01516	0.01849	0.01907	0.01490	0.00544	0.01509	0.02003	0.01880	0.01309	0.01671	0.01702	0.01761	0.01375	0.00578	0.01627	0.02172
56100	1.72744	1.67810	1.53463	5.78471	5.76517	5.68970	7.22183	5.01465	3.29623	5.48143	5.50197	4.90225	2.85513	2.50811	2.24304	5.28332	5.49619	5.66831
56260	1.72655	1.67571	1.53410	5.78828	5.76765	5.69160	7.22681	5.01231	3.29592	5.48509	5.50567	4.90695	2.85320	2.50543	2.24123	5.28476	5.49764	5.66930
56430	1.72461	1.67846	1.53353	5.78822	5.76882	5.69641	7.22481	5.01613	3.29550	5.48265	5.50458	4.90800	2.85321	2.50846	2.23997	5.28729	5.49651	5.66709
56590	1.72171	1.67707	1.52997	5.78480	5.76462	5.69010	7.22466	5.00760	3.29231	5.47740	5.49934	4.90162	2.84618	2.50040	2.23544	5.28282	5.49137	5.66332
56750	1.72419	1.67869	1.53416	5.78763	5.76972	5.69545	7.22364	5.01757	3.29662	5.48373	5.50503	4.90848	2.85303	2.50729	2.23719	5.29057	5.49763	5.66934
56920	1.72416	1.67629	1.52977	5.78699	5.76561	5.68691	7.21871	5.00627	3.29029	5.47778	5.50192	4.90785	2.84989	2.50392	2.24068	5.28949	5.49643	5.66838
57080	1.72299	1.67881	1.53024	5.78791	5.76712	5.68994	7.22310	5.01058	3.29224	5.47931	5.50088	4.90343	2.84625	2.50077	2.23353	5.28230	5.49227	5.66353
57250	1.71745	1.66976	1.52606	5.78078	5.76076	5.68659	7.21554	5.00990	3.29138	5.48296	5.50382	4.90234	2.85307	2.51048	2.24319	5.28604	5.49906	5.67150
57410	1.72666	1.67611	1.53272	5.78746	5.76668	5.68979	7.23115	5.01266	3.29421	5.48223	5.50286	4.90386	2.85192	2.50560	2.24082	5.28512	5.49490	5.66712
57570	1.72486	1.68074	1.53416	5.78627	5.76713	5.69341	7.23217	5.02027	3.30019	5.48637	5.50803	4.90805	2.85535	2.50697	2.24150	5.28401	5.49809	5.67006	32.75	6.1	0.00	-2.04	0.01731	0.01198	0.01516	0.01849	0.01907	0.01490	0.00544	0.01509	0.02003	0.01880	0.01309	0.01671	0.01702	0.01761	0.01375	0.00578	0.01627	0.02172
57740	1.72492	1.67683	1.53057	5.78302	5.76355	5.68651	7.21174	5.00969	3.29039	5.47794	5.49841	4.90030	2.84648	2.50102	2.23467	5.28437	5.49279	5.66547
57900	1.72617	1.68265	1.53527	5.78801	5.76974	5.69649	7.23861	5.02224	3.30307	5.48708	5.50869	4.90981	2.85748	2.50955	2.24088	5.29002	5.49882	5.67001
58060	1.72625	1.67923	1.53309	5.78628	5.76596	5.68937	7.22934	5.01576	3.29585	5.48119	5.50258	4.90486	2.85513	2.50702	2.24161	5.28559	5.49728	5.66945
58230	1.72598	1.67743	1.53297	5.78580	5.76541	5.68942	7.23730	5.01400	3.29303	5.48116	5.50288	4.90390	2.85185	2.50271	2.23714	5.28201	5.49247	5.66462
58390	1.72149	1.67323	1.52945	5.78223	5.76204	5.68602	7.22227	5.01254	3.29220	5.47884	5.50093	4.90333	2.85211	2.50839	2.24015	5.28136	5.49417	5.66724
58560	1.72488	1.67923	1.53217	5.78467	5.76496	5.69023	7.23471	5.01306	3.29539	5.47955	5.50198	4.90298	2.85268	2.50534	2.23957	5.28270	5.49406	5.66573
58720	1.72478	1.67737	1.53199	5.78446	5.76485	5.69022	7.23100	5.01339	3.29705	5.48193	5.50313	4.90518	2.85368	2.50322	2.23877	5.28149	5.49458	5.66582
58890	1.72271	1.67814	1.53003	5.78308	5.76405	5.69092	7.22934	5.01665	3.29579	5.48150	5.50258	4.90494	2.85416	2.50522	2.23991	5.28106	5.49486	5.66725
59050	1.72385	1.68121	1.53257	5.78417	5.76409	5.68968	7.23485	5.01399	3.29551	5.48120	5.50306	4.90503	2.85296	2.50788	2.24135	5.28313	5.49543	5.66717
59220	1.72455	1.68048	1.53233	5.78482	5.76514	5.69071	7.22113	5.01797	3.29693	5.48060	5.50207	4.90447	2.85201	2.50608	2.23945	5.28347	5.49440	5.66600	32.75	6.0	0.00	-2.04	0.01731	0.01198	0.01516	0.01849	0.01907	0.01490	0.00544	0.01509	0.02003	0.01880	0.01309	0.01671	0.01703	0.01761	0.01375	0.00578	0.01627	0.02172
59380	1.72440	1.67888	1.53152	5.78329	5.76491	5.69143	7.22542	5.01848	3.29611	5.48188	5.50284	4.90494	2.85468	2.50886	2.24099	5.28334	5.49616	5.66660
59550	1.72432	1.67864	1.52935	5.78318	5.76362	5.68775	7.22601	5.01072	3.29485	5.48009	5.50204	4.90369	2.85414	2.50737	2.24209	5.28265	5.49584	5.66900
59710	1.72509	1.67861	1.53283	5.78498	5.76404	5.68886	7.22645	5.01482	3.29613	5.48052	5.50236	4.90478	2.85194	2.50645	2.23873	5.28147	5.49268	5.66512
59880	1.72554	1.68040	1.53184	5.78531	5.76658	5.69180	7.23147	5.01926	3.30052	5.48347	5.50520	4.90688	2.85377	2.50808	2.24054	5.28479	5.49665	5.66807
60040	1.72644	1.68022	1.53428	5.78457	5.76484	5.69030	7.23318	5.01776	3.29548	5.48121	5.50248	4.90415	2.85282	2.50511	2.23893	5.28295	5.49424	5.66613
60200	1.72366	1.67739	1.53276	5.78362	5.76446	5.68812	7.23094	5.01559	3.29650	5.47925	5.50164	4.90400	2.85374	2.50723	2.24187	5.28452	5.49435	5.66658
60370	1.72595	1.67966	1.53284	5.78360	5.76442	5.68836	7.22772	5.01520	3.29717	5.48083	5.50304	4.90496	2.85120	2.50636	2.23784	5.28446	5.49391	5.66588
60530	1.72584	1.68063	1.53248	5.78454	5.76525	5.68929	7.22318	5.01701	3.29764	5.48158	5.50292	4.90460	2.85249	2.50457	2.23621	5.28354	5.49389	5.66550
60700	1.72686	1.67864	1.53034	5.78320	5.76389	5.68810	7.22591	5.01603	3.29670	5.47946	5.50070	4.90309	2.85249	2.50697	2.24061	5.28603	5.49489	5.66780
60870	1.72634	1.68077	1.53487	5.78403	5.76461	5.68931	7.22914	5.01740	3.29641	5.47988	5.50130	4.90418	2.85378	2.50809	2.24059	5.28205	5.49323	5.66407	32.75	6.0	0.00	-2.04	0.01731	0.01198	0.01516	0.01849	0.01907	0.01490	0.00544	0.01509	0.02003	0.01880	0.01309	0.01671	0.01703	0.01761	0.01375	0.00578	0.01627	0.02172
61030	1.72736	1.68115	1.53344	5.78521	5.76540	5.69135	7.22163	5.01808	3.30040	5.48295	5.50364	4.90525	2.85511	2.50878	2.24123	5.28487	5.49524	5.66805
61190	1.72644	1.68053	1.53115	5.78390	5.76355	5.68754	7.22997	5.01500	3.29473	5.47990	5.50151	4.90191	2.85322	2.50560	2.24029	5.28159	5.49371	5.66629
61360	1.72437	1.68051	1.53471	5.78277	5.76284	5.68837	7.22475	5.01598	3.29677	5.48051	5.50178	4.90343	2.85623	2.50828	2.24392	5.28559	5.49763	5.66920
61520	1.72838	1.68071	1.53293	5.78686	5.76651	5.69240	7.22597	5.01993	3.29876	5.48314	5.50458	4.90608	2.85606	2.50596	2.24365	5.28753	5.49525	5.66754
61690	1.72667	1.67872	1.53224	5.78427	5.76519	5.69034	7.22997	5.02005	3.29909	5.48257	5.50275	4.90492	2.85669	2.51003	2.24017	5.28448	5.49568	5.66700
61850	1.72522	1.67780	1.53274	5.78348	5.76202	5.68654	7.23080	5.01772	3.29476	5.47866	5.49944	4.90188	2.85221	2.50460	2.23716	5.27808	5.49012	5.66274
62010	1.72255	1.67774	1.53149	5.78137	5.76309	5.68966	7.22973	5.01701	3.29781	5.48152	5.50266	4.90394	2.85403	2.50428	2.23769	5.28202	5.49470	5.66656
62180	1.72452	1.67846	1.52814	5.78216	5.76203	5.68683	7.23354	5.00970	3.29349	5.47756	5.49976	4.90157	2.85138	2.50138	2.23869	5.27802	5.48872	5.66142
62340	1.72088	1.67960	1.53299	5.78027	5.76378	5.69000	7.23851	5.01831	3.29984	5.48098	5.50272	4.90445	2.85503	2.50915	2.23707	5.28399	5.49564	5.66636
62500	1.72574	1.67948	1.53095	5.78275	5.76264	5.68788	7.22481	5.01461	3.29783	5.47831	5.50079	4.90319	2.85549	2.50846	2.23961	5.28397	5.49510	5.66664	32.75	6.1	0.00	-2.04	0.01731	0.01198	0.01516	0.01849	0.01907	0.01490	0.00544	0.01509	0.02003	0.01880	0.01309	0.01671	0.01703	0.01761	0.01375	0.00578	0.01627	0.02172
62670	1.72594	1.67857	1.53067	5.78240	5.76197	5.68702	7.23926	5.01712	3.29681	5.47814	5.50066	4.90231	2.85235	2.50471	2.24008	5.27773	5.49145	5.66344
62830	1.72418	1.67743	1.53023	5.78041	5.75952	5.68429	7.22862	5.01215	3.29439	5.47661	5.49872	4.89877	2.85320	2.50774	2.24225	5.28452	5.49500	5.66760
63000	1.72714	1.67985	1.53460	5.78457	5.76354	5.68876	7.22828	5.01555	3.29783	5.47988	5.50083	4.90302	2.85391	2.50826	2.23967	5.28262	5.49207	5.66374
63160	1.72748	1.68203	1.53370	5.78409	5.76555	5.68922	7.23101	5.02082	3.30157	5.48137	5.50430	4.90424	2.85742	2.51060	2.24093	5.28295	5.49448	5.66614
63320	1.72478	1.67781	1.53218	5.78278	5.76175	5.68574	7.22023	5.01559	3.29728	5.47824	5.50015	4.90180	2.85348	2.50649	2.24090	5.28279	5.49331	5.66590
63490	1.72450	1.67653	1.53273	5.78229	5.76308	5.68752	7.21936	5.01524	3.29555	5.47823	5.49823	4.90133	2.85267	2.50465	2.23784	5.27826	5.48980	5.66236
63650	1.72176	1.67535	1.52819	5.77917	5.75777	5.68332	7.22686	5.00972	3.29309	5.47511	5.49682	4.89914	2.85482	2.50986	2.24356	5.28541	5.49595	5.66800
63820	1.72530	1.68037	1.53412	5.78503	5.76494	5.68945	7.22725	5.01657	3.29718	5.47970	5.50088	4.90356	2.85579	2.50675	2.23873	5.28239	5.49315	5.66485
63980	1.72198	1.67781	1.53303	5.78181	5.76138	5.68707	7.22901	5.01449	3.29795	5.47904	5.49963	4.90182	2.85310	2.50699	2.23899	5.28180	5.49130	5.66309
64150	1.72332	1.67671	1.52998	5.77907	5.75842	5.68388	7.22714	5.01258	3.29589	5.47562	5.49704	4.89856	2.85422	2.50686	2.24228	5.28184	5.49443	5.66630	32.80	6.1	0.00	-2.04	0.01731	0.01198	0.01516	0.01849	0.01907	0.01490	0.00544	0.01509	0.02003	0.01880	0.01309	0.01671	0.01703	0.01761	0.01375	0.00578	0.01627	0.02172
64310	1.72768	1.67992	1.53400	5.78239	5.76293	5.68701	7.22904	5.01764	3.29783	5.47880	5.50002	4.90226	2.85322	2.50708	2.24025	5.28011	5.49165	5.66335
64480	1.72532	1.68053	1.53412	5.78214	5.76241	5.68740	7.23851	5.01676	3.29780	5.47919	5.50068	4.90157	2.85446	2.50979	2.24116	5.28040	5.49267	5.66338
64640	1.72460	1.68014	1.53454	5.78255	5.76254	5.68754	7.21988	5.01561	3.29792	5.47850	5.50021	4.90172	2.85433	2.50887	2.23953	5.27984	5.49115	5.66341
64810	1.72381	1.68057	1.53251	5.78109	5.76203	5.68767	7.21710	5.01586	3.29670	5.47841	5.49975	4.90274	2.85479	2.50645	2.24177	5.27991	5.49149	5.66384
64970	1.72671	1.67744	1.53310	5.78171	5.76047	5.68546	7.22753	5.01422	3.29622	5.47722	5.49907	4.90092	2.85233	2.50741	2.24035	5.27797	5.49271	5.66485
65140	1.72591	1.68022	1.53263	5.78203	5.76243	5.68731	7.22607	5.01332	3.29640	5.47836	5.49883	4.90041	2.85316	2.50532	2.24090	5.28057	5.49114	5.66281
65300	1.72304	1.67963	1.53233	5.77893	5.76144	5.68840	7.23451	5.01517	3.29897	5.48030	5.50096	4.90350	2.85437	2.50838	2.24062	5.28057	5.49273	5.66464
65460	1.72406	1.67773	1.53084	5.77973	5.76083	5.68685	7.22631	5.01284	3.29499	5.47566	5.49804	4.90032	2.85351	2.51115	2.24082	5.28050	5.49289	5.66539
65630	1.72466	1.67881	1.53253	5.78152	5.76157	5.68643	7.22602	5.01539	3.29589	5.47729	5.49887	4.90027	2.85161	2.50547	2.23823	5.27624	5.48853	5.66099
65790	1.72616	1.67821	1.53461	5.78009	5.76154	5.68790	7.22902	5.01507	3.29731	5.47813	5.49890	4.90098	2.85322	2.50739	2.23996	5.27828	5.49115	5.66294	32.75	6.2	0.00	-2.04	0.01731	0.01198	0.01516	0.01849	0.01907	0.01490	0.00544	0.01509	0.02003	0.01880	0.01309	0.01671	0.01703	0.01761	0.01375	0.00578	0.01627	0.02172
65960	1.72414	1.67719	1.53310	5.77914	5.75842	5.68367	7.22546	5.00923	3.29454	5.47558	5.49646	4.89914	2.85406	2.50611	2.24140	5.27897	5.49304	5.66445
66120	1.72663	1.67928	1.53328	5.78149	5.76136	5.68525	7.22141	5.01503	3.29660	5.47756	5.49872	4.90081	2.85248	2.50557	2.24004	5.27782	5.48972	5.66173
66290	1.72503	1.68048	1.53511	5.78208	5.76328	5.68852	7.22370	5.01473	3.29772	5.47965	5.50020	4.90260	2.85520	2.50678	2.24249	5.27979	5.49276	5.66383
66450	1.72480	1.67932	1.53156	5.78061	5.76074	5.68547	7.21644	5.00734	3.29459	5.47544	5.49730	4.89976	2.85295	2.50840	2.24084	5.28071	5.49195	5.66418
66620	1.72442	1.67631	1.53207	5.78113	5.76108	5.68637	7.21396	5.01174	3.29608	5.47757	5.49896	4.89934	2.85238	2.50363	2.23968	5.27474	5.48920	5.66111
66780	1.72417	1.67888	1.53160	5.78058	5.76171	5.68686	7.22224	5.01315	3.29764	5.47820	5.49944	4.90137	2.85360	2.50476	2.23676	5.27808	5.49059	5.66152
66950	1.72252	1.67555	1.52834	5.77845	5.75938	5.68341	7.21474	5.00838	3.29022	5.47515	5.49652	4.89943	2.85152	2.50546	2.23921	5.27858	5.48943	5.66138
67110	1.72350	1.67752	1.53000	5.77843	5.75885	5.68472	7.22370	5.00839	3.29155	5.47506	5.49652	4.89952	2.85021	2.50667	2.23797	5.27710	5.48925	5.66128
67270	1.72165	1.67688	1.52975	5.77838	5.75816	5.68202	7.21459	5.00310	3.28906	5.47374	5.49564	4.89792	2.85121	2.50344	2.23815	5.27523	5.48901	5.66050
67440	1.72153	1.67579	1.53027	5.77876	5.75962	5.68612	7.22312	5.00861	3.29094	5.47595	5.49763	4.90033	2.85182	2.50556	2.23985	5.27748	5.49074	5.66272	32.80	6.0	0.00	-2.04	0.01731	0.01198	0.01516	0.01849	0.01907	0.01490	0.00544	0.01509	0.02003	0.01880	0.01309	0.01671	0.01703	0.01761	0.01375	0.00578	0.01627	0.02172
67610	1.72111	1.67831	1.52977	5.78023	5.76013	5.68474	7.20456	5.00505	3.29016	5.47647	5.49679	4.89886	2.85044	2.50793	2.23768	5.27958	5.49343	5.66428
67770	1.72376	1.67844	1.53291	5.78163	5.76187	5.68631	7.21186	5.01223	3.29231	5.47718	5.49840	4.90128	2.84994	2.50446	2.23884	5.27719	5.49031	5.66138
67930	1.72202	1.67643	1.53373	5.77932	5.76152	5.68760	7.21703	5.01127	3.29237	5.47870	5.50053	4.90170	2.85185	2.50670	2.24084	5.28224	5.49132	5.66340
68100	1.72297	1.67609	1.53059	5.77906	5.75863	5.68460	7.20607	5.00733	3.28776	5.47498	5.49788	4.89865	2.85079	2.50628	2.24080	5.28162	5.49346	5.66434
68260	1.72285	1.67483	1.53424	5.78247	5.76170	5.68719	7.21449	5.00854	3.29197	5.47796	5.49858	4.90106	2.84904	2.50485	2.23687	5.27591	5.49068	5.66183
68430	1.72170	1.67582	1.53251	5.78010	5.76028	5.68446	7.21917	5.00743	3.29048	5.47736	5.49926	4.90008	2.84983	2.50380	2.23580	5.27804	5.48963	5.66103
68590	1.71949	1.67359	1.52962	5.77770	5.75714	5.68253	7.21138	5.00343	3.28651	5.47482	5.49644	4.89932	2.84407	2.50216	2.23189	5.27106	5.48657	5.65760
68750	1.72081	1.67459	1.53104	5.77920	5.76036	5.68627	7.22019	5.00849	3.29080	5.47789	5.49999	4.90018	2.84977	2.50313	2.23822	5.27942	5.49000	5.66219
68920	1.72031	1.67241	1.52954	5.77777	5.75733	5.68312	7.20481	5.00230	3.28748	5.47448	5.49620	4.89795	2.84813	2.50265	2.23510	5.27483	5.48887	5.65981
69080	1.71925	1.67207	1.52944	5.77759	5.75806	5.68407	7.20691	5.00264	3.28672	5.47477	5.49677	4.89795	2.84645	2.50163	2.23477	5.27715	5.48837	5.65947	32.80	6.2	0.00	-2.04	0.01731	0.01198	0.01516	0.01849	0.01907	0.01490	0.00544	0.01509	0.02003	0.01880	0.01309	0.01671	0.01703	0.01761	0.01375	0.00578	0.01627	0.02172
69250	1.71855	1.67205	1.52857	5.77584	5.75584	5.68061	7.21436	4.99749	3.28359	5.47295	5.49489	4.89658	2.84749	2.50262	2.23528	5.28220	5.49150	5.66421
69410	1.72232	1.67452	1.53069	5.78048	5.76046	5.68417	7.21528	5.00219	3.28998	5.47546	5.49799	4.89995	2.84802	2.50053	2.23446	5.27990	5.48827	5.65965
69570	1.72144	1.67404	1.53116	5.77900	5.76050	5.68571	7.21655	5.00700	3.28877	5.47696	5.49841	4.90014	2.84703	2.50251	2.23862	5.27993	5.49092	5.66229
69740	1.71907	1.67300	1.52843	5.77689	5.75662	5.68261	7.19840	4.99901	3.28305	5.47368	5.49564	4.89719	2.84650	2.50023	2.23498	5.27708	5.49055	5.66238
69900	1.71984	1.67196	1.53131	5.77868	5.75826	5.68358	7.20774	5.00239	3.28784	5.47514	5.49685	4.89893	2.84501	2.50108	2.23408	5.27465	5.48738	5.65865
70070	1.71853	1.67432	1.53127	5.77988	5.76149	5.68652	7.21738	5.00194	3.28879	5.47712	5.49911	4.90091	2.84914	2.50175	2.23602	5.27823	5.49088	5.66201
70230	1.72044	1.67453	1.52980	5.77842	5.75779	5.68283	7.21421	5.00018	3.28544	5.47471	5.49622	4.89673	2.84722	2.50115	2.23626	5.27521	5.49034	5.66188
70400	1.71913	1.67304	1.53077	5.77756	5.75779	5.68307	7.21416	4.99987	3.28792	5.47413	5.49642	4.89878	2.84837	2.50311	2.23584	5.27777	5.49166	5.66354
70560	1.72145	1.67612	1.52996	5.77905	5.75967	5.68521	7.22108	5.00439	3.28695	5.47712	5.49791	4.89823	2.84370	2.49916	2.23410	5.27842	5.48889	5.66076
70730	1.71743	1.67153	1.52963	5.77645	5.75763	5.68364	7.21647	5.00032	3.28638	5.47542	5.49471	4.89687	2.84582	2.50119	2.23431	5.28110	5.49158	5.66248	32.75	6.1	0.00	-2.04	0.01731	0.01198	0.01516	0.01849	0.01907	0.01490	0.00544	0.01509	0.02003	0.01880	0.01309	0.01671	0.01703	0.01761	0.01375	0.00578	0.01627	0.02172
70890	1.71995	1.67175	1.53040	5.77480	5.75588	5.68109	7.21403	5.00388	3.28600	5.47507	5.49366	4.89401	2.84604	2.50116	2.23596	5.27832	5.48711	5.65806
71050	1.72005	1.67221	1.53220	5.77189	5.75475	5.67922	7.21637	5.00055	3.28876	5.47574	5.49526	4.89538	2.84462	2.50106	2.23387	5.28045	5.48796	5.65991
71220	1.71612	1.66995	1.52538	5.77551	5.75503	5.67787	7.19861	4.99535	3.28122	5.47139	5.49220	4.89470	2.84139	2.49922	2.23082	5.27914	5.48980	5.66309
71380	1.71737	1.67201	1.53052	5.78015	5.75932	5.68347	7.20717	4.99851	3.28479	5.47463	5.49635	4.89828	2.84332	2.49623	2.23249	5.27681	5.48627	5.65634
71550	1.71701	1.66959	1.52562	5.77551	5.75585	5.67977	7.20478	4.99504	3.28159	5.47029	5.49095	4.89335	2.84153	2.49651	2.23007	5.27615	5.48462	5.65706
71710	1.71601	1.66807	1.52676	5.77486	5.75595	5.67850	7.20279	4.99208	3.27921	5.47109	5.49347	4.89706	2.84074	2.49731	2.23102	5.27651	5.48610	5.65755
71880	1.71910	1.67337	1.53367	5.78051	5.76182	5.68845	7.21915	5.00460	3.29039	5.47804	5.50020	4.90178	2.84786	2.50452	2.23578	5.28022	5.49353	5.66523
72040	1.72178	1.67344	1.53004	5.77887	5.75798	5.68324	7.20843	5.00413	3.28747	5.47548	5.49713	4.89957	2.84640	2.50334	2.23391	5.27576	5.48859	5.66018
72200	1.71885	1.67419	1.52786	5.77484	5.75490	5.68023	7.20770	5.00016	3.28583	5.47370	5.49434	4.89580	2.84296	2.49832	2.23407	5.27041	5.48470	5.65742
72370	1.71967	1.67215	1.53182	5.77923	5.75931	5.68546	7.21073	5.00215	3.28817	5.47835	5.50001	4.90192	2.84980	2.50386	2.23643	5.27929	5.49195	5.66357	32.75	6.2	0.00	-2.04	0.01731	0.01198	0.01516	0.01849	0.01907	0.01490	0.00544	0.01509	0.02003	0.01880	0.01309	0.01671	0.01703	0.01761	0.01375	0.00578	0.01627	0.02172
72530	1.71865	1.67292	1.52863	5.77768	5.75741	5.68232	7.20713	5.00006	3.28446	5.47322	5.49421	4.89725	2.84828	2.50104	2.23634	5.27758	5.49085	5.66184
72700	1.72014	1.67154	1.52851	5.77750	5.75781	5.68320	7.20820	4.99915	3.28232	5.47428	5.49565	4.89837	2.84580	2.49848	2.23178	5.27447	5.48618	5.65707
72860	1.71861	1.66928	1.52684	5.77349	5.75359	5.67810	7.21292	4.99241	3.28016	5.46971	5.49283	4.89471	2.84671	2.50243	2.23737	5.27713	5.48976	5.66217
73020	1.71972	1.67258	1.52813	5.77717	5.75772	5.68271	7.20849	5.00039	3.28499	5.47368	5.49658	4.89892	2.84354	2.49941	2.23360	5.27552	5.48657	5.65852
73190	1.71844	1.67150	1.53143	5.77838	5.75909	5.68485	7.21453	4.99821	3.28868	5.47610	5.49652	4.89994	2.84474	2.50075	2.23186	5.27857	5.48796	5.66061
73350	1.71943	1.67042	1.52747	5.77569	5.75593	5.68265	7.20499	5.00018	3.28482	5.47150	5.49234	4.89630	2.84581	2.50034	2.23584	5.27299	5.48698	5.65967
73520	1.71864	1.66940	1.52703	5.77610	5.75715	5.68155	7.20621	4.99875	3.28521	5.47295	5.49507	4.89699	2.84412	2.50147	2.23459	5.27814	5.48921	5.66053
73680	1.71931	1.67140	1.52960	5.77765	5.75807	5.68453	7.21594	5.00126	3.28433	5.47461	5.49579	4.89800	2.84552	2.49839	2.23337	5.27660	5.48739	5.65905
73850	1.71866	1.67013	1.52872	5.77516	5.75555	5.68071	7.20810	4.99601	3.28354	5.47195	5.49428	4.89727	2.84393	2.49964	2.23271	5.27335	5.48604	5.65795
74010	1.71895	1.67117	1.52695	5.77637	5.75598	5.68170	7.20379	4.99912	3.28156	5.47158	5.49402	4.89614	2.83973	2.49751	2.23309	5.27337	5.48466	5.65635	32.80	5.9	0.00	-2.04	0.01731	0.01198	0.01516	0.01849	0.01907	0.01490	0.00544	0.01509	0.02003	0.01880	0.01309	0.01671	0.01702	0.01761	0.01375	0.00578	0.01627	0.02172
74170	1.71679	1.67037	1.52879	5.77420	5.75770	5.68417	7.21460	5.00238	3.28803	5.47497	5.49703	4.89948	2.84858	2.50193	2.23596	5.27744	5.48935	5.66149
74340	1.72012	1.67244	1.52780	5.77717	5.75748	5.68239	7.20199	5.00120	3.28117	5.47249	5.49489	4.89632	2.84529	2.50093	2.23497	5.27698	5.48958	5.66269
74500	1.72213	1.67169	1.53029	5.77989	5.75898	5.68465	7.21441	5.00234	3.28431	5.47433	5.49638	4.89884	2.84572	2.49940	2.23352	5.27894	5.48787	5.66004
74670	1.71934	1.67289	1.52786	5.77702	5.75648	5.68205	7.20365	4.99910	3.28533	5.47343	5.49653	4.89858	2.84324	2.49991	2.23291	5.27376	5.48648	5.65829
74830	1.71729	1.67041	1.52832	5.77423	5.75444	5.67965	7.21285	4.99449	3.28190	5.47081	5.49314	4.89578	2.84191	2.49696	2.23095	5.27193	5.48414	5.65542
74990	1.71947	1.66953	1.52877	5.77586	5.75690	5.68229	7.21446	5.00276	3.28657	5.47375	5.49616	4.89651	2.84394	2.49895	2.23444	5.27422	5.48719	5.65877
75160	1.72020	1.66948	1.52680	5.77457	5.75418	5.68031	7.21421	4.99841	3.28232	5.47073	5.49329	4.89432	2.84048	2.49728	2.23304	5.27078	5.48355	5.65521
75320	1.71759	1.67155	1.52841	5.77760	5.75913	5.68429	7.22615	5.00306	3.28946	5.47460	5.49677	4.89966	2.84888	2.50029	2.23526	5.27976	5.48872	5.66000
75480	1.71841	1.66871	1.52730	5.77625	5.75560	5.68183	7.20569	5.00141	3.28373	5.47188	5.49155	4.89548	2.84531	2.50042	2.23440	5.27370	5.48809	5.65984
75650	1.72046	1.66945	1.52819	5.77468	5.75541	5.68035	7.21893	5.00015	3.28310	5.47130	5.49321	4.89443	2.84406	2.49989	2.23085	5.27590	5.48434	5.65654	32.80	6.2	0.00	-2.04	0.01731	0.01198	0.01516	0.01849	0.01907	0.01490	0.00544	0.01509	0.02003	0.01880	0.01309	0.01671	0.01702	0.01761	0.01375	0.00578	0.01627	0.02172
75810	1.71624	1.66864	1.52743	5.77167	5.75192	5.67620	7.22156	4.99571	3.28306	5.46920	5.49131	4.89361	2.84275	2.50310	2.23754	5.27646	5.48779	5.66033
75980	1.71954	1.67186	1.52902	5.77593	5.75564	5.68125	7.20714	5.00059	3.28522	5.47131	5.49258	4.89535	2.84332	2.49636	2.23292	5.27286	5.48525	5.65612
76140	1.72118	1.66930	1.52845	5.77471	5.75551	5.68053	7.21381	5.00179	3.28752	5.47181	5.49513	4.89595	2.84464	2.50025	2.23393	5.27361	5.48729	5.65750
76310	1.72189	1.67215	1.52909	5.77398	5.75439	5.67903	7.22283	5.00053	3.28262	5.47098	5.49168	4.89537	2.84255	2.50136	2.23460	5.27604	5.48789	5.65882
76470	1.71896	1.67215	1.52909	5.77525	5.75517	5.68066	7.22005	5.00103	3.28788	5.47231	5.49398	4.89616	2.84135	2.49708	2.23205	5.27250	5.48450	5.65682
76640	1.72025	1.67162	1.52964	5.77528	5.75662	5.68156	7.21206	5.00391	3.28644	5.47292	5.49399	4.89690	2.84527	2.49928	2.23405	5.27525	5.48558	5.65715
76800	1.71771	1.67200	1.52792	5.77271	5.75323	5.67735	7.20714	4.99861	3.28101	5.46953	5.49051	4.89347	2.84275	2.49999	2.23320	5.27374	5.48597	5.65792
76970	1.71962	1.67031	1.52683	5.77427	5.75438	5.67939	7.20797	5.00205	3.28464	5.47074	5.49233	4.89569	2.84610	2.50338	2.23699	5.27853	5.49070	5.66188
77130	1.72402	1.67543	1.53154	5.77855	5.75848	5.68408	7.22565	5.00571	3.29098	5.47367	5.49572	4.89816	2.84597	2.50221	2.23517	5.27525	5.48711	5.65869
77300	1.72114	1.67093	1.52770	5.77514	5.75526	5.67980	7.22126	5.00092	3.28687	5.47042	5.49155	4.89393	2.84453	2.49821	2.23365	5.27139	5.48373	5.65583	32.75	6.1	0.00	-2.04	0.01731	0.01198	0.01516	0.01849	0.01907	0.01490	0.00544	0.01509	0.02003	0.01880	0.01309	0.01671	0.01703	0.01761	0.01375	0.00578	0.01627	0.02172
77460	1.71821	1.67031	1.53055	5.77272	5.75380	5.67886	7.20976	5.00351	3.28665	5.47227	5.49341	4.89479	2.84569	2.49851	2.23406	5.27152	5.48475	5.65709
77620	1.72118	1.66947	1.52835	5.77286	5.75259	5.67737	7.22165	4.99798	3.28506	5.46933	5.48969	4.89397	2.84570	2.50003	2.23460	5.27320	5.48745	5.65853
77790	1.71930	1.67424	1.52901	5.77563	5.75615	5.68161	7.21843	5.00216	3.28533	5.47202	5.49360	4.89577	2.84482	2.50013	2.23456	5.27461	5.48532	5.65645
77950	1.71962	1.67203	1.53032	5.77553	5.75610	5.68224	7.21921	5.00322	3.28874	5.47201	5.49359	4.89689	2.84474	2.49912	2.23522	5.27634	5.48544	5.65634
78120	1.71959	1.67129	1.52784	5.77286	5.75325	5.67841	7.21224	4.99834	3.28077	5.46949	5.49074	4.89296	2.84542	2.50514	2.24064	5.27579	5.48828	5.66032
78280	1.72217	1.67311	1.52996	5.77596	5.75511	5.68111	7.21463	5.00364	3.28618	5.47094	5.49274	4.89557	2.84474	2.49915	2.23137	5.27267	5.48444	5.65618
78450	1.72172	1.67615	1.53092	5.77619	5.75736	5.68401	7.21814	5.00478	3.28940	5.47243	5.49417	4.89644	2.84776	2.50238	2.23664	5.27569	5.48817	5.66001
78610	1.72253	1.67165	1.52993	5.77447	5.75455	5.67980	7.22082	5.00301	3.28405	5.47051	5.49115	4.89415	2.84628	2.50164	2.23628	5.27369	5.48785	5.65866
78780	1.72108	1.67160	1.53026	5.77444	5.75555	5.67984	7.20703	5.00030	3.28484	5.47002	5.49205	4.89402	2.84392	2.49729	2.22903	5.27310	5.48322	5.65501
78940	1.71682	1.67073	1.52857	5.77305	5.75367	5.67954	7.21215	4.99923	3.28249	5.47012	5.49173	4.89463	2.84415	2.49979	2.23054	5.26998	5.48361	5.65431	32.75	6.1	0.00	-2.04	0.01731	0.01198	0.01516	0.01849	0.01907	0.01490	0.00544	0.01509	0.02003	0.01880	0.01309	0.01671	0.01703	0.01761	0.01375	0.00578	0.01627	0.02172
79100	1.71634	1.66875	1.52726	5.77231	5.75278	5.67789	7.21005	5.00105	3.28329	5.46917	5.49026	4.89445	2.84371	2.49755	2.23047	5.27077	5.48245	5.65383
79270	1.72014	1.67130	1.53063	5.77595	5.75622	5.68174	7.21687	5.00533	3.28673	5.47208	5.49275	4.89455	2.84490	2.50336	2.23326	5.27198	5.48644	5.65698
79430	1.71844	1.67216	1.52963	5.77262	5.75266	5.67842	7.20674	4.99994	3.28358	5.46954	5.49000	4.89226	2.84250	2.49861	2.23296	5.27110	5.48342	5.65480
79600	1.71690	1.67078	1.52710	5.77234	5.75246	5.67817	7.20353	4.99780	3.28313	5.46892	5.48995	4.89304	2.84168	2.49615	2.23207	5.26998	5.48150	5.65402
79760	1.71764	1.67088	1.52595	5.76944	5.74927	5.67455	7.20426	4.99404	3.27828	5.46557	5.48747	4.88958	2.84192	2.49975	2.23392	5.27133	5.48460	5.65494
79930	1.71814	1.67113	1.52633	5.77316	5.75297	5.67703	7.20280	4.99651	3.28237	5.46890	5.48958	4.89286	2.84697	2.50316	2.23745	5.27634	5.48969	5.66079
80090	1.72245	1.67306	1.53034	5.77725	5.75717	5.68294	7.20966	5.00213	3.28666	5.47198	5.49274	4.89480	2.84698	2.50071	2.23400	5.27582	5.48776	5.65803
80250	1.71997	1.67065	1.52650	5.77283	5.75264	5.67762	7.20947	4.99600	3.28293	5.46891	5.49026	4.89246	2.84062	2.49597	2.23013	5.27015	5.47979	5.65401
80420	1.71668	1.66924	1.52579	5.77095	5.75123	5.67632	7.20153	4.99220	3.27970	5.46737	5.48849	4.89146	2.84385	2.49855	2.23483	5.27352	5.48787	5.65861
80580	1.71897	1.67314	1.52920	5.77566	5.75622	5.68185	7.21032	5.00104	3.28438	5.47183	5.49279	4.89517	2.84485	2.50039	2.23175	5.27370	5.48477	5.65681	32.75	6.0	0.00	-2.04	0.01731	0.01198	0.01516	0.01849	0.01907	0.01490	0.00544	0.01509	0.02003	0.01880	0.01309	0.01671	0.01703	0.01761	0.01375	0.00578	0.01627	0.02172
80750	1.71896	1.67056	1.52915	5.77410	5.75531	5.68145	7.20263	5.00250	3.28645	5.47257	5.49329	4.89470	2.84457	2.49972	2.23346	5.27321	5.48528	5.65747
80910	1.71700	1.66802	1.52464	5.77268	5.75164	5.67675	7.20331	4.99506	3.28035	5.46813	5.48896	4.89088	2.84074	2.49748	2.23009	5.26980	5.48334	5.65580
81070	1.71656	1.66843	1.52528	5.77038	5.75169	5.67756	7.20730	4.99391	3.28022	5.46803	5.48993	4.89211	2.84053	2.49697	2.23049	5.26855	5.48175	5.65397
81240	1.71315	1.66589	1.52418	5.76948	5.74812	5.67413	7.20540	4.99241	3.27816	5.46728	5.48642	4.88895	2.84326	2.49720	2.22990	5.27137	5.48523	5.65757
81400	1.71627	1.66799	1.52641	5.77223	5.75180	5.67737	7.19825	4.99702	3.28044	5.46934	5.48930	4.89147	2.84015	2.49700	2.22798	5.27183	5.48176	5.65445
81570	1.71442	1.66983	1.52556	5.77123	5.75256	5.67853	7.20321	4.99544	3.28116	5.46999	5.49192	4.89275	2.84189	2.49618	2.23032	5.27186	5.48295	5.65551
81730	1.71384	1.66545	1.52539	5.77051	5.74987	5.67514	7.20813	4.99203	3.27605	5.46660	5.48783	4.89022	2.83852	2.49593	2.23216	5.27334	5.48469	5.65681
81900	1.71559	1.67196	1.52738	5.77262	5.75238	5.67731	7.20297	4.99616	3.27980	5.46995	5.49102	4.89279	2.83842	2.49584	2.22783	5.27281	5.48253	5.65392
82060	1.71322	1.67126	1.52532	5.77279	5.75255	5.67778	7.20793	4.99428	3.27977	5.47053	5.49204	4.89400	2.84000	2.49647	2.23098	5.27294	5.48395	5.65617
82230	1.71507	1.66802	1.52366	5.77112	5.75062	5.67548	7.21815	4.99051	3.27938	5.46738	5.48882	4.89006	2.84053	2.49740	2.23292	5.27470	5.48661	5.65857	32.75	6.1	0.00	-2.04	0.01731	0.01198	0.01516	0.01849	0.01907	0.01490	0.00544	0.01509	0.02003	0.01880	0.01309	0.01671	0.01703	0.01761	0.01375	0.00578	0.01627	0.02172
82390	1.71633	1.66892	1.52643	5.77293	5.75311	5.67826	7.21435	4.99702	3.27921	5.46924	5.48972	4.89024	2.83979	2.49558	2.22971	5.27001	5.48243	5.65398
82560	1.71492	1.66781	1.52590	5.77225	5.75322	5.67906	7.21152	4.99726	3.28133	5.47084	5.49121	4.89343	2.84144	2.49576	2.23006	5.27335	5.48547	5.65635
82720	1.71436	1.66550	1.52434	5.77140	5.75015	5.67558	7.20106	4.99172	3.27800	5.46735	5.48840	4.88991	2.83877	2.49549	2.22757	5.26959	5.48108	5.65408
82880	1.71428	1.66581	1.52245	5.76940	5.74987	5.67431	7.21250	4.99132	3.27593	5.46506	5.48694	4.88861	2.83900	2.49659	2.23223	5.27237	5.48285	5.65528
83050	1.71483	1.66783	1.52390	5.77235	5.75269	5.67775	7.20894	4.99189	3.27837	5.46741	5.48837	4.88992	2.83907	2.49438	2.22655	5.26959	5.48099	5.65312
83210	1.71172	1.66581	1.52312	5.76897	5.75109	5.67652	7.19994	4.99395	3.28025	5.46777	5.48958	4.89025	2.83856	2.49423	2.22721	5.26968	5.48165	5.65423
83380	1.71338	1.66499	1.52359	5.77008	5.75024	5.67527	7.19639	4.99141	3.27491	5.46601	5.48750	4.88976	2.83676	2.49277	2.22880	5.26965	5.48261	5.65432
83540	1.71385	1.66607	1.52481	5.77028	5.75018	5.67498	7.19527	4.99292	3.27627	5.46648	5.48965	4.88988	2.83650	2.49391	2.22846	5.26903	5.48097	5.65297
83710	1.71488	1.66620	1.52344	5.77096	5.75161	5.67608	7.21182	4.99087	3.27710	5.46774	5.48864	4.89059	2.83744	2.49538	2.22661	5.27142	5.48250	5.65417
83870	1.71453	1.66734	1.52346	5.77009	5.75010	5.67491	7.19904	4.99188	3.27635	5.46573	5.48807	4.88923	2.83712	2.49379	2.22913	5.27080	5.48263	5.65470	32.75	6.1	0.00	-2.04	0.01731	0.01198	0.01516	0.01849	0.01907	0.01490	0.00544	0.01509	0.02003	0.01880	0.01309	0.01671	0.01703	0.01761	0.01375	0.00578	0.01627	0.02172
84040	1.71264	1.66603	1.52511	5.77006	5.75109	5.67506	7.21130	4.99041	3.27642	5.46597	5.48822	4.88923	2.83571	2.49414	2.22747	5.26772	5.47991	5.65204
84200	1.71469	1.66849	1.52658	5.77201	5.75176	5.67796	7.20542	4.99673	3.28085	5.46801	5.48988	4.89160	2.83991	2.49615	2.23012	5.27109	5.48332	5.65512
84370	1.71493	1.66626	1.52530	5.76954	5.74903	5.67376	7.20196	4.99032	3.27565	5.46526	5.48652	4.88904	2.83938	2.49597	2.22973	5.27034	5.48392	5.65642
84530	1.71615	1.66857	1.52475	5.77287	5.75218	5.67571	7.21428	4.99366	3.27789	5.46746	5.48867	4.88992	2.83678	2.49711	2.22738	5.26831	5.48099	5.65339
84700	1.71500	1.66804	1.52760	5.77192	5.75413	5.67871	7.20941	4.99519	3.28282	5.46849	5.48993	4.89119	2.83993	2.49815	2.22985	5.27208	5.48436	5.65492
84860	1.71559	1.66697	1.52511	5.77054	5.75057	5.67493	7.19861	4.99004	3.27712	5.46581	5.48682	4.88853	2.83950	2.49593	2.22968	5.27221	5.48439	5.65598
85020	1.71602	1.66575	1.52455	5.77113	5.75128	5.67588	7.20240	4.99387	3.27713	5.46588	5.48735	4.88909	2.83866	2.49450	2.22720	5.26828	5.48041	5.65178
85190	1.71371	1.66545	1.52471	5.77102	5.75061	5.67664	7.21204	4.99297	3.28029	5.46691	5.48814	4.88984	2.83879	2.49408	2.22861	5.27001	5.48111	5.65270
85350	1.71204	1.66530	1.52308	5.76892	5.74880	5.67315	7.20323	4.98814	3.27475	5.46483	5.48476	4.88705	2.83655	2.49193	2.22569	5.26864	5.47819	5.65031
85520	1.71474	1.66608	1.52530	5.77005	5.75180	5.67701	7.20075	4.99375	3.27994	5.46767	5.48855	4.89042	2.84098	2.49636	2.22931	5.27181	5.48197	5.65403	32.75	6.2	0.00	-2.04	0.01731	0.01198	0.01516	0.01849	0.01907	0.01490	0.00544	0.01509	0.02003	0.01880	0.01309	0.01671	0.01703	0.01761	0.01375	0.00578	0.01627	0.02172
85680	1.71563	1.66553	1.52490	5.76949	5.74897	5.67296	7.21252	4.99043	3.27713	5.46495	5.48535	4.88668	2.83702	2.49487	2.22811	5.26978	5.47950	5.65195
85840	1.71394	1.66736	1.52381	5.76803	5.74804	5.67306	7.20834	4.99189	3.27622	5.46430	5.48601	4.88723	2.83695	2.49342	2.22629	5.26624	5.47639	5.65040
86010	1.71113	1.66781	1.52663	5.76703	5.74988	5.67516	7.20629	4.99622	3.28023	5.46661	5.48809	4.89116	2.84073	2.49704	2.23182	5.27145	5.48266	5.65467
86170	1.71321	1.66639	1.52546	5.76958	5.74796	5.67253	7.19768	4.99105	3.27785	5.46357	5.48541	4.88715	2.83836	2.49508	2.22850	5.26975	5.48127	5.65396
86340	1.71587	1.66643	1.52708	5.77084	5.75009	5.67479	7.20483	4.99297	3.27775	5.46501	5.48692	4.88745	2.83732	2.48995	2.22650	5.26765	5.47869	5.65164
86500	1.71461	1.66704	1.52455	5.76876	5.74963	5.67488	7.19593	4.99441	3.27567	5.46541	5.48721	4.88775	2.83680	2.49327	2.22712	5.26749	5.47910	5.65177
86660	1.71172	1.66468	1.52431	5.76768	5.74809	5.67363	7.20853	4.98937	3.27652	5.46339	5.48382	4.88604	2.83592	2.49262	2.22671	5.26687	5.47954	5.65221
86830	1.71384	1.66836	1.52364	5.76758	5.74812	5.67323	7.20873	4.99263	3.27448	5.46399	5.48455	4.88603	2.83625	2.49338	2.22913	5.26945	5.48082	5.65295
86990	1.71274	1.66874	1.52298	5.76795	5.74716	5.67222	7.20177	4.99100	3.27279	5.46254	5.48440	4.88542	2.83908	2.49767	2.23215	5.27060	5.48362	5.65550
87160	1.71692	1.66880	1.52571	5.77075	5.75065	5.67512	7.21460	4.99263	3.27990	5.46483	5.48601	4.88885	2.83928	2.49555	2.22750	5.26774	5.47992	5.65226	32.75	6.1	0.00	-2.04	0.01731	0.01198	0.01516	0.01849	0.01907	0.01490	0.00544	0.01509	0.02003	0.01880	0.01309	0.01671	0.01703	0.01761	0.01375	0.00578	0.01627	0.02172
87320	1.71522	1.66551	1.52608	5.76782	5.74721	5.67255	7.21193	4.99069	3.27639	5.46355	5.48482	4.88667	2.83773	2.49475	2.22720	5.26682	5.47887	5.65177
87490	1.71501	1.66959	1.52569	5.76878	5.74859	5.67412	7.20025	4.99372	3.27886	5.46358	5.48532	4.88850	2.84031	2.49501	2.22791	5.26869	5.47878	5.65098
87650	1.71368	1.66575	1.52709	5.76811	5.74877	5.67383	7.21081	4.99849	3.27932	5.46352	5.48423	4.88584	2.83907	2.49452	2.22935	5.26705	5.47948	5.65238
87820	1.71517	1.66923	1.52616	5.76795	5.74776	5.67317	7.21436	4.99271	3.27564	5.46384	5.48413	4.88548	2.83935	2.49485	2.23003	5.26777	5.47966	5.65137
87980	1.71504	1.66811	1.52574	5.76796	5.74804	5.67468	7.20998	4.99412	3.27953	5.46393	5.48438	4.88617	2.83737	2.49426	2.22902	5.26977	5.48007	5.65103
88150	1.71553	1.66613	1.52576	5.76677	5.74772	5.67266	7.20176	4.99404	3.27585	5.46329	5.48314	4.88518	2.83854	2.49611	2.23046	5.27193	5.48061	5.65255
88310	1.71445	1.66583	1.52595	5.76872	5.74855	5.67274	7.20020	4.99287	3.27910	5.46372	5.48497	4.88616	2.83717	2.49458	2.22784	5.26764	5.47788	5.65064
88480	1.71542	1.67017	1.52798	5.76951	5.75081	5.67536	7.20492	4.99449	3.28197	5.46485	5.48569	4.88809	2.83832	2.49638	2.22953	5.27003	5.48017	5.65238
88640	1.71442	1.66782	1.52512	5.76922	5.74903	5.67357	7.20857	4.99242	3.27779	5.46327	5.48464	4.88576	2.83714	2.49354	2.22650	5.26961	5.47854	5.65042
88810	1.71396	1.66684	1.52551	5.76701	5.74574	5.67244	7.20495	4.98906	3.27615	5.46224	5.48209	4.88494	2.83979	2.49735	2.23003	5.27359	5.48310	5.65488	32.75	6.1	0.00	-2.04	0.01731	0.01198	0.01516	0.01849	0.01907	0.01490	0.00544	0.01509	0.02003	0.01880	0.01309	0.01671	0.01703	0.01761	0.01376	0.00578	0.01627	0.02172
88970	1.71741	1.66951	1.52824	5.77065	5.75060	5.67585	7.21415	4.99809	3.27959	5.46516	5.48642	4.88753	2.83988	2.49593	2.22793	5.27270	5.48146	5.65274
89130	1.71522	1.66694	1.52725	5.76785	5.74820	5.67485	7.20836	4.99449	3.27746	5.46575	5.48612	4.88822	2.84091	2.49627	2.22807	5.27057	5.47976	5.65235
89300	1.71672	1.66636	1.52402	5.76700	5.74691	5.67125	7.21221	4.99061	3.27634	5.46157	5.48237	4.88431	2.83757	2.49396	2.22991	5.26939	5.47902	5.65009
89460	1.71494	1.66637	1.52593	5.76683	5.74617	5.67100	7.20388	4.99035	3.27684	5.46134	5.48223	4.88423	2.83791	2.49132	2.22901	5.26697	5.47577	5.64840
89620	1.71313	1.66313	1.52218	5.76433	5.74363	5.66828	7.20184	4.98604	3.27411	5.45904	5.47999	4.88193	2.83645	2.49566	2.22889	5.26798	5.47860	5.65097
89790	1.71529	1.66747	1.52474	5.76693	5.74714	5.67152	7.20199	4.99256	3.27667	5.46216	5.48339	4.88527	2.83826	2.49394	2.22462	5.26710	5.47724	5.64881
89950	1.71461	1.66681	1.52761	5.76782	5.74711	5.67294	7.20179	4.99210	3.27941	5.46276	5.48329	4.88534	2.83759	2.49602	2.22943	5.26916	5.47924	5.65068
