WetView ver 7.1	07-15-2019	21:25:26
AC9 Absorption and Attenuation Meter
00000311		; Serial number
2	; structure version number
Reserved
0.000000	0.000000		; Depth calibration
19200			; Baud rate
0.100000			; Path length (meters)
23			; number of temperature calibration bins
				12.61517	13.44096	14.46844	15.49904	16.50682	17.50108	18.49752	19.51783	20.49177	21.49009	22.48286	23.50673	24.54012	25.54812	26.49986	27.49321	28.50960	29.48671	30.47471	31.49432	32.50437	33.48679	34.49133	; temperature bins
a650	Blue	18.61587		0.01156	0.01096	0.01010	0.00930	0.00851	0.00774	0.00661	0.00573	0.00499	0.00402	0.00285	0.00203	0.00096	0.00000	-0.00110	-0.00152	-0.00210	-0.00247	-0.00259	-0.00317	-0.00346	-0.00380	-0.00403		; offset and temperature correction info
a676	Green	18.78942		0.00964	0.00899	0.00863	0.00813	0.00730	0.00639	0.00545	0.00448	0.00385	0.00301	0.00233	0.00165	0.00046	0.00000	-0.00106	-0.00167	-0.00251	-0.00280	-0.00316	-0.00329	-0.00377	-0.00392	-0.00441		; offset and temperature correction info
a715	Brown	18.59217		0.01171	0.01109	0.01043	0.00975	0.00878	0.00789	0.00685	0.00572	0.00469	0.00356	0.00255	0.00160	0.00061	0.00000	-0.00063	-0.00113	-0.00152	-0.00183	-0.00226	-0.00293	-0.00364	-0.00404	-0.00473		; offset and temperature correction info
c510	Red	18.18396		-0.00549	-0.00480	-0.00383	-0.00272	-0.00202	-0.00118	-0.00044	-0.00038	-0.00015	-0.00021	0.00013	0.00007	-0.00007	0.00000	-0.00007	-0.00065	-0.00045	-0.00018	0.00007	0.00039	-0.00001	-0.00002	-0.00045		; offset and temperature correction info
c532	Magenta	18.26528		-0.00721	-0.00645	-0.00581	-0.00518	-0.00465	-0.00345	-0.00281	-0.00270	-0.00182	-0.00141	-0.00108	-0.00072	-0.00022	0.00000	0.00044	0.00030	0.00031	-0.00006	-0.00052	-0.00089	-0.00142	-0.00149	-0.00154		; offset and temperature correction info
c555	Black	18.37125		-0.00430	-0.00419	-0.00381	-0.00319	-0.00286	-0.00254	-0.00205	-0.00196	-0.00138	-0.00137	-0.00067	-0.00051	-0.00030	0.00000	0.00067	0.00087	0.00057	0.00027	-0.00015	-0.00089	-0.00127	-0.00137	-0.00150		; offset and temperature correction info
a412	LtBlue	15.33566		-0.06011	-0.05567	-0.05012	-0.04441	-0.03922	-0.03412	-0.02941	-0.02503	-0.02049	-0.01588	-0.01121	-0.00784	-0.00311	0.00000	0.00273	0.00611	0.00757	0.00871	0.01066	0.01299	0.01539	0.01781	0.02175		; offset and temperature correction info
a440	LtGreen	16.05925		-0.01380	-0.01214	-0.01039	-0.00858	-0.00690	-0.00532	-0.00426	-0.00322	-0.00230	-0.00158	-0.00055	0.00006	0.00001	0.00000	0.00017	0.00016	-0.00094	-0.00222	-0.00363	-0.00486	-0.00567	-0.00651	-0.00782		; offset and temperature correction info
a488	Yellow	16.82827		0.00255	0.00293	0.00331	0.00354	0.00373	0.00378	0.00363	0.00350	0.00291	0.00225	0.00215	0.00142	0.00099	0.00000	-0.00092	-0.00169	-0.00295	-0.00396	-0.00479	-0.00542	-0.00582	-0.00604	-0.00663		; offset and temperature correction info
c650	Blue	18.49287		-0.00570	-0.00516	-0.00456	-0.00403	-0.00346	-0.00232	-0.00132	-0.00122	-0.00073	-0.00066	-0.00035	-0.00016	0.00003	0.00000	0.00044	0.00078	0.00108	0.00057	0.00040	-0.00042	-0.00033	-0.00029	-0.00034		; offset and temperature correction info
c676	Green	18.50570		0.00299	0.00293	0.00287	0.00293	0.00278	0.00294	0.00317	0.00251	0.00243	0.00215	0.00139	0.00123	0.00068	0.00000	-0.00041	-0.00106	-0.00205	-0.00268	-0.00325	-0.00413	-0.00495	-0.00610	-0.00674		; offset and temperature correction info
c715	Brown	17.88888		0.00826	0.00812	0.00773	0.00790	0.00766	0.00758	0.00753	0.00650	0.00571	0.00461	0.00359	0.00222	0.00101	0.00000	-0.00146	-0.00284	-0.00385	-0.00448	-0.00463	-0.00513	-0.00623	-0.00715	-0.00838		; offset and temperature correction info
a510	Red	17.18050		0.00353	0.00364	0.00354	0.00361	0.00381	0.00381	0.00356	0.00332	0.00277	0.00229	0.00176	0.00116	0.00036	0.00000	-0.00014	-0.00069	-0.00088	-0.00147	-0.00150	-0.00129	-0.00120	-0.00134	-0.00091		; offset and temperature correction info
a532	Magenta	17.40228		0.00550	0.00548	0.00526	0.00479	0.00464	0.00422	0.00393	0.00328	0.00253	0.00212	0.00136	0.00085	0.00039	0.00000	-0.00059	-0.00146	-0.00188	-0.00262	-0.00330	-0.00393	-0.00491	-0.00540	-0.00605		; offset and temperature correction info
a555	Black	17.72308		0.00849	0.00832	0.00800	0.00760	0.00724	0.00655	0.00580	0.00495	0.00435	0.00347	0.00252	0.00153	0.00049	0.00000	-0.00050	-0.00155	-0.00214	-0.00306	-0.00350	-0.00411	-0.00470	-0.00539	-0.00570		; offset and temperature correction info
c412	LtBlue	16.72802		-0.05949	-0.05458	-0.04744	-0.04134	-0.03547	-0.03064	-0.02511	-0.02047	-0.01574	-0.01163	-0.00761	-0.00442	-0.00204	0.00000	0.00100	0.00051	-0.00043	-0.00239	-0.00475	-0.00629	-0.00827	-0.00955	-0.01337		; offset and temperature correction info
c440	LtGreen	17.42637		-0.02723	-0.02503	-0.02216	-0.01930	-0.01691	-0.01394	-0.01125	-0.00926	-0.00732	-0.00582	-0.00401	-0.00226	-0.00093	0.00000	0.00082	0.00123	0.00133	0.00097	0.00038	-0.00003	-0.00022	-0.00023	-0.00125		; offset and temperature correction info
c488	Yellow	18.03666		-0.00640	-0.00554	-0.00465	-0.00357	-0.00276	-0.00154	-0.00067	-0.00031	-0.00014	-0.00012	0.00046	0.00032	0.00020	0.00000	0.00001	-0.00024	-0.00060	-0.00084	-0.00126	-0.00180	-0.00276	-0.00304	-0.00427		; offset and temperature correction info
0.003500	0.004000	0.015000	0.020000	0.015000	0.020000	2500.000000	2000.000000	1000.000000	; maxANoise	maxCNoise	maxADifference	maxCDifference	minACounts	minCCounts	minRCounts	maxTempSdev	maxDepthSdev
0			; auxilliary capabilities
1			; acquisition binsize
0	0.64084	0.60000	0.47554	3.05618	2.67525	2.27786	8.77681	5.18225	2.60784	1.65157	1.46826	1.36590	2.01675	1.57501	1.24281	9.60720	6.14172	3.62518	31.92	6.1	0.00	-2.04	0.01753	0.01214	0.01535	0.01867	0.01923	0.01504	0.00554	0.01533	0.02033	0.01910	0.01342	0.01707	0.01727	0.01784	0.01393	0.00580	0.01633	0.02189
170	0.63849	0.59789	0.47435	3.05331	2.67481	2.27923	8.76798	5.17928	2.60687	1.65145	1.46743	1.36322	2.01579	1.57502	1.24216	9.60514	6.14127	3.62487
340	0.63917	0.59773	0.47536	3.05388	2.67600	2.27964	8.77742	5.18036	2.60930	1.64958	1.46568	1.36298	2.01762	1.57576	1.24100	9.60781	6.14053	3.62385
500	0.63816	0.59634	0.47373	3.05064	2.67331	2.27628	8.76787	5.17520	2.60672	1.64550	1.46312	1.36254	2.01651	1.57504	1.24612	9.60564	6.14403	3.62734
670	0.64025	0.59898	0.47480	3.05746	2.67787	2.28084	8.76792	5.18029	2.60854	1.65360	1.47045	1.36724	2.01770	1.57624	1.24420	9.61194	6.14485	3.62864
830	0.63887	0.59726	0.47259	3.05813	2.67980	2.28308	8.74527	5.17604	2.60552	1.65465	1.47202	1.36807	2.01486	1.57461	1.24156	9.60937	6.14245	3.62622
1000	0.63978	0.59717	0.47117	3.05505	2.67737	2.27990	8.76145	5.17748	2.60394	1.65164	1.46947	1.36641	2.01527	1.57101	1.24035	9.60489	6.13726	3.62099
1160	0.63846	0.59943	0.47365	3.05285	2.67649	2.27923	8.75916	5.18019	2.60695	1.65376	1.47103	1.36461	2.01404	1.57554	1.24224	9.60751	6.14256	3.62522
1330	0.63654	0.59695	0.47434	3.05287	2.67511	2.27693	8.75726	5.17920	2.60422	1.65107	1.46847	1.36314	2.01562	1.57507	1.24366	9.61229	6.14542	3.62986
1490	0.64004	0.59711	0.47368	3.05717	2.67904	2.28043	8.75559	5.17736	2.60640	1.65462	1.47099	1.36626	2.01443	1.57339	1.23920	9.60710	6.14182	3.62525
1660	0.63989	0.59635	0.47325	3.05396	2.67488	2.27738	8.76099	5.18000	2.60706	1.65228	1.47056	1.36528	2.01432	1.57363	1.24170	9.60378	6.13972	3.62371	31.86	6.0	0.00	-2.04	0.01753	0.01214	0.01535	0.01867	0.01923	0.01504	0.00554	0.01534	0.02033	0.01910	0.01342	0.01707	0.01727	0.01784	0.01393	0.00580	0.01633	0.02189
1830	0.63845	0.59647	0.47236	3.05529	2.67566	2.27688	8.76122	5.17459	2.60525	1.64976	1.46880	1.36513	2.01518	1.57493	1.24399	9.60746	6.14235	3.62577
1990	0.63987	0.60074	0.47359	3.05861	2.67990	2.28062	8.75910	5.18027	2.60962	1.65139	1.46976	1.36602	2.01593	1.57349	1.24028	9.60831	6.14099	3.62365
2160	0.63887	0.59663	0.47332	3.05306	2.67534	2.27908	8.75681	5.17712	2.60630	1.65077	1.46663	1.36280	2.01255	1.57257	1.23786	9.60212	6.13856	3.62143
2320	0.63727	0.59888	0.47299	3.05112	2.67598	2.27948	8.75670	5.18060	2.60953	1.65189	1.46907	1.36526	2.01487	1.57587	1.24160	9.61118	6.14331	3.62511
2490	0.63937	0.59822	0.47405	3.05599	2.67855	2.27966	8.75318	5.17653	2.60648	1.65162	1.46910	1.36550	2.01431	1.57252	1.24017	9.61123	6.14078	3.62389
2650	0.63871	0.59547	0.47226	3.05540	2.67649	2.27624	8.75274	5.17344	2.60272	1.64557	1.46517	1.36310	2.01530	1.57392	1.24307	9.60695	6.14317	3.62603
2820	0.63882	0.59756	0.47380	3.05520	2.67614	2.27793	8.76273	5.17727	2.60690	1.65160	1.46875	1.36488	2.01434	1.57208	1.24119	9.60902	6.14372	3.62662
2990	0.63639	0.59726	0.47193	3.05470	2.67735	2.27986	8.76474	5.17860	2.60547	1.65138	1.46850	1.36302	2.01418	1.57362	1.23969	9.60635	6.14258	3.62570
3150	0.63741	0.59520	0.47103	3.05364	2.67612	2.27763	8.75530	5.17336	2.60389	1.64994	1.46815	1.36453	2.01203	1.57120	1.23940	9.60262	6.13782	3.62258
3320	0.63800	0.59960	0.47382	3.05655	2.67807	2.27915	8.76663	5.18078	2.60649	1.65231	1.47183	1.36742	2.01522	1.57347	1.23933	9.60604	6.14015	3.62342	31.92	6.0	0.00	-2.04	0.01753	0.01214	0.01535	0.01867	0.01923	0.01504	0.00554	0.01533	0.02033	0.01910	0.01342	0.01707	0.01727	0.01784	0.01393	0.00580	0.01633	0.02189
3480	0.63929	0.59777	0.47184	3.05626	2.67750	2.27826	8.74816	5.17580	2.60514	1.64949	1.46900	1.36553	2.01305	1.57300	1.24053	9.60886	6.13983	3.62360
3650	0.63625	0.59680	0.47173	3.05481	2.67661	2.27823	8.75134	5.17353	2.60087	1.64806	1.46715	1.36349	2.01473	1.57389	1.24230	9.60518	6.14344	3.62715
3810	0.64100	0.59724	0.47231	3.05571	2.67661	2.27945	8.74320	5.17653	2.60308	1.65111	1.46924	1.36299	2.01426	1.57404	1.24018	9.60221	6.13867	3.62361
3980	0.63821	0.59699	0.47398	3.05386	2.67550	2.27836	8.74849	5.17800	2.60632	1.65143	1.47035	1.36567	2.01406	1.57230	1.24099	9.60604	6.14122	3.62519
4150	0.63772	0.59727	0.47316	3.05578	2.67704	2.27888	8.75613	5.17630	2.60327	1.65206	1.47132	1.36696	2.01544	1.57606	1.24321	9.61128	6.14696	3.62988
4310	0.64039	0.59953	0.47329	3.06131	2.68200	2.28334	8.75312	5.17736	2.60579	1.65564	1.47566	1.36944	2.01372	1.57329	1.23896	9.60720	6.14525	3.62862
4480	0.63688	0.59625	0.47239	3.05914	2.68041	2.28213	8.75970	5.17613	2.60358	1.65514	1.47387	1.36845	2.01223	1.56927	1.23832	9.60684	6.14265	3.62730
4640	0.63559	0.59611	0.47286	3.05683	2.67948	2.28423	8.75541	5.17672	2.60705	1.65962	1.47671	1.36970	2.01358	1.57276	1.24091	9.61133	6.14547	3.62968
4810	0.63640	0.59740	0.47198	3.05682	2.67826	2.28157	8.76054	5.17520	2.60365	1.65406	1.47177	1.36716	2.01348	1.57188	1.23847	9.60513	6.14221	3.62577
4970	0.63564	0.59480	0.46959	3.05524	2.67785	2.28127	8.75883	5.17156	2.60273	1.65493	1.47241	1.36725	2.01247	1.57034	1.23855	9.60881	6.14464	3.62901	31.92	6.1	0.00	-2.04	0.01753	0.01214	0.01535	0.01867	0.01923	0.01504	0.00554	0.01534	0.02033	0.01910	0.01342	0.01707	0.01727	0.01784	0.01393	0.00580	0.01633	0.02189
5140	0.63751	0.59758	0.47086	3.05871	2.67963	2.28140	8.75950	5.17465	2.60448	1.65294	1.47318	1.36991	2.01218	1.57114	1.23582	9.60730	6.13874	3.62238
5300	0.63669	0.59628	0.47388	3.05746	2.68035	2.28289	8.75364	5.17856	2.60598	1.65494	1.47497	1.37062	2.01331	1.57426	1.23927	9.60720	6.14386	3.62706
5470	0.63768	0.59675	0.47085	3.05657	2.67908	2.28156	8.75459	5.17530	2.60552	1.65348	1.47336	1.36868	2.01361	1.57162	1.23675	9.60841	6.14163	3.62635
5630	0.63646	0.59402	0.47174	3.05547	2.67695	2.27946	8.74355	5.17179	2.60169	1.65296	1.47158	1.36744	2.01271	1.57079	1.24083	9.60791	6.14459	3.62776
5800	0.63663	0.59618	0.47272	3.05671	2.67850	2.28192	8.75916	5.17397	2.60501	1.65450	1.47263	1.36715	2.01243	1.57092	1.23809	9.60755	6.14331	3.62654
5960	0.63692	0.59727	0.47042	3.05804	2.68053	2.28224	8.74990	5.17786	2.60342	1.65496	1.47440	1.36868	2.01009	1.57062	1.23565	9.60670	6.14197	3.62489
6130	0.63653	0.59723	0.47149	3.05880	2.68229	2.28420	8.74282	5.17647	2.60482	1.65766	1.47703	1.37072	2.01498	1.57098	1.23874	9.61274	6.14532	3.62942
6300	0.63567	0.59531	0.47165	3.05956	2.68253	2.28466	8.75386	5.17884	2.60357	1.65882	1.47847	1.37332	2.01199	1.57230	1.23718	9.60745	6.14311	3.62676
6460	0.63540	0.59392	0.46927	3.05871	2.68076	2.28137	8.75531	5.17128	2.59952	1.65289	1.47352	1.36866	2.01110	1.57025	1.23746	9.60947	6.14411	3.62731
6630	0.63586	0.59512	0.47222	3.06005	2.68408	2.28758	8.75169	5.17831	2.60553	1.65922	1.47707	1.37192	2.01561	1.57277	1.24196	9.61138	6.14504	3.62829	31.92	6.0	0.00	-2.04	0.01753	0.01214	0.01535	0.01867	0.01923	0.01504	0.00554	0.01534	0.02033	0.01910	0.01342	0.01707	0.01727	0.01784	0.01393	0.00580	0.01633	0.02189
6800	0.63756	0.59750	0.47165	3.05967	2.68196	2.28313	8.75777	5.17627	2.60483	1.65524	1.47541	1.37243	2.01357	1.57283	1.23997	9.61445	6.14711	3.63012
6960	0.63669	0.59605	0.47172	3.06135	2.68257	2.28463	8.75275	5.17525	2.60413	1.65755	1.47742	1.37285	2.01341	1.57294	1.23992	9.61274	6.14696	3.63082
7130	0.63491	0.59359	0.47050	3.06076	2.68234	2.28428	8.75956	5.17445	2.60293	1.65646	1.47456	1.37034	2.01497	1.57474	1.24198	9.61229	6.14851	3.63448
7290	0.63856	0.59868	0.47303	3.06556	2.68664	2.28859	8.75716	5.17784	2.60671	1.66065	1.47913	1.37450	2.01647	1.57402	1.23978	9.61092	6.14904	3.63291
7460	0.63820	0.59899	0.47195	3.06447	2.68514	2.28800	8.74768	5.17679	2.60377	1.66016	1.47830	1.37375	2.01363	1.57104	1.23964	9.61198	6.14673	3.63157
7620	0.63629	0.59698	0.47222	3.06317	2.68360	2.28478	8.76118	5.17665	2.60317	1.66060	1.47895	1.37448	2.01246	1.56974	1.23861	9.60342	6.14269	3.62778
7790	0.63785	0.59794	0.47320	3.06361	2.68621	2.28854	8.76782	5.18128	2.60799	1.66129	1.47891	1.37419	2.01672	1.57163	1.24145	9.60936	6.14817	3.63239
7960	0.63699	0.59571	0.47027	3.06217	2.68277	2.28647	8.75599	5.17533	2.60195	1.66067	1.47811	1.37398	2.01228	1.56952	1.23875	9.60508	6.14317	3.63008
8120	0.63510	0.59337	0.46917	3.06171	2.68283	2.28506	8.73520	5.17411	2.60148	1.65793	1.47675	1.37365	2.01288	1.57030	1.24391	9.60846	6.14654	3.63170
8290	0.63754	0.59578	0.47136	3.06304	2.68424	2.28861	8.74009	5.17233	2.60392	1.66128	1.47822	1.37421	2.01499	1.57180	1.23867	9.60967	6.14504	3.63007	31.92	6.0	0.00	-2.04	0.01753	0.01214	0.01535	0.01867	0.01923	0.01504	0.00554	0.01534	0.02033	0.01910	0.01342	0.01707	0.01727	0.01784	0.01393	0.00580	0.01633	0.02189
8450	0.63571	0.59815	0.47171	3.06055	2.68013	2.28509	8.74984	5.17846	2.60716	1.66299	1.48087	1.37556	2.01344	1.57125	1.23994	9.60871	6.14376	3.62960
8620	0.63586	0.59747	0.47390	3.06548	2.68687	2.29026	8.75709	5.17736	2.60591	1.66403	1.48165	1.37642	2.01517	1.57326	1.24116	9.61118	6.14792	3.63380
8780	0.63695	0.59605	0.47075	3.06585	2.68806	2.29096	8.74076	5.17777	2.60566	1.66053	1.47668	1.37386	2.01464	1.57180	1.23919	9.60911	6.14654	3.63135
8950	0.63416	0.59488	0.47174	3.06346	2.68627	2.29011	8.75045	5.17999	2.60896	1.66073	1.47889	1.37616	2.01633	1.57377	1.24136	9.61486	6.14929	3.63239
9110	0.63726	0.59591	0.46952	3.06222	2.68382	2.28842	8.75202	5.17373	2.60513	1.66227	1.47847	1.37508	2.01243	1.57189	1.23886	9.61143	6.14537	3.63142
9280	0.63546	0.59333	0.46883	3.06263	2.68296	2.28643	8.73864	5.17483	2.60308	1.66396	1.47979	1.37541	2.01394	1.57234	1.23886	9.61320	6.14734	3.63365
9440	0.63628	0.59609	0.47157	3.06485	2.68576	2.28789	8.74967	5.17286	2.60479	1.66155	1.47896	1.37664	2.01178	1.57058	1.23753	9.61168	6.14550	3.63108
9610	0.63791	0.59771	0.47273	3.06496	2.68746	2.29094	8.74811	5.17916	2.60870	1.66499	1.47995	1.37707	2.01771	1.57604	1.24080	9.61189	6.14928	3.63446
9770	0.63797	0.59582	0.47098	3.06371	2.68590	2.28916	8.75107	5.17596	2.60434	1.65991	1.47671	1.37495	2.01274	1.57032	1.23883	9.61491	6.14604	3.63062
9940	0.63568	0.59428	0.46712	3.06003	2.68296	2.28518	8.74963	5.17380	2.60041	1.66034	1.47596	1.37187	2.01403	1.57338	1.24151	9.61410	6.14850	3.63425	31.86	6.1	0.00	-2.04	0.01753	0.01214	0.01535	0.01867	0.01923	0.01504	0.00554	0.01534	0.02033	0.01910	0.01342	0.01707	0.01727	0.01784	0.01393	0.00580	0.01633	0.02189
10110	0.63739	0.59605	0.47076	3.06528	2.68688	2.28713	8.75800	5.17556	2.60555	1.66074	1.47791	1.37666	2.01350	1.57444	1.24004	9.61394	6.14802	3.63205
10270	0.63744	0.59550	0.47132	3.06361	2.68568	2.28856	8.76140	5.17914	2.60546	1.66125	1.47758	1.37447	2.01198	1.57098	1.23995	9.61208	6.14808	3.63212
10440	0.63737	0.59804	0.47262	3.06236	2.68719	2.29165	8.74439	5.17727	2.60601	1.66614	1.48063	1.37681	2.01747	1.57294	1.24018	9.61727	6.15104	3.63591
10600	0.63764	0.59490	0.47184	3.06559	2.68698	2.28929	8.75454	5.17834	2.60434	1.66343	1.47901	1.37508	2.01358	1.57073	1.23765	9.61364	6.14907	3.63274
10770	0.63526	0.59556	0.46951	3.06287	2.68491	2.28650	8.76492	5.17295	2.60187	1.66048	1.47593	1.37427	2.01344	1.57404	1.24011	9.61778	6.15136	3.63541
10930	0.63795	0.59680	0.47272	3.06495	2.68596	2.28854	8.76084	5.17382	2.60485	1.66368	1.47916	1.37609	2.01562	1.57302	1.23796	9.61717	6.14959	3.63323
11100	0.63654	0.59564	0.47189	3.06583	2.68796	2.29040	8.76458	5.17934	2.60489	1.66133	1.47792	1.37565	2.01597	1.57557	1.24370	9.61974	6.15410	3.63856
11260	0.63813	0.59943	0.47276	3.06792	2.68991	2.29277	8.77157	5.18069	2.60903	1.66557	1.48001	1.37720	2.01708	1.57385	1.24083	9.61858	6.15251	3.63650
11430	0.63815	0.59572	0.47094	3.06514	2.68672	2.28963	8.74673	5.17568	2.60426	1.66309	1.47792	1.37555	2.01266	1.57137	1.23595	9.61601	6.14814	3.63270
11600	0.63553	0.59508	0.47126	3.06264	2.68620	2.28969	8.75461	5.17787	2.60555	1.66483	1.47904	1.37662	2.01399	1.57180	1.23947	9.61658	6.15051	3.63429	31.97	6.2	0.00	-2.04	0.01753	0.01214	0.01535	0.01867	0.01923	0.01504	0.00554	0.01534	0.02033	0.01910	0.01342	0.01707	0.01727	0.01784	0.01393	0.00580	0.01633	0.02189
11760	0.63642	0.59306	0.46970	3.06425	2.68535	2.28776	8.75294	5.17667	2.60380	1.66183	1.47706	1.37534	2.01664	1.57396	1.24242	9.61663	6.15298	3.63694
11920	0.63812	0.59696	0.47075	3.06680	2.68723	2.29076	8.75288	5.17716	2.60322	1.66363	1.47829	1.37640	2.01532	1.57142	1.23876	9.61689	6.15000	3.63291
12090	0.63364	0.59435	0.46950	3.06426	2.68643	2.28981	8.74580	5.17803	2.60400	1.66329	1.47757	1.37517	2.01267	1.56961	1.23738	9.61603	6.14839	3.63240
12250	0.63659	0.59369	0.47220	3.06312	2.68596	2.28881	8.74458	5.17873	2.60545	1.66446	1.47923	1.37728	2.01354	1.57193	1.24050	9.61623	6.14975	3.63357
12420	0.63605	0.59458	0.47041	3.06464	2.68605	2.28785	8.76354	5.17582	2.60298	1.66127	1.47707	1.37558	2.01432	1.57300	1.24012	9.61946	6.15359	3.63621
12590	0.63789	0.59677	0.47272	3.06680	2.68806	2.29122	8.76014	5.18195	2.60773	1.66288	1.47838	1.37655	2.01427	1.57288	1.23899	9.62047	6.14912	3.63344
12750	0.63466	0.59506	0.47209	3.06436	2.68649	2.28939	8.75629	5.18038	2.60650	1.66439	1.48037	1.37720	2.01333	1.56953	1.23860	9.61563	6.14910	3.63299
12920	0.63744	0.59833	0.47363	3.06591	2.68931	2.29258	8.75539	5.18199	2.60719	1.66657	1.48278	1.37999	2.01605	1.57297	1.23835	9.62117	6.15324	3.63594
13080	0.63643	0.59711	0.47055	3.06485	2.68688	2.28989	8.76019	5.17758	2.60551	1.66484	1.47934	1.37605	2.01326	1.56996	1.23646	9.61588	6.14941	3.63203
13250	0.63437	0.59375	0.46771	3.06119	2.68403	2.28653	8.74844	5.17570	2.60375	1.66245	1.47750	1.37464	2.01456	1.57088	1.23747	9.61723	6.14994	3.63292	31.92	6.1	0.00	-2.04	0.01753	0.01214	0.01535	0.01867	0.01923	0.01504	0.00554	0.01534	0.02033	0.01910	0.01342	0.01707	0.01727	0.01784	0.01393	0.00580	0.01633	0.02189
13410	0.63584	0.59422	0.46945	3.06202	2.68609	2.28930	8.75669	5.17727	2.60363	1.66336	1.47830	1.37450	2.01290	1.57164	1.23757	9.61290	6.14822	3.63078
13580	0.63542	0.59847	0.47084	3.06414	2.68758	2.29030	8.75702	5.17667	2.60537	1.66579	1.48131	1.37770	2.01597	1.57224	1.24287	9.61859	6.15106	3.63376
13740	0.63420	0.59395	0.46928	3.06307	2.68499	2.28780	8.74509	5.17654	2.60399	1.66333	1.47777	1.37391	2.01183	1.56949	1.23764	9.61164	6.14815	3.63045
13910	0.63251	0.59473	0.47094	3.06216	2.68657	2.29010	8.75775	5.17965	2.60634	1.66392	1.47954	1.37634	2.01434	1.57242	1.23920	9.61970	6.14966	3.63340
14070	0.63565	0.59414	0.46920	3.06409	2.68531	2.28773	8.75658	5.17564	2.60479	1.66226	1.47860	1.37482	2.01585	1.57495	1.24358	9.62041	6.15091	3.63508
14240	0.63722	0.59706	0.47224	3.06748	2.68940	2.29066	8.75429	5.18086	2.60703	1.66403	1.47938	1.37604	2.01625	1.57154	1.23809	9.61758	6.15093	3.63278
14400	0.63539	0.59510	0.47039	3.06499	2.68693	2.28908	8.76361	5.17731	2.60355	1.66334	1.47822	1.37481	2.01399	1.57164	1.23818	9.61325	6.14734	3.63187
14570	0.63493	0.59415	0.47040	3.06391	2.68715	2.29002	8.75468	5.17946	2.60715	1.66285	1.47886	1.37519	2.01358	1.57249	1.23719	9.61471	6.14700	3.63224
14730	0.63426	0.59148	0.46714	3.06254	2.68412	2.28603	8.75429	5.17309	2.60147	1.65981	1.47589	1.37314	2.01314	1.57236	1.23832	9.61456	6.14850	3.63409
14900	0.63501	0.59527	0.46870	3.06378	2.68647	2.28821	8.74498	5.18013	2.60296	1.66157	1.47814	1.37550	2.01205	1.57088	1.23641	9.61238	6.14729	3.62963	31.92	5.9	0.00	-2.04	0.01753	0.01214	0.01535	0.01867	0.01923	0.01504	0.00554	0.01534	0.02033	0.01910	0.01342	0.01707	0.01727	0.01784	0.01393	0.00580	0.01633	0.02189
15060	0.63442	0.59658	0.47254	3.06486	2.68787	2.29196	8.76903	5.18138	2.60716	1.66554	1.48085	1.37824	2.01649	1.57368	1.24098	9.61506	6.15101	3.63392
15230	0.63605	0.59554	0.46795	3.06540	2.68648	2.28923	8.75468	5.17591	2.60348	1.66353	1.47886	1.37595	2.01216	1.57039	1.23580	9.61400	6.14818	3.63218
15390	0.63423	0.59256	0.46748	3.06210	2.68433	2.28692	8.75446	5.17487	2.60079	1.65982	1.47604	1.37282	2.01328	1.57354	1.23898	9.61496	6.14957	3.63301
15560	0.63567	0.59668	0.46979	3.06293	2.68500	2.28713	8.75792	5.17646	2.60485	1.66193	1.47858	1.37520	2.01418	1.56841	1.23876	9.60921	6.14540	3.62939
15720	0.63483	0.59620	0.47140	3.06447	2.68840	2.29087	8.75033	5.18193	2.60979	1.66352	1.47917	1.37690	2.01536	1.57368	1.24002	9.61687	6.15072	3.63361
15890	0.63603	0.59614	0.46866	3.06411	2.68683	2.29007	8.76651	5.17896	2.60398	1.66412	1.47954	1.37516	2.01494	1.57114	1.23926	9.61380	6.14737	3.63170
16050	0.63507	0.59325	0.46875	3.06294	2.68618	2.28773	8.74860	5.17988	2.60244	1.66291	1.47831	1.37500	2.01257	1.57093	1.24125	9.61380	6.14661	3.63162
16220	0.63620	0.59555	0.46880	3.06337	2.68638	2.28693	8.74465	5.17682	2.60372	1.66087	1.47801	1.37553	2.01641	1.57429	1.24187	9.61753	6.14994	3.63458
16380	0.63809	0.59700	0.47096	3.06779	2.68962	2.28964	8.75485	5.18056	2.60689	1.66364	1.47964	1.37789	2.01615	1.57371	1.23932	9.61551	6.14898	3.63123
16550	0.63463	0.59363	0.46871	3.06365	2.68638	2.28877	8.76495	5.17721	2.60433	1.66198	1.47701	1.37347	2.01435	1.57214	1.23775	9.61244	6.14517	3.62910	31.86	6.0	0.00	-2.04	0.01753	0.01214	0.01535	0.01867	0.01923	0.01504	0.00554	0.01534	0.02033	0.01910	0.01342	0.01707	0.01727	0.01784	0.01393	0.00580	0.01633	0.02189
16710	0.63542	0.59432	0.46952	3.06163	2.68639	2.28738	8.76613	5.17784	2.60357	1.66126	1.47809	1.37508	2.01297	1.57235	1.23696	9.61093	6.14569	3.62991
16880	0.63540	0.59277	0.46780	3.06179	2.68406	2.28399	8.75720	5.17455	2.60041	1.65872	1.47504	1.37225	2.01330	1.57294	1.24178	9.61385	6.14932	3.63308
17040	0.63460	0.59608	0.46919	3.06422	2.68661	2.28702	8.74421	5.17657	2.60369	1.66034	1.47590	1.37422	2.01252	1.57159	1.23557	9.60911	6.14654	3.63103
17210	0.63350	0.59444	0.46850	3.06307	2.68538	2.28596	8.75608	5.17244	2.60309	1.65929	1.47779	1.37427	2.01279	1.57174	1.23576	9.61108	6.14443	3.62887
17380	0.63401	0.59718	0.47058	3.06459	2.68733	2.28709	8.74950	5.17812	2.60534	1.66053	1.47917	1.37685	2.01274	1.57093	1.23737	9.61259	6.14668	3.63079
17540	0.63414	0.59287	0.46923	3.06248	2.68532	2.28590	8.75173	5.17379	2.60169	1.65881	1.47555	1.37253	2.01256	1.57190	1.23948	9.61380	6.14568	3.63035
17710	0.63435	0.59254	0.46877	3.06079	2.68450	2.28496	8.76456	5.17729	2.60293	1.65816	1.47503	1.37247	2.01289	1.57313	1.23968	9.61244	6.14714	3.63157
17870	0.63378	0.59476	0.47009	3.06387	2.68595	2.28577	8.74281	5.17435	2.60417	1.65988	1.47900	1.37453	2.01122	1.57320	1.24011	9.61032	6.14666	3.63260
18040	0.63528	0.59469	0.46917	3.06552	2.68706	2.28556	8.75653	5.17461	2.60274	1.65948	1.47888	1.37521	2.01221	1.57110	1.23976	9.61128	6.14615	3.63014
18210	0.63658	0.59660	0.47210	3.06677	2.69026	2.29085	8.75376	5.18139	2.60806	1.66286	1.48063	1.37683	2.01560	1.57288	1.24043	9.61629	6.14988	3.63345	31.97	6.0	0.00	-2.04	0.01753	0.01214	0.01535	0.01867	0.01923	0.01504	0.00554	0.01534	0.02033	0.01910	0.01342	0.01707	0.01727	0.01784	0.01393	0.00580	0.01633	0.02189
18370	0.63653	0.59646	0.46927	3.06660	2.68941	2.28907	8.76453	5.17889	2.60516	1.66162	1.47920	1.37483	2.01323	1.57079	1.23757	9.61306	6.14928	3.63246
18530	0.63698	0.59478	0.46874	3.06397	2.68525	2.28506	8.75388	5.17520	2.60196	1.65877	1.47713	1.37349	2.01051	1.56939	1.24010	9.61084	6.14504	3.62945
18700	0.63421	0.59393	0.46848	3.06375	2.68577	2.28565	8.74468	5.16960	2.60213	1.66006	1.47815	1.37511	2.01378	1.57203	1.23927	9.61256	6.14606	3.63168
18870	0.63510	0.59521	0.46925	3.06519	2.68757	2.28603	8.75661	5.17209	2.60368	1.66162	1.47891	1.37504	2.01530	1.57344	1.24309	9.61599	6.15085	3.63557
19030	0.63975	0.59900	0.47251	3.07049	2.69265	2.29194	8.74981	5.18115	2.60763	1.66357	1.47938	1.37683	2.01628	1.57366	1.23877	9.61231	6.14993	3.63489
19200	0.63656	0.59474	0.47049	3.06649	2.68900	2.28818	8.74351	5.17297	2.60326	1.66224	1.47874	1.37528	2.01261	1.56980	1.23597	9.61205	6.14777	3.63146
19360	0.63350	0.59599	0.47032	3.06513	2.68867	2.28986	8.74941	5.18089	2.60621	1.66395	1.48173	1.37834	2.01510	1.57230	1.23907	9.61982	6.15016	3.63388
19530	0.63652	0.59375	0.46922	3.06644	2.68850	2.28925	8.76029	5.17712	2.60249	1.66319	1.47826	1.37570	2.01199	1.56995	1.23734	9.61200	6.14720	3.63224
19690	0.63393	0.59120	0.46892	3.06494	2.68672	2.28696	8.75142	5.17245	2.59984	1.66310	1.47911	1.37647	2.01075	1.57098	1.23788	9.61639	6.14836	3.63277
19860	0.63466	0.59499	0.46917	3.06611	2.68880	2.29100	8.75086	5.17420	2.60351	1.66305	1.47780	1.37479	2.01140	1.57025	1.23416	9.61224	6.14815	3.63194	31.97	6.0	0.00	-2.04	0.01753	0.01214	0.01535	0.01867	0.01923	0.01504	0.00554	0.01534	0.02033	0.01910	0.01342	0.01707	0.01727	0.01784	0.01393	0.00580	0.01633	0.02189
20020	0.63640	0.59300	0.47019	3.06621	2.68914	2.28999	8.74434	5.17779	2.60240	1.66414	1.48074	1.37806	2.01159	1.57320	1.23885	9.61678	6.14944	3.63223
20190	0.63540	0.59501	0.46896	3.06492	2.68744	2.28845	8.74200	5.17312	2.60010	1.66353	1.47745	1.37585	2.01302	1.57255	1.23833	9.61718	6.15213	3.63617
20350	0.63562	0.59565	0.46966	3.06929	2.69189	2.29102	8.76085	5.17342	2.60454	1.66433	1.48039	1.37851	2.01331	1.57147	1.23833	9.61436	6.15015	3.63464
20520	0.63513	0.59410	0.46876	3.06737	2.69139	2.29212	8.74719	5.17491	2.60088	1.66379	1.47953	1.37790	2.01170	1.57139	1.23698	9.61880	6.14976	3.63349
20680	0.63532	0.59490	0.47234	3.06947	2.69327	2.29434	8.74947	5.17932	2.60747	1.67006	1.48424	1.38094	2.01438	1.57244	1.23884	9.62318	6.15555	3.63874
20850	0.63548	0.59413	0.47018	3.06959	2.69127	2.29250	8.75934	5.17303	2.60409	1.66670	1.48270	1.38070	2.01084	1.56949	1.23660	9.62283	6.14933	3.63470
21010	0.63430	0.59362	0.46730	3.06703	2.68801	2.28813	8.73977	5.17297	2.59914	1.66371	1.47926	1.37682	2.01065	1.56928	1.23712	9.61632	6.15203	3.63693
21180	0.63440	0.59430	0.46705	3.06723	2.69008	2.29091	8.75332	5.17398	2.60306	1.66668	1.48009	1.37886	2.01122	1.57161	1.23806	9.62369	6.15504	3.63847
21340	0.63828	0.59496	0.47073	3.07063	2.69350	2.29487	8.74847	5.17419	2.60362	1.66762	1.48287	1.38131	2.01137	1.57088	1.23834	9.62026	6.15320	3.63761
21510	0.63454	0.59139	0.46958	3.06690	2.68949	2.29277	8.74649	5.17498	2.60131	1.66673	1.47996	1.37745	2.00928	1.56799	1.23559	9.61843	6.15075	3.63697	31.92	6.0	0.00	-2.04	0.01753	0.01214	0.01535	0.01867	0.01923	0.01504	0.00554	0.01534	0.02033	0.01910	0.01342	0.01707	0.01727	0.01784	0.01393	0.00580	0.01633	0.02189
21670	0.63366	0.59212	0.46876	3.06728	2.68865	2.29123	8.76222	5.17232	2.60317	1.66678	1.48128	1.37962	2.01271	1.56951	1.23747	9.61787	6.15210	3.63699
21840	0.63545	0.59301	0.46771	3.06811	2.69006	2.29132	8.75586	5.17064	2.60163	1.66603	1.48214	1.38093	2.01127	1.57325	1.23945	9.61984	6.15528	3.63961
22010	0.63644	0.59428	0.46942	3.07026	2.69255	2.29517	8.75636	5.17262	2.60276	1.66784	1.48257	1.38026	2.01211	1.56853	1.23821	9.62171	6.15373	3.63928
22170	0.63585	0.59232	0.46896	3.06820	2.69015	2.29331	8.75218	5.17039	2.60122	1.66751	1.48189	1.38085	2.00901	1.56656	1.23461	9.61666	6.15215	3.63713
22340	0.63543	0.59646	0.47062	3.07178	2.69411	2.29669	8.75235	5.17921	2.60727	1.66984	1.48517	1.38434	2.01269	1.57069	1.23816	9.62231	6.15824	3.64057
22500	0.63433	0.59349	0.46991	3.07083	2.69282	2.29435	8.74961	5.17522	2.60351	1.66782	1.48312	1.38235	2.01144	1.56831	1.23650	9.61823	6.15345	3.63890
22670	0.63409	0.59097	0.46617	3.06794	2.68938	2.29087	8.75408	5.16906	2.59962	1.66667	1.48104	1.37832	2.00991	1.57067	1.23956	9.62181	6.15678	3.64138
22830	0.63585	0.59505	0.46846	3.07146	2.69317	2.29468	8.74627	5.17668	2.60327	1.66761	1.48220	1.38095	2.01203	1.57138	1.23814	9.62368	6.15596	3.64047
23000	0.63510	0.59392	0.47093	3.07118	2.69263	2.29481	8.75090	5.17029	2.60347	1.66847	1.48408	1.38260	2.01022	1.56983	1.23575	9.61732	6.15441	3.63876
23160	0.63546	0.59589	0.47000	3.07190	2.69493	2.29771	8.75054	5.17461	2.60442	1.67118	1.48596	1.38285	2.01139	1.57041	1.23589	9.62025	6.15719	3.64155	31.97	6.1	0.00	-2.04	0.01753	0.01214	0.01535	0.01867	0.01923	0.01504	0.00554	0.01534	0.02033	0.01910	0.01342	0.01707	0.01727	0.01784	0.01393	0.00580	0.01633	0.02189
23330	0.63372	0.59443	0.46862	3.07193	2.69344	2.29508	8.74887	5.17430	2.60142	1.66729	1.48283	1.38078	2.01132	1.56938	1.23935	9.62125	6.15595	3.64026
23490	0.63438	0.59436	0.46864	3.07038	2.69143	2.29271	8.75110	5.17231	2.59961	1.66883	1.48280	1.38065	2.01054	1.57046	1.23702	9.62110	6.15596	3.64042
23660	0.63492	0.59361	0.46902	3.07119	2.69301	2.29514	8.75986	5.17615	2.60394	1.67007	1.48380	1.38183	2.01330	1.57188	1.23857	9.62383	6.15772	3.64120
23830	0.63444	0.59262	0.46860	3.07188	2.69321	2.29519	8.74998	5.17483	2.60379	1.67017	1.48419	1.38201	2.01155	1.57065	1.23792	9.62292	6.15748	3.64046
23990	0.63571	0.59398	0.47038	3.07221	2.69347	2.29579	8.75411	5.17264	2.60094	1.66782	1.48253	1.38124	2.01271	1.57337	1.23947	9.62494	6.15970	3.64352
24160	0.63696	0.59538	0.46937	3.07480	2.69669	2.29787	8.75718	5.17364	2.60142	1.67118	1.48565	1.38263	2.01303	1.57111	1.23706	9.62363	6.15842	3.64283
24320	0.63578	0.59437	0.46807	3.07261	2.69427	2.29452	8.74859	5.17288	2.59899	1.66866	1.48478	1.38292	2.00871	1.56960	1.23628	9.62201	6.15680	3.63946
24490	0.63162	0.59016	0.46869	3.07144	2.69239	2.29456	8.74196	5.17126	2.60022	1.66855	1.48439	1.38204	2.01091	1.56802	1.23536	9.62216	6.15680	3.63925
24660	0.63394	0.59499	0.46891	3.07144	2.69375	2.29610	8.75422	5.17392	2.60098	1.66883	1.48428	1.38166	2.01088	1.57010	1.23632	9.62110	6.15748	3.64075
24820	0.63308	0.59227	0.46788	3.07064	2.69224	2.29392	8.74642	5.16702	2.59728	1.66697	1.48198	1.37944	2.01042	1.57101	1.23857	9.62508	6.16092	3.64557	31.92	6.1	0.00	-2.04	0.01753	0.01214	0.01535	0.01867	0.01923	0.01504	0.00554	0.01534	0.02033	0.01910	0.01342	0.01707	0.01727	0.01784	0.01393	0.00580	0.01633	0.02189
24990	0.63645	0.59515	0.46923	3.07323	2.69493	2.29607	8.75740	5.17288	2.60330	1.67039	1.48656	1.38185	2.01281	1.56887	1.23865	9.62321	6.15994	3.64317
25150	0.63553	0.59173	0.46746	3.07159	2.69248	2.29394	8.73812	5.17213	2.60059	1.66677	1.48341	1.38133	2.00885	1.56932	1.23613	9.62291	6.15744	3.64092
25320	0.63292	0.59243	0.46878	3.07132	2.69363	2.29358	8.74636	5.17093	2.60138	1.66719	1.48481	1.38166	2.00837	1.56851	1.23296	9.62220	6.15439	3.63953
25480	0.63266	0.59424	0.46981	3.07366	2.69431	2.29462	8.74865	5.17400	2.60119	1.66918	1.48528	1.38271	2.01106	1.56750	1.23663	9.61756	6.15689	3.63958
25650	0.63309	0.59205	0.46845	3.07040	2.69271	2.29300	8.74424	5.17277	2.60048	1.66603	1.48298	1.38016	2.01143	1.56813	1.23703	9.61746	6.15469	3.63859
25810	0.63301	0.59343	0.46758	3.06915	2.69190	2.29170	8.74068	5.17008	2.60008	1.66540	1.48117	1.37808	2.01057	1.56747	1.23465	9.61918	6.15399	3.63715
25980	0.63225	0.59302	0.46868	3.06823	2.69212	2.29232	8.73940	5.16843	2.60014	1.66717	1.48427	1.38001	2.00935	1.56863	1.23658	9.62357	6.15588	3.64041
26150	0.63361	0.59286	0.46891	3.07156	2.69370	2.29255	8.75205	5.17009	2.60155	1.66773	1.48575	1.38319	2.01012	1.56789	1.23427	9.62145	6.15505	3.63876
26310	0.63489	0.59349	0.46718	3.07171	2.69312	2.29118	8.74268	5.16820	2.59821	1.66569	1.48381	1.38062	2.01134	1.57056	1.24043	9.62125	6.15735	3.64103
26480	0.63613	0.59430	0.46917	3.07314	2.69537	2.29418	8.74319	5.17145	2.60214	1.66897	1.48544	1.38133	2.01023	1.57107	1.23722	9.62116	6.15631	3.64017	31.97	6.0	0.00	-2.04	0.01753	0.01214	0.01535	0.01867	0.01923	0.01504	0.00554	0.01534	0.02033	0.01910	0.01341	0.01707	0.01727	0.01784	0.01393	0.00580	0.01633	0.02189
26640	0.63344	0.59296	0.46678	3.07116	2.69280	2.29199	8.75021	5.17329	2.60033	1.66464	1.48247	1.37865	2.01102	1.56917	1.23602	9.61783	6.15236	3.63715
26810	0.63287	0.59208	0.46710	3.07032	2.69234	2.29106	8.74793	5.17071	2.59992	1.66610	1.48410	1.37990	2.00862	1.56752	1.23368	9.61753	6.15204	3.63576
26980	0.63498	0.59343	0.46847	3.07086	2.69494	2.29326	8.74570	5.17244	2.60095	1.66599	1.48409	1.38172	2.01046	1.56771	1.23750	9.61894	6.15303	3.63665
27140	0.63161	0.59185	0.46630	3.06967	2.69207	2.29119	8.74169	5.17275	2.59954	1.66474	1.48247	1.37922	2.00921	1.56798	1.23607	9.61430	6.15326	3.63553
27310	0.63127	0.58935	0.46640	3.06740	2.68979	2.28967	8.73829	5.16665	2.59764	1.66270	1.48089	1.37739	2.00963	1.56916	1.23732	9.61970	6.15403	3.63884
27470	0.63643	0.59055	0.46750	3.07078	2.69101	2.28991	8.75032	5.17288	2.59985	1.66622	1.48454	1.37947	2.00998	1.56765	1.23409	9.61728	6.15038	3.63511
27640	0.63248	0.59113	0.46818	3.07018	2.69274	2.29179	8.74603	5.17003	2.60033	1.66419	1.48232	1.37915	2.00792	1.56603	1.23495	9.61446	6.15048	3.63450
27800	0.63410	0.59535	0.46860	3.07171	2.69452	2.29372	8.75144	5.17697	2.60471	1.66683	1.48513	1.38267	2.01240	1.56757	1.23553	9.62056	6.15468	3.63712
27970	0.63338	0.59046	0.46903	3.07030	2.69276	2.29276	8.74575	5.17079	2.60182	1.66593	1.48330	1.37886	2.00954	1.56687	1.23248	9.61597	6.15231	3.63584
28140	0.63180	0.58936	0.46533	3.06749	2.68968	2.28960	8.75602	5.16846	2.59857	1.66374	1.48068	1.37627	2.00789	1.56664	1.23451	9.61398	6.14932	3.63516	31.92	6.1	0.00	-2.04	0.01753	0.01214	0.01535	0.01867	0.01923	0.01504	0.00554	0.01534	0.02033	0.01910	0.01341	0.01707	0.01727	0.01784	0.01393	0.00580	0.01633	0.02189
28300	0.63219	0.59303	0.46604	3.06930	2.69098	2.28899	8.74766	5.16918	2.59896	1.66347	1.48136	1.37785	2.00902	1.56644	1.23520	9.61852	6.15208	3.63467
28470	0.63501	0.59362	0.46759	3.06899	2.69045	2.28939	8.74827	5.17284	2.59975	1.66396	1.48279	1.37865	2.00998	1.56843	1.24060	9.62422	6.15464	3.63908
28630	0.63579	0.59454	0.46880	3.07284	2.69412	2.29347	8.75452	5.17330	2.60190	1.66743	1.48412	1.38011	2.01098	1.57013	1.23358	9.61605	6.15268	3.63638
28800	0.63327	0.59263	0.46593	3.07016	2.68999	2.29078	8.76155	5.16991	2.60127	1.66484	1.48275	1.37840	2.00859	1.56450	1.23422	9.61232	6.14873	3.63282
28960	0.63096	0.59258	0.46760	3.06769	2.69089	2.29261	8.75028	5.17122	2.60203	1.66563	1.48228	1.38004	2.01073	1.56657	1.23489	9.61787	6.15382	3.63669
29130	0.63290	0.59100	0.46801	3.06815	2.69017	2.28950	8.73680	5.16894	2.59933	1.66420	1.48233	1.37777	2.00837	1.56456	1.23414	9.61484	6.15189	3.63551
29290	0.63180	0.59226	0.46676	3.06682	2.68883	2.29004	8.74705	5.16901	2.59812	1.66418	1.48068	1.37756	2.00760	1.56450	1.23483	9.61923	6.15309	3.63724
29460	0.63156	0.59162	0.46785	3.06964	2.69114	2.29046	8.75859	5.17260	2.59754	1.66539	1.48433	1.38076	2.00640	1.56600	1.23365	9.61645	6.15001	3.63451
29620	0.63274	0.59411	0.47207	3.07279	2.69448	2.29452	8.74839	5.17541	2.60451	1.66889	1.48686	1.38352	2.01049	1.56959	1.23388	9.62331	6.15582	3.63924
29790	0.63452	0.59242	0.46797	3.07145	2.69367	2.29446	8.75380	5.17042	2.60067	1.66779	1.48483	1.38130	2.00927	1.56803	1.23433	9.62130	6.15303	3.63755	31.92	6.2	0.00	-2.04	0.01753	0.01214	0.01535	0.01867	0.01923	0.01504	0.00554	0.01534	0.02033	0.01910	0.01342	0.01707	0.01727	0.01784	0.01393	0.00580	0.01633	0.02189
29950	0.63249	0.58967	0.46488	3.06931	2.69052	2.29100	8.75297	5.16521	2.59841	1.66380	1.48171	1.37908	2.00936	1.56869	1.23409	9.61913	6.15548	3.63981
30120	0.63420	0.59286	0.46850	3.07166	2.69222	2.29322	8.75202	5.16994	2.59940	1.66682	1.48441	1.38138	2.00767	1.56519	1.23238	9.62095	6.15102	3.63528
30280	0.63057	0.59190	0.46750	3.06954	2.69175	2.29306	8.74243	5.16758	2.59935	1.66466	1.48260	1.38013	2.00770	1.56329	1.23125	9.61782	6.15154	3.63396
30450	0.63116	0.59169	0.46888	3.07016	2.69197	2.29357	8.73982	5.16834	2.59805	1.66684	1.48420	1.38141	2.00819	1.56479	1.23208	9.61903	6.15346	3.63741
30620	0.63105	0.59043	0.46495	3.06935	2.68984	2.29052	8.73213	5.16497	2.59520	1.66520	1.48221	1.37969	2.00595	1.56449	1.23403	9.61692	6.15188	3.63691
30780	0.63065	0.59065	0.46824	3.07100	2.69258	2.29300	8.73926	5.16709	2.59783	1.66596	1.48298	1.38123	2.01017	1.56656	1.23389	9.61969	6.15411	3.63809
30950	0.63330	0.59262	0.46704	3.07264	2.69446	2.29311	8.74489	5.17195	2.59956	1.66640	1.48404	1.38117	2.01038	1.56867	1.23712	9.61374	6.15443	3.63772
31110	0.63426	0.59328	0.46796	3.07256	2.69425	2.29304	8.73803	5.16774	2.59894	1.66473	1.48352	1.38132	2.00996	1.56930	1.23806	9.62130	6.15763	3.64216
31280	0.63393	0.59507	0.46807	3.07587	2.69572	2.29672	8.74533	5.17181	2.60147	1.66936	1.48697	1.38328	2.01018	1.56668	1.23469	9.62484	6.15694	3.64005
31450	0.63241	0.59187	0.46793	3.07544	2.69582	2.29567	8.75196	5.16675	2.59973	1.66678	1.48452	1.38241	2.00813	1.56475	1.23336	9.61436	6.15238	3.63752	31.97	6.1	0.00	-2.04	0.01753	0.01214	0.01535	0.01867	0.01923	0.01504	0.00554	0.01534	0.02033	0.01910	0.01342	0.01707	0.01727	0.01784	0.01393	0.00580	0.01633	0.02189
31610	0.62994	0.59183	0.46717	3.07207	2.69243	2.29364	8.74945	5.16917	2.59770	1.66574	1.48476	1.38133	2.00632	1.56556	1.23288	9.61633	6.15062	3.63663
31770	0.63017	0.59187	0.46840	3.07138	2.69332	2.29187	8.74950	5.16830	2.59980	1.66673	1.48504	1.38189	2.00900	1.56743	1.23383	9.61577	6.15261	3.63705
31940	0.62990	0.59068	0.46544	3.07269	2.69269	2.29264	8.74454	5.16410	2.59543	1.66430	1.48186	1.37856	2.00905	1.56895	1.23703	9.62334	6.15773	3.64180
32110	0.63315	0.59379	0.46802	3.07481	2.69418	2.29435	8.74856	5.16957	2.59736	1.66782	1.48542	1.38174	2.00778	1.56773	1.23594	9.61451	6.15329	3.63852
32270	0.63071	0.59191	0.46889	3.07135	2.69233	2.29234	8.73836	5.16913	2.59802	1.66570	1.48301	1.37946	2.00763	1.56390	1.23475	9.61441	6.15053	3.63546
32440	0.63276	0.59421	0.47003	3.07206	2.69414	2.29423	8.75251	5.17347	2.60032	1.66730	1.48562	1.38233	2.00970	1.56771	1.23504	9.61845	6.15400	3.63995
32600	0.63211	0.59317	0.46679	3.07145	2.69092	2.29072	8.73886	5.17051	2.59861	1.66693	1.48360	1.37968	2.00669	1.56574	1.23313	9.61764	6.15145	3.63613
32770	0.63160	0.59098	0.46632	3.06962	2.69075	2.29196	8.74387	5.16731	2.59563	1.66338	1.48190	1.37743	2.00667	1.56667	1.23722	9.61557	6.15291	3.63795
32930	0.63150	0.59238	0.46517	3.07077	2.69135	2.29197	8.74883	5.16713	2.59566	1.66538	1.48259	1.37888	2.00570	1.56479	1.23288	9.61340	6.14940	3.63519
33100	0.63342	0.59130	0.46867	3.07201	2.69222	2.29425	8.75973	5.16975	2.60039	1.66688	1.48341	1.38087	2.01110	1.56736	1.23516	9.61975	6.15409	3.63847	31.92	6.0	0.00	-2.04	0.01753	0.01214	0.01535	0.01867	0.01923	0.01504	0.00554	0.01534	0.02033	0.01910	0.01342	0.01707	0.01727	0.01784	0.01393	0.00580	0.01633	0.02189
33260	0.63294	0.59071	0.46667	3.07094	2.69091	2.29275	8.74913	5.17055	2.59829	1.66533	1.48187	1.37791	2.00832	1.56521	1.23437	9.61289	6.14984	3.63502
33430	0.63034	0.58928	0.46789	3.06761	2.68925	2.29165	8.73698	5.16637	2.59870	1.66478	1.48181	1.37864	2.00674	1.56489	1.23230	9.61229	6.15022	3.63460
33590	0.63162	0.58873	0.46680	3.06578	2.68668	2.28887	8.75175	5.16339	2.59326	1.66113	1.47855	1.37546	2.00597	1.56410	1.23174	9.60931	6.14848	3.63482
33760	0.63064	0.59007	0.46688	3.06686	2.68667	2.29037	8.74684	5.16528	2.59576	1.66365	1.48089	1.37683	2.00353	1.56228	1.23055	9.61113	6.14703	3.63142
33920	0.62824	0.58954	0.46558	3.06555	2.68660	2.29047	8.74868	5.16561	2.59562	1.66254	1.48015	1.37694	2.00674	1.56200	1.23307	9.60972	6.14763	3.63331
34090	0.62939	0.58800	0.46355	3.06384	2.68362	2.28656	8.74651	5.15972	2.59161	1.65983	1.47648	1.37300	2.00575	1.56641	1.23179	9.60835	6.14959	3.63496
34250	0.63128	0.58865	0.46743	3.06534	2.68608	2.28902	8.74378	5.16463	2.59413	1.66266	1.47855	1.37611	2.00619	1.56517	1.23339	9.61047	6.14690	3.63353
34420	0.63022	0.59039	0.46831	3.06401	2.68556	2.28943	8.74723	5.16538	2.59545	1.66294	1.47779	1.37606	2.00373	1.56302	1.23039	9.60886	6.14581	3.63090
34580	0.63039	0.59040	0.46698	3.06591	2.68714	2.29066	8.74629	5.16748	2.59637	1.66510	1.48100	1.37854	2.00677	1.56607	1.23089	9.61299	6.14823	3.63404
34750	0.63111	0.58882	0.46452	3.06695	2.68708	2.29091	8.74310	5.16443	2.59484	1.66389	1.47918	1.37760	2.00498	1.56481	1.23110	9.61543	6.14772	3.63235	31.97	6.1	0.00	-2.04	0.01753	0.01214	0.01535	0.01867	0.01923	0.01504	0.00554	0.01534	0.02033	0.01910	0.01342	0.01707	0.01727	0.01784	0.01393	0.00580	0.01633	0.02189
34910	0.62982	0.58963	0.46586	3.06349	2.68447	2.28837	8.73336	5.16147	2.59104	1.66214	1.47628	1.37521	2.00505	1.56431	1.23490	9.61604	6.14971	3.63526
35080	0.63107	0.59005	0.46691	3.06516	2.68487	2.28945	8.74678	5.16389	2.59698	1.66414	1.47951	1.37684	2.00386	1.56252	1.23088	9.60803	6.14754	3.63307
35250	0.63066	0.59015	0.46668	3.06562	2.68607	2.29001	8.74405	5.16591	2.59362	1.66414	1.47962	1.37846	2.00374	1.56400	1.23217	9.61140	6.14752	3.63209
35410	0.63053	0.58888	0.46665	3.06522	2.68614	2.28985	8.73982	5.16416	2.59541	1.66309	1.47839	1.37764	2.00301	1.56176	1.23088	9.61170	6.14532	3.63119
35580	0.63156	0.59174	0.46818	3.06627	2.68654	2.28978	8.74605	5.16722	2.59700	1.66522	1.48031	1.37864	2.00621	1.56387	1.23301	9.61518	6.14746	3.63196
35740	0.63130	0.58982	0.46577	3.06350	2.68505	2.28861	8.75085	5.16355	2.59576	1.66252	1.47891	1.37842	2.00278	1.56159	1.23154	9.61251	6.14448	3.63071
35910	0.62995	0.58895	0.46645	3.06241	2.68557	2.28993	8.73447	5.16925	2.59825	1.66672	1.48216	1.38013	2.00657	1.56685	1.23339	9.61372	6.14909	3.63346
36070	0.63061	0.58861	0.46508	3.06492	2.68548	2.28884	8.73096	5.16561	2.59376	1.66304	1.47833	1.37743	2.00343	1.56279	1.23013	9.60813	6.14617	3.63121
36240	0.62860	0.58655	0.46456	3.06333	2.68389	2.28688	8.72724	5.15856	2.59372	1.66097	1.47764	1.37564	2.00428	1.56362	1.23323	9.61246	6.14704	3.63221
36400	0.63035	0.58940	0.46562	3.06312	2.68428	2.28695	8.73666	5.16369	2.59440	1.66238	1.47782	1.37601	2.00356	1.56163	1.22959	9.61257	6.14467	3.63067	31.97	6.1	0.00	-2.04	0.01753	0.01214	0.01535	0.01867	0.01923	0.01504	0.00554	0.01534	0.02033	0.01910	0.01342	0.01707	0.01727	0.01784	0.01393	0.00580	0.01633	0.02189
36570	0.62935	0.58892	0.46687	3.06175	2.68333	2.28509	8.73761	5.16290	2.59265	1.66128	1.47766	1.37534	2.00239	1.56266	1.22769	9.60925	6.14359	3.62902
36740	0.63021	0.58873	0.46516	3.06327	2.68507	2.28758	8.74385	5.16473	2.59401	1.66190	1.47835	1.37722	2.00369	1.56248	1.23194	9.61424	6.14528	3.63145
36900	0.62811	0.58821	0.46332	3.06232	2.68372	2.28503	8.73132	5.15801	2.59130	1.66042	1.47600	1.37491	2.00643	1.56538	1.23457	9.61610	6.15058	3.63484
37070	0.63295	0.58964	0.46790	3.06548	2.68680	2.28884	8.74000	5.16501	2.59599	1.66384	1.47835	1.37736	2.00562	1.56505	1.23121	9.61207	6.14745	3.63284
37230	0.62873	0.58935	0.46556	3.06369	2.68570	2.28726	8.74440	5.16461	2.59343	1.66163	1.47799	1.37611	2.00081	1.56242	1.22851	9.61036	6.14375	3.62857
37400	0.63026	0.59042	0.46816	3.06581	2.68739	2.29017	8.74000	5.16584	2.59821	1.66530	1.48060	1.37952	2.00570	1.56485	1.23366	9.61449	6.14767	3.63156
37560	0.62996	0.58830	0.46374	3.06314	2.68457	2.28641	8.74424	5.16224	2.59289	1.66072	1.47653	1.37406	2.00347	1.56202	1.22995	9.61247	6.14559	3.62871
37730	0.62829	0.58651	0.46150	3.05908	2.68051	2.28366	8.74502	5.16223	2.59197	1.66006	1.47467	1.37119	2.00211	1.56404	1.22762	9.61051	6.14642	3.63112
37890	0.62803	0.58767	0.46471	3.06172	2.68354	2.28527	8.73621	5.16352	2.59313	1.66102	1.47683	1.37487	2.00240	1.55956	1.22908	9.61348	6.14397	3.62786
38060	0.62926	0.58993	0.46521	3.06235	2.68500	2.28841	8.74399	5.16436	2.59426	1.66223	1.47756	1.37451	2.00365	1.56312	1.23193	9.61558	6.14696	3.63127	31.97	6.1	0.00	-2.04	0.01753	0.01214	0.01535	0.01867	0.01923	0.01504	0.00554	0.01534	0.02033	0.01910	0.01342	0.01707	0.01727	0.01784	0.01393	0.00580	0.01633	0.02189
38220	0.62868	0.58752	0.46510	3.06162	2.68408	2.28459	8.74633	5.16278	2.59356	1.65999	1.47565	1.37391	2.00215	1.56045	1.22949	9.60687	6.14373	3.62739
38390	0.62692	0.58892	0.46408	3.05925	2.68325	2.28678	8.74310	5.16159	2.59551	1.66127	1.47684	1.37464	2.00369	1.56197	1.23120	9.60928	6.14497	3.63009
38550	0.62911	0.59052	0.46460	3.06222	2.68376	2.28584	8.74260	5.16469	2.59385	1.66115	1.47556	1.37324	2.00428	1.56285	1.23263	9.61760	6.14917	3.63290
38720	0.63094	0.59113	0.46598	3.06335	2.68612	2.28849	8.74276	5.16443	2.59397	1.66375	1.47826	1.37577	2.00227	1.56172	1.22956	9.61745	6.14545	3.63009
38880	0.62966	0.58720	0.46448	3.06243	2.68452	2.28611	8.74332	5.16251	2.59136	1.66054	1.47662	1.37522	2.00279	1.56067	1.22663	9.60460	6.14342	3.62755
39050	0.62973	0.58915	0.46755	3.06329	2.68672	2.28887	8.72807	5.16826	2.59477	1.66312	1.47931	1.37739	2.00415	1.56383	1.23150	9.61216	6.14692	3.63160
39210	0.63072	0.58821	0.46443	3.06274	2.68498	2.28635	8.74093	5.16283	2.59330	1.66156	1.47762	1.37488	2.00193	1.56104	1.23118	9.61135	6.14540	3.63073
39380	0.62873	0.58719	0.46326	3.06118	2.68359	2.28530	8.72295	5.16095	2.58920	1.66071	1.47576	1.37379	2.00364	1.56407	1.23211	9.61120	6.14752	3.63254
39550	0.62946	0.58891	0.46522	3.06310	2.68521	2.28814	8.73374	5.16332	2.59353	1.66203	1.47723	1.37533	2.00270	1.56022	1.22929	9.61064	6.14622	3.63026
39710	0.62912	0.58910	0.46493	3.06220	2.68505	2.28779	8.74345	5.16324	2.59194	1.66223	1.47698	1.37550	2.00191	1.56001	1.22993	9.61033	6.14452	3.62902	31.92	5.9	0.00	-2.04	0.01753	0.01214	0.01535	0.01867	0.01923	0.01504	0.00554	0.01534	0.02033	0.01910	0.01342	0.01707	0.01727	0.01784	0.01393	0.00580	0.01633	0.02189
39880	0.63099	0.59044	0.46756	3.06426	2.68804	2.29026	8.74573	5.16616	2.59541	1.66414	1.47993	1.37854	2.00632	1.56473	1.23280	9.61059	6.14801	3.63229
40040	0.62985	0.59115	0.46644	3.06423	2.68714	2.28924	8.74450	5.16489	2.59399	1.66444	1.47955	1.37789	2.00438	1.56160	1.23091	9.61341	6.14577	3.62996
40210	0.62798	0.58610	0.46436	3.06293	2.68398	2.28493	8.74005	5.16067	2.58930	1.66017	1.47571	1.37484	2.00417	1.56343	1.23298	9.60716	6.14709	3.63177
40370	0.62909	0.58897	0.46416	3.06485	2.68664	2.28800	8.74534	5.16063	2.59295	1.66186	1.47694	1.37534	2.00344	1.56067	1.23065	9.61230	6.14411	3.62949
40540	0.62788	0.58981	0.46575	3.06210	2.68475	2.28673	8.74289	5.16087	2.59215	1.66333	1.47913	1.37676	2.00332	1.56511	1.23417	9.61028	6.14847	3.63354
40700	0.62968	0.59036	0.46706	3.06703	2.68817	2.28938	8.74222	5.16212	2.59518	1.66355	1.47986	1.37892	2.00347	1.56346	1.22991	9.60953	6.14443	3.62976
40870	0.62770	0.58803	0.46410	3.06340	2.68601	2.28737	8.72808	5.15938	2.59004	1.66248	1.47844	1.37508	2.00295	1.55969	1.22912	9.60515	6.14349	3.62958
41030	0.62834	0.58590	0.46545	3.06220	2.68561	2.28769	8.74684	5.16192	2.59330	1.66254	1.47824	1.37687	2.00269	1.56182	1.22745	9.61129	6.14550	3.63162
41200	0.62828	0.58653	0.46410	3.06388	2.68626	2.28796	8.74250	5.15933	2.59103	1.66249	1.47934	1.37729	2.00410	1.56194	1.23240	9.61260	6.14856	3.63411
41370	0.63050	0.58962	0.46561	3.06754	2.68935	2.29074	8.75123	5.16461	2.59441	1.66468	1.47986	1.37774	2.00274	1.56041	1.23149	9.61189	6.14667	3.63203	31.97	6.1	0.00	-2.04	0.01753	0.01214	0.01535	0.01867	0.01923	0.01504	0.00554	0.01534	0.02033	0.01910	0.01342	0.01707	0.01727	0.01784	0.01393	0.00580	0.01633	0.02189
41530	0.62760	0.58719	0.46476	3.06521	2.68741	2.28822	8.75340	5.16431	2.59314	1.66351	1.48135	1.38006	2.00203	1.55958	1.23041	9.60871	6.14311	3.62949
41700	0.62853	0.58933	0.46541	3.06710	2.68945	2.29166	8.73746	5.16348	2.59523	1.66527	1.48194	1.37909	2.00287	1.56070	1.23057	9.61128	6.14744	3.63284
41860	0.62850	0.58836	0.46450	3.06591	2.68871	2.29186	8.74521	5.16291	2.59242	1.66599	1.48337	1.38145	2.00359	1.56130	1.22974	9.61415	6.14724	3.63444
42030	0.62830	0.58620	0.46357	3.06864	2.69113	2.29183	8.73980	5.16356	2.59309	1.66375	1.48157	1.38035	2.00350	1.56372	1.23075	9.61748	6.15028	3.63723
42190	0.63045	0.58960	0.46504	3.06977	2.69119	2.29236	8.74136	5.16189	2.59388	1.66828	1.48485	1.38084	2.00360	1.56257	1.23145	9.61128	6.14809	3.63476
42360	0.62744	0.58556	0.46461	3.06790	2.69108	2.29174	8.73724	5.15996	2.59141	1.66607	1.48214	1.38029	2.00262	1.55902	1.22956	9.60901	6.14588	3.63259
42520	0.62831	0.58783	0.46585	3.07084	2.69289	2.29370	8.74471	5.16457	2.59534	1.66748	1.48466	1.38183	2.00445	1.56276	1.22922	9.61612	6.14982	3.63606
42690	0.62904	0.58865	0.46636	3.07087	2.69369	2.29437	8.73758	5.16386	2.59305	1.66690	1.48371	1.38141	2.00255	1.56113	1.22890	9.61365	6.14917	3.63503
42860	0.62953	0.58565	0.46328	3.06678	2.68981	2.29122	8.72839	5.15977	2.59116	1.66510	1.48131	1.37894	2.00056	1.56079	1.22914	9.61234	6.14701	3.63330
43020	0.62608	0.58739	0.46451	3.06835	2.69103	2.29259	8.72823	5.15956	2.59280	1.66560	1.48212	1.38079	2.00208	1.56171	1.22992	9.61187	6.14964	3.63588	31.97	6.0	0.00	-2.04	0.01753	0.01214	0.01535	0.01867	0.01923	0.01504	0.00554	0.01534	0.02033	0.01910	0.01342	0.01707	0.01727	0.01784	0.01393	0.00580	0.01633	0.02189
43190	0.62988	0.58990	0.46509	3.07089	2.69291	2.29444	8.73986	5.16299	2.59333	1.66801	1.48635	1.38316	2.00184	1.56325	1.23051	9.61530	6.14949	3.63708
43350	0.62913	0.58716	0.46359	3.07361	2.69545	2.29488	8.72762	5.16351	2.59245	1.66738	1.48538	1.38349	2.00311	1.56201	1.23154	9.61223	6.15018	3.63648
43520	0.62815	0.58851	0.46400	3.07078	2.69357	2.29362	8.75268	5.16137	2.59236	1.66599	1.48275	1.38075	2.00351	1.56725	1.23319	9.61571	6.15388	3.63977
43690	0.63067	0.58852	0.46416	3.07233	2.69350	2.29436	8.73713	5.16390	2.59381	1.66837	1.48451	1.38155	2.00479	1.56491	1.23108	9.61631	6.15089	3.63832
43850	0.62816	0.58836	0.46459	3.07216	2.69318	2.29242	8.73881	5.16333	2.59320	1.66680	1.48402	1.38028	2.00265	1.56042	1.23008	9.61112	6.14940	3.63557
44020	0.62728	0.58692	0.46400	3.06885	2.69044	2.29054	8.73691	5.16049	2.59146	1.66605	1.48365	1.38143	1.99970	1.55981	1.22472	9.60553	6.14448	3.63098
44180	0.62931	0.58731	0.46410	3.07048	2.69431	2.29403	8.74282	5.16226	2.59365	1.66721	1.48399	1.38198	2.00232	1.56001	1.22901	9.61077	6.14854	3.63430
44350	0.62788	0.58622	0.46352	3.06808	2.69094	2.29060	8.74142	5.16163	2.59184	1.66514	1.48177	1.37977	2.00205	1.56031	1.22837	9.61515	6.14967	3.63480
44510	0.62923	0.58580	0.46458	3.06697	2.68922	2.28849	8.74493	5.15656	2.58945	1.66499	1.48113	1.37978	2.00221	1.56386	1.22971	9.61571	6.14980	3.63523
44680	0.63021	0.58860	0.46482	3.06894	2.69182	2.29066	8.74490	5.16122	2.59305	1.66573	1.48304	1.37967	2.00076	1.56045	1.22965	9.61303	6.14914	3.63485	31.97	6.0	0.00	-2.04	0.01753	0.01214	0.01535	0.01867	0.01923	0.01504	0.00554	0.01534	0.02033	0.01910	0.01342	0.01707	0.01727	0.01784	0.01393	0.00580	0.01633	0.02189
44850	0.62892	0.58617	0.46539	3.06881	2.69080	2.29033	8.74061	5.15986	2.59219	1.66654	1.48377	1.38131	2.00131	1.55950	1.22737	9.61434	6.14850	3.63326
45010	0.62961	0.58931	0.46681	3.07179	2.69562	2.29571	8.74746	5.16557	2.59390	1.67069	1.48637	1.38447	2.00437	1.56413	1.23134	9.62004	6.15438	3.63779
45180	0.62917	0.58665	0.46448	3.07057	2.69396	2.29414	8.72925	5.16434	2.59229	1.67008	1.48648	1.38325	2.00096	1.56138	1.22583	9.61167	6.14815	3.63497
45340	0.62676	0.58474	0.46165	3.06849	2.69121	2.28991	8.73265	5.15572	2.58744	1.66623	1.48260	1.38032	1.99857	1.55896	1.22966	9.61424	6.14835	3.63448
45510	0.62723	0.58812	0.46524	3.07173	2.69460	2.29290	8.74061	5.15821	2.59276	1.66767	1.48492	1.38163	2.00216	1.56293	1.23026	9.61550	6.14953	3.63581
45670	0.62918	0.58636	0.46511	3.07035	2.69351	2.29221	8.74574	5.16240	2.58986	1.66697	1.48414	1.38184	2.00227	1.56549	1.23027	9.61475	6.15377	3.63966
45840	0.63060	0.59052	0.46630	3.07216	2.69511	2.29518	8.73894	5.16324	2.59190	1.66978	1.48803	1.38585	2.00350	1.56272	1.22987	9.61949	6.15271	3.63748
46000	0.62905	0.58849	0.46474	3.07171	2.69537	2.29673	8.73131	5.16327	2.59150	1.66881	1.48540	1.38249	1.99936	1.55840	1.22608	9.61399	6.15030	3.63577
46170	0.62809	0.58754	0.46425	3.07340	2.69685	2.29774	8.74663	5.16395	2.59257	1.67035	1.48756	1.38579	2.00186	1.56092	1.22967	9.61979	6.15317	3.63787
46330	0.62851	0.58840	0.46256	3.06948	2.69269	2.29482	8.74549	5.15684	2.58938	1.66981	1.48543	1.37999	1.99922	1.55845	1.22828	9.61370	6.15044	3.63703	31.97	6.1	0.00	-2.04	0.01753	0.01214	0.01535	0.01867	0.01923	0.01504	0.00554	0.01534	0.02033	0.01910	0.01342	0.01707	0.01727	0.01784	0.01393	0.00580	0.01633	0.02189
46500	0.62580	0.58517	0.46307	3.06801	2.68930	2.29175	8.73079	5.15553	2.58660	1.66828	1.48515	1.38265	2.00033	1.55918	1.22851	9.61471	6.15301	3.63820
46660	0.62891	0.58820	0.46413	3.07277	2.69604	2.29742	8.73624	5.15945	2.59009	1.66980	1.48608	1.38414	1.99890	1.55884	1.22789	9.61440	6.15014	3.63571
46830	0.62696	0.58768	0.46713	3.07241	2.69598	2.29719	8.74493	5.16404	2.59341	1.67067	1.48680	1.38451	2.00154	1.56149	1.22865	9.61607	6.15245	3.63840
46990	0.62756	0.58639	0.46493	3.07169	2.69397	2.29432	8.72850	5.16118	2.58916	1.66881	1.48613	1.38493	1.99853	1.56048	1.22606	9.61531	6.15201	3.63969
47160	0.62616	0.58729	0.46299	3.07165	2.69304	2.29525	8.73073	5.15781	2.59008	1.67225	1.48824	1.38584	2.00027	1.56258	1.22801	9.61839	6.15695	3.64319
47330	0.62819	0.58933	0.46502	3.07403	2.69576	2.29878	8.74092	5.16170	2.59091	1.67377	1.49032	1.38748	1.99927	1.56041	1.22947	9.62505	6.15567	3.64286
47490	0.62748	0.58682	0.46582	3.07480	2.69582	2.29774	8.73986	5.15992	2.59183	1.67348	1.48933	1.38635	1.99882	1.55892	1.22698	9.61985	6.15417	3.64012
47660	0.63002	0.58775	0.46714	3.07567	2.69853	2.29994	8.73958	5.16166	2.59182	1.67490	1.49120	1.38910	2.00324	1.56244	1.23120	9.62126	6.15711	3.64307
47820	0.62972	0.58825	0.46384	3.07578	2.69786	2.29975	8.73390	5.16108	2.59257	1.67521	1.49055	1.38880	2.00118	1.55931	1.22880	9.62257	6.15729	3.64322
47990	0.62746	0.58632	0.46312	3.07736	2.69735	2.30047	8.73568	5.15489	2.58926	1.67325	1.49097	1.38882	2.00080	1.55791	1.22551	9.61384	6.15518	3.64121	31.92	6.0	0.00	-2.04	0.01753	0.01214	0.01535	0.01867	0.01923	0.01504	0.00554	0.01534	0.02033	0.01910	0.01342	0.01707	0.01727	0.01784	0.01393	0.00580	0.01633	0.02189
48150	0.62840	0.58563	0.46511	3.07539	2.69704	2.30066	8.74175	5.16459	2.59011	1.67572	1.49129	1.38680	2.00111	1.55893	1.22805	9.62024	6.15712	3.64297
48320	0.62824	0.58573	0.46434	3.07465	2.69580	2.29827	8.74014	5.15663	2.59106	1.67290	1.48913	1.38854	2.00346	1.56453	1.23160	9.62423	6.16114	3.64738
48490	0.63141	0.58782	0.46566	3.07902	2.70069	2.30290	8.72789	5.16143	2.59134	1.67853	1.49428	1.39165	2.00028	1.56201	1.22758	9.62267	6.16242	3.64926
48650	0.62885	0.58854	0.46426	3.07988	2.70084	2.30193	8.73485	5.15798	2.58752	1.67627	1.49258	1.39236	1.99964	1.55933	1.22641	9.62272	6.15707	3.64278
48820	0.62864	0.58655	0.46727	3.08038	2.70377	2.30624	8.73401	5.15898	2.59283	1.67760	1.49390	1.39144	2.00361	1.56372	1.23132	9.62388	6.16103	3.64620
48980	0.62744	0.58659	0.46457	3.07522	2.69635	2.29954	8.73913	5.15681	2.58720	1.67534	1.49060	1.38950	1.99875	1.55861	1.22581	9.62004	6.15654	3.64195
49150	0.62744	0.58553	0.46219	3.07402	2.69665	2.29967	8.73986	5.15778	2.58733	1.67601	1.49123	1.39116	1.99950	1.55943	1.22730	9.62357	6.16009	3.64518
49310	0.62846	0.58632	0.46415	3.07668	2.69862	2.30375	8.74120	5.16209	2.59053	1.67893	1.49478	1.39274	1.99951	1.55833	1.22673	9.62115	6.15714	3.64470
49480	0.62897	0.58753	0.46545	3.07876	2.70187	2.30540	8.73485	5.16280	2.59177	1.68000	1.49506	1.39413	2.00048	1.56065	1.22881	9.62585	6.15961	3.64660
49640	0.62724	0.58765	0.46585	3.07757	2.70079	2.30308	8.75010	5.16043	2.58885	1.67749	1.49262	1.39255	1.99960	1.55943	1.22677	9.62914	6.16012	3.64507	31.97	6.1	0.00	-2.04	0.01753	0.01214	0.01535	0.01867	0.01923	0.01504	0.00554	0.01534	0.02033	0.01910	0.01342	0.01707	0.01727	0.01784	0.01393	0.00580	0.01633	0.02189
49810	0.62600	0.58400	0.46388	3.07656	2.69896	2.30437	8.72627	5.15405	2.58798	1.67995	1.49407	1.39153	1.99916	1.56002	1.22877	9.62767	6.16578	3.65206
49970	0.62870	0.58630	0.46488	3.08212	2.70387	2.30813	8.75077	5.16166	2.58988	1.68335	1.49928	1.39569	2.00045	1.55922	1.22734	9.62717	6.16339	3.64953
50140	0.62940	0.58852	0.46604	3.08331	2.70733	2.31142	8.75417	5.16501	2.59532	1.68595	1.50146	1.39880	2.00242	1.56161	1.22987	9.62863	6.16698	3.65150
50300	0.62864	0.58601	0.46338	3.08173	2.70391	2.30634	8.72922	5.16278	2.59038	1.68170	1.49763	1.39563	2.00141	1.55922	1.22774	9.62631	6.16195	3.64737
50470	0.62623	0.58397	0.46325	3.07924	2.70364	2.30847	8.73846	5.16180	2.59084	1.68430	1.49926	1.39712	2.00254	1.55835	1.23039	9.62969	6.16530	3.65254
50630	0.62616	0.58481	0.46066	3.08193	2.70367	2.30725	8.73172	5.15747	2.58742	1.68220	1.49900	1.39759	1.99962	1.55958	1.22794	9.62394	6.16648	3.65222
50800	0.62818	0.58583	0.46259	3.08295	2.70573	2.30898	8.73829	5.15964	2.58911	1.68443	1.49932	1.39814	1.99969	1.55839	1.22620	9.62540	6.16068	3.64720
50960	0.62564	0.58282	0.46373	3.07778	2.70310	2.30884	8.73651	5.15906	2.59135	1.68911	1.50066	1.40000	2.00077	1.55913	1.22882	9.62646	6.16637	3.65175
51120	0.62550	0.58553	0.46125	3.08201	2.70671	2.31115	8.73311	5.15655	2.58779	1.69202	1.50341	1.40432	1.99914	1.56075	1.22799	9.63368	6.17174	3.65815
51290	0.62858	0.58764	0.46263	3.08845	2.71340	2.31693	8.74111	5.15648	2.58983	1.69821	1.50637	1.40807	1.99842	1.55687	1.22537	9.63600	6.17104	3.65517	31.97	6.0	0.00	-2.04	0.01753	0.01214	0.01535	0.01867	0.01923	0.01504	0.00554	0.01533	0.02033	0.01910	0.01342	0.01707	0.01727	0.01784	0.01393	0.00580	0.01633	0.02189
51460	0.62669	0.58585	0.46353	3.08757	2.71442	2.31886	8.75080	5.16405	2.59175	1.70306	1.51095	1.41124	2.00191	1.56127	1.22625	9.64065	6.17144	3.65593
51620	0.62613	0.58659	0.46463	3.08473	2.71028	2.31206	8.73303	5.15858	2.58827	1.69323	1.50292	1.40248	1.99999	1.56048	1.22669	9.62938	6.16639	3.65073
51790	0.62503	0.58762	0.46323	3.08137	2.70542	2.30849	8.73977	5.15902	2.58970	1.68612	1.50109	1.40010	2.00076	1.56182	1.23072	9.63691	6.16971	3.65527
51950	0.62918	0.58620	0.46574	3.08600	2.70888	2.31116	8.73470	5.15716	2.59055	1.68842	1.50349	1.40062	1.99935	1.55918	1.22819	9.63302	6.16980	3.65297
52120	0.63001	0.58907	0.46792	3.08695	2.70964	2.31270	8.74061	5.16468	2.59487	1.68959	1.50475	1.40117	2.00402	1.56196	1.23151	9.63297	6.17027	3.65455
52280	0.62809	0.58758	0.46537	3.08408	2.70714	2.30904	8.74166	5.16134	2.59139	1.68497	1.50119	1.39875	2.00077	1.56030	1.22884	9.63342	6.16721	3.65166
52450	0.62701	0.58416	0.46159	3.08162	2.70585	2.30769	8.73287	5.15676	2.58506	1.68457	1.49940	1.39740	1.99955	1.55812	1.22972	9.63580	6.17198	3.65563
52610	0.62813	0.58482	0.46264	3.08660	2.71070	2.31177	8.73220	5.15780	2.58937	1.68755	1.50361	1.40195	1.99990	1.55699	1.22689	9.63519	6.16936	3.65451
52780	0.62712	0.58964	0.46502	3.08855	2.71390	2.31518	8.74451	5.16639	2.59256	1.69080	1.50487	1.40313	2.00455	1.55880	1.23099	9.64489	6.17293	3.65638
52940	0.62799	0.58679	0.46302	3.08554	2.70883	2.30919	8.73867	5.16139	2.59073	1.68519	1.49983	1.39871	1.99894	1.55756	1.22788	9.63237	6.16744	3.65203	31.97	6.2	0.00	-2.04	0.01753	0.01214	0.01535	0.01867	0.01923	0.01504	0.00554	0.01533	0.02033	0.01910	0.01341	0.01707	0.01727	0.01784	0.01393	0.00580	0.01633	0.02189
53110	0.62599	0.58484	0.46464	3.08269	2.70894	2.31147	8.74714	5.16227	2.58984	1.68868	1.50270	1.40117	1.99934	1.55899	1.22846	9.63449	6.17146	3.65525
