WetView ver 7.1	07-26-2019	12:54:50
AC9 Absorption and Attenuation Meter
00000311		; Serial number
2	; structure version number
Reserved
0.000000	0.000000		; Depth calibration
19200			; Baud rate
0.100000			; Path length (meters)
23			; number of temperature calibration bins
				12.61517	13.44096	14.46844	15.49904	16.50682	17.50108	18.49752	19.51783	20.49177	21.49009	22.48286	23.50673	24.54012	25.54812	26.49986	27.49321	28.50960	29.48671	30.47471	31.49432	32.50437	33.48679	34.49133	; temperature bins
a650	Blue	18.61587		0.01156	0.01096	0.01010	0.00930	0.00851	0.00774	0.00661	0.00573	0.00499	0.00402	0.00285	0.00203	0.00096	0.00000	-0.00110	-0.00152	-0.00210	-0.00247	-0.00259	-0.00317	-0.00346	-0.00380	-0.00403		; offset and temperature correction info
a676	Green	18.78942		0.00964	0.00899	0.00863	0.00813	0.00730	0.00639	0.00545	0.00448	0.00385	0.00301	0.00233	0.00165	0.00046	0.00000	-0.00106	-0.00167	-0.00251	-0.00280	-0.00316	-0.00329	-0.00377	-0.00392	-0.00441		; offset and temperature correction info
a715	Brown	18.59217		0.01171	0.01109	0.01043	0.00975	0.00878	0.00789	0.00685	0.00572	0.00469	0.00356	0.00255	0.00160	0.00061	0.00000	-0.00063	-0.00113	-0.00152	-0.00183	-0.00226	-0.00293	-0.00364	-0.00404	-0.00473		; offset and temperature correction info
c510	Red	18.18396		-0.00549	-0.00480	-0.00383	-0.00272	-0.00202	-0.00118	-0.00044	-0.00038	-0.00015	-0.00021	0.00013	0.00007	-0.00007	0.00000	-0.00007	-0.00065	-0.00045	-0.00018	0.00007	0.00039	-0.00001	-0.00002	-0.00045		; offset and temperature correction info
c532	Magenta	18.26528		-0.00721	-0.00645	-0.00581	-0.00518	-0.00465	-0.00345	-0.00281	-0.00270	-0.00182	-0.00141	-0.00108	-0.00072	-0.00022	0.00000	0.00044	0.00030	0.00031	-0.00006	-0.00052	-0.00089	-0.00142	-0.00149	-0.00154		; offset and temperature correction info
c555	Black	18.37125		-0.00430	-0.00419	-0.00381	-0.00319	-0.00286	-0.00254	-0.00205	-0.00196	-0.00138	-0.00137	-0.00067	-0.00051	-0.00030	0.00000	0.00067	0.00087	0.00057	0.00027	-0.00015	-0.00089	-0.00127	-0.00137	-0.00150		; offset and temperature correction info
a412	LtBlue	15.33566		-0.06011	-0.05567	-0.05012	-0.04441	-0.03922	-0.03412	-0.02941	-0.02503	-0.02049	-0.01588	-0.01121	-0.00784	-0.00311	0.00000	0.00273	0.00611	0.00757	0.00871	0.01066	0.01299	0.01539	0.01781	0.02175		; offset and temperature correction info
a440	LtGreen	16.05925		-0.01380	-0.01214	-0.01039	-0.00858	-0.00690	-0.00532	-0.00426	-0.00322	-0.00230	-0.00158	-0.00055	0.00006	0.00001	0.00000	0.00017	0.00016	-0.00094	-0.00222	-0.00363	-0.00486	-0.00567	-0.00651	-0.00782		; offset and temperature correction info
a488	Yellow	16.82827		0.00255	0.00293	0.00331	0.00354	0.00373	0.00378	0.00363	0.00350	0.00291	0.00225	0.00215	0.00142	0.00099	0.00000	-0.00092	-0.00169	-0.00295	-0.00396	-0.00479	-0.00542	-0.00582	-0.00604	-0.00663		; offset and temperature correction info
c650	Blue	18.49287		-0.00570	-0.00516	-0.00456	-0.00403	-0.00346	-0.00232	-0.00132	-0.00122	-0.00073	-0.00066	-0.00035	-0.00016	0.00003	0.00000	0.00044	0.00078	0.00108	0.00057	0.00040	-0.00042	-0.00033	-0.00029	-0.00034		; offset and temperature correction info
c676	Green	18.50570		0.00299	0.00293	0.00287	0.00293	0.00278	0.00294	0.00317	0.00251	0.00243	0.00215	0.00139	0.00123	0.00068	0.00000	-0.00041	-0.00106	-0.00205	-0.00268	-0.00325	-0.00413	-0.00495	-0.00610	-0.00674		; offset and temperature correction info
c715	Brown	17.88888		0.00826	0.00812	0.00773	0.00790	0.00766	0.00758	0.00753	0.00650	0.00571	0.00461	0.00359	0.00222	0.00101	0.00000	-0.00146	-0.00284	-0.00385	-0.00448	-0.00463	-0.00513	-0.00623	-0.00715	-0.00838		; offset and temperature correction info
a510	Red	17.18050		0.00353	0.00364	0.00354	0.00361	0.00381	0.00381	0.00356	0.00332	0.00277	0.00229	0.00176	0.00116	0.00036	0.00000	-0.00014	-0.00069	-0.00088	-0.00147	-0.00150	-0.00129	-0.00120	-0.00134	-0.00091		; offset and temperature correction info
a532	Magenta	17.40228		0.00550	0.00548	0.00526	0.00479	0.00464	0.00422	0.00393	0.00328	0.00253	0.00212	0.00136	0.00085	0.00039	0.00000	-0.00059	-0.00146	-0.00188	-0.00262	-0.00330	-0.00393	-0.00491	-0.00540	-0.00605		; offset and temperature correction info
a555	Black	17.72308		0.00849	0.00832	0.00800	0.00760	0.00724	0.00655	0.00580	0.00495	0.00435	0.00347	0.00252	0.00153	0.00049	0.00000	-0.00050	-0.00155	-0.00214	-0.00306	-0.00350	-0.00411	-0.00470	-0.00539	-0.00570		; offset and temperature correction info
c412	LtBlue	16.72802		-0.05949	-0.05458	-0.04744	-0.04134	-0.03547	-0.03064	-0.02511	-0.02047	-0.01574	-0.01163	-0.00761	-0.00442	-0.00204	0.00000	0.00100	0.00051	-0.00043	-0.00239	-0.00475	-0.00629	-0.00827	-0.00955	-0.01337		; offset and temperature correction info
c440	LtGreen	17.42637		-0.02723	-0.02503	-0.02216	-0.01930	-0.01691	-0.01394	-0.01125	-0.00926	-0.00732	-0.00582	-0.00401	-0.00226	-0.00093	0.00000	0.00082	0.00123	0.00133	0.00097	0.00038	-0.00003	-0.00022	-0.00023	-0.00125		; offset and temperature correction info
c488	Yellow	18.03666		-0.00640	-0.00554	-0.00465	-0.00357	-0.00276	-0.00154	-0.00067	-0.00031	-0.00014	-0.00012	0.00046	0.00032	0.00020	0.00000	0.00001	-0.00024	-0.00060	-0.00084	-0.00126	-0.00180	-0.00276	-0.00304	-0.00427		; offset and temperature correction info
0.003500	0.004000	0.015000	0.020000	0.015000	0.020000	2500.000000	2000.000000	1000.000000	; maxANoise	maxCNoise	maxADifference	maxCDifference	minACounts	minCCounts	minRCounts	maxTempSdev	maxDepthSdev
0			; auxilliary capabilities
1			; acquisition binsize
0	0.19861	0.20199	0.22100	-0.16963	-0.15033	-0.15013	0.28235	0.23600	0.19955	-0.13595	-0.12072	-0.10625	0.19594	0.19371	0.18636	-0.55473	-0.35336	-0.20624	35.15	6.0	0.00	-2.04	0.01737	0.01205	0.01525	0.01872	0.01915	0.01499	0.00546	0.01517	0.02012	0.01905	0.01348	0.01714	0.01712	0.01768	0.01381	0.00577	0.01634	0.02186
160	0.19754	0.20095	0.22337	-0.16812	-0.14838	-0.14877	0.28776	0.23649	0.20166	-0.13387	-0.11901	-0.10471	0.19783	0.19762	0.19239	-0.55226	-0.35162	-0.20372
330	0.19985	0.19913	0.22251	-0.16983	-0.15186	-0.15216	0.28647	0.23355	0.20014	-0.13687	-0.12245	-0.10788	0.19867	0.19740	0.19191	-0.55314	-0.35017	-0.20267
490	0.20156	0.19937	0.22300	-0.16831	-0.14960	-0.15063	0.28771	0.23247	0.20125	-0.13545	-0.12138	-0.10645	0.19682	0.19561	0.18966	-0.55482	-0.35310	-0.20546
660	0.19954	0.19922	0.22026	-0.17070	-0.15112	-0.15163	0.28002	0.23386	0.19828	-0.13697	-0.12162	-0.10681	0.19846	0.19666	0.19021	-0.55297	-0.35101	-0.20393
820	0.19914	0.20213	0.22219	-0.16809	-0.14917	-0.14949	0.29279	0.23631	0.20060	-0.13491	-0.11995	-0.10619	0.19889	0.19368	0.19133	-0.55480	-0.35244	-0.20517
990	0.19927	0.19926	0.22262	-0.17074	-0.15042	-0.15029	0.29325	0.23712	0.20160	-0.13509	-0.11989	-0.10591	0.19916	0.19568	0.19060	-0.55420	-0.35238	-0.20492
1150	0.19761	0.19778	0.21974	-0.17187	-0.15369	-0.15382	0.28354	0.23219	0.19780	-0.13894	-0.12401	-0.10935	0.19640	0.19651	0.18945	-0.55453	-0.35177	-0.20501
1320	0.19898	0.19787	0.22188	-0.17005	-0.15102	-0.15220	0.28817	0.23292	0.20087	-0.13719	-0.12252	-0.10771	0.19599	0.19186	0.18804	-0.55601	-0.35456	-0.20805
1480	0.19750	0.19945	0.22405	-0.17289	-0.15275	-0.15213	0.29391	0.23470	0.19888	-0.13745	-0.12184	-0.10741	0.19701	0.19327	0.18910	-0.55594	-0.35350	-0.20590
1650	0.19749	0.20011	0.21992	-0.17284	-0.15407	-0.15468	0.28134	0.23128	0.19737	-0.14035	-0.12453	-0.11066	0.19586	0.19667	0.19124	-0.55506	-0.35272	-0.20476	35.10	6.1	0.00	-2.04	0.01737	0.01205	0.01525	0.01872	0.01915	0.01499	0.00546	0.01517	0.02012	0.01905	0.01348	0.01714	0.01713	0.01768	0.01381	0.00577	0.01634	0.02186
1810	0.19945	0.20076	0.22021	-0.17100	-0.15172	-0.15305	0.28569	0.23313	0.19973	-0.13835	-0.12319	-0.10998	0.19617	0.19357	0.18846	-0.55863	-0.35592	-0.20842
1980	0.20031	0.20092	0.22548	-0.16966	-0.15024	-0.15028	0.29101	0.23784	0.20588	-0.13553	-0.11934	-0.10669	0.20076	0.19517	0.19349	-0.55365	-0.35237	-0.20556
2140	0.20022	0.19853	0.22350	-0.17132	-0.15338	-0.15336	0.28477	0.23268	0.19924	-0.13900	-0.12352	-0.11080	0.19881	0.19790	0.19364	-0.55316	-0.35046	-0.20325
2300	0.20097	0.20070	0.22169	-0.16915	-0.15010	-0.15059	0.28710	0.23831	0.20229	-0.13657	-0.12214	-0.10878	0.19751	0.19460	0.18985	-0.55576	-0.35390	-0.20688
2470	0.19835	0.19720	0.22326	-0.17200	-0.15295	-0.15370	0.28880	0.23184	0.19963	-0.13820	-0.12370	-0.10991	0.19650	0.19318	0.18798	-0.55636	-0.35451	-0.20731
2630	0.19861	0.19786	0.22203	-0.17218	-0.15307	-0.15274	0.29069	0.23333	0.20108	-0.13772	-0.12399	-0.10909	0.19630	0.19476	0.18815	-0.55700	-0.35482	-0.20717
2800	0.19802	0.20072	0.22210	-0.17209	-0.15240	-0.15220	0.28916	0.23616	0.20142	-0.13708	-0.12251	-0.10865	0.19639	0.19441	0.18686	-0.55640	-0.35370	-0.20713
2960	0.19847	0.19829	0.22182	-0.17190	-0.15255	-0.15254	0.28440	0.23425	0.19963	-0.13743	-0.12323	-0.10888	0.19635	0.19410	0.18983	-0.55869	-0.35603	-0.20927
3130	0.20022	0.20137	0.22560	-0.17018	-0.15016	-0.14983	0.29657	0.23848	0.20496	-0.13497	-0.11998	-0.10683	0.19926	0.19762	0.19168	-0.55409	-0.35231	-0.20507
3300	0.19908	0.19828	0.22045	-0.17155	-0.15264	-0.15341	0.28267	0.23450	0.19910	-0.13860	-0.12360	-0.10968	0.19767	0.19618	0.18808	-0.55783	-0.35504	-0.20821	35.10	6.1	0.00	-2.04	0.01737	0.01205	0.01525	0.01872	0.01915	0.01499	0.00546	0.01518	0.02012	0.01905	0.01348	0.01714	0.01713	0.01768	0.01381	0.00577	0.01634	0.02186
3460	0.19810	0.19990	0.22086	-0.17258	-0.15243	-0.15309	0.28658	0.23712	0.19957	-0.13760	-0.12324	-0.10915	0.19689	0.19683	0.19236	-0.55639	-0.35248	-0.20599
3630	0.19970	0.20065	0.22122	-0.17114	-0.15189	-0.15233	0.28959	0.23639	0.20166	-0.13821	-0.12282	-0.10939	0.19849	0.19607	0.19114	-0.55624	-0.35200	-0.20506
3790	0.20131	0.19889	0.22324	-0.17036	-0.15088	-0.15193	0.28908	0.23482	0.20212	-0.13680	-0.12089	-0.10859	0.19975	0.19457	0.19179	-0.55785	-0.35425	-0.20734
3960	0.19779	0.19933	0.22186	-0.17238	-0.15021	-0.15039	0.29153	0.23734	0.20569	-0.13475	-0.12032	-0.10666	0.20009	0.19789	0.19198	-0.55340	-0.35158	-0.20518
4120	0.19900	0.20030	0.22036	-0.17098	-0.15127	-0.15190	0.28777	0.23688	0.19882	-0.13710	-0.12281	-0.10897	0.19730	0.19481	0.18982	-0.55736	-0.35368	-0.20708
4290	0.19798	0.19752	0.22030	-0.17334	-0.15440	-0.15434	0.28204	0.23147	0.19772	-0.13938	-0.12463	-0.11071	0.19768	0.19642	0.19439	-0.55534	-0.35269	-0.20528
4450	0.19895	0.20018	0.22196	-0.17049	-0.15158	-0.15237	0.29036	0.23514	0.20230	-0.13660	-0.12258	-0.10859	0.19705	0.19310	0.18864	-0.55736	-0.35484	-0.20787
4620	0.20114	0.20066	0.22343	-0.17019	-0.15007	-0.15010	0.29423	0.23933	0.20442	-0.13500	-0.12056	-0.10589	0.19851	0.19797	0.19022	-0.55344	-0.35235	-0.20540
4780	0.19751	0.19977	0.21924	-0.17100	-0.15203	-0.15267	0.28760	0.23570	0.19941	-0.13718	-0.12261	-0.10831	0.19781	0.19618	0.19011	-0.55597	-0.35414	-0.20693
4950	0.19892	0.20048	0.22028	-0.17324	-0.15408	-0.15427	0.28174	0.23258	0.19842	-0.13921	-0.12399	-0.10957	0.19954	0.19731	0.19266	-0.55419	-0.35309	-0.20540	35.10	6.1	0.00	-2.04	0.01737	0.01205	0.01525	0.01872	0.01915	0.01499	0.00546	0.01518	0.02012	0.01905	0.01348	0.01714	0.01713	0.01768	0.01381	0.00577	0.01634	0.02186
5110	0.19961	0.19816	0.22282	-0.17098	-0.15171	-0.15256	0.29078	0.23623	0.20206	-0.13665	-0.12191	-0.10802	0.19917	0.19590	0.19191	-0.55906	-0.35537	-0.20815
5280	0.20171	0.20154	0.22547	-0.16969	-0.14988	-0.14986	0.28747	0.23992	0.20317	-0.13429	-0.11896	-0.10617	0.20044	0.19903	0.18933	-0.55238	-0.35175	-0.20467
5440	0.19967	0.20053	0.22125	-0.17084	-0.15134	-0.15228	0.27813	0.23489	0.20129	-0.13696	-0.12159	-0.10805	0.19671	0.19544	0.19053	-0.55553	-0.35386	-0.20650
5610	0.19804	0.19979	0.22031	-0.17281	-0.15390	-0.15375	0.28094	0.23295	0.19881	-0.13838	-0.12349	-0.10944	0.19933	0.19642	0.19192	-0.55577	-0.35221	-0.20501
5770	0.20199	0.19998	0.22392	-0.17066	-0.15130	-0.15143	0.29289	0.23702	0.20496	-0.13651	-0.12210	-0.10768	0.19974	0.19496	0.19122	-0.55712	-0.35477	-0.20715
5940	0.20246	0.20119	0.22487	-0.17026	-0.14996	-0.14987	0.29321	0.23976	0.20378	-0.13404	-0.11964	-0.10554	0.19959	0.19808	0.19298	-0.55309	-0.35204	-0.20433
6100	0.20073	0.20292	0.22306	-0.17014	-0.15177	-0.15198	0.28276	0.23749	0.20257	-0.13675	-0.12146	-0.10747	0.19636	0.19491	0.18860	-0.55657	-0.35536	-0.20715
6270	0.19835	0.19954	0.22362	-0.17212	-0.15201	-0.15116	0.29214	0.23739	0.20227	-0.13616	-0.12178	-0.10722	0.19668	0.19494	0.19164	-0.55683	-0.35364	-0.20662
6430	0.19862	0.19814	0.22136	-0.17201	-0.15217	-0.15225	0.28551	0.23621	0.20027	-0.13666	-0.12204	-0.10801	0.19672	0.19604	0.19025	-0.55557	-0.35313	-0.20520
6600	0.19769	0.20222	0.22121	-0.17094	-0.15174	-0.15202	0.28705	0.23509	0.20043	-0.13705	-0.12197	-0.10823	0.19581	0.19258	0.18876	-0.55848	-0.35590	-0.20822	35.10	6.0	0.00	-2.04	0.01737	0.01205	0.01525	0.01872	0.01915	0.01499	0.00546	0.01518	0.02012	0.01905	0.01348	0.01714	0.01713	0.01768	0.01381	0.00577	0.01634	0.02186
6760	0.19649	0.20038	0.22226	-0.17269	-0.15114	-0.15066	0.29035	0.24043	0.20431	-0.13504	-0.11990	-0.10562	0.19844	0.19633	0.18952	-0.55492	-0.35251	-0.20524
6930	0.19855	0.20046	0.22214	-0.17139	-0.15225	-0.15354	0.29310	0.23359	0.19822	-0.13775	-0.12271	-0.10852	0.20132	0.19982	0.19590	-0.55329	-0.34955	-0.20192
7090	0.20159	0.19839	0.22445	-0.16812	-0.14985	-0.15020	0.29750	0.23771	0.20400	-0.13527	-0.11999	-0.10621	0.19919	0.19637	0.19135	-0.55403	-0.35332	-0.20597
7260	0.19874	0.20041	0.22238	-0.17123	-0.15140	-0.15160	0.28491	0.23578	0.19961	-0.13635	-0.12128	-0.10703	0.19562	0.19530	0.19173	-0.55868	-0.35509	-0.20694
7420	0.19930	0.20196	0.22210	-0.17043	-0.15038	-0.15002	0.29142	0.23638	0.20180	-0.13545	-0.12049	-0.10561	0.19804	0.19671	0.19127	-0.55690	-0.35371	-0.20633
7590	0.19898	0.19789	0.22087	-0.17225	-0.15349	-0.15325	0.28559	0.23218	0.20029	-0.13845	-0.12391	-0.10882	0.19875	0.19855	0.19426	-0.55412	-0.35106	-0.20270
7750	0.20047	0.20122	0.22200	-0.16916	-0.15079	-0.15055	0.28795	0.23400	0.20191	-0.13598	-0.12034	-0.10649	0.19695	0.19659	0.19013	-0.55655	-0.35268	-0.20538
7920	0.19862	0.20109	0.22169	-0.17009	-0.15128	-0.15057	0.28324	0.23664	0.20243	-0.13510	-0.12040	-0.10567	0.19670	0.19665	0.18992	-0.55683	-0.35430	-0.20665
8080	0.19940	0.20196	0.22219	-0.17029	-0.15068	-0.14997	0.28348	0.23619	0.20261	-0.13459	-0.11987	-0.10563	0.19855	0.19518	0.19311	-0.55557	-0.35296	-0.20544
8250	0.19831	0.19700	0.22051	-0.17185	-0.15229	-0.15205	0.28624	0.23067	0.19828	-0.13752	-0.12245	-0.10705	0.19654	0.19423	0.19094	-0.55430	-0.35025	-0.20259	35.10	6.1	0.00	-2.04	0.01737	0.01205	0.01525	0.01872	0.01915	0.01499	0.00546	0.01517	0.02011	0.01905	0.01348	0.01714	0.01712	0.01767	0.01381	0.00577	0.01634	0.02187
8410	0.20038	0.19943	0.22139	-0.16968	-0.15092	-0.15099	0.28937	0.23217	0.20073	-0.13584	-0.12088	-0.10627	0.19540	0.19249	0.18679	-0.55616	-0.35356	-0.20612
8580	0.19878	0.20168	0.22285	-0.16785	-0.14765	-0.14692	0.28709	0.23751	0.20178	-0.13262	-0.11650	-0.10329	0.19775	0.19743	0.19002	-0.55087	-0.34874	-0.20182
8740	0.19952	0.19961	0.22131	-0.16862	-0.15001	-0.14907	0.28551	0.23314	0.20013	-0.13519	-0.11994	-0.10523	0.19380	0.19189	0.18727	-0.55521	-0.35170	-0.20492
8910	0.19659	0.19590	0.22178	-0.17166	-0.15180	-0.15009	0.28920	0.23316	0.20144	-0.13527	-0.12022	-0.10606	0.19649	0.19296	0.18549	-0.55642	-0.35222	-0.20441
9070	0.19794	0.19910	0.21976	-0.17114	-0.15167	-0.15165	0.27854	0.23198	0.19805	-0.13676	-0.12085	-0.10740	0.19569	0.19389	0.18756	-0.55508	-0.35146	-0.20426
9240	0.19899	0.19756	0.22017	-0.17030	-0.15071	-0.15024	0.27981	0.23229	0.19764	-0.13618	-0.12080	-0.10697	0.19428	0.19540	0.18904	-0.55646	-0.35294	-0.20629
9400	0.20034	0.20331	0.22652	-0.17233	-0.15212	-0.15216	0.29428	0.24731	0.21351	-0.13633	-0.12186	-0.10817	0.20968	0.20630	0.19876	-0.56017	-0.35635	-0.20979
9570	0.20897	0.21013	0.23283	-0.17544	-0.15652	-0.15664	0.30238	0.25388	0.22040	-0.14010	-0.12444	-0.11133	0.21426	0.21289	0.20764	-0.56544	-0.36178	-0.21423
9740	0.21817	0.21978	0.24214	-0.18121	-0.16259	-0.16272	0.32403	0.27420	0.23797	-0.14586	-0.13066	-0.11785	0.23549	0.23589	0.22984	-0.57594	-0.37269	-0.22450
9900	0.22689	0.22594	0.24630	-0.18532	-0.16614	-0.16391	0.32114	0.27634	0.23963	-0.14772	-0.13286	-0.11841	0.23993	0.23507	0.22682	-0.57460	-0.37388	-0.22534	35.15	6.2	0.00	-2.04	0.01735	0.01204	0.01524	0.01873	0.01916	0.01500	0.00546	0.01516	0.02009	0.01906	0.01348	0.01715	0.01711	0.01766	0.01380	0.00577	0.01635	0.02188
10060	0.23031	0.22680	0.24797	-0.19075	-0.17099	-0.16965	0.33093	0.27750	0.24140	-0.15200	-0.13603	-0.12091	0.23772	0.23410	0.22626	-0.57749	-0.37455	-0.22528
10230	0.22966	0.22877	0.24916	-0.19073	-0.17094	-0.16925	0.33880	0.27856	0.24026	-0.15141	-0.13591	-0.12075	0.23628	0.23178	0.22593	-0.58014	-0.37779	-0.22808
10390	0.22845	0.22785	0.24946	-0.19267	-0.17364	-0.17182	0.33655	0.27604	0.23639	-0.15399	-0.13796	-0.12300	0.23653	0.23481	0.22517	-0.57738	-0.37358	-0.22351
10560	0.22867	0.22822	0.24591	-0.18856	-0.16871	-0.16706	0.32870	0.27399	0.23446	-0.14921	-0.13379	-0.11873	0.22927	0.22199	0.21717	-0.57689	-0.37387	-0.22388
10720	0.21795	0.21751	0.23804	-0.18902	-0.16899	-0.16808	0.31604	0.26135	0.22227	-0.15023	-0.13489	-0.11958	0.22231	0.22090	0.21294	-0.56996	-0.36567	-0.21614
10890	0.21709	0.21688	0.23903	-0.18128	-0.16215	-0.16144	0.31201	0.26018	0.22288	-0.14494	-0.12931	-0.11439	0.21971	0.21539	0.21008	-0.56982	-0.36721	-0.21881
11050	0.21689	0.21676	0.23995	-0.17955	-0.15973	-0.15803	0.32128	0.26273	0.22811	-0.14133	-0.12521	-0.11096	0.22205	0.21472	0.20947	-0.56351	-0.36108	-0.21291
11210	0.21289	0.21035	0.22959	-0.17864	-0.15934	-0.15847	0.30580	0.24935	0.21360	-0.14158	-0.12657	-0.11166	0.21008	0.20609	0.19975	-0.56093	-0.35726	-0.20984
11380	0.20665	0.20360	0.22741	-0.17542	-0.15586	-0.15547	0.29732	0.23895	0.20404	-0.13991	-0.12411	-0.10912	0.20106	0.19569	0.19091	-0.55923	-0.35636	-0.20840
11540	0.19807	0.19957	0.22238	-0.17270	-0.15357	-0.15326	0.28925	0.23532	0.19929	-0.13788	-0.12137	-0.10774	0.19632	0.19211	0.18758	-0.55603	-0.35420	-0.20594	35.10	6.1	0.00	-2.04	0.01735	0.01204	0.01524	0.01873	0.01916	0.01500	0.00546	0.01516	0.02009	0.01906	0.01348	0.01715	0.01711	0.01766	0.01380	0.00577	0.01635	0.02188
11710	0.19466	0.19398	0.21769	-0.17030	-0.15115	-0.15119	0.27571	0.22573	0.19208	-0.13615	-0.12034	-0.10603	0.19063	0.19043	0.18528	-0.54938	-0.34778	-0.20022
11870	0.19634	0.19407	0.21878	-0.16498	-0.14656	-0.14727	0.27819	0.22644	0.19385	-0.13326	-0.11678	-0.10251	0.19131	0.18960	0.18790	-0.54962	-0.34751	-0.20060
12040	0.19686	0.19628	0.21963	-0.16613	-0.14706	-0.14897	0.28390	0.23188	0.20197	-0.13445	-0.11856	-0.10484	0.19718	0.19603	0.19424	-0.55453	-0.35304	-0.20610
12200	0.20099	0.20375	0.22848	-0.17131	-0.14916	-0.14892	0.30091	0.24553	0.21279	-0.13368	-0.11738	-0.10342	0.20759	0.20466	0.19932	-0.55330	-0.35092	-0.20372
12370	0.20387	0.20554	0.22692	-0.16926	-0.15040	-0.15086	0.28611	0.24288	0.20412	-0.13660	-0.12003	-0.10646	0.20251	0.19924	0.19165	-0.55595	-0.35340	-0.20575
12530	0.19935	0.19793	0.22091	-0.17130	-0.15313	-0.15392	0.28825	0.23143	0.20083	-0.13856	-0.12217	-0.10888	0.19901	0.19578	0.19182	-0.55703	-0.35428	-0.20695
12700	0.19815	0.20082	0.22165	-0.17233	-0.15279	-0.15376	0.28395	0.23676	0.20132	-0.13833	-0.12246	-0.10914	0.19827	0.19654	0.19013	-0.55857	-0.35512	-0.20731
12860	0.19755	0.19752	0.21987	-0.17237	-0.15377	-0.15492	0.28645	0.23150	0.19895	-0.13880	-0.12315	-0.11024	0.19932	0.19821	0.19364	-0.55431	-0.34899	-0.20182
13020	0.20109	0.19773	0.22342	-0.16659	-0.14846	-0.14929	0.28628	0.23437	0.19921	-0.13368	-0.11868	-0.10461	0.19494	0.19156	0.18650	-0.55388	-0.35016	-0.20365
13190	0.19375	0.19625	0.21853	-0.16933	-0.15020	-0.15020	0.28361	0.23159	0.19522	-0.13526	-0.11985	-0.10640	0.19324	0.19264	0.18587	-0.55418	-0.35201	-0.20466	35.15	6.2	0.00	-2.04	0.01736	0.01204	0.01524	0.01873	0.01916	0.01499	0.00546	0.01516	0.02010	0.01906	0.01348	0.01715	0.01711	0.01766	0.01380	0.00577	0.01634	0.02187
13350	0.19384	0.19464	0.21550	-0.17017	-0.15181	-0.15257	0.27538	0.22682	0.19341	-0.13643	-0.12203	-0.10789	0.19451	0.19387	0.19084	-0.54937	-0.34720	-0.20023
13520	0.19674	0.19521	0.21962	-0.16563	-0.14756	-0.14794	0.28903	0.22917	0.19938	-0.13325	-0.11819	-0.10469	0.19566	0.19438	0.19070	-0.55365	-0.35027	-0.20385
13690	0.19628	0.19699	0.22078	-0.16752	-0.14879	-0.14897	0.28612	0.23425	0.20041	-0.13401	-0.11900	-0.10467	0.19529	0.19445	0.19167	-0.55616	-0.35214	-0.20530
13850	0.20020	0.20077	0.22450	-0.16598	-0.14670	-0.14609	0.29037	0.23943	0.20615	-0.13170	-0.11611	-0.10288	0.20102	0.19670	0.19175	-0.55094	-0.34768	-0.20112
14010	0.19676	0.19866	0.22025	-0.16615	-0.14858	-0.14900	0.28519	0.23483	0.19703	-0.13425	-0.11915	-0.10488	0.19501	0.18983	0.18878	-0.55544	-0.35241	-0.20480
14180	0.19632	0.19445	0.21845	-0.17068	-0.15151	-0.15268	0.28733	0.22691	0.19521	-0.13759	-0.12147	-0.10813	0.19425	0.19167	0.18625	-0.55605	-0.35185	-0.20405
14340	0.19658	0.19496	0.22006	-0.16831	-0.15001	-0.14945	0.27754	0.23364	0.19570	-0.13540	-0.11961	-0.10594	0.19566	0.19283	0.18823	-0.55391	-0.35056	-0.20416
14510	0.19693	0.19833	0.21855	-0.16802	-0.15021	-0.15016	0.28266	0.23456	0.19966	-0.13548	-0.11991	-0.10607	0.19481	0.19284	0.18753	-0.55775	-0.35425	-0.20619
14670	0.19553	0.19536	0.22142	-0.16928	-0.14938	-0.14929	0.28582	0.23634	0.20051	-0.13480	-0.11887	-0.10400	0.19520	0.19296	0.18782	-0.55048	-0.35136	-0.20336
14840	0.19779	0.19669	0.21963	-0.16881	-0.15062	-0.15045	0.28678	0.22989	0.19745	-0.13585	-0.12057	-0.10701	0.19648	0.19582	0.19190	-0.55175	-0.34878	-0.20164	35.15	6.1	0.00	-2.04	0.01736	0.01204	0.01524	0.01873	0.01916	0.01499	0.00546	0.01516	0.02010	0.01906	0.01348	0.01715	0.01711	0.01766	0.01380	0.00577	0.01634	0.02187
15000	0.19812	0.19630	0.22047	-0.16744	-0.14920	-0.14955	0.28885	0.23328	0.19948	-0.13514	-0.11906	-0.10582	0.19605	0.19745	0.18819	-0.55296	-0.35118	-0.20398
15170	0.19695	0.19797	0.21848	-0.16842	-0.15055	-0.15002	0.27937	0.23512	0.19800	-0.13540	-0.11999	-0.10586	0.19336	0.19342	0.18861	-0.55596	-0.35299	-0.20539
15340	0.19817	0.19932	0.22260	-0.16832	-0.14921	-0.14925	0.28883	0.23752	0.20227	-0.13400	-0.11897	-0.10445	0.19794	0.19703	0.19120	-0.55279	-0.35230	-0.20421
15500	0.19838	0.19982	0.22329	-0.17016	-0.15145	-0.15096	0.28523	0.23586	0.19997	-0.13660	-0.12082	-0.10665	0.19891	0.19499	0.18991	-0.55605	-0.35239	-0.20545
15670	0.19822	0.19818	0.22058	-0.17186	-0.15305	-0.15297	0.28180	0.23221	0.19884	-0.13818	-0.12239	-0.10788	0.19967	0.19826	0.19178	-0.55474	-0.35147	-0.20361
15830	0.19999	0.20145	0.22134	-0.16954	-0.15126	-0.15149	0.28766	0.23641	0.20156	-0.13738	-0.12088	-0.10625	0.19851	0.19643	0.18985	-0.55849	-0.35507	-0.20701
16000	0.19921	0.20303	0.22308	-0.16856	-0.14952	-0.14915	0.29116	0.23702	0.20268	-0.13375	-0.11889	-0.10406	0.19886	0.19688	0.19146	-0.55395	-0.35234	-0.20431
16160	0.19984	0.19532	0.22126	-0.17029	-0.15238	-0.15295	0.28413	0.23421	0.19909	-0.13748	-0.12247	-0.10740	0.19936	0.19652	0.19572	-0.55512	-0.34947	-0.20222
16330	0.20038	0.20100	0.22410	-0.16811	-0.14968	-0.14980	0.28929	0.23574	0.20200	-0.13562	-0.11964	-0.10500	0.19715	0.19590	0.18846	-0.55613	-0.35323	-0.20596
16490	0.19759	0.19973	0.22020	-0.17005	-0.15205	-0.15144	0.28932	0.23666	0.19972	-0.13693	-0.12128	-0.10803	0.19685	0.19386	0.18921	-0.55732	-0.35504	-0.20742	35.15	6.0	0.00	-2.04	0.01736	0.01205	0.01524	0.01872	0.01916	0.01499	0.00546	0.01516	0.02010	0.01906	0.01348	0.01715	0.01711	0.01766	0.01380	0.00577	0.01634	0.02187
16660	0.19761	0.19893	0.22025	-0.17036	-0.15101	-0.15145	0.29032	0.23527	0.20333	-0.13653	-0.12023	-0.10751	0.19707	0.19403	0.19060	-0.55421	-0.35398	-0.20664
16820	0.19749	0.19675	0.21784	-0.17282	-0.15457	-0.15432	0.28572	0.23030	0.19705	-0.13959	-0.12299	-0.10981	0.19558	0.19466	0.18896	-0.55663	-0.35398	-0.20630
16990	0.19858	0.19957	0.22086	-0.17007	-0.15264	-0.15255	0.28227	0.23316	0.19925	-0.13793	-0.12189	-0.10863	0.19674	0.19789	0.19208	-0.55291	-0.34930	-0.20248
17150	0.19896	0.20090	0.22170	-0.16749	-0.14956	-0.14978	0.28803	0.23685	0.20206	-0.13470	-0.11949	-0.10571	0.19850	0.19466	0.19042	-0.55478	-0.35202	-0.20533
17320	0.19736	0.19896	0.22083	-0.16952	-0.15189	-0.15256	0.28480	0.23180	0.19831	-0.13772	-0.12202	-0.10859	0.19460	0.19416	0.19037	-0.55659	-0.35462	-0.20757
17480	0.19584	0.19816	0.22132	-0.17119	-0.15171	-0.15036	0.28684	0.23438	0.20170	-0.13609	-0.11982	-0.10697	0.19891	0.19478	0.19033	-0.55557	-0.35149	-0.20465
17650	0.19773	0.19857	0.21938	-0.17091	-0.15255	-0.15288	0.28371	0.23168	0.19836	-0.13854	-0.12281	-0.10933	0.19829	0.19811	0.19202	-0.55328	-0.34968	-0.20247
17810	0.19958	0.20100	0.22125	-0.16828	-0.14937	-0.15020	0.28371	0.23327	0.20091	-0.13575	-0.11950	-0.10632	0.19801	0.19492	0.19162	-0.55491	-0.35183	-0.20514
17980	0.19895	0.19869	0.22136	-0.16998	-0.15122	-0.15072	0.28456	0.23251	0.20012	-0.13599	-0.11999	-0.10755	0.19626	0.19394	0.18924	-0.55619	-0.35405	-0.20653
18140	0.19872	0.19780	0.22238	-0.16928	-0.15059	-0.15059	0.28555	0.23389	0.20047	-0.13601	-0.11987	-0.10637	0.19722	0.19604	0.18928	-0.55547	-0.35265	-0.20545	35.15	6.2	0.00	-2.04	0.01736	0.01205	0.01524	0.01872	0.01916	0.01499	0.00546	0.01516	0.02010	0.01906	0.01348	0.01715	0.01711	0.01766	0.01380	0.00577	0.01634	0.02187
18310	0.19617	0.19636	0.21905	-0.17105	-0.15306	-0.15398	0.28157	0.23291	0.19787	-0.13942	-0.12315	-0.10973	0.19788	0.19814	0.19379	-0.55205	-0.34889	-0.20148
18470	0.19995	0.19972	0.22062	-0.16709	-0.14948	-0.14989	0.28682	0.23489	0.19998	-0.13519	-0.11995	-0.10666	0.19709	0.19575	0.19064	-0.55456	-0.35236	-0.20511
18640	0.19916	0.19981	0.21994	-0.17068	-0.15157	-0.15259	0.28145	0.23471	0.19953	-0.13723	-0.12178	-0.10809	0.19666	0.19368	0.19080	-0.55536	-0.35483	-0.20702
18800	0.19830	0.19940	0.22472	-0.16866	-0.14875	-0.14991	0.28944	0.23491	0.20362	-0.13450	-0.11944	-0.10561	0.19997	0.19669	0.19230	-0.55273	-0.35091	-0.20426
18970	0.19950	0.19913	0.22163	-0.16952	-0.15122	-0.15093	0.29192	0.23390	0.20306	-0.13680	-0.12047	-0.10683	0.19723	0.19546	0.18976	-0.55553	-0.35403	-0.20611
19130	0.19757	0.19803	0.22164	-0.17088	-0.15154	-0.15191	0.28380	0.23600	0.20028	-0.13743	-0.12199	-0.10732	0.19681	0.19904	0.19181	-0.55463	-0.35361	-0.20570
19300	0.19828	0.20007	0.21978	-0.17078	-0.15157	-0.15264	0.28487	0.23590	0.20084	-0.13722	-0.12148	-0.10731	0.19956	0.19715	0.19238	-0.55254	-0.35023	-0.20349
19460	0.19976	0.20092	0.22266	-0.16797	-0.14943	-0.14940	0.28913	0.23604	0.20450	-0.13524	-0.11904	-0.10553	0.19968	0.19756	0.19265	-0.55238	-0.35091	-0.20373
19630	0.19911	0.19664	0.22150	-0.17002	-0.15159	-0.15272	0.28329	0.23215	0.19979	-0.13832	-0.12190	-0.10765	0.19712	0.19347	0.18916	-0.55566	-0.35315	-0.20559
19790	0.19772	0.19799	0.22022	-0.17096	-0.15265	-0.15300	0.28458	0.23315	0.19723	-0.13880	-0.12281	-0.10878	0.20001	0.19660	0.19313	-0.55445	-0.34999	-0.20281	35.15	6.1	0.00	-2.04	0.01736	0.01204	0.01524	0.01872	0.01916	0.01499	0.00546	0.01516	0.02010	0.01906	0.01348	0.01714	0.01711	0.01766	0.01380	0.00577	0.01634	0.02187
19960	0.19955	0.20087	0.22301	-0.16752	-0.14890	-0.14945	0.29263	0.23622	0.20305	-0.13583	-0.12014	-0.10559	0.20016	0.19707	0.19063	-0.55437	-0.35152	-0.20503
20120	0.19904	0.19550	0.22118	-0.17100	-0.15241	-0.15285	0.28538	0.23287	0.19754	-0.13845	-0.12270	-0.10893	0.19738	0.19464	0.18899	-0.55593	-0.35404	-0.20637
20290	0.19821	0.19969	0.22057	-0.17049	-0.15128	-0.15184	0.27955	0.23610	0.20048	-0.13767	-0.12241	-0.10687	0.19692	0.19446	0.19236	-0.55560	-0.35346	-0.20642
20450	0.19793	0.19680	0.22116	-0.17123	-0.15275	-0.15294	0.28324	0.23299	0.20128	-0.13825	-0.12263	-0.10824	0.19695	0.19594	0.18995	-0.55520	-0.35266	-0.20599
20620	0.19700	0.19902	0.22113	-0.17103	-0.15186	-0.15236	0.28434	0.23461	0.20196	-0.13782	-0.12189	-0.10862	0.19818	0.19641	0.18966	-0.55749	-0.35433	-0.20690
20780	0.19720	0.19767	0.22213	-0.17054	-0.15087	-0.15166	0.29088	0.23745	0.19997	-0.13676	-0.12086	-0.10803	0.19711	0.19654	0.18959	-0.55551	-0.35277	-0.20593
20950	0.19650	0.19681	0.21922	-0.17208	-0.15408	-0.15466	0.27931	0.23421	0.19736	-0.14025	-0.12463	-0.11096	0.19865	0.19872	0.19163	-0.55350	-0.34954	-0.20296
21110	0.19863	0.19958	0.22311	-0.16954	-0.15067	-0.15182	0.29127	0.23627	0.20113	-0.13696	-0.12143	-0.10846	0.19735	0.19472	0.19230	-0.55648	-0.35261	-0.20598
21280	0.19985	0.19723	0.22295	-0.17153	-0.15173	-0.15267	0.29005	0.23405	0.20063	-0.13756	-0.12178	-0.10857	0.19817	0.19376	0.19073	-0.55844	-0.35465	-0.20865
21440	0.19768	0.19882	0.22113	-0.17096	-0.15212	-0.15250	0.28106	0.23596	0.20080	-0.13737	-0.12164	-0.10826	0.19801	0.19722	0.19308	-0.55565	-0.35270	-0.20639	35.15	6.1	0.00	-2.04	0.01736	0.01204	0.01524	0.01872	0.01916	0.01499	0.00546	0.01516	0.02010	0.01906	0.01348	0.01715	0.01711	0.01766	0.01380	0.00577	0.01634	0.02187
21610	0.19686	0.19787	0.21978	-0.17230	-0.15423	-0.15418	0.28667	0.23269	0.20049	-0.13892	-0.12306	-0.11031	0.19740	0.19627	0.19300	-0.55364	-0.35022	-0.20408
21770	0.19977	0.20033	0.22163	-0.16997	-0.15171	-0.15131	0.28742	0.23440	0.20208	-0.13675	-0.12155	-0.10793	0.19781	0.19632	0.19327	-0.55370	-0.35203	-0.20699
21940	0.19969	0.19986	0.22296	-0.17094	-0.15131	-0.15135	0.29615	0.23585	0.20241	-0.13726	-0.12173	-0.10771	0.20136	0.19822	0.19528	-0.55371	-0.35106	-0.20451
22100	0.20248	0.19988	0.22544	-0.16927	-0.14983	-0.15013	0.29190	0.23960	0.20437	-0.13615	-0.12096	-0.10746	0.20091	0.19706	0.19342	-0.55651	-0.35227	-0.20616
22270	0.19854	0.20063	0.22489	-0.17171	-0.15078	-0.15028	0.28898	0.24187	0.20409	-0.13543	-0.11996	-0.10640	0.20128	0.19871	0.19238	-0.55432	-0.35128	-0.20441
22430	0.20099	0.19876	0.22281	-0.17075	-0.15277	-0.15260	0.28728	0.23420	0.20128	-0.13878	-0.12393	-0.10969	0.20122	0.19828	0.19397	-0.55505	-0.35145	-0.20461
22600	0.20022	0.19970	0.22313	-0.16945	-0.15073	-0.15121	0.28412	0.23804	0.20215	-0.13698	-0.12151	-0.10810	0.19756	0.19518	0.18878	-0.55719	-0.35337	-0.20740
22760	0.20017	0.19920	0.22205	-0.17309	-0.15162	-0.15215	0.28322	0.23737	0.20246	-0.13706	-0.12240	-0.10789	0.20058	0.19522	0.19278	-0.55602	-0.35377	-0.20721
22920	0.20026	0.19668	0.22098	-0.17296	-0.15497	-0.15498	0.28033	0.23394	0.19780	-0.14006	-0.12482	-0.11107	0.19681	0.19736	0.19120	-0.55726	-0.35429	-0.20691
23090	0.19936	0.19990	0.22164	-0.17259	-0.15450	-0.15416	0.28532	0.23200	0.19837	-0.13940	-0.12382	-0.11015	0.19848	0.19768	0.19129	-0.55651	-0.35395	-0.20706	35.15	6.2	0.00	-2.04	0.01736	0.01205	0.01524	0.01872	0.01916	0.01499	0.00546	0.01516	0.02010	0.01906	0.01348	0.01715	0.01711	0.01766	0.01380	0.00577	0.01634	0.02187
23250	0.20125	0.19751	0.22248	-0.17292	-0.15460	-0.15500	0.29021	0.23342	0.19830	-0.13997	-0.12476	-0.11110	0.20090	0.20065	0.19465	-0.55343	-0.34977	-0.20270
23420	0.20369	0.20137	0.22589	-0.16869	-0.15075	-0.15179	0.29013	0.24065	0.20544	-0.13752	-0.12095	-0.10793	0.20150	0.19736	0.19424	-0.55519	-0.35242	-0.20512
23580	0.20061	0.20152	0.22264	-0.17086	-0.15263	-0.15279	0.28690	0.23941	0.20014	-0.13844	-0.12297	-0.10855	0.19785	0.19553	0.18848	-0.55819	-0.35575	-0.20897
23750	0.20021	0.20266	0.22327	-0.17094	-0.15131	-0.15121	0.29439	0.24045	0.20407	-0.13697	-0.12151	-0.10764	0.20037	0.19702	0.19370	-0.55449	-0.35375	-0.20646
23910	0.20041	0.20071	0.22206	-0.17260	-0.15464	-0.15489	0.28761	0.23348	0.20062	-0.14014	-0.12406	-0.10992	0.20012	0.19846	0.19508	-0.55488	-0.35186	-0.20449
24080	0.20147	0.20224	0.22409	-0.16994	-0.15163	-0.15186	0.29128	0.23941	0.20492	-0.13693	-0.12153	-0.10722	0.20079	0.19797	0.19278	-0.55557	-0.35347	-0.20634
24240	0.19969	0.20174	0.22350	-0.17156	-0.15183	-0.15232	0.28590	0.23896	0.19982	-0.13751	-0.12164	-0.10788	0.19794	0.19589	0.18938	-0.55682	-0.35525	-0.20773
24410	0.20156	0.20184	0.22500	-0.17047	-0.15076	-0.15066	0.28270	0.24016	0.20270	-0.13657	-0.12122	-0.10661	0.20011	0.19889	0.19218	-0.55524	-0.35371	-0.20621
24570	0.19959	0.19761	0.22206	-0.17241	-0.15385	-0.15421	0.28525	0.23534	0.20148	-0.13894	-0.12367	-0.10909	0.19950	0.19528	0.19360	-0.55594	-0.35335	-0.20623
24740	0.19974	0.19973	0.22300	-0.17114	-0.15209	-0.15287	0.28678	0.23585	0.20208	-0.13723	-0.12173	-0.10759	0.19925	0.19687	0.19297	-0.55560	-0.35264	-0.20541	35.10	6.0	0.00	-2.04	0.01736	0.01205	0.01524	0.01872	0.01916	0.01499	0.00546	0.01516	0.02010	0.01906	0.01348	0.01715	0.01711	0.01766	0.01380	0.00577	0.01634	0.02187
24910	0.20088	0.20033	0.22304	-0.17078	-0.15155	-0.15282	0.28460	0.23538	0.20174	-0.13774	-0.12167	-0.10701	0.20124	0.20223	0.19673	-0.55010	-0.34816	-0.20141
25070	0.20214	0.20283	0.22488	-0.16578	-0.14836	-0.14806	0.29308	0.24007	0.20426	-0.13331	-0.11843	-0.10439	0.20189	0.19702	0.19344	-0.55117	-0.35057	-0.20378
25240	0.19875	0.20128	0.22113	-0.16927	-0.15173	-0.15228	0.28953	0.23399	0.20136	-0.13688	-0.12121	-0.10734	0.19800	0.19531	0.19107	-0.55582	-0.35466	-0.20741
25400	0.19686	0.19932	0.22398	-0.17238	-0.15167	-0.15075	0.29187	0.23716	0.20372	-0.13553	-0.11956	-0.10495	0.20017	0.19505	0.19417	-0.55280	-0.35112	-0.20468
25570	0.19932	0.20012	0.22206	-0.17106	-0.15345	-0.15435	0.28623	0.23397	0.20083	-0.13878	-0.12218	-0.10809	0.19997	0.19921	0.19304	-0.55329	-0.34984	-0.20251
25730	0.20082	0.20078	0.22390	-0.16909	-0.15113	-0.15132	0.28542	0.23933	0.20242	-0.13681	-0.12074	-0.10725	0.19881	0.19645	0.18954	-0.55578	-0.35369	-0.20669
25900	0.19988	0.20016	0.22543	-0.16854	-0.14955	-0.14925	0.29520	0.23951	0.20389	-0.13424	-0.11931	-0.10509	0.20147	0.19668	0.19504	-0.55051	-0.35040	-0.20391
26060	0.19863	0.19772	0.22291	-0.17049	-0.15216	-0.15187	0.28912	0.23401	0.20026	-0.13737	-0.12189	-0.10830	0.19853	0.19815	0.19020	-0.55609	-0.35355	-0.20648
26220	0.19817	0.20240	0.22317	-0.17196	-0.15303	-0.15295	0.28693	0.23643	0.20170	-0.13756	-0.12227	-0.10860	0.19826	0.19656	0.18811	-0.55809	-0.35502	-0.20841
26390	0.20192	0.20294	0.22709	-0.16820	-0.14849	-0.14870	0.29331	0.23683	0.20585	-0.13308	-0.11803	-0.10512	0.20247	0.19830	0.19410	-0.55245	-0.35021	-0.20359	35.10	6.2	0.00	-2.04	0.01736	0.01205	0.01524	0.01872	0.01916	0.01499	0.00546	0.01516	0.02010	0.01906	0.01348	0.01715	0.01711	0.01766	0.01380	0.00577	0.01634	0.02187
26550	0.20082	0.20148	0.22291	-0.16999	-0.15186	-0.15241	0.28582	0.23734	0.20092	-0.13693	-0.12107	-0.10767	0.19974	0.19883	0.19334	-0.55218	-0.35014	-0.20385
26720	0.20246	0.20194	0.22113	-0.17006	-0.15141	-0.15077	0.28519	0.23542	0.20020	-0.13634	-0.12144	-0.10769	0.19891	0.19377	0.18978	-0.55736	-0.35423	-0.20785
26880	0.19865	0.20044	0.22329	-0.17095	-0.15157	-0.15034	0.29309	0.23715	0.20173	-0.13552	-0.12129	-0.10650	0.19824	0.19584	0.19054	-0.55547	-0.35260	-0.20662
27050	0.19819	0.20058	0.22196	-0.17151	-0.15195	-0.15173	0.28524	0.23604	0.19963	-0.13689	-0.12117	-0.10745	0.19893	0.19791	0.19061	-0.55679	-0.35380	-0.20685
27210	0.19917	0.20106	0.22254	-0.17045	-0.15144	-0.15095	0.29295	0.23657	0.20193	-0.13618	-0.12076	-0.10744	0.19860	0.19578	0.18961	-0.55642	-0.35398	-0.20696
27380	0.19878	0.19806	0.22115	-0.17320	-0.15442	-0.15442	0.28519	0.23035	0.19894	-0.13980	-0.12354	-0.10983	0.19526	0.19500	0.19222	-0.55571	-0.35421	-0.20660
27540	0.19718	0.20047	0.22255	-0.17143	-0.15202	-0.15234	0.28716	0.23468	0.20063	-0.13650	-0.12099	-0.10794	0.19830	0.19969	0.19371	-0.55357	-0.35079	-0.20376
27710	0.19940	0.20074	0.22383	-0.16858	-0.15000	-0.15059	0.28670	0.23826	0.20195	-0.13492	-0.11909	-0.10530	0.19921	0.19905	0.19024	-0.55413	-0.35096	-0.20420
27870	0.20176	0.20319	0.22338	-0.16954	-0.15105	-0.15099	0.28816	0.23727	0.20298	-0.13612	-0.12145	-0.10655	0.20089	0.20144	0.19609	-0.55124	-0.34836	-0.20167
28040	0.20227	0.20568	0.22470	-0.16638	-0.14791	-0.14878	0.29093	0.24090	0.20489	-0.13387	-0.11929	-0.10562	0.20212	0.20010	0.19430	-0.55024	-0.34950	-0.20369	35.15	6.1	0.00	-2.04	0.01736	0.01205	0.01524	0.01872	0.01916	0.01499	0.00546	0.01516	0.02010	0.01906	0.01348	0.01715	0.01711	0.01766	0.01380	0.00577	0.01634	0.02187
28200	0.20174	0.20221	0.22388	-0.16855	-0.15073	-0.15141	0.28862	0.23869	0.20304	-0.13623	-0.12053	-0.10626	0.20088	0.19774	0.19342	-0.55411	-0.35372	-0.20642
28370	0.20362	0.20333	0.22820	-0.16820	-0.14864	-0.14879	0.29840	0.24332	0.20903	-0.13336	-0.11763	-0.10330	0.20538	0.20134	0.19640	-0.55041	-0.34967	-0.20326
28530	0.20257	0.20326	0.22432	-0.16957	-0.15190	-0.15154	0.28286	0.23912	0.20198	-0.13698	-0.12141	-0.10680	0.19937	0.19961	0.19279	-0.55502	-0.35423	-0.20726
28700	0.20103	0.20055	0.22269	-0.17235	-0.15328	-0.15339	0.28959	0.23666	0.20519	-0.13733	-0.12191	-0.10654	0.20022	0.19679	0.19229	-0.55645	-0.35495	-0.20792
28860	0.20210	0.20388	0.22772	-0.16920	-0.14974	-0.14979	0.29905	0.24225	0.20641	-0.13395	-0.11884	-0.10372	0.20345	0.20071	0.19345	-0.55035	-0.35040	-0.20344
29030	0.20346	0.20273	0.22317	-0.16973	-0.15236	-0.15262	0.29032	0.23787	0.20238	-0.13752	-0.12187	-0.10736	0.20158	0.20132	0.19545	-0.55185	-0.34906	-0.20249
29190	0.20276	0.20087	0.22516	-0.16880	-0.15074	-0.15113	0.29107	0.23856	0.20355	-0.13618	-0.12142	-0.10601	0.20078	0.19746	0.19145	-0.55279	-0.35237	-0.20595
29350	0.20012	0.20262	0.22389	-0.17046	-0.15083	-0.15040	0.28959	0.23908	0.20312	-0.13541	-0.11950	-0.10502	0.20229	0.19707	0.19299	-0.55293	-0.35228	-0.20532
29520	0.20013	0.19913	0.22186	-0.17192	-0.15273	-0.15226	0.28906	0.23464	0.19991	-0.13824	-0.12206	-0.10741	0.19924	0.19426	0.19026	-0.55579	-0.35405	-0.20761
29680	0.20246	0.20481	0.22548	-0.16835	-0.14870	-0.14808	0.28605	0.24267	0.20630	-0.13386	-0.11819	-0.10435	0.20329	0.20211	0.19296	-0.54998	-0.34811	-0.20267	35.10	6.2	0.00	-2.04	0.01736	0.01205	0.01524	0.01872	0.01916	0.01499	0.00546	0.01516	0.02010	0.01906	0.01348	0.01715	0.01711	0.01766	0.01380	0.00577	0.01634	0.02187
29850	0.20242	0.20212	0.22326	-0.16877	-0.15106	-0.15133	0.29480	0.23752	0.20429	-0.13611	-0.12059	-0.10660	0.20304	0.19661	0.19291	-0.55199	-0.35005	-0.20364
30010	0.20032	0.20134	0.22305	-0.16983	-0.15254	-0.15231	0.28678	0.23667	0.20013	-0.13708	-0.12208	-0.10831	0.19993	0.19634	0.19061	-0.55377	-0.35399	-0.20733
30170	0.19917	0.19868	0.22041	-0.17292	-0.15560	-0.15452	0.28328	0.22952	0.19769	-0.13948	-0.12366	-0.10938	0.19785	0.19679	0.19071	-0.55152	-0.34867	-0.20264
30340	0.19928	0.20078	0.22233	-0.16844	-0.15000	-0.14998	0.28396	0.23416	0.19984	-0.13525	-0.12021	-0.10684	0.19755	0.19688	0.18971	-0.55001	-0.34718	-0.20117
30500	0.19989	0.20136	0.22284	-0.16681	-0.14809	-0.14722	0.28811	0.23678	0.20116	-0.13323	-0.11678	-0.10356	0.19912	0.19709	0.19102	-0.54769	-0.34761	-0.20201
30670	0.19775	0.19705	0.22332	-0.16788	-0.14842	-0.14756	0.28007	0.23510	0.20010	-0.13363	-0.11777	-0.10431	0.19871	0.19487	0.19092	-0.54932	-0.34773	-0.20194
30830	0.19561	0.19973	0.21923	-0.16852	-0.15028	-0.15030	0.27829	0.23177	0.19587	-0.13571	-0.12078	-0.10671	0.19562	0.19338	0.19001	-0.54842	-0.34726	-0.20081
31000	0.19763	0.19938	0.22083	-0.16640	-0.14793	-0.14798	0.28498	0.23317	0.20021	-0.13409	-0.11809	-0.10527	0.19561	0.19166	0.18931	-0.54919	-0.34948	-0.20350
31160	0.19813	0.19854	0.22231	-0.16800	-0.14768	-0.14738	0.28546	0.23312	0.20114	-0.13309	-0.11723	-0.10381	0.19821	0.19536	0.18907	-0.54853	-0.34838	-0.20227
31330	0.19877	0.19872	0.22084	-0.16857	-0.15095	-0.15158	0.27813	0.23252	0.19837	-0.13694	-0.12137	-0.10724	0.19802	0.19802	0.19180	-0.54876	-0.34740	-0.20057	35.15	6.1	0.00	-2.04	0.01736	0.01205	0.01524	0.01872	0.01916	0.01499	0.00546	0.01516	0.02010	0.01906	0.01348	0.01715	0.01711	0.01766	0.01380	0.00577	0.01634	0.02187
31490	0.20015	0.20268	0.22112	-0.16693	-0.14900	-0.15016	0.28967	0.23628	0.20119	-0.13556	-0.12011	-0.10557	0.19696	0.19583	0.18719	-0.55110	-0.35139	-0.20384
31660	0.19936	0.20225	0.22471	-0.16533	-0.14605	-0.14668	0.29340	0.23932	0.20357	-0.13221	-0.11665	-0.10265	0.20134	0.19855	0.19544	-0.54691	-0.34669	-0.20048
31820	0.20058	0.20033	0.22299	-0.16725	-0.14890	-0.14956	0.29634	0.23546	0.20211	-0.13524	-0.11937	-0.10570	0.20087	0.19877	0.19182	-0.54815	-0.35013	-0.20317
31990	0.19927	0.20022	0.22220	-0.16927	-0.15093	-0.15264	0.28817	0.23445	0.20011	-0.13721	-0.12225	-0.10747	0.19895	0.19848	0.19334	-0.54901	-0.34807	-0.20127
32150	0.20099	0.20322	0.22274	-0.16700	-0.14870	-0.14985	0.28377	0.23752	0.20106	-0.13513	-0.12002	-0.10514	0.19810	0.19605	0.18974	-0.55035	-0.35151	-0.20453
32320	0.20012	0.20397	0.22588	-0.16610	-0.14640	-0.14719	0.28659	0.23841	0.20309	-0.13289	-0.11727	-0.10251	0.20282	0.19857	0.19468	-0.54764	-0.34731	-0.20037
32480	0.19943	0.19895	0.22425	-0.16690	-0.14843	-0.14978	0.28858	0.23299	0.20104	-0.13552	-0.11933	-0.10519	0.19913	0.19671	0.18931	-0.55137	-0.35048	-0.20347
32650	0.20025	0.20040	0.22167	-0.16866	-0.14979	-0.14988	0.28255	0.23425	0.20053	-0.13598	-0.12039	-0.10531	0.19781	0.19515	0.18926	-0.55051	-0.34971	-0.20301
32810	0.19901	0.20067	0.22244	-0.16809	-0.14900	-0.14979	0.28591	0.23541	0.20148	-0.13532	-0.11891	-0.10472	0.19744	0.19782	0.18930	-0.55114	-0.35010	-0.20310
32980	0.19950	0.20205	0.22209	-0.16678	-0.14779	-0.14840	0.29573	0.23543	0.20277	-0.13426	-0.11902	-0.10467	0.19907	0.19566	0.19072	-0.54935	-0.34885	-0.20220	35.15	6.1	0.00	-2.04	0.01736	0.01205	0.01524	0.01872	0.01916	0.01499	0.00546	0.01516	0.02010	0.01906	0.01348	0.01714	0.01711	0.01766	0.01380	0.00577	0.01634	0.02187
33140	0.19905	0.19958	0.22246	-0.16728	-0.14889	-0.14958	0.28654	0.23404	0.20122	-0.13506	-0.11972	-0.10567	0.19908	0.19674	0.19170	-0.54934	-0.34943	-0.20276
33310	0.19922	0.20023	0.22099	-0.16741	-0.14884	-0.14902	0.28909	0.23513	0.20087	-0.13516	-0.11865	-0.10519	0.19805	0.19694	0.19173	-0.54891	-0.34776	-0.20212
33470	0.19921	0.20034	0.22179	-0.16701	-0.14871	-0.14995	0.29079	0.23498	0.20032	-0.13577	-0.12058	-0.10665	0.20055	0.19777	0.19204	-0.54829	-0.34745	-0.20086
33640	0.20119	0.20314	0.22437	-0.16570	-0.14711	-0.14853	0.28785	0.23750	0.20077	-0.13350	-0.11927	-0.10556	0.19832	0.19587	0.19115	-0.54970	-0.34938	-0.20305
33800	0.19759	0.19843	0.22317	-0.16842	-0.14730	-0.14713	0.28994	0.23880	0.20485	-0.13226	-0.11680	-0.10377	0.20133	0.19799	0.19365	-0.54619	-0.34598	-0.20006
33970	0.20088	0.20114	0.22281	-0.16704	-0.14818	-0.14872	0.28907	0.23566	0.20043	-0.13467	-0.12002	-0.10587	0.19809	0.19717	0.18856	-0.55053	-0.34942	-0.20300
34130	0.19810	0.20144	0.22111	-0.16856	-0.14968	-0.14986	0.28595	0.23764	0.20020	-0.13571	-0.12022	-0.10661	0.19946	0.19594	0.19137	-0.54943	-0.34805	-0.20211
34300	0.20105	0.19851	0.22361	-0.16806	-0.14918	-0.14913	0.28953	0.23542	0.20169	-0.13545	-0.12006	-0.10621	0.19927	0.19494	0.19111	-0.55010	-0.34947	-0.20339
34460	0.20075	0.20079	0.22407	-0.16688	-0.14695	-0.14791	0.28945	0.23728	0.20385	-0.13376	-0.11870	-0.10496	0.19972	0.19666	0.19012	-0.54756	-0.34796	-0.20165
34630	0.20003	0.20269	0.22226	-0.16879	-0.15052	-0.15101	0.27959	0.23229	0.19931	-0.13732	-0.12189	-0.10735	0.19956	0.19942	0.19404	-0.54807	-0.34561	-0.19936	35.10	6.0	0.00	-2.04	0.01736	0.01205	0.01525	0.01872	0.01916	0.01499	0.00546	0.01516	0.02010	0.01906	0.01348	0.01714	0.01711	0.01766	0.01380	0.00577	0.01634	0.02187
34790	0.20227	0.20407	0.22341	-0.16518	-0.14689	-0.14796	0.29177	0.23705	0.20284	-0.13491	-0.11936	-0.10597	0.19936	0.19820	0.19143	-0.54924	-0.34838	-0.20248
34960	0.20074	0.20239	0.22236	-0.16762	-0.14914	-0.14918	0.29075	0.23537	0.20108	-0.13534	-0.11961	-0.10585	0.19758	0.19657	0.19226	-0.55003	-0.35010	-0.20359
35120	0.20219	0.20168	0.22552	-0.16530	-0.14606	-0.14714	0.28800	0.23825	0.20528	-0.13321	-0.11696	-0.10293	0.20145	0.19796	0.19408	-0.54623	-0.34730	-0.20063
35290	0.19960	0.20182	0.22355	-0.16676	-0.14914	-0.14923	0.28377	0.23425	0.20159	-0.13603	-0.12020	-0.10636	0.20052	0.19937	0.19303	-0.54495	-0.34474	-0.19741
35450	0.20204	0.20220	0.22297	-0.16355	-0.14534	-0.14630	0.29155	0.23826	0.20216	-0.13377	-0.11745	-0.10439	0.19892	0.19748	0.19084	-0.54768	-0.34793	-0.20156
35620	0.19813	0.20096	0.22192	-0.16668	-0.14870	-0.14845	0.29187	0.23403	0.20082	-0.13543	-0.11972	-0.10517	0.19763	0.19511	0.19330	-0.54918	-0.34797	-0.20198
35780	0.20028	0.19993	0.22320	-0.16657	-0.14760	-0.14853	0.29547	0.23515	0.20137	-0.13412	-0.11830	-0.10435	0.19692	0.19500	0.19079	-0.54911	-0.34930	-0.20257
35950	0.19563	0.19982	0.22291	-0.16829	-0.14808	-0.14865	0.28278	0.23712	0.20218	-0.13475	-0.11834	-0.10430	0.19889	0.19706	0.19007	-0.54938	-0.34823	-0.20188
36110	0.19801	0.19943	0.22175	-0.16725	-0.14924	-0.14978	0.28890	0.23095	0.19936	-0.13656	-0.12075	-0.10665	0.19826	0.19539	0.19205	-0.55057	-0.34844	-0.20161
36280	0.19985	0.19939	0.22326	-0.16720	-0.14878	-0.14906	0.29243	0.23387	0.20006	-0.13644	-0.12009	-0.10578	0.19661	0.19318	0.18900	-0.55204	-0.35108	-0.20441	35.15	6.0	0.00	-2.04	0.01736	0.01205	0.01525	0.01872	0.01916	0.01499	0.00546	0.01516	0.02010	0.01906	0.01348	0.01714	0.01711	0.01766	0.01380	0.00577	0.01634	0.02187
36440	0.19689	0.19981	0.22313	-0.16837	-0.14805	-0.14779	0.28713	0.23462	0.20373	-0.13402	-0.11800	-0.10358	0.19760	0.19839	0.19062	-0.54701	-0.34819	-0.20162
36610	0.19897	0.20200	0.22260	-0.16781	-0.14940	-0.15032	0.27989	0.23367	0.19869	-0.13733	-0.12106	-0.10685	0.19914	0.19807	0.19493	-0.54600	-0.34457	-0.19761
36770	0.20201	0.20358	0.22426	-0.16403	-0.14657	-0.14739	0.28227	0.23861	0.20379	-0.13387	-0.11802	-0.10324	0.19931	0.19689	0.18995	-0.54862	-0.34875	-0.20209
36940	0.20060	0.20005	0.22357	-0.16754	-0.14948	-0.14959	0.28784	0.23349	0.20241	-0.13571	-0.11981	-0.10518	0.19588	0.19291	0.19039	-0.55226	-0.35036	-0.20415
37100	0.19999	0.19916	0.22387	-0.16751	-0.14909	-0.14902	0.28781	0.23816	0.20180	-0.13562	-0.11887	-0.10506	0.19725	0.19592	0.18932	-0.55113	-0.34919	-0.20265
37270	0.19863	0.19788	0.22242	-0.16902	-0.15172	-0.15179	0.28558	0.23232	0.19865	-0.13829	-0.12272	-0.10771	0.19920	0.19741	0.19415	-0.54847	-0.34750	-0.20052
37430	0.19985	0.20028	0.22473	-0.16615	-0.14883	-0.14982	0.29042	0.23596	0.20217	-0.13615	-0.12053	-0.10682	0.19767	0.19588	0.18899	-0.55151	-0.35091	-0.20442
37600	0.20202	0.20332	0.22553	-0.16588	-0.14667	-0.14639	0.29367	0.23692	0.20571	-0.13348	-0.11690	-0.10430	0.20046	0.19839	0.18867	-0.54778	-0.34700	-0.20111
37760	0.19841	0.20151	0.22231	-0.16690	-0.14994	-0.14994	0.28322	0.23511	0.20021	-0.13666	-0.12111	-0.10716	0.20104	0.19852	0.19263	-0.54785	-0.34651	-0.20012
37930	0.20212	0.20014	0.22356	-0.16517	-0.14757	-0.14828	0.29055	0.23707	0.20193	-0.13518	-0.11892	-0.10512	0.19988	0.19695	0.19251	-0.55018	-0.34984	-0.20337	35.15	6.1	0.00	-2.04	0.01736	0.01205	0.01525	0.01872	0.01916	0.01499	0.00546	0.01516	0.02010	0.01906	0.01348	0.01714	0.01711	0.01766	0.01380	0.00577	0.01634	0.02187
38090	0.20041	0.20165	0.22256	-0.16941	-0.15043	-0.15059	0.28912	0.23687	0.20050	-0.13741	-0.12114	-0.10724	0.19963	0.19917	0.19165	-0.55417	-0.35270	-0.20659
38250	0.19988	0.20150	0.22351	-0.17241	-0.15532	-0.15498	0.28756	0.23850	0.20242	-0.14107	-0.12534	-0.11157	0.20165	0.20057	0.19589	-0.55640	-0.35466	-0.20724
38420	0.20400	0.20587	0.22790	-0.17311	-0.15366	-0.15309	0.30045	0.24269	0.20736	-0.13934	-0.12274	-0.10932	0.20487	0.20242	0.19738	-0.55305	-0.35317	-0.20579
38580	0.20500	0.20668	0.22776	-0.17128	-0.15327	-0.15290	0.30194	0.24345	0.20794	-0.13906	-0.12278	-0.10887	0.20465	0.20164	0.19604	-0.55316	-0.35162	-0.20447
38750	0.20535	0.20468	0.22826	-0.16921	-0.15131	-0.15073	0.29172	0.24333	0.20640	-0.13805	-0.12130	-0.10770	0.20115	0.19808	0.19174	-0.55313	-0.35247	-0.20546
38910	0.19995	0.20307	0.22542	-0.17159	-0.15063	-0.15009	0.29123	0.23970	0.20614	-0.13624	-0.11938	-0.10578	0.20165	0.19819	0.19155	-0.55137	-0.35076	-0.20345
39080	0.20178	0.20147	0.22304	-0.16943	-0.15112	-0.15158	0.28678	0.23336	0.20210	-0.13804	-0.12250	-0.10812	0.19972	0.19737	0.19210	-0.54915	-0.34778	-0.20061
39240	0.20119	0.20190	0.22516	-0.16637	-0.14833	-0.14817	0.28537	0.23652	0.20145	-0.13499	-0.11922	-0.10535	0.19692	0.19593	0.18815	-0.54961	-0.34961	-0.20338
39410	0.19854	0.19907	0.22104	-0.16865	-0.15048	-0.15031	0.28160	0.23327	0.19882	-0.13704	-0.12105	-0.10650	0.19596	0.19404	0.19073	-0.55153	-0.34960	-0.20277
39570	0.19933	0.19734	0.22100	-0.16796	-0.14939	-0.14986	0.28804	0.23410	0.19989	-0.13650	-0.12046	-0.10621	0.19727	0.19405	0.19095	-0.55146	-0.34949	-0.20338	35.15	6.1	0.00	-2.04	0.01736	0.01205	0.01525	0.01872	0.01916	0.01499	0.00546	0.01516	0.02010	0.01906	0.01348	0.01714	0.01711	0.01766	0.01380	0.00577	0.01634	0.02187
39740	0.19760	0.19900	0.22282	-0.16953	-0.15109	-0.15122	0.29310	0.23360	0.19906	-0.13799	-0.12218	-0.10801	0.19780	0.19609	0.19105	-0.55095	-0.34975	-0.20236
39900	0.19988	0.20167	0.22391	-0.16805	-0.14980	-0.14985	0.28651	0.23523	0.20279	-0.13677	-0.11987	-0.10700	0.19673	0.19468	0.18887	-0.55194	-0.35148	-0.20427
40070	0.20134	0.20389	0.22443	-0.16576	-0.14659	-0.14723	0.28831	0.23950	0.20455	-0.13423	-0.11766	-0.10460	0.20042	0.19838	0.19085	-0.54685	-0.34775	-0.20072
40230	0.19931	0.19897	0.22188	-0.16773	-0.14988	-0.15023	0.28826	0.23289	0.20107	-0.13757	-0.12162	-0.10746	0.19722	0.19330	0.18923	-0.55166	-0.35103	-0.20419
40400	0.19860	0.19868	0.21999	-0.17044	-0.15167	-0.15213	0.28185	0.23365	0.19849	-0.13867	-0.12224	-0.10875	0.19620	0.19548	0.18950	-0.55148	-0.35072	-0.20411
40560	0.19860	0.19929	0.22152	-0.16865	-0.15074	-0.15076	0.28224	0.23573	0.19934	-0.13720	-0.12116	-0.10689	0.19742	0.19338	0.18810	-0.55216	-0.35190	-0.20507
40730	0.19964	0.20134	0.22259	-0.16799	-0.14906	-0.14991	0.28603	0.23674	0.20191	-0.13621	-0.12030	-0.10646	0.19889	0.19692	0.18887	-0.55082	-0.35016	-0.20338
40890	0.19772	0.19843	0.22100	-0.17001	-0.15203	-0.15248	0.28381	0.23121	0.19883	-0.13933	-0.12299	-0.10882	0.19763	0.19496	0.18805	-0.55243	-0.35106	-0.20400
41060	0.19942	0.19855	0.22238	-0.16846	-0.15059	-0.15099	0.29030	0.23341	0.20061	-0.13768	-0.12150	-0.10756	0.19596	0.19553	0.18917	-0.55122	-0.35175	-0.20395
41230	0.19732	0.19854	0.22236	-0.16971	-0.15210	-0.15270	0.28800	0.23356	0.19851	-0.13930	-0.12319	-0.10836	0.19725	0.19625	0.19270	-0.55267	-0.35034	-0.20304	35.15	6.1	0.00	-2.04	0.01736	0.01205	0.01524	0.01872	0.01916	0.01499	0.00546	0.01516	0.02010	0.01906	0.01348	0.01714	0.01711	0.01766	0.01380	0.00577	0.01634	0.02187
41390	0.19876	0.19960	0.22430	-0.16783	-0.15003	-0.15118	0.28543	0.23545	0.20107	-0.13733	-0.12157	-0.10697	0.19605	0.19504	0.18870	-0.55399	-0.35336	-0.20577
41560	0.19697	0.19921	0.22276	-0.17090	-0.14974	-0.14883	0.28968	0.24111	0.20553	-0.13478	-0.11910	-0.10439	0.20183	0.19937	0.19373	-0.55076	-0.34876	-0.20245
41720	0.20109	0.19889	0.22470	-0.16839	-0.15021	-0.15042	0.29673	0.23727	0.20250	-0.13722	-0.12097	-0.10648	0.19733	0.19526	0.18989	-0.55309	-0.35240	-0.20569
41880	0.19765	0.19698	0.22060	-0.17122	-0.15398	-0.15492	0.27926	0.23379	0.19700	-0.14052	-0.12416	-0.10961	0.19856	0.19844	0.19066	-0.55373	-0.35054	-0.20377
42050	0.19878	0.20005	0.22063	-0.16949	-0.15173	-0.15298	0.28669	0.23471	0.19749	-0.13884	-0.12289	-0.10784	0.19590	0.19391	0.19059	-0.55728	-0.35458	-0.20700
42220	0.19816	0.19977	0.22232	-0.16928	-0.14961	-0.15027	0.29255	0.23756	0.20294	-0.13661	-0.12055	-0.10624	0.19934	0.19608	0.19039	-0.55344	-0.35190	-0.20439
42380	0.19962	0.19881	0.22252	-0.17090	-0.15320	-0.15385	0.28477	0.23276	0.19911	-0.14023	-0.12420	-0.10931	0.20000	0.19976	0.19270	-0.55239	-0.34845	-0.20077
42550	0.20338	0.20303	0.22271	-0.16754	-0.15006	-0.15075	0.29185	0.23966	0.20228	-0.13672	-0.12074	-0.10674	0.19939	0.19888	0.18858	-0.55146	-0.35097	-0.20399
42710	0.19816	0.20012	0.22171	-0.17044	-0.15242	-0.15310	0.28426	0.23300	0.19895	-0.13956	-0.12370	-0.10883	0.19559	0.19487	0.18941	-0.55768	-0.35521	-0.20732
42880	0.19867	0.19837	0.22121	-0.17123	-0.15273	-0.15286	0.28889	0.23396	0.20091	-0.13882	-0.12235	-0.10763	0.19742	0.19432	0.19053	-0.55534	-0.35319	-0.20602	35.15	6.1	0.00	-2.04	0.01736	0.01205	0.01525	0.01872	0.01916	0.01499	0.00546	0.01516	0.02010	0.01906	0.01348	0.01714	0.01711	0.01766	0.01380	0.00577	0.01634	0.02187
43040	0.19805	0.19943	0.22214	-0.17184	-0.15487	-0.15495	0.28427	0.23375	0.19889	-0.14092	-0.12432	-0.10911	0.19696	0.19691	0.19186	-0.55494	-0.35128	-0.20461
43200	0.19948	0.19943	0.22360	-0.17062	-0.15254	-0.15303	0.28233	0.23683	0.20080	-0.13891	-0.12327	-0.10767	0.19654	0.19613	0.18843	-0.55697	-0.35469	-0.20728
43370	0.20087	0.20225	0.22400	-0.16937	-0.15037	-0.15013	0.29499	0.23935	0.20216	-0.13662	-0.12039	-0.10654	0.20104	0.19694	0.19094	-0.55185	-0.35065	-0.20412
43530	0.19867	0.20119	0.22175	-0.17101	-0.15290	-0.15369	0.28855	0.23358	0.19986	-0.13965	-0.12396	-0.11016	0.19694	0.19515	0.19019	-0.55752	-0.35482	-0.20801
43700	0.19709	0.20037	0.22290	-0.17350	-0.15468	-0.15477	0.28962	0.23197	0.20027	-0.14009	-0.12421	-0.11105	0.19757	0.19671	0.19078	-0.55569	-0.35399	-0.20701
43870	0.19935	0.19913	0.22125	-0.17229	-0.15395	-0.15482	0.28690	0.23448	0.19875	-0.14022	-0.12428	-0.11049	0.19856	0.19680	0.19202	-0.55540	-0.35177	-0.20512
44030	0.20123	0.20149	0.22151	-0.17021	-0.15179	-0.15329	0.28989	0.23371	0.20139	-0.13909	-0.12345	-0.10950	0.19791	0.19457	0.19021	-0.55736	-0.35446	-0.20789
44200	0.19678	0.20117	0.22270	-0.17246	-0.15170	-0.15120	0.29480	0.23763	0.20541	-0.13674	-0.12163	-0.10737	0.20095	0.19778	0.19176	-0.55223	-0.35113	-0.20524
44360	0.19867	0.19953	0.22149	-0.17067	-0.15271	-0.15300	0.28743	0.23666	0.20110	-0.13826	-0.12319	-0.10953	0.19702	0.19520	0.19036	-0.55631	-0.35375	-0.20817
44530	0.19819	0.19897	0.22000	-0.17373	-0.15602	-0.15521	0.27765	0.23211	0.19814	-0.14152	-0.12554	-0.11164	0.19737	0.19511	0.19172	-0.55663	-0.35241	-0.20589	35.15	6.1	0.00	-2.04	0.01736	0.01205	0.01525	0.01872	0.01916	0.01499	0.00546	0.01516	0.02010	0.01906	0.01348	0.01714	0.01711	0.01766	0.01380	0.00577	0.01634	0.02187
44690	0.19922	0.20014	0.22125	-0.17187	-0.15371	-0.15344	0.29427	0.23529	0.20068	-0.13977	-0.12495	-0.11106	0.19799	0.19499	0.19045	-0.55667	-0.35505	-0.20922
44850	0.20015	0.20105	0.22377	-0.17126	-0.15236	-0.15218	0.29595	0.23868	0.20397	-0.13830	-0.12305	-0.10886	0.19956	0.19817	0.19196	-0.55540	-0.35335	-0.20675
45020	0.20121	0.19726	0.22155	-0.17255	-0.15463	-0.15483	0.28314	0.23363	0.19850	-0.14029	-0.12571	-0.11204	0.19993	0.20035	0.19259	-0.55227	-0.34968	-0.20293
45190	0.20116	0.20332	0.22276	-0.16864	-0.15084	-0.15174	0.28569	0.23755	0.20060	-0.13757	-0.12220	-0.10843	0.19926	0.19766	0.19076	-0.55392	-0.35287	-0.20613
45350	0.19845	0.19649	0.22239	-0.17259	-0.15399	-0.15448	0.28679	0.23182	0.20137	-0.14021	-0.12470	-0.11076	0.19744	0.19480	0.19058	-0.55725	-0.35608	-0.20855
45510	0.19941	0.19994	0.22347	-0.17183	-0.15302	-0.15348	0.28623	0.23618	0.20153	-0.13942	-0.12439	-0.10959	0.19779	0.19580	0.18835	-0.55755	-0.35498	-0.20833
45680	0.19660	0.20043	0.22244	-0.17328	-0.15501	-0.15505	0.28448	0.23459	0.19855	-0.14070	-0.12541	-0.11094	0.19692	0.19860	0.19079	-0.55575	-0.35347	-0.20616
45850	0.19985	0.20092	0.22077	-0.17178	-0.15390	-0.15405	0.28739	0.23723	0.20090	-0.13973	-0.12367	-0.10895	0.19576	0.19375	0.18992	-0.55687	-0.35570	-0.20827
46010	0.20088	0.20157	0.22473	-0.16940	-0.15019	-0.15020	0.29566	0.24015	0.20574	-0.13612	-0.12149	-0.10696	0.20056	0.19743	0.19267	-0.55264	-0.35080	-0.20379
46180	0.20195	0.20132	0.22382	-0.17046	-0.15235	-0.15311	0.28856	0.23500	0.20062	-0.13904	-0.12321	-0.10839	0.19635	0.19505	0.18853	-0.55721	-0.35542	-0.20813	35.15	6.2	0.00	-2.04	0.01736	0.01205	0.01525	0.01872	0.01916	0.01499	0.00546	0.01516	0.02010	0.01906	0.01348	0.01714	0.01711	0.01766	0.01380	0.00577	0.01634	0.02187
46340	0.19666	0.19831	0.22075	-0.17416	-0.15564	-0.15665	0.27787	0.23103	0.19903	-0.14248	-0.12570	-0.11154	0.19724	0.19622	0.19017	-0.55715	-0.35565	-0.20716
46510	0.19885	0.20040	0.22360	-0.17278	-0.15462	-0.15602	0.28006	0.23422	0.19987	-0.14124	-0.12468	-0.11056	0.19960	0.19844	0.19292	-0.55439	-0.35122	-0.20411
46670	0.20127	0.20023	0.22437	-0.16976	-0.15153	-0.15241	0.29270	0.23801	0.20047	-0.13871	-0.12266	-0.10825	0.20026	0.19442	0.19141	-0.55494	-0.35399	-0.20669
46840	0.19974	0.20100	0.22216	-0.17242	-0.15382	-0.15485	0.29046	0.23436	0.20300	-0.14031	-0.12446	-0.10949	0.19658	0.19509	0.18919	-0.55743	-0.35595	-0.20791
47000	0.19897	0.19975	0.22308	-0.17356	-0.15439	-0.15460	0.28679	0.23768	0.20147	-0.14009	-0.12369	-0.10868	0.19826	0.19803	0.18934	-0.55606	-0.35551	-0.20743
47170	0.19853	0.19616	0.21979	-0.17401	-0.15631	-0.15658	0.28118	0.23204	0.20076	-0.14256	-0.12648	-0.11049	0.19824	0.19783	0.19153	-0.55412	-0.35263	-0.20513
47330	0.20014	0.19950	0.22347	-0.17168	-0.15355	-0.15447	0.28715	0.23601	0.20021	-0.14063	-0.12474	-0.10898	0.19947	0.19744	0.19177	-0.55494	-0.35433	-0.20703
47500	0.19928	0.19927	0.22478	-0.17314	-0.15476	-0.15490	0.29153	0.23584	0.20211	-0.14047	-0.12450	-0.10890	0.19718	0.19593	0.18863	-0.55717	-0.35595	-0.20891
47660	0.19943	0.20262	0.22464	-0.17167	-0.15313	-0.15359	0.29493	0.23850	0.20390	-0.13882	-0.12291	-0.10944	0.20023	0.19849	0.19034	-0.55684	-0.35428	-0.20672
47830	0.20024	0.20235	0.22302	-0.17318	-0.15460	-0.15444	0.28670	0.23651	0.20251	-0.14107	-0.12529	-0.11105	0.19661	0.19550	0.18754	-0.55606	-0.35572	-0.20800	35.15	6.1	0.00	-2.04	0.01736	0.01205	0.01525	0.01872	0.01916	0.01499	0.00546	0.01516	0.02010	0.01906	0.01348	0.01715	0.01711	0.01766	0.01380	0.00577	0.01634	0.02187
47990	0.19998	0.19989	0.22443	-0.17378	-0.15528	-0.15581	0.28619	0.23603	0.20126	-0.14111	-0.12501	-0.11128	0.19766	0.19661	0.18940	-0.55683	-0.35474	-0.20716
48160	0.20102	0.20055	0.22154	-0.17335	-0.15449	-0.15463	0.28996	0.23566	0.20217	-0.14035	-0.12466	-0.11081	0.19683	0.19428	0.19085	-0.55809	-0.35640	-0.20938
48320	0.20244	0.20141	0.22567	-0.17123	-0.15175	-0.15217	0.29686	0.24084	0.20627	-0.13796	-0.12176	-0.10814	0.20127	0.19808	0.19194	-0.55408	-0.35311	-0.20575
48490	0.20151	0.19967	0.22281	-0.17274	-0.15465	-0.15438	0.28928	0.23704	0.20106	-0.14046	-0.12502	-0.11048	0.19525	0.19553	0.18850	-0.55717	-0.35626	-0.20860
48650	0.19751	0.20056	0.22086	-0.17418	-0.15508	-0.15495	0.28719	0.23339	0.20091	-0.14135	-0.12591	-0.11113	0.19803	0.19503	0.18901	-0.55708	-0.35533	-0.20855
48820	0.19998	0.20045	0.22339	-0.17390	-0.15424	-0.15428	0.29665	0.23599	0.20035	-0.14059	-0.12425	-0.11067	0.19930	0.19705	0.19247	-0.55463	-0.35346	-0.20613
48980	0.20042	0.20261	0.22372	-0.17160	-0.15224	-0.15257	0.29631	0.23701	0.20379	-0.13863	-0.12274	-0.10882	0.19907	0.19500	0.18940	-0.55688	-0.35457	-0.20700
49150	0.19835	0.19981	0.22400	-0.17288	-0.15264	-0.15277	0.29587	0.23977	0.20398	-0.13805	-0.12239	-0.10797	0.20041	0.19819	0.19203	-0.55304	-0.35369	-0.20640
49310	0.19847	0.19881	0.22183	-0.17281	-0.15479	-0.15544	0.28797	0.23305	0.20188	-0.14129	-0.12571	-0.11087	0.19973	0.19850	0.19220	-0.55543	-0.35379	-0.20653
49480	0.19996	0.19953	0.22283	-0.17187	-0.15353	-0.15417	0.29438	0.23713	0.20238	-0.14035	-0.12451	-0.10989	0.19753	0.19500	0.19075	-0.55656	-0.35620	-0.20842	35.15	6.0	0.00	-2.04	0.01736	0.01205	0.01525	0.01872	0.01916	0.01499	0.00546	0.01516	0.02010	0.01906	0.01348	0.01714	0.01711	0.01766	0.01380	0.00577	0.01634	0.02187
49640	0.19579	0.20072	0.22256	-0.17407	-0.15371	-0.15245	0.29414	0.23775	0.20266	-0.13904	-0.12355	-0.10880	0.19979	0.19523	0.19239	-0.55499	-0.35495	-0.20746
49800	0.19739	0.19886	0.22256	-0.17339	-0.15587	-0.15587	0.28964	0.23412	0.19992	-0.14249	-0.12675	-0.11194	0.19895	0.19578	0.19122	-0.55777	-0.35612	-0.20796
49970	0.19922	0.20003	0.22159	-0.17363	-0.15475	-0.15520	0.28850	0.23445	0.20101	-0.14168	-0.12608	-0.11091	0.19473	0.19519	0.18970	-0.55814	-0.35756	-0.20968
50130	0.19925	0.19858	0.22301	-0.17368	-0.15554	-0.15506	0.29210	0.23604	0.20225	-0.14076	-0.12469	-0.10988	0.19825	0.19552	0.19124	-0.55601	-0.35599	-0.20826
50300	0.19893	0.19842	0.22011	-0.17432	-0.15608	-0.15625	0.28930	0.23358	0.19889	-0.14206	-0.12606	-0.11123	0.19815	0.19776	0.19308	-0.55645	-0.35426	-0.20704
50460	0.20185	0.20092	0.22261	-0.17327	-0.15442	-0.15468	0.29789	0.23523	0.20151	-0.14046	-0.12470	-0.11038	0.19829	0.19624	0.18937	-0.55826	-0.35631	-0.20908
50630	0.20146	0.20318	0.22527	-0.17129	-0.15184	-0.15183	0.29509	0.24189	0.20455	-0.13830	-0.12277	-0.10728	0.20054	0.19898	0.19168	-0.55446	-0.35301	-0.20582
50790	0.19932	0.20118	0.22312	-0.17262	-0.15363	-0.15413	0.28755	0.23544	0.20082	-0.14097	-0.12473	-0.11042	0.19905	0.19664	0.19095	-0.55784	-0.35632	-0.20866
50960	0.20002	0.19840	0.22324	-0.17426	-0.15559	-0.15584	0.28728	0.23410	0.20112	-0.14098	-0.12498	-0.11045	0.19860	0.19628	0.19123	-0.55768	-0.35496	-0.20823
51120	0.19983	0.20011	0.22295	-0.17390	-0.15535	-0.15509	0.28574	0.23564	0.20019	-0.14187	-0.12537	-0.11126	0.19715	0.19547	0.18937	-0.55809	-0.35679	-0.20990	35.15	6.0	0.00	-2.04	0.01736	0.01205	0.01525	0.01872	0.01916	0.01499	0.00546	0.01516	0.02010	0.01906	0.01348	0.01714	0.01711	0.01767	0.01380	0.00577	0.01634	0.02187
51290	0.19749	0.20157	0.22384	-0.17243	-0.15330	-0.15361	0.28713	0.23918	0.20328	-0.13958	-0.12391	-0.10900	0.19780	0.19662	0.19076	-0.55514	-0.35494	-0.20789
51450	0.19847	0.20010	0.22166	-0.17450	-0.15600	-0.15646	0.28958	0.23417	0.20058	-0.14248	-0.12573	-0.11217	0.19805	0.19507	0.19191	-0.55796	-0.35548	-0.20878
51620	0.20031	0.20156	0.22365	-0.17346	-0.15417	-0.15513	0.29092	0.23768	0.20332	-0.14036	-0.12402	-0.11081	0.20004	0.19625	0.19194	-0.55565	-0.35356	-0.20756
51790	0.20077	0.20109	0.22403	-0.17279	-0.15442	-0.15512	0.29097	0.23747	0.20216	-0.14036	-0.12432	-0.11096	0.20031	0.20087	0.19615	-0.55261	-0.35168	-0.20506
51950	0.20324	0.20346	0.22393	-0.17010	-0.15184	-0.15285	0.29094	0.24113	0.20405	-0.13864	-0.12297	-0.10937	0.19937	0.19650	0.19005	-0.55629	-0.35464	-0.20782
52120	0.19905	0.20103	0.22283	-0.17292	-0.15504	-0.15427	0.28190	0.23685	0.20156	-0.14062	-0.12424	-0.11158	0.19765	0.19658	0.18982	-0.55787	-0.35581	-0.20906
52280	0.19948	0.19960	0.22191	-0.17315	-0.15404	-0.15379	0.29656	0.23509	0.20139	-0.13987	-0.12371	-0.10997	0.19884	0.19500	0.19135	-0.55518	-0.35467	-0.20802
52450	0.19968	0.19948	0.22135	-0.17421	-0.15576	-0.15619	0.29238	0.23440	0.19985	-0.14261	-0.12651	-0.11240	0.19885	0.19914	0.19426	-0.55510	-0.35118	-0.20478
52610	0.20073	0.20239	0.22408	-0.17072	-0.15214	-0.15265	0.28402	0.23747	0.20127	-0.13918	-0.12347	-0.10991	0.19696	0.19640	0.19207	-0.55627	-0.35550	-0.20895
52780	0.20245	0.20288	0.22475	-0.17115	-0.15107	-0.15138	0.29045	0.23987	0.20481	-0.13753	-0.12134	-0.10718	0.20115	0.19882	0.19258	-0.55411	-0.35153	-0.20585	35.21	6.1	0.00	-2.04	0.01736	0.01205	0.01525	0.01872	0.01916	0.01499	0.00546	0.01517	0.02010	0.01906	0.01348	0.01714	0.01712	0.01767	0.01380	0.00577	0.01634	0.02187
52940	0.20006	0.19945	0.22091	-0.17134	-0.15356	-0.15433	0.28885	0.23380	0.20033	-0.14065	-0.12391	-0.11010	0.19661	0.19489	0.18950	-0.55911	-0.35557	-0.20861
53100	0.19623	0.19739	0.22134	-0.17467	-0.15642	-0.15648	0.28304	0.23400	0.19838	-0.14176	-0.12643	-0.11129	0.19688	0.19348	0.18740	-0.55810	-0.35499	-0.20782
53270	0.19791	0.19950	0.22155	-0.17267	-0.15360	-0.15388	0.28445	0.23566	0.19831	-0.13940	-0.12313	-0.10923	0.19609	0.19500	0.18850	-0.55574	-0.35502	-0.20781
53430	0.19735	0.19800	0.22136	-0.17277	-0.15350	-0.15370	0.28649	0.23410	0.20065	-0.13949	-0.12405	-0.10949	0.19580	0.19348	0.18839	-0.55594	-0.35454	-0.20711
53600	0.19680	0.19886	0.22114	-0.17203	-0.15354	-0.15476	0.28612	0.23399	0.19941	-0.13948	-0.12348	-0.10904	0.19711	0.19500	0.19094	-0.55318	-0.35246	-0.20604
53770	0.20006	0.19745	0.22277	-0.17144	-0.15337	-0.15325	0.28846	0.23606	0.20153	-0.13879	-0.12192	-0.10849	0.19526	0.19538	0.18807	-0.55463	-0.35437	-0.20713
53930	0.19938	0.20219	0.22463	-0.16869	-0.14919	-0.14909	0.28887	0.23900	0.20349	-0.13578	-0.11977	-0.10576	0.19846	0.19841	0.19005	-0.55105	-0.34960	-0.20267
54090	0.19921	0.19989	0.22065	-0.17021	-0.15194	-0.15288	0.29113	0.23393	0.20045	-0.13890	-0.12340	-0.10867	0.19637	0.19293	0.18773	-0.55609	-0.35398	-0.20753
54260	0.19630	0.19422	0.21897	-0.17460	-0.15578	-0.15623	0.28336	0.23005	0.19830	-0.14184	-0.12612	-0.11130	0.19508	0.19561	0.19090	-0.55647	-0.35383	-0.20692
54430	0.19756	0.19752	0.21989	-0.17260	-0.15497	-0.15508	0.28390	0.23270	0.19881	-0.14136	-0.12517	-0.11066	0.19698	0.19786	0.19136	-0.55569	-0.35192	-0.20494	35.21	6.0	0.00	-2.04	0.01736	0.01205	0.01525	0.01872	0.01916	0.01499	0.00546	0.01517	0.02011	0.01905	0.01348	0.01714	0.01712	0.01767	0.01380	0.00577	0.01634	0.02187
54590	0.19820	0.19946	0.22079	-0.17074	-0.15243	-0.15310	0.29037	0.23759	0.20020	-0.13962	-0.12397	-0.10942	0.19819	0.19517	0.18836	-0.55737	-0.35537	-0.20813
54750	0.19718	0.19924	0.22194	-0.17391	-0.15309	-0.15307	0.29051	0.23717	0.20368	-0.13863	-0.12202	-0.10775	0.20015	0.19794	0.19156	-0.55505	-0.35277	-0.20594
54920	0.19796	0.19792	0.21999	-0.17223	-0.15357	-0.15404	0.28837	0.23284	0.20017	-0.14076	-0.12396	-0.10942	0.19559	0.19402	0.18950	-0.55701	-0.35511	-0.20837
55080	0.19699	0.19890	0.22187	-0.17402	-0.15465	-0.15574	0.28218	0.23465	0.19890	-0.14091	-0.12435	-0.11029	0.19669	0.19703	0.18810	-0.55832	-0.35459	-0.20756
55250	0.19826	0.19946	0.22094	-0.17238	-0.15380	-0.15439	0.28927	0.23633	0.19973	-0.14027	-0.12435	-0.11000	0.19677	0.19583	0.19003	-0.55790	-0.35570	-0.20884
55410	0.19740	0.19741	0.22338	-0.17274	-0.15299	-0.15391	0.28835	0.23690	0.20290	-0.13913	-0.12335	-0.10869	0.19902	0.19460	0.18935	-0.55635	-0.35385	-0.20773
55580	0.19762	0.19757	0.22165	-0.17429	-0.15658	-0.15701	0.28147	0.22883	0.19744	-0.14310	-0.12670	-0.11288	0.19816	0.19728	0.19293	-0.55472	-0.35057	-0.20450
55740	0.20009	0.20202	0.22331	-0.17075	-0.15298	-0.15397	0.28325	0.23695	0.20101	-0.14021	-0.12362	-0.11054	0.19545	0.19418	0.19127	-0.55682	-0.35375	-0.20798
55910	0.19737	0.19851	0.22171	-0.17350	-0.15488	-0.15586	0.28541	0.23563	0.20155	-0.14074	-0.12489	-0.11151	0.19579	0.19354	0.19006	-0.55741	-0.35562	-0.20873
56080	0.19823	0.19810	0.22189	-0.17318	-0.15397	-0.15402	0.28877	0.23688	0.20234	-0.14026	-0.12443	-0.11054	0.19800	0.19691	0.19010	-0.55643	-0.35442	-0.20753	35.15	6.2	0.00	-2.04	0.01736	0.01205	0.01525	0.01872	0.01916	0.01499	0.00546	0.01517	0.02011	0.01905	0.01348	0.01714	0.01712	0.01767	0.01380	0.00577	0.01634	0.02187
56240	0.19871	0.19858	0.22139	-0.17404	-0.15638	-0.15721	0.28233	0.23275	0.20056	-0.14302	-0.12691	-0.11288	0.19897	0.19773	0.19467	-0.55445	-0.35206	-0.20527
56410	0.20117	0.20189	0.22356	-0.17203	-0.15308	-0.15446	0.28915	0.23646	0.20018	-0.13981	-0.12414	-0.11099	0.19827	0.19676	0.18996	-0.55514	-0.35414	-0.20813
56570	0.19813	0.19925	0.22134	-0.17257	-0.15387	-0.15428	0.28626	0.23501	0.20083	-0.14092	-0.12481	-0.11107	0.19691	0.19443	0.19013	-0.55725	-0.35601	-0.20909
56740	0.19918	0.19961	0.22226	-0.17251	-0.15344	-0.15345	0.28896	0.23826	0.20269	-0.13950	-0.12390	-0.11005	0.19965	0.19635	0.19122	-0.55511	-0.35393	-0.20695
56900	0.20001	0.19704	0.22304	-0.17233	-0.15308	-0.15392	0.29168	0.23721	0.20299	-0.14034	-0.12412	-0.11027	0.19776	0.19603	0.18902	-0.55796	-0.35544	-0.20842
57070	0.19966	0.19888	0.22311	-0.17303	-0.15384	-0.15461	0.29258	0.23416	0.20091	-0.14014	-0.12444	-0.11021	0.19691	0.19560	0.18976	-0.55569	-0.35409	-0.20769
57230	0.19901	0.19830	0.22002	-0.17364	-0.15483	-0.15586	0.27895	0.23324	0.19806	-0.14208	-0.12580	-0.11190	0.19410	0.19671	0.18930	-0.55593	-0.35406	-0.20732
57400	0.19924	0.19798	0.21959	-0.17227	-0.15406	-0.15458	0.28835	0.23433	0.20112	-0.14095	-0.12469	-0.11122	0.19578	0.19361	0.18898	-0.55954	-0.35598	-0.20946
57560	0.19617	0.19743	0.22244	-0.17454	-0.15328	-0.15299	0.29161	0.23521	0.20288	-0.13906	-0.12261	-0.10931	0.19950	0.19550	0.18953	-0.55520	-0.35249	-0.20702
57730	0.19736	0.19967	0.22207	-0.17235	-0.15484	-0.15506	0.28995	0.23673	0.20023	-0.14145	-0.12572	-0.11163	0.19705	0.19525	0.18863	-0.55737	-0.35516	-0.20819	35.15	6.1	0.00	-2.04	0.01736	0.01205	0.01525	0.01872	0.01916	0.01499	0.00546	0.01517	0.02011	0.01905	0.01348	0.01714	0.01712	0.01767	0.01380	0.00577	0.01634	0.02187
57890	0.19777	0.19977	0.22064	-0.17374	-0.15526	-0.15551	0.28500	0.23710	0.20171	-0.14150	-0.12525	-0.11078	0.19823	0.19618	0.18889	-0.55660	-0.35412	-0.20738
58060	0.19899	0.19997	0.22369	-0.17303	-0.15395	-0.15450	0.28417	0.23784	0.20135	-0.14049	-0.12506	-0.11071	0.19792	0.19600	0.19012	-0.55788	-0.35643	-0.20929
58220	0.19894	0.20003	0.22548	-0.17192	-0.15223	-0.15225	0.29613	0.23945	0.20545	-0.13797	-0.12218	-0.10871	0.20156	0.19633	0.19355	-0.55521	-0.35292	-0.20666
58390	0.20127	0.19907	0.22196	-0.17246	-0.15446	-0.15533	0.29195	0.23562	0.20087	-0.14127	-0.12552	-0.11171	0.19967	0.19973	0.19342	-0.55380	-0.35081	-0.20441
58550	0.20127	0.20207	0.22255	-0.16991	-0.15233	-0.15291	0.29426	0.23902	0.20225	-0.13909	-0.12319	-0.10948	0.19887	0.19664	0.18952	-0.55657	-0.35455	-0.20808
58720	0.19756	0.19909	0.22242	-0.17332	-0.15423	-0.15461	0.29022	0.23451	0.19944	-0.14033	-0.12470	-0.11052	0.19833	0.19460	0.19049	-0.55818	-0.35561	-0.20968
58880	0.19814	0.19862	0.21865	-0.17577	-0.15742	-0.15682	0.28544	0.23258	0.19660	-0.14377	-0.12728	-0.11369	0.19877	0.20001	0.19300	-0.55263	-0.35087	-0.20480
59050	0.19954	0.20139	0.22375	-0.17011	-0.15237	-0.15174	0.28935	0.23740	0.20169	-0.13872	-0.12370	-0.10949	0.19661	0.19693	0.19045	-0.55545	-0.35417	-0.20834
59210	0.19729	0.19829	0.22200	-0.17270	-0.15415	-0.15419	0.28940	0.23525	0.20032	-0.14027	-0.12484	-0.11055	0.19826	0.19523	0.19053	-0.55615	-0.35561	-0.20921
59380	0.19944	0.19897	0.22052	-0.17303	-0.15316	-0.15334	0.28860	0.23559	0.20203	-0.13956	-0.12401	-0.11040	0.19833	0.19501	0.18942	-0.55620	-0.35464	-0.20836	35.21	6.2	0.00	-2.04	0.01736	0.01205	0.01525	0.01872	0.01916	0.01499	0.00546	0.01517	0.02011	0.01905	0.01348	0.01714	0.01712	0.01767	0.01380	0.00577	0.01634	0.02187
59540	0.19804	0.19745	0.21807	-0.17532	-0.15649	-0.15685	0.28185	0.23289	0.19741	-0.14280	-0.12697	-0.11289	0.19576	0.19645	0.19104	-0.55756	-0.35387	-0.20759
59710	0.19859	0.19937	0.22180	-0.17273	-0.15354	-0.15351	0.28697	0.23812	0.20315	-0.14020	-0.12466	-0.10987	0.19754	0.19718	0.19092	-0.55314	-0.35306	-0.20675
59870	0.19901	0.20068	0.22343	-0.17211	-0.15373	-0.15401	0.28204	0.23520	0.20064	-0.13993	-0.12460	-0.11018	0.19911	0.19837	0.19182	-0.55263	-0.35172	-0.20510
60040	0.20087	0.19976	0.22411	-0.17027	-0.15198	-0.15256	0.28513	0.23600	0.20270	-0.13903	-0.12327	-0.10874	0.19993	0.19731	0.19059	-0.55281	-0.35318	-0.20659
60200	0.19937	0.19875	0.22154	-0.17153	-0.15349	-0.15346	0.28719	0.23523	0.20129	-0.13988	-0.12364	-0.10979	0.19696	0.19525	0.19208	-0.55616	-0.35648	-0.20898
60370	0.20008	0.20041	0.22407	-0.17191	-0.15236	-0.15218	0.28901	0.23839	0.20409	-0.13844	-0.12284	-0.10792	0.20028	0.19790	0.19062	-0.55388	-0.35350	-0.20659
60530	0.19749	0.19922	0.22084	-0.17298	-0.15517	-0.15560	0.28313	0.23048	0.20088	-0.14126	-0.12560	-0.11088	0.19935	0.20003	0.19385	-0.55323	-0.35019	-0.20304
60700	0.20029	0.20247	0.22308	-0.17006	-0.15166	-0.15235	0.28357	0.23872	0.20306	-0.13891	-0.12250	-0.10798	0.19857	0.19751	0.19255	-0.55320	-0.35306	-0.20598
60860	0.19867	0.19838	0.22286	-0.17284	-0.15367	-0.15405	0.28947	0.23519	0.20029	-0.14018	-0.12420	-0.10940	0.19900	0.19547	0.19021	-0.55607	-0.35526	-0.20825
61030	0.19944	0.20013	0.22476	-0.17156	-0.15177	-0.15209	0.28989	0.23794	0.20363	-0.13809	-0.12259	-0.10783	0.19998	0.19649	0.19266	-0.55339	-0.35313	-0.20647	35.15	6.2	0.00	-2.04	0.01736	0.01205	0.01525	0.01872	0.01916	0.01499	0.00546	0.01517	0.02011	0.01905	0.01348	0.01714	0.01712	0.01767	0.01380	0.00577	0.01634	0.02187
61190	0.19693	0.19711	0.22018	-0.17345	-0.15493	-0.15505	0.27848	0.23292	0.19820	-0.14188	-0.12569	-0.11102	0.19933	0.19731	0.19170	-0.55403	-0.35096	-0.20438
61360	0.20063	0.19936	0.22205	-0.17109	-0.15268	-0.15288	0.28958	0.23790	0.20157	-0.13908	-0.12267	-0.10811	0.19731	0.19641	0.19149	-0.55384	-0.35323	-0.20655
61520	0.19825	0.20033	0.22246	-0.17341	-0.15447	-0.15361	0.29101	0.23451	0.20028	-0.14011	-0.12454	-0.10979	0.19733	0.19662	0.18934	-0.55599	-0.35467	-0.20731
61690	0.19856	0.19905	0.22364	-0.17279	-0.15306	-0.15353	0.29072	0.23782	0.20213	-0.13977	-0.12268	-0.10865	0.19845	0.19617	0.18985	-0.55763	-0.35456	-0.20738
61850	0.19652	0.19933	0.22095	-0.17368	-0.15495	-0.15526	0.28537	0.23442	0.20086	-0.14137	-0.12456	-0.11085	0.19715	0.19821	0.19174	-0.55412	-0.35306	-0.20589
62020	0.19889	0.20379	0.22238	-0.17260	-0.15406	-0.15399	0.28642	0.23613	0.20219	-0.14049	-0.12387	-0.10969	0.20236	0.20056	0.19281	-0.55077	-0.34960	-0.20294
62180	0.20279	0.20199	0.22553	-0.16830	-0.15039	-0.15084	0.29393	0.23931	0.20458	-0.13783	-0.12197	-0.10823	0.20164	0.19797	0.19368	-0.55249	-0.35199	-0.20554
62350	0.19905	0.19761	0.22207	-0.17260	-0.15442	-0.15494	0.28943	0.23519	0.20092	-0.14112	-0.12434	-0.11098	0.19720	0.19624	0.18784	-0.55763	-0.35627	-0.20948
62510	0.19733	0.20059	0.22154	-0.17445	-0.15442	-0.15511	0.28295	0.23544	0.20147	-0.13964	-0.12339	-0.10980	0.19875	0.19418	0.18991	-0.55520	-0.35467	-0.20828
62680	0.19747	0.19771	0.22149	-0.17364	-0.15518	-0.15474	0.28522	0.23461	0.19938	-0.14050	-0.12470	-0.11104	0.19892	0.19333	0.19108	-0.55621	-0.35466	-0.20821	35.15	6.1	0.00	-2.04	0.01736	0.01205	0.01525	0.01872	0.01915	0.01499	0.00546	0.01517	0.02011	0.01905	0.01348	0.01714	0.01712	0.01767	0.01380	0.00577	0.01634	0.02186
62840	0.19976	0.19898	0.22340	-0.17386	-0.15484	-0.15477	0.29090	0.23504	0.19938	-0.14039	-0.12481	-0.11050	0.19845	0.19538	0.18918	-0.55600	-0.35506	-0.20814
63010	0.19795	0.20061	0.22248	-0.17322	-0.15413	-0.15395	0.29010	0.23601	0.20242	-0.13949	-0.12401	-0.10955	0.19900	0.19556	0.19081	-0.55489	-0.35345	-0.20689
63170	0.19868	0.19902	0.22120	-0.17352	-0.15550	-0.15539	0.28974	0.23697	0.19917	-0.14085	-0.12584	-0.11095	0.19990	0.19592	0.19233	-0.55522	-0.35250	-0.20643
63340	0.19867	0.20062	0.22358	-0.17238	-0.15305	-0.15384	0.29372	0.23659	0.20128	-0.13955	-0.12401	-0.10956	0.19843	0.19416	0.19101	-0.55807	-0.35463	-0.20856
63500	0.20193	0.20214	0.22549	-0.17019	-0.15009	-0.14996	0.29489	0.24251	0.20669	-0.13634	-0.12008	-0.10679	0.20050	0.19941	0.19370	-0.55124	-0.35065	-0.20503
63670	0.20210	0.20035	0.22107	-0.17062	-0.15270	-0.15301	0.29153	0.24000	0.20223	-0.13972	-0.12373	-0.10951	0.19807	0.19386	0.18927	-0.55529	-0.35479	-0.20824
63830	0.19829	0.19834	0.22152	-0.17422	-0.15561	-0.15520	0.28728	0.23501	0.19934	-0.14190	-0.12514	-0.11105	0.19992	0.19680	0.19129	-0.55445	-0.35298	-0.20644
64000	0.19986	0.19932	0.22348	-0.17210	-0.15414	-0.15462	0.29136	0.23617	0.20161	-0.13955	-0.12342	-0.11045	0.19605	0.19409	0.18690	-0.55696	-0.35668	-0.20983
64160	0.20088	0.20106	0.22446	-0.17141	-0.15209	-0.15243	0.29360	0.23828	0.20220	-0.13842	-0.12234	-0.10802	0.19906	0.19754	0.19403	-0.55318	-0.35289	-0.20641
64330	0.19905	0.19891	0.22016	-0.17328	-0.15498	-0.15576	0.28599	0.23699	0.19873	-0.14157	-0.12543	-0.11028	0.19888	0.20123	0.19463	-0.55119	-0.35021	-0.20398	35.15	6.1	0.00	-2.04	0.01736	0.01205	0.01525	0.01872	0.01915	0.01499	0.00546	0.01517	0.02011	0.01905	0.01348	0.01714	0.01712	0.01767	0.01381	0.00577	0.01634	0.02186
64490	0.20052	0.19991	0.22120	-0.16967	-0.15216	-0.15227	0.28932	0.23905	0.20330	-0.13927	-0.12295	-0.10864	0.19891	0.19629	0.19182	-0.55251	-0.35388	-0.20733
64660	0.20015	0.19953	0.22157	-0.17270	-0.15341	-0.15404	0.29265	0.23441	0.20220	-0.13989	-0.12396	-0.10998	0.20157	0.19637	0.19365	-0.55434	-0.35256	-0.20592
64820	0.20071	0.20044	0.22367	-0.17140	-0.15200	-0.15263	0.29401	0.23644	0.20481	-0.13916	-0.12287	-0.10751	0.19936	0.19747	0.19043	-0.55526	-0.35337	-0.20757
64990	0.19757	0.20081	0.22347	-0.17294	-0.15291	-0.15216	0.28677	0.24035	0.20363	-0.13832	-0.12204	-0.10742	0.20021	0.19736	0.19143	-0.55414	-0.35212	-0.20609
65150	0.19722	0.19761	0.21962	-0.17230	-0.15434	-0.15538	0.28735	0.23390	0.20065	-0.14137	-0.12493	-0.10985	0.19852	0.19777	0.19217	-0.55354	-0.35179	-0.20549
65320	0.20166	0.19967	0.22196	-0.17115	-0.15282	-0.15315	0.29041	0.23900	0.20222	-0.13996	-0.12345	-0.10849	0.19731	0.19445	0.18921	-0.55585	-0.35453	-0.20798
65480	0.19671	0.20040	0.22355	-0.17312	-0.15344	-0.15313	0.28874	0.24062	0.20322	-0.13883	-0.12252	-0.10750	0.19925	0.19656	0.19205	-0.55348	-0.35267	-0.20616
65640	0.19896	0.19752	0.22155	-0.17252	-0.15519	-0.15524	0.28131	0.23271	0.20119	-0.14143	-0.12528	-0.11019	0.19888	0.19659	0.19007	-0.55548	-0.35258	-0.20580
65810	0.19979	0.20000	0.22352	-0.17163	-0.15418	-0.15486	0.28551	0.23509	0.19973	-0.14110	-0.12460	-0.10919	0.19630	0.19545	0.18729	-0.55841	-0.35651	-0.20934
65970	0.19853	0.19944	0.22157	-0.17374	-0.15474	-0.15482	0.28876	0.23551	0.20051	-0.14066	-0.12414	-0.10988	0.19962	0.19517	0.19103	-0.55601	-0.35410	-0.20777	35.21	6.1	0.00	-2.04	0.01736	0.01205	0.01525	0.01872	0.01915	0.01499	0.00546	0.01517	0.02011	0.01905	0.01348	0.01714	0.01712	0.01767	0.01380	0.00577	0.01634	0.02186
66140	0.19829	0.19786	0.22203	-0.17421	-0.15645	-0.15678	0.28883	0.23214	0.19941	-0.14222	-0.12617	-0.11062	0.19947	0.19625	0.19228	-0.55491	-0.35412	-0.20744
66300	0.19931	0.20099	0.22312	-0.17300	-0.15392	-0.15424	0.28793	0.23736	0.20198	-0.14040	-0.12408	-0.10997	0.19790	0.19509	0.18636	-0.55596	-0.35532	-0.20932
66470	0.19933	0.20176	0.22437	-0.17177	-0.15326	-0.15279	0.28647	0.23878	0.20246	-0.13901	-0.12373	-0.10923	0.19915	0.19857	0.19162	-0.55546	-0.35331	-0.20719
66630	0.19760	0.19986	0.22286	-0.17366	-0.15546	-0.15634	0.28414	0.23432	0.20003	-0.14151	-0.12559	-0.11140	0.19984	0.19680	0.19294	-0.55312	-0.35220	-0.20569
66800	0.20004	0.20058	0.22364	-0.17135	-0.15367	-0.15380	0.28944	0.23714	0.20173	-0.13954	-0.12437	-0.11028	0.19768	0.19537	0.19086	-0.55684	-0.35479	-0.20928
66960	0.20108	0.20014	0.22540	-0.17025	-0.15137	-0.15080	0.29350	0.24258	0.20651	-0.13646	-0.12100	-0.10661	0.20056	0.19924	0.19231	-0.55193	-0.35007	-0.20491
67130	0.20097	0.19980	0.22321	-0.17183	-0.15357	-0.15426	0.29128	0.23624	0.20117	-0.14043	-0.12382	-0.10936	0.20147	0.19841	0.19449	-0.55283	-0.35058	-0.20474
67290	0.20194	0.20083	0.22289	-0.17110	-0.15341	-0.15349	0.28339	0.23790	0.20090	-0.13954	-0.12363	-0.10962	0.19664	0.19631	0.18947	-0.55618	-0.35468	-0.20784
67450	0.20059	0.20058	0.22439	-0.17169	-0.15280	-0.15175	0.28990	0.23816	0.20338	-0.13895	-0.12294	-0.10815	0.20094	0.19698	0.19167	-0.55411	-0.35277	-0.20755
67620	0.19886	0.19611	0.22066	-0.17394	-0.15565	-0.15556	0.28124	0.23409	0.19815	-0.14177	-0.12628	-0.11128	0.19835	0.19904	0.19128	-0.55216	-0.35140	-0.20487	35.15	5.9	0.00	-2.04	0.01736	0.01205	0.01525	0.01872	0.01915	0.01499	0.00546	0.01517	0.02011	0.01905	0.01348	0.01714	0.01712	0.01767	0.01380	0.00577	0.01634	0.02186
67780	0.20298	0.20325	0.22290	-0.16933	-0.15090	-0.15062	0.29344	0.23963	0.20434	-0.13753	-0.12141	-0.10727	0.20180	0.19762	0.19130	-0.55229	-0.35143	-0.20586
67940	0.19942	0.19886	0.21999	-0.17237	-0.15435	-0.15419	0.29108	0.23879	0.19973	-0.14049	-0.12508	-0.10979	0.20058	0.19764	0.19340	-0.55351	-0.35180	-0.20558
68110	0.20205	0.20096	0.22333	-0.17055	-0.15197	-0.15225	0.29086	0.23755	0.20261	-0.13910	-0.12317	-0.10926	0.19894	0.19487	0.18888	-0.55392	-0.35393	-0.20765
68270	0.19985	0.19670	0.21876	-0.17442	-0.15575	-0.15586	0.28486	0.23316	0.19857	-0.14262	-0.12652	-0.11131	0.19808	0.19469	0.18829	-0.55716	-0.35451	-0.20778
68430	0.19978	0.19812	0.22181	-0.17326	-0.15461	-0.15522	0.28982	0.23391	0.19947	-0.14090	-0.12543	-0.11043	0.19690	0.19452	0.19022	-0.55580	-0.35625	-0.20940
68600	0.19743	0.19921	0.22007	-0.17406	-0.15623	-0.15698	0.29028	0.23517	0.19805	-0.14257	-0.12675	-0.11206	0.19882	0.19651	0.19217	-0.55580	-0.35371	-0.20660
68760	0.20017	0.19834	0.22346	-0.17172	-0.15317	-0.15370	0.29952	0.23502	0.20184	-0.14002	-0.12386	-0.10926	0.19754	0.19544	0.18866	-0.55838	-0.35642	-0.20911
68930	0.19826	0.20005	0.22150	-0.17271	-0.15456	-0.15415	0.28877	0.23713	0.20211	-0.14020	-0.12385	-0.10864	0.19861	0.19608	0.19086	-0.55567	-0.35481	-0.20838
69090	0.19817	0.19840	0.22147	-0.17379	-0.15478	-0.15447	0.29166	0.23416	0.20006	-0.14088	-0.12502	-0.10926	0.19729	0.19447	0.19131	-0.55738	-0.35685	-0.20895
69260	0.20309	0.20325	0.22562	-0.17073	-0.15102	-0.15060	0.29459	0.24057	0.20591	-0.13700	-0.12107	-0.10600	0.20299	0.20092	0.19296	-0.55110	-0.35167	-0.20463	35.21	6.1	0.00	-2.04	0.01736	0.01205	0.01525	0.01872	0.01915	0.01499	0.00546	0.01517	0.02011	0.01905	0.01348	0.01714	0.01712	0.01767	0.01381	0.00577	0.01634	0.02186
69420	0.20013	0.20398	0.22373	-0.17182	-0.15398	-0.15396	0.28997	0.23804	0.20152	-0.13992	-0.12394	-0.10929	0.19674	0.19352	0.19002	-0.55659	-0.35617	-0.20866
69580	0.19874	0.20043	0.22224	-0.17435	-0.15479	-0.15527	0.29252	0.23551	0.19940	-0.14122	-0.12446	-0.10980	0.19765	0.19471	0.18826	-0.55699	-0.35707	-0.20962
69750	0.20020	0.20321	0.22403	-0.17165	-0.15214	-0.15217	0.28885	0.23999	0.20408	-0.13784	-0.12237	-0.10721	0.19982	0.19818	0.19293	-0.55251	-0.35236	-0.20582
69910	0.19900	0.20265	0.22181	-0.17218	-0.15462	-0.15481	0.29184	0.23378	0.19907	-0.14136	-0.12527	-0.10938	0.19954	0.19526	0.19456	-0.55282	-0.35106	-0.20456
70080	0.20037	0.19976	0.22266	-0.17124	-0.15349	-0.15382	0.29245	0.23513	0.20243	-0.13979	-0.12421	-0.10924	0.19793	0.19672	0.19045	-0.55717	-0.35534	-0.20873
70240	0.19933	0.20030	0.22089	-0.17218	-0.15344	-0.15385	0.28922	0.23816	0.20139	-0.13928	-0.12278	-0.10770	0.19807	0.19608	0.19005	-0.55560	-0.35449	-0.20735
70410	0.19732	0.19829	0.22181	-0.17341	-0.15508	-0.15509	0.29123	0.23502	0.19948	-0.14085	-0.12429	-0.10935	0.20026	0.19400	0.19069	-0.55666	-0.35516	-0.20792
70570	0.19921	0.20071	0.22374	-0.17318	-0.15402	-0.15469	0.29485	0.23665	0.20138	-0.14025	-0.12381	-0.10886	0.19830	0.19652	0.18852	-0.55675	-0.35456	-0.20797
70740	0.19894	0.20225	0.22288	-0.17304	-0.15394	-0.15362	0.28863	0.23974	0.20290	-0.14030	-0.12296	-0.10892	0.19765	0.19603	0.19007	-0.55606	-0.35591	-0.20847
70900	0.19921	0.19899	0.22327	-0.17473	-0.15621	-0.15648	0.28993	0.23424	0.20094	-0.14214	-0.12665	-0.11194	0.19840	0.19627	0.19114	-0.55754	-0.35413	-0.20781	35.21	6.1	0.00	-2.04	0.01736	0.01205	0.01525	0.01872	0.01915	0.01499	0.00546	0.01517	0.02011	0.01905	0.01348	0.01714	0.01712	0.01767	0.01381	0.00577	0.01634	0.02186
71070	0.20018	0.20063	0.22317	-0.17330	-0.15531	-0.15643	0.29103	0.23590	0.19975	-0.14096	-0.12430	-0.11038	0.20255	0.19993	0.19530	-0.55088	-0.34942	-0.20385
71230	0.20352	0.20438	0.22771	-0.16847	-0.15006	-0.15158	0.29958	0.24169	0.20566	-0.13708	-0.12160	-0.10734	0.20281	0.19732	0.19180	-0.55476	-0.35250	-0.20630
71400	0.20031	0.19998	0.22352	-0.17268	-0.15425	-0.15484	0.28617	0.23845	0.20134	-0.14057	-0.12438	-0.11017	0.19808	0.19442	0.19000	-0.56000	-0.35688	-0.20994
71560	0.19778	0.19960	0.22400	-0.17492	-0.15427	-0.15440	0.28906	0.23734	0.20387	-0.13920	-0.12366	-0.10866	0.19858	0.19645	0.19186	-0.55612	-0.35433	-0.20815
71730	0.19837	0.19846	0.22110	-0.17440	-0.15555	-0.15738	0.29042	0.23397	0.20138	-0.14235	-0.12596	-0.11167	0.20061	0.19622	0.19158	-0.55516	-0.35209	-0.20514
71890	0.20192	0.20172	0.22209	-0.17147	-0.15295	-0.15347	0.29244	0.23613	0.20029	-0.14041	-0.12413	-0.10983	0.19757	0.19375	0.19059	-0.55824	-0.35605	-0.20954
72060	0.20105	0.20394	0.22452	-0.17051	-0.15068	-0.15039	0.28952	0.24511	0.20547	-0.13680	-0.12007	-0.10691	0.20289	0.19920	0.19194	-0.55134	-0.35123	-0.20487
72220	0.20109	0.20091	0.22502	-0.17130	-0.15289	-0.15318	0.29098	0.23866	0.20334	-0.13974	-0.12356	-0.10916	0.19883	0.19361	0.18974	-0.55723	-0.35470	-0.20897
72380	0.19878	0.20074	0.22232	-0.17332	-0.15401	-0.15412	0.28634	0.23747	0.20192	-0.14040	-0.12469	-0.10952	0.19825	0.19645	0.18947	-0.55614	-0.35505	-0.20863
72550	0.19684	0.20005	0.22230	-0.17368	-0.15436	-0.15519	0.28855	0.23850	0.20305	-0.14057	-0.12552	-0.11022	0.19759	0.19902	0.19007	-0.55706	-0.35477	-0.20843	35.21	6.1	0.00	-2.04	0.01736	0.01205	0.01525	0.01872	0.01915	0.01499	0.00546	0.01517	0.02011	0.01905	0.01348	0.01714	0.01712	0.01767	0.01381	0.00577	0.01634	0.02186
72710	0.20044	0.19901	0.22390	-0.17364	-0.15467	-0.15535	0.29044	0.23716	0.20236	-0.13999	-0.12418	-0.10960	0.19946	0.19765	0.19223	-0.55482	-0.35451	-0.20776
72880	0.20098	0.20055	0.22495	-0.17385	-0.15493	-0.15480	0.29949	0.23702	0.20326	-0.14027	-0.12525	-0.11029	0.20019	0.19792	0.19403	-0.55477	-0.35357	-0.20732
73050	0.20140	0.19994	0.22510	-0.17283	-0.15413	-0.15450	0.28811	0.23783	0.20293	-0.13940	-0.12385	-0.10947	0.19910	0.19596	0.19220	-0.55669	-0.35604	-0.20893
73210	0.20267	0.20390	0.22579	-0.17065	-0.15073	-0.15092	0.29404	0.24342	0.20462	-0.13652	-0.12113	-0.10600	0.20242	0.20001	0.19303	-0.55233	-0.35095	-0.20440
73380	0.20105	0.20165	0.22146	-0.17169	-0.15291	-0.15384	0.28957	0.23805	0.20305	-0.13942	-0.12364	-0.10946	0.19927	0.19671	0.19010	-0.55636	-0.35631	-0.20876
73540	0.20045	0.19739	0.22239	-0.17530	-0.15618	-0.15627	0.28738	0.23542	0.20100	-0.14161	-0.12544	-0.11118	0.20042	0.19744	0.19238	-0.55610	-0.35478	-0.20693
73710	0.19957	0.20015	0.22345	-0.17269	-0.15407	-0.15506	0.29268	0.23798	0.20249	-0.14001	-0.12457	-0.10936	0.19911	0.19770	0.19362	-0.55164	-0.35129	-0.20393
73870	0.20195	0.20172	0.22342	-0.16956	-0.15092	-0.15233	0.28894	0.24165	0.20492	-0.13797	-0.12219	-0.10763	0.19794	0.19547	0.18894	-0.55566	-0.35255	-0.20559
74040	0.19908	0.19914	0.22234	-0.17175	-0.15262	-0.15302	0.28435	0.23381	0.19924	-0.13880	-0.12291	-0.10860	0.19599	0.19296	0.18867	-0.55530	-0.35414	-0.20720
74200	0.19918	0.19841	0.22249	-0.17262	-0.15307	-0.15355	0.29076	0.23701	0.20322	-0.13842	-0.12302	-0.10853	0.19906	0.19639	0.19113	-0.55387	-0.35371	-0.20614	35.21	6.2	0.00	-2.04	0.01736	0.01205	0.01525	0.01872	0.01915	0.01499	0.00546	0.01517	0.02011	0.01905	0.01348	0.01714	0.01712	0.01767	0.01381	0.00577	0.01634	0.02186
74370	0.19946	0.19983	0.22093	-0.17255	-0.15518	-0.15531	0.28884	0.23365	0.20055	-0.14136	-0.12590	-0.11046	0.19804	0.19754	0.19147	-0.55250	-0.35075	-0.20359
74530	0.20180	0.20346	0.22353	-0.16964	-0.15194	-0.15328	0.28571	0.23970	0.20296	-0.13869	-0.12306	-0.10823	0.19825	0.19743	0.19279	-0.55453	-0.35395	-0.20647
74700	0.20035	0.19957	0.22094	-0.17244	-0.15362	-0.15387	0.28813	0.23823	0.20059	-0.13908	-0.12409	-0.10867	0.19727	0.19509	0.18855	-0.55647	-0.35519	-0.20760
74860	0.20050	0.20107	0.22411	-0.17094	-0.15144	-0.15194	0.28692	0.23889	0.20218	-0.13798	-0.12217	-0.10705	0.20055	0.19447	0.19160	-0.55301	-0.35202	-0.20538
75030	0.19979	0.20001	0.22163	-0.17165	-0.15332	-0.15392	0.29545	0.23810	0.20306	-0.13943	-0.12423	-0.10930	0.19733	0.19755	0.19106	-0.55508	-0.35354	-0.20635
75190	0.20099	0.19867	0.22498	-0.17128	-0.15337	-0.15342	0.29358	0.23921	0.20363	-0.13893	-0.12342	-0.10803	0.19980	0.19596	0.19133	-0.55365	-0.35267	-0.20587
75360	0.20091	0.20162	0.22276	-0.17215	-0.15329	-0.15385	0.28762	0.23806	0.20189	-0.13884	-0.12349	-0.10839	0.19658	0.19540	0.18944	-0.55596	-0.35520	-0.20794
75520	0.20001	0.20274	0.22429	-0.16994	-0.15103	-0.15118	0.29594	0.23993	0.20437	-0.13637	-0.12097	-0.10598	0.20176	0.19976	0.19180	-0.55207	-0.35123	-0.20451
75690	0.20197	0.19970	0.22289	-0.17112	-0.15275	-0.15387	0.29018	0.23439	0.20310	-0.13909	-0.12325	-0.10831	0.19905	0.19601	0.19086	-0.55391	-0.35354	-0.20721
75850	0.19506	0.19362	0.21871	-0.16940	-0.15066	-0.15118	0.27785	0.22985	0.19426	-0.13669	-0.12176	-0.10650	0.19080	0.19030	0.18387	-0.55254	-0.35060	-0.20345	35.21	6.1	0.00	-2.04	0.01736	0.01205	0.01524	0.01872	0.01916	0.01499	0.00546	0.01516	0.02010	0.01906	0.01348	0.01714	0.01711	0.01766	0.01380	0.00577	0.01634	0.02187
76020	0.19486	0.19599	0.21754	-0.16927	-0.15088	-0.15130	0.28078	0.23084	0.19429	-0.13752	-0.12237	-0.10748	0.19327	0.19419	0.18782	-0.54926	-0.34826	-0.20192
76180	0.19628	0.19898	0.21978	-0.16825	-0.14937	-0.14943	0.28394	0.23086	0.19660	-0.13608	-0.12093	-0.10555	0.19358	0.19265	0.18515	-0.55058	-0.34951	-0.20320
76350	0.19684	0.19706	0.22147	-0.16959	-0.14918	-0.14978	0.28555	0.23306	0.20087	-0.13506	-0.11913	-0.10495	0.19604	0.19426	0.18670	-0.55152	-0.34904	-0.20249
76510	0.19576	0.19772	0.21984	-0.17000	-0.15202	-0.15298	0.28164	0.23111	0.19605	-0.13871	-0.12405	-0.10746	0.19581	0.19567	0.19285	-0.55223	-0.34982	-0.20305
76680	0.20255	0.20330	0.22449	-0.17013	-0.15186	-0.15274	0.29014	0.24536	0.20936	-0.13935	-0.12442	-0.10959	0.20812	0.21069	0.20538	-0.55928	-0.35853	-0.21123
76850	0.21273	0.21497	0.23650	-0.17895	-0.16081	-0.16073	0.31449	0.26620	0.23121	-0.14596	-0.13085	-0.11568	0.23098	0.23096	0.22546	-0.57087	-0.36998	-0.22232
77010	0.23010	0.23130	0.25547	-0.19124	-0.17164	-0.17162	0.35232	0.29590	0.26121	-0.15399	-0.13912	-0.12365	0.26238	0.25688	0.24897	-0.58579	-0.38399	-0.23405
77170	0.25112	0.24904	0.26863	-0.20049	-0.18053	-0.17782	0.37503	0.30852	0.26180	-0.15916	-0.14288	-0.12655	0.25744	0.24199	0.23407	-0.59085	-0.38517	-0.23333
77330	0.23132	0.22283	0.24198	-0.19565	-0.17643	-0.17373	0.32295	0.25775	0.21300	-0.15256	-0.13710	-0.11965	0.20494	0.19166	0.18589	-0.57122	-0.36683	-0.21734
77490	0.18278	0.18144	0.20147	-0.17483	-0.15639	-0.15245	0.25056	0.19942	0.16740	-0.13642	-0.12152	-0.10625	0.16703	0.16920	0.17006	-0.54918	-0.34814	-0.20400	35.21	5.8	0.00	-2.04	0.01734	0.01204	0.01524	0.01873	0.01917	0.01500	0.00545	0.01514	0.02008	0.01906	0.01348	0.01715	0.01710	0.01765	0.01379	0.00578	0.01635	0.02188
77670	0.18961	0.19762	0.22329	-0.16437	-0.14648	-0.14848	0.30064	0.25121	0.22267	-0.13369	-0.12059	-0.10782	0.22932	0.23394	0.23092	-0.55800	-0.35987	-0.21447
77830	0.24050	0.24384	0.26414	-0.18388	-0.16452	-0.16357	0.36015	0.30998	0.26859	-0.14844	-0.13312	-0.11863	0.27028	0.26043	0.25298	-0.57768	-0.37679	-0.22695
77980	0.25097	0.24511	0.26265	-0.19123	-0.17079	-0.16859	0.35545	0.28527	0.23754	-0.15162	-0.13405	-0.11723	0.22865	0.21142	0.20330	-0.56997	-0.36300	-0.21378
78150	0.20407	0.19915	0.21906	-0.17727	-0.15811	-0.15550	0.28449	0.22172	0.18631	-0.13946	-0.12323	-0.10779	0.18512	0.18462	0.17855	-0.55355	-0.35373	-0.20777
78310	0.19408	0.19921	0.22398	-0.17700	-0.15827	-0.15976	0.28990	0.24601	0.21805	-0.14563	-0.13054	-0.11606	0.22132	0.22636	0.22569	-0.57392	-0.37381	-0.22646
78480	0.24325	0.24838	0.26789	-0.18873	-0.16787	-0.16706	0.36891	0.31709	0.27412	-0.14981	-0.13508	-0.11965	0.27299	0.26439	0.25378	-0.57877	-0.37761	-0.22893
78630	0.25270	0.24738	0.26839	-0.19350	-0.17440	-0.17205	0.36204	0.29841	0.25176	-0.15288	-0.13698	-0.11895	0.24781	0.23247	0.22487	-0.57764	-0.37437	-0.22364
78790	0.22389	0.21958	0.24042	-0.18668	-0.16766	-0.16495	0.31407	0.25246	0.21174	-0.14775	-0.13122	-0.11408	0.21347	0.20302	0.19888	-0.56601	-0.36369	-0.21516
78950	0.20539	0.20181	0.22367	-0.18128	-0.16237	-0.16067	0.28931	0.22947	0.19448	-0.14505	-0.12869	-0.11201	0.19405	0.18747	0.18168	-0.56314	-0.36119	-0.21311
79110	0.19642	0.19424	0.21804	-0.18102	-0.16247	-0.16141	0.28022	0.22507	0.19172	-0.14588	-0.13018	-0.11346	0.19825	0.19262	0.19063	-0.55925	-0.35511	-0.20668	35.21	6.2	0.00	-2.04	0.01735	0.01204	0.01524	0.01873	0.01916	0.01499	0.00546	0.01515	0.02009	0.01906	0.01348	0.01715	0.01710	0.01765	0.01379	0.00577	0.01635	0.02187
79270	0.19875	0.19781	0.21715	-0.17134	-0.15340	-0.15328	0.27993	0.22561	0.18982	-0.13824	-0.12251	-0.10638	0.18750	0.18327	0.17992	-0.55475	-0.35132	-0.20379
79440	0.18830	0.18854	0.21141	-0.16825	-0.14944	-0.15004	0.26963	0.21567	0.18461	-0.13562	-0.11999	-0.10491	0.18525	0.18519	0.18018	-0.54920	-0.34777	-0.20090
79600	0.18758	0.19110	0.21142	-0.16753	-0.15036	-0.15100	0.27252	0.21934	0.18429	-0.13672	-0.12063	-0.10513	0.18686	0.18986	0.18580	-0.54339	-0.34079	-0.19385
79770	0.19417	0.19439	0.21701	-0.15965	-0.14257	-0.14463	0.27475	0.22545	0.19141	-0.13049	-0.11523	-0.09989	0.18676	0.18716	0.18303	-0.54455	-0.34248	-0.19622
79930	0.19213	0.19234	0.21780	-0.16261	-0.14508	-0.14613	0.27774	0.22486	0.18969	-0.13235	-0.11709	-0.10085	0.18711	0.18475	0.17913	-0.54711	-0.34447	-0.19898
80100	0.19181	0.19247	0.21703	-0.16055	-0.14163	-0.14286	0.28681	0.22588	0.19259	-0.13008	-0.11351	-0.09829	0.18814	0.18787	0.18188	-0.54176	-0.34051	-0.19567
80260	0.18980	0.19017	0.21498	-0.16179	-0.14386	-0.14575	0.27043	0.22462	0.18818	-0.13226	-0.11688	-0.10174	0.18569	0.18440	0.17756	-0.54586	-0.34471	-0.19883
80430	0.18843	0.19107	0.21571	-0.16388	-0.14486	-0.14566	0.27519	0.22394	0.18934	-0.13136	-0.11574	-0.10113	0.18818	0.18454	0.17917	-0.54429	-0.34349	-0.19720
80590	0.19100	0.19056	0.21541	-0.16266	-0.14485	-0.14647	0.27526	0.22034	0.18653	-0.13279	-0.11727	-0.10330	0.18536	0.18626	0.18120	-0.54467	-0.34236	-0.19651
80760	0.19346	0.19380	0.21556	-0.16347	-0.14604	-0.14778	0.27406	0.22466	0.19098	-0.13305	-0.11815	-0.10332	0.18620	0.18683	0.18023	-0.54923	-0.34724	-0.20186	35.21	6.0	0.00	-2.04	0.01736	0.01205	0.01524	0.01872	0.01916	0.01499	0.00546	0.01516	0.02010	0.01906	0.01348	0.01715	0.01711	0.01766	0.01380	0.00577	0.01634	0.02187
80920	0.19157	0.19290	0.21768	-0.16560	-0.14567	-0.14669	0.27921	0.22665	0.19457	-0.13146	-0.11647	-0.10210	0.19047	0.18870	0.18165	-0.54566	-0.34274	-0.19826
81090	0.19223	0.19151	0.21639	-0.16441	-0.14678	-0.14853	0.27758	0.22471	0.19136	-0.13417	-0.11847	-0.10460	0.19127	0.19046	0.18553	-0.54383	-0.34007	-0.19423
81250	0.19468	0.19598	0.21775	-0.16082	-0.14311	-0.14539	0.28268	0.22716	0.19566	-0.13126	-0.11608	-0.10139	0.19031	0.18794	0.18136	-0.54577	-0.34390	-0.19849
81420	0.19279	0.19550	0.21577	-0.16443	-0.14563	-0.14713	0.27326	0.22862	0.19267	-0.13336	-0.11819	-0.10313	0.18697	0.18535	0.18150	-0.54843	-0.34599	-0.20028
81580	0.19331	0.19354	0.21529	-0.16336	-0.14498	-0.14539	0.27838	0.22683	0.19256	-0.13156	-0.11637	-0.10123	0.19100	0.18799	0.18286	-0.54480	-0.34401	-0.19856
81750	0.19280	0.19231	0.21597	-0.16473	-0.14681	-0.14903	0.27246	0.22316	0.18830	-0.13463	-0.11908	-0.10439	0.18960	0.18685	0.18682	-0.54172	-0.34131	-0.19519
81910	0.19604	0.19478	0.21800	-0.16140	-0.14353	-0.14518	0.27957	0.22869	0.19469	-0.13139	-0.11649	-0.10121	0.19057	0.18875	0.18356	-0.54524	-0.34407	-0.19850
82080	0.19416	0.19434	0.21820	-0.16316	-0.14494	-0.14655	0.28171	0.22940	0.19413	-0.13233	-0.11719	-0.10224	0.18863	0.18770	0.18272	-0.54652	-0.34554	-0.19995
82250	0.19565	0.19766	0.22122	-0.16218	-0.14409	-0.14572	0.28533	0.23644	0.20280	-0.13146	-0.11693	-0.10244	0.19722	0.19717	0.19555	-0.54828	-0.34816	-0.20270
82410	0.20366	0.20695	0.23004	-0.16638	-0.14813	-0.14910	0.30533	0.24749	0.21566	-0.13490	-0.11985	-0.10554	0.21156	0.21005	0.20657	-0.55560	-0.35470	-0.20772	35.21	5.9	0.00	-2.04	0.01735	0.01204	0.01524	0.01873	0.01916	0.01499	0.00546	0.01516	0.02009	0.01906	0.01348	0.01715	0.01710	0.01765	0.01379	0.00577	0.01635	0.02187
82580	0.21546	0.21722	0.24173	-0.17316	-0.15445	-0.15538	0.32242	0.27105	0.23402	-0.13969	-0.12423	-0.10990	0.23333	0.23373	0.23177	-0.56266	-0.36321	-0.21678
82740	0.23508	0.23498	0.25785	-0.18256	-0.16412	-0.16358	0.35126	0.29634	0.25696	-0.14667	-0.13094	-0.11571	0.25791	0.24884	0.24236	-0.57620	-0.37341	-0.22477
82900	0.24315	0.23654	0.25707	-0.18886	-0.16957	-0.16631	0.34412	0.28110	0.23138	-0.14847	-0.13214	-0.11387	0.22071	0.20478	0.19329	-0.56467	-0.36150	-0.21243
83060	0.19554	0.19243	0.21583	-0.17315	-0.15386	-0.15311	0.27682	0.21559	0.18444	-0.13745	-0.12119	-0.10558	0.18420	0.18351	0.17868	-0.55391	-0.35120	-0.20539
83220	0.19389	0.19807	0.21968	-0.17024	-0.15235	-0.15307	0.27983	0.23081	0.19916	-0.13826	-0.12280	-0.10682	0.20074	0.19930	0.19479	-0.55313	-0.34947	-0.20305
83390	0.20436	0.20705	0.22882	-0.16774	-0.14950	-0.14995	0.29827	0.24340	0.20647	-0.13531	-0.11946	-0.10380	0.20377	0.19888	0.19233	-0.55155	-0.35000	-0.20392
83550	0.19965	0.19791	0.21762	-0.17005	-0.15179	-0.15189	0.28080	0.22810	0.19058	-0.13673	-0.12036	-0.10508	0.19330	0.18738	0.18220	-0.54687	-0.34519	-0.19845
