WetView ver 7.1	07-11-2019	21:28:43
AC9 Absorption and Attenuation Meter
00000311		; Serial number
2	; structure version number
Reserved
0.000000	0.000000		; Depth calibration
19200			; Baud rate
0.100000			; Path length (meters)
23			; number of temperature calibration bins
				12.61517	13.44096	14.46844	15.49904	16.50682	17.50108	18.49752	19.51783	20.49177	21.49009	22.48286	23.50673	24.54012	25.54812	26.49986	27.49321	28.50960	29.48671	30.47471	31.49432	32.50437	33.48679	34.49133	; temperature bins
a650	Blue	18.61587		0.01156	0.01096	0.01010	0.00930	0.00851	0.00774	0.00661	0.00573	0.00499	0.00402	0.00285	0.00203	0.00096	0.00000	-0.00110	-0.00152	-0.00210	-0.00247	-0.00259	-0.00317	-0.00346	-0.00380	-0.00403		; offset and temperature correction info
a676	Green	18.78942		0.00964	0.00899	0.00863	0.00813	0.00730	0.00639	0.00545	0.00448	0.00385	0.00301	0.00233	0.00165	0.00046	0.00000	-0.00106	-0.00167	-0.00251	-0.00280	-0.00316	-0.00329	-0.00377	-0.00392	-0.00441		; offset and temperature correction info
a715	Brown	18.59217		0.01171	0.01109	0.01043	0.00975	0.00878	0.00789	0.00685	0.00572	0.00469	0.00356	0.00255	0.00160	0.00061	0.00000	-0.00063	-0.00113	-0.00152	-0.00183	-0.00226	-0.00293	-0.00364	-0.00404	-0.00473		; offset and temperature correction info
c510	Red	18.18396		-0.00549	-0.00480	-0.00383	-0.00272	-0.00202	-0.00118	-0.00044	-0.00038	-0.00015	-0.00021	0.00013	0.00007	-0.00007	0.00000	-0.00007	-0.00065	-0.00045	-0.00018	0.00007	0.00039	-0.00001	-0.00002	-0.00045		; offset and temperature correction info
c532	Magenta	18.26528		-0.00721	-0.00645	-0.00581	-0.00518	-0.00465	-0.00345	-0.00281	-0.00270	-0.00182	-0.00141	-0.00108	-0.00072	-0.00022	0.00000	0.00044	0.00030	0.00031	-0.00006	-0.00052	-0.00089	-0.00142	-0.00149	-0.00154		; offset and temperature correction info
c555	Black	18.37125		-0.00430	-0.00419	-0.00381	-0.00319	-0.00286	-0.00254	-0.00205	-0.00196	-0.00138	-0.00137	-0.00067	-0.00051	-0.00030	0.00000	0.00067	0.00087	0.00057	0.00027	-0.00015	-0.00089	-0.00127	-0.00137	-0.00150		; offset and temperature correction info
a412	LtBlue	15.33566		-0.06011	-0.05567	-0.05012	-0.04441	-0.03922	-0.03412	-0.02941	-0.02503	-0.02049	-0.01588	-0.01121	-0.00784	-0.00311	0.00000	0.00273	0.00611	0.00757	0.00871	0.01066	0.01299	0.01539	0.01781	0.02175		; offset and temperature correction info
a440	LtGreen	16.05925		-0.01380	-0.01214	-0.01039	-0.00858	-0.00690	-0.00532	-0.00426	-0.00322	-0.00230	-0.00158	-0.00055	0.00006	0.00001	0.00000	0.00017	0.00016	-0.00094	-0.00222	-0.00363	-0.00486	-0.00567	-0.00651	-0.00782		; offset and temperature correction info
a488	Yellow	16.82827		0.00255	0.00293	0.00331	0.00354	0.00373	0.00378	0.00363	0.00350	0.00291	0.00225	0.00215	0.00142	0.00099	0.00000	-0.00092	-0.00169	-0.00295	-0.00396	-0.00479	-0.00542	-0.00582	-0.00604	-0.00663		; offset and temperature correction info
c650	Blue	18.49287		-0.00570	-0.00516	-0.00456	-0.00403	-0.00346	-0.00232	-0.00132	-0.00122	-0.00073	-0.00066	-0.00035	-0.00016	0.00003	0.00000	0.00044	0.00078	0.00108	0.00057	0.00040	-0.00042	-0.00033	-0.00029	-0.00034		; offset and temperature correction info
c676	Green	18.50570		0.00299	0.00293	0.00287	0.00293	0.00278	0.00294	0.00317	0.00251	0.00243	0.00215	0.00139	0.00123	0.00068	0.00000	-0.00041	-0.00106	-0.00205	-0.00268	-0.00325	-0.00413	-0.00495	-0.00610	-0.00674		; offset and temperature correction info
c715	Brown	17.88888		0.00826	0.00812	0.00773	0.00790	0.00766	0.00758	0.00753	0.00650	0.00571	0.00461	0.00359	0.00222	0.00101	0.00000	-0.00146	-0.00284	-0.00385	-0.00448	-0.00463	-0.00513	-0.00623	-0.00715	-0.00838		; offset and temperature correction info
a510	Red	17.18050		0.00353	0.00364	0.00354	0.00361	0.00381	0.00381	0.00356	0.00332	0.00277	0.00229	0.00176	0.00116	0.00036	0.00000	-0.00014	-0.00069	-0.00088	-0.00147	-0.00150	-0.00129	-0.00120	-0.00134	-0.00091		; offset and temperature correction info
a532	Magenta	17.40228		0.00550	0.00548	0.00526	0.00479	0.00464	0.00422	0.00393	0.00328	0.00253	0.00212	0.00136	0.00085	0.00039	0.00000	-0.00059	-0.00146	-0.00188	-0.00262	-0.00330	-0.00393	-0.00491	-0.00540	-0.00605		; offset and temperature correction info
a555	Black	17.72308		0.00849	0.00832	0.00800	0.00760	0.00724	0.00655	0.00580	0.00495	0.00435	0.00347	0.00252	0.00153	0.00049	0.00000	-0.00050	-0.00155	-0.00214	-0.00306	-0.00350	-0.00411	-0.00470	-0.00539	-0.00570		; offset and temperature correction info
c412	LtBlue	16.72802		-0.05949	-0.05458	-0.04744	-0.04134	-0.03547	-0.03064	-0.02511	-0.02047	-0.01574	-0.01163	-0.00761	-0.00442	-0.00204	0.00000	0.00100	0.00051	-0.00043	-0.00239	-0.00475	-0.00629	-0.00827	-0.00955	-0.01337		; offset and temperature correction info
c440	LtGreen	17.42637		-0.02723	-0.02503	-0.02216	-0.01930	-0.01691	-0.01394	-0.01125	-0.00926	-0.00732	-0.00582	-0.00401	-0.00226	-0.00093	0.00000	0.00082	0.00123	0.00133	0.00097	0.00038	-0.00003	-0.00022	-0.00023	-0.00125		; offset and temperature correction info
c488	Yellow	18.03666		-0.00640	-0.00554	-0.00465	-0.00357	-0.00276	-0.00154	-0.00067	-0.00031	-0.00014	-0.00012	0.00046	0.00032	0.00020	0.00000	0.00001	-0.00024	-0.00060	-0.00084	-0.00126	-0.00180	-0.00276	-0.00304	-0.00427		; offset and temperature correction info
0.003500	0.004000	0.015000	0.020000	0.015000	0.020000	2500.000000	2000.000000	1000.000000	; maxANoise	maxCNoise	maxADifference	maxCDifference	minACounts	minCCounts	minRCounts	maxTempSdev	maxDepthSdev
0			; auxilliary capabilities
1			; acquisition binsize
0	0.20163	0.20142	0.22166	-0.17760	-0.15506	-0.15626	0.26229	0.20943	0.18875	-0.13976	-0.12548	-0.11583	0.18322	0.18280	0.18588	-0.58418	-0.36519	-0.21357	29.55	6.0	0.00	-2.04	0.01750	0.01210	0.01529	0.01910	0.01956	0.01527	0.00551	0.01524	0.02025	0.01941	0.01367	0.01735	0.01719	0.01777	0.01387	0.00597	0.01676	0.02241
170	0.20243	0.19950	0.22005	-0.17664	-0.15407	-0.15494	0.26418	0.21126	0.18991	-0.13937	-0.12530	-0.11621	0.18385	0.18263	0.18597	-0.58501	-0.36515	-0.21356
340	0.20386	0.20108	0.22258	-0.17589	-0.15428	-0.15528	0.26843	0.20962	0.18945	-0.13897	-0.12521	-0.11663	0.18362	0.18476	0.18373	-0.58359	-0.36441	-0.21375
500	0.20190	0.19949	0.22406	-0.17612	-0.15394	-0.15443	0.26864	0.21242	0.18970	-0.13834	-0.12496	-0.11662	0.18340	0.18324	0.18479	-0.58215	-0.36398	-0.21326
670	0.20255	0.20053	0.22337	-0.17620	-0.15387	-0.15498	0.26231	0.20932	0.19045	-0.13843	-0.12486	-0.11660	0.18524	0.18391	0.18743	-0.58430	-0.36444	-0.21357
840	0.20281	0.19963	0.22350	-0.17588	-0.15377	-0.15437	0.26994	0.21155	0.19004	-0.13794	-0.12457	-0.11624	0.18335	0.18319	0.18793	-0.58345	-0.36379	-0.21295
1000	0.20139	0.20131	0.22386	-0.17604	-0.15398	-0.15410	0.26629	0.20995	0.18991	-0.13857	-0.12522	-0.11613	0.18365	0.18456	0.18675	-0.58342	-0.36402	-0.21350
1170	0.20433	0.20012	0.22421	-0.17527	-0.15337	-0.15434	0.26373	0.21044	0.18990	-0.13824	-0.12471	-0.11586	0.18392	0.18546	0.18532	-0.58329	-0.36533	-0.21314
1340	0.20384	0.19992	0.22261	-0.17516	-0.15336	-0.15392	0.26684	0.21499	0.18978	-0.13780	-0.12492	-0.11585	0.18294	0.18654	0.18602	-0.58202	-0.36422	-0.21264
1500	0.20321	0.20032	0.22382	-0.17579	-0.15347	-0.15427	0.26941	0.21294	0.18961	-0.13813	-0.12444	-0.11579	0.18240	0.18385	0.18655	-0.58313	-0.36486	-0.21336
404880	0.24053	0.22557	0.25160	-0.13811	-0.11940	-0.12666	0.30526	0.25117	0.21725	-0.11793	-0.10480	-0.09633	0.20148	0.20343	0.21326	-0.51187	-0.31459	-0.17658	32.31	6.1	0.00	-2.04	0.01741	0.01206	0.01526	0.01904	0.01948	0.01522	0.00549	0.01520	0.02015	0.01932	0.01363	0.01732	0.01712	0.01769	0.01382	0.00595	0.01672	0.02230
405040	0.23967	0.22483	0.25264	-0.13867	-0.11921	-0.12643	0.30233	0.25411	0.21821	-0.11742	-0.10446	-0.09549	0.20344	0.20536	0.21616	-0.51041	-0.31228	-0.17415
405210	0.24102	0.22896	0.25570	-0.13580	-0.11587	-0.12268	0.30629	0.25713	0.22150	-0.11399	-0.10184	-0.09375	0.20515	0.20824	0.21738	-0.50713	-0.31081	-0.17338
405380	0.24202	0.22563	0.25571	-0.13560	-0.11561	-0.12346	0.31348	0.25739	0.22182	-0.11395	-0.10189	-0.09413	0.20338	0.20625	0.21459	-0.50902	-0.31095	-0.17346
405540	0.24228	0.22758	0.25491	-0.13542	-0.11626	-0.12380	0.30226	0.25486	0.21927	-0.11513	-0.10125	-0.09392	0.20689	0.20717	0.21944	-0.50650	-0.30963	-0.17352
405710	0.24070	0.22692	0.25579	-0.13551	-0.11677	-0.12317	0.31072	0.25674	0.22052	-0.11462	-0.10187	-0.09484	0.20512	0.20642	0.21644	-0.50709	-0.31067	-0.17343
405880	0.24120	0.22557	0.25282	-0.13579	-0.11664	-0.12451	0.30579	0.25507	0.22017	-0.11547	-0.10254	-0.09472	0.20537	0.20832	0.21459	-0.50652	-0.31012	-0.17295
406040	0.24101	0.22623	0.25219	-0.13558	-0.11684	-0.12499	0.31164	0.25382	0.21745	-0.11634	-0.10407	-0.09601	0.20711	0.20903	0.21966	-0.50525	-0.30706	-0.17024
406210	0.24333	0.22897	0.25627	-0.13229	-0.11414	-0.12222	0.31193	0.25489	0.22072	-0.11463	-0.10164	-0.09315	0.20602	0.20832	0.21833	-0.50375	-0.30697	-0.16984
406370	0.24253	0.22789	0.25278	-0.13227	-0.11419	-0.12217	0.30946	0.25637	0.22108	-0.11445	-0.10188	-0.09340	0.20674	0.20574	0.21595	-0.50686	-0.30956	-0.17299
406540	0.23815	0.22455	0.25033	-0.13509	-0.11687	-0.12491	0.30570	0.25243	0.21698	-0.11658	-0.10440	-0.09546	0.20212	0.20453	0.21236	-0.51026	-0.31277	-0.17483	32.36	6.0	0.00	-2.04	0.01741	0.01206	0.01526	0.01904	0.01948	0.01522	0.00549	0.01520	0.02015	0.01932	0.01363	0.01732	0.01712	0.01769	0.01382	0.00595	0.01672	0.02230
406700	0.23429	0.22394	0.25146	-0.13652	-0.11676	-0.12467	0.30232	0.25444	0.21676	-0.11666	-0.10326	-0.09416	0.20229	0.20189	0.21190	-0.51036	-0.31295	-0.17569
406870	0.23749	0.22523	0.25296	-0.13403	-0.11440	-0.12210	0.31141	0.25577	0.22024	-0.11376	-0.10106	-0.09257	0.20419	0.20749	0.21496	-0.50697	-0.30958	-0.17266
407040	0.23635	0.22323	0.24981	-0.13544	-0.11650	-0.12406	0.30387	0.25273	0.21721	-0.11623	-0.10292	-0.09455	0.20241	0.20359	0.21219	-0.50986	-0.31315	-0.17586
407200	0.23586	0.21998	0.24883	-0.13883	-0.12042	-0.12819	0.29635	0.24950	0.21305	-0.11934	-0.10629	-0.09808	0.20061	0.20511	0.21197	-0.51225	-0.31290	-0.17529
407370	0.23815	0.22505	0.25142	-0.13612	-0.11594	-0.12346	0.30259	0.25620	0.21969	-0.11445	-0.10134	-0.09425	0.20535	0.20613	0.21495	-0.50663	-0.31065	-0.17385
407540	0.23748	0.22563	0.25216	-0.13540	-0.11601	-0.12339	0.30085	0.25566	0.21858	-0.11502	-0.10258	-0.09536	0.20490	0.20726	0.21686	-0.50799	-0.31089	-0.17377
407700	0.23809	0.22580	0.25140	-0.13569	-0.11652	-0.12396	0.30541	0.25298	0.21911	-0.11594	-0.10317	-0.09462	0.20337	0.20501	0.21465	-0.50860	-0.31195	-0.17418
407870	0.23713	0.22425	0.25162	-0.13590	-0.11671	-0.12412	0.30179	0.25282	0.21679	-0.11600	-0.10341	-0.09531	0.20270	0.20392	0.21307	-0.50838	-0.31166	-0.17435
408030	0.23697	0.22258	0.24812	-0.13653	-0.11811	-0.12624	0.30534	0.24909	0.21744	-0.11743	-0.10502	-0.09645	0.20503	0.20803	0.21661	-0.50533	-0.30838	-0.17116
408200	0.24133	0.22651	0.25326	-0.13345	-0.11501	-0.12313	0.30758	0.25693	0.21810	-0.11499	-0.10165	-0.09420	0.20457	0.20736	0.21569	-0.50619	-0.30876	-0.17142	32.36	6.1	0.00	-2.04	0.01741	0.01206	0.01526	0.01904	0.01948	0.01522	0.00549	0.01519	0.02015	0.01932	0.01363	0.01732	0.01712	0.01769	0.01382	0.00595	0.01672	0.02230
408370	0.24125	0.22529	0.25215	-0.13470	-0.11575	-0.12459	0.30342	0.25103	0.21959	-0.11574	-0.10280	-0.09484	0.20386	0.20687	0.21427	-0.50783	-0.30882	-0.17144
408530	0.23894	0.22680	0.25136	-0.13511	-0.11628	-0.12518	0.30477	0.25244	0.21858	-0.11598	-0.10264	-0.09465	0.20151	0.20562	0.21348	-0.50933	-0.31271	-0.17441
408700	0.23663	0.22318	0.25079	-0.13606	-0.11630	-0.12511	0.30332	0.25434	0.21944	-0.11512	-0.10238	-0.09438	0.20338	0.20601	0.21313	-0.50819	-0.31196	-0.17460
408870	0.23807	0.22414	0.25262	-0.13599	-0.11681	-0.12590	0.30117	0.25332	0.21813	-0.11647	-0.10311	-0.09516	0.20173	0.20309	0.21281	-0.51096	-0.31355	-0.17627
409030	0.24065	0.22532	0.25554	-0.13388	-0.11423	-0.12232	0.31344	0.25903	0.22205	-0.11320	-0.09938	-0.09311	0.20592	0.20888	0.21654	-0.50526	-0.30895	-0.17197
409200	0.23849	0.22535	0.25186	-0.13394	-0.11521	-0.12347	0.30635	0.25734	0.21849	-0.11438	-0.10173	-0.09402	0.20476	0.20484	0.21501	-0.50805	-0.31097	-0.17430
409360	0.23711	0.22380	0.25134	-0.13629	-0.11711	-0.12527	0.30889	0.25409	0.21826	-0.11621	-0.10344	-0.09554	0.20155	0.20231	0.21124	-0.51051	-0.31328	-0.17614
409530	0.23750	0.22384	0.25190	-0.13767	-0.11619	-0.12348	0.30756	0.25748	0.21946	-0.11468	-0.10149	-0.09397	0.20347	0.20615	0.21275	-0.50757	-0.31139	-0.17379
409690	0.23758	0.22347	0.25183	-0.13607	-0.11615	-0.12538	0.30947	0.25242	0.21561	-0.11625	-0.10370	-0.09617	0.20322	0.20471	0.21379	-0.50933	-0.31260	-0.17436
409860	0.23826	0.22394	0.25252	-0.13621	-0.11762	-0.12547	0.30341	0.25043	0.21748	-0.11685	-0.10331	-0.09648	0.20459	0.20676	0.21425	-0.50557	-0.30975	-0.17196	32.36	6.1	0.00	-2.04	0.01741	0.01206	0.01526	0.01903	0.01948	0.01522	0.00549	0.01519	0.02015	0.01932	0.01363	0.01732	0.01712	0.01769	0.01382	0.00595	0.01672	0.02230
410030	0.24093	0.22625	0.25324	-0.13481	-0.11626	-0.12482	0.29976	0.25424	0.21755	-0.11627	-0.10301	-0.09498	0.20474	0.20601	0.21331	-0.50764	-0.31057	-0.17347
410190	0.23877	0.22338	0.25088	-0.13561	-0.11677	-0.12524	0.30329	0.25455	0.21740	-0.11586	-0.10247	-0.09479	0.20381	0.20412	0.21550	-0.50998	-0.31124	-0.17396
410360	0.23858	0.22411	0.25440	-0.13599	-0.11650	-0.12430	0.30842	0.25501	0.21704	-0.11621	-0.10241	-0.09494	0.20067	0.20431	0.21384	-0.51207	-0.31364	-0.17639
410520	0.24066	0.22694	0.25611	-0.13345	-0.11363	-0.12097	0.30902	0.25894	0.22224	-0.11253	-0.09850	-0.09128	0.20751	0.20694	0.21655	-0.50338	-0.30720	-0.17069
410690	0.24248	0.22511	0.25345	-0.13313	-0.11379	-0.12185	0.30563	0.25573	0.22091	-0.11344	-0.09994	-0.09306	0.20542	0.20504	0.21267	-0.50716	-0.30943	-0.17253
410850	0.23814	0.22277	0.25119	-0.13486	-0.11710	-0.12454	0.30537	0.25230	0.21503	-0.11679	-0.10287	-0.09589	0.20206	0.20445	0.21137	-0.50998	-0.31245	-0.17535
411020	0.23664	0.22193	0.24969	-0.13797	-0.11881	-0.12657	0.30476	0.25114	0.21486	-0.11697	-0.10372	-0.09607	0.20147	0.20407	0.21449	-0.50888	-0.31160	-0.17382
411190	0.23999	0.22502	0.25071	-0.13593	-0.11669	-0.12366	0.30626	0.25321	0.21657	-0.11498	-0.10180	-0.09456	0.20448	0.20285	0.21509	-0.50813	-0.31206	-0.17503
411350	0.23725	0.22480	0.25141	-0.13657	-0.11694	-0.12416	0.30520	0.25623	0.21805	-0.11491	-0.10176	-0.09438	0.20293	0.20428	0.21271	-0.50871	-0.31277	-0.17533
411520	0.23898	0.22691	0.25054	-0.13399	-0.11436	-0.12104	0.30816	0.25743	0.21978	-0.11407	-0.10061	-0.09273	0.20539	0.20768	0.21461	-0.50680	-0.30939	-0.17280	32.36	6.0	0.00	-2.04	0.01741	0.01206	0.01526	0.01903	0.01948	0.01522	0.00549	0.01519	0.02015	0.01932	0.01363	0.01732	0.01712	0.01769	0.01382	0.00595	0.01672	0.02230
411680	0.23934	0.22511	0.25455	-0.13488	-0.11619	-0.12353	0.31438	0.25478	0.21819	-0.11549	-0.10188	-0.09380	0.20392	0.20373	0.21507	-0.50748	-0.31131	-0.17413
411850	0.23874	0.22434	0.25119	-0.13542	-0.11660	-0.12415	0.31278	0.25273	0.22013	-0.11565	-0.10250	-0.09466	0.20377	0.20404	0.21201	-0.50990	-0.31341	-0.17564
412020	0.23774	0.22378	0.25318	-0.13748	-0.11663	-0.12343	0.30836	0.25783	0.22084	-0.11436	-0.10138	-0.09296	0.20448	0.20633	0.21666	-0.50840	-0.31057	-0.17336
412180	0.23885	0.22509	0.25355	-0.13569	-0.11683	-0.12386	0.31075	0.25404	0.21942	-0.11527	-0.10170	-0.09339	0.20403	0.20624	0.21539	-0.50958	-0.31154	-0.17446
412350	0.23863	0.22495	0.25291	-0.13604	-0.11657	-0.12474	0.30499	0.25350	0.21874	-0.11568	-0.10219	-0.09458	0.20382	0.20464	0.21534	-0.50632	-0.31104	-0.17374
412510	0.23774	0.22438	0.25164	-0.13657	-0.11835	-0.12603	0.30311	0.25252	0.21688	-0.11737	-0.10398	-0.09632	0.20433	0.20820	0.21937	-0.50526	-0.30800	-0.17135
412680	0.24179	0.22526	0.25324	-0.13361	-0.11576	-0.12288	0.30330	0.25579	0.21934	-0.11454	-0.10132	-0.09371	0.20460	0.20773	0.21573	-0.50528	-0.30853	-0.17238
412850	0.23917	0.22502	0.25303	-0.13483	-0.11643	-0.12344	0.30279	0.25282	0.21632	-0.11567	-0.10249	-0.09473	0.20120	0.20498	0.21410	-0.50721	-0.31018	-0.17306
413010	0.23834	0.22802	0.25270	-0.13559	-0.11589	-0.12389	0.30913	0.25730	0.22188	-0.11542	-0.10229	-0.09564	0.20324	0.20179	0.20998	-0.50873	-0.31066	-0.17272
413180	0.23518	0.23550	0.25477	-0.13329	-0.11628	-0.12512	0.30714	0.25597	0.21040	-0.11525	-0.10191	-0.09290	0.20207	0.20585	0.21566	-0.50543	-0.30934	-0.17728	32.31	5.9	0.00	-2.04	0.01741	0.01206	0.01526	0.01903	0.01948	0.01522	0.00549	0.01519	0.02015	0.01932	0.01363	0.01732	0.01712	0.01769	0.01382	0.00595	0.01672	0.02230
413350	0.27750	0.22364	0.26871	-0.13797	-0.11696	-0.12352	0.31788	0.25865	0.22557	-0.11244	-0.09853	-0.09198	0.20872	0.20856	0.21613	-0.50506	-0.30834	-0.17196
413510	0.24214	0.22613	0.24980	-0.13319	-0.11445	-0.12152	0.31282	0.25291	0.21572	-0.11278	-0.09934	-0.09061	0.19867	0.19912	0.21290	-0.50304	-0.30525	-0.17066
413670	0.23258	0.22313	0.25215	-0.13466	-0.11737	-0.12751	0.32229	0.27121	0.22988	-0.12001	-0.10862	-0.09979	0.21209	0.21154	0.20872	-0.51839	-0.31913	-0.17143
413840	0.25569	0.24821	0.30236	-0.13281	-0.11788	-0.12146	0.31224	0.23892	0.21432	-0.11656	-0.10549	-0.09702	0.19738	0.20126	0.20616	-0.50948	-0.31196	-0.17459
414010	0.22450	0.22822	0.24643	-0.13594	-0.11796	-0.12598	0.29570	0.24719	0.21108	-0.11736	-0.10490	-0.09645	0.20328	0.20463	0.21372	-0.50604	-0.30731	-0.17108
414170	0.23749	0.22397	0.24947	-0.13328	-0.11469	-0.12271	0.30237	0.25401	0.21862	-0.11425	-0.10186	-0.09420	0.20153	0.20282	0.21449	-0.50679	-0.30907	-0.17313
414340	0.23857	0.22215	0.24834	-0.13521	-0.11676	-0.12506	0.30851	0.24978	0.21292	-0.11614	-0.10365	-0.09535	0.20020	0.20279	0.21277	-0.50740	-0.31110	-0.17506
414500	0.23436	0.22312	0.25139	-0.13598	-0.11698	-0.12441	0.30714	0.25162	0.21401	-0.11568	-0.10331	-0.09578	0.20093	0.20001	0.20885	-0.50875	-0.31145	-0.17579
414670	0.23375	0.22995	0.24406	-0.13415	-0.11486	-0.12252	0.30484	0.26003	0.22044	-0.11377	-0.10171	-0.09363	0.20238	0.20297	0.21480	-0.50475	-0.30915	-0.17319
414840	0.24021	0.21882	0.24683	-0.13534	-0.11640	-0.12416	0.30641	0.26507	0.21613	-0.11560	-0.10269	-0.09531	0.20155	0.20016	0.21304	-0.50717	-0.31160	-0.17475	32.36	6.2	0.00	-2.04	0.01741	0.01206	0.01526	0.01903	0.01948	0.01522	0.00549	0.01519	0.02015	0.01932	0.01363	0.01732	0.01712	0.01769	0.01382	0.00595	0.01672	0.02230
415000	0.23140	0.21699	0.24354	-0.13719	-0.11862	-0.12675	0.29587	0.24785	0.20889	-0.11832	-0.10507	-0.09790	0.20075	0.20215	0.21084	-0.50464	-0.30749	-0.17078
415170	0.23207	0.21971	0.24689	-0.13307	-0.11437	-0.12326	0.30254	0.25147	0.21404	-0.11491	-0.10182	-0.09350	0.20256	0.20612	0.21558	-0.50376	-0.30818	-0.17149
415330	0.25494	0.22143	0.25311	-0.13424	-0.11544	-0.12447	0.30893	0.25698	0.21788	-0.11521	-0.10310	-0.09467	0.20380	0.20679	0.21561	-0.50559	-0.31033	-0.17418
415500	0.24391	0.22612	0.25419	-0.13490	-0.11612	-0.12444	0.30493	0.25512	0.21827	-0.11554	-0.10314	-0.09420	0.20276	0.20524	0.21533	-0.50832	-0.31204	-0.17592
415660	0.24404	0.22898	0.25770	-0.13280	-0.11352	-0.12134	0.31331	0.25835	0.22388	-0.11291	-0.10020	-0.09113	0.20924	0.20960	0.22014	-0.50444	-0.30763	-0.17150
415830	0.24295	0.22861	0.25488	-0.13314	-0.11365	-0.12262	0.30704	0.25749	0.22183	-0.11435	-0.10083	-0.09323	0.20496	0.20717	0.21471	-0.50609	-0.31007	-0.17422
416000	0.24281	0.22433	0.25377	-0.13620	-0.11749	-0.12619	0.30820	0.25263	0.21586	-0.11736	-0.10522	-0.09706	0.20292	0.20516	0.21498	-0.50916	-0.31334	-0.17694
416160	0.24044	0.22479	0.25587	-0.13774	-0.11866	-0.12692	0.31234	0.25334	0.21748	-0.11762	-0.10471	-0.09687	0.20029	0.20265	0.21433	-0.50785	-0.31153	-0.17441
416330	0.23927	0.22411	0.25373	-0.13472	-0.11531	-0.12390	0.31105	0.25680	0.22058	-0.11480	-0.10249	-0.09452	0.20376	0.20505	0.21380	-0.50619	-0.31037	-0.17382
416490	0.23927	0.22392	0.25156	-0.13523	-0.11632	-0.12465	0.30395	0.25280	0.21585	-0.11645	-0.10321	-0.09584	0.20331	0.20566	0.21821	-0.50347	-0.30713	-0.17063	32.31	6.1	0.00	-2.04	0.01741	0.01206	0.01526	0.01903	0.01948	0.01522	0.00549	0.01519	0.02015	0.01932	0.01363	0.01732	0.01712	0.01769	0.01382	0.00595	0.01672	0.02230
416660	0.23994	0.22746	0.25512	-0.13177	-0.11194	-0.12143	0.31012	0.25661	0.22058	-0.11376	-0.10104	-0.09330	0.20532	0.20611	0.21583	-0.50442	-0.30847	-0.17138
416830	0.23838	0.22330	0.25119	-0.13333	-0.11466	-0.12369	0.30737	0.25155	0.21572	-0.11569	-0.10270	-0.09509	0.20204	0.20280	0.21404	-0.50801	-0.31042	-0.17361
416990	0.23708	0.22159	0.24918	-0.13467	-0.11576	-0.12477	0.30197	0.25076	0.21605	-0.11640	-0.10302	-0.09532	0.20060	0.20247	0.21081	-0.50976	-0.31346	-0.17610
417160	0.23832	0.22888	0.25178	-0.13234	-0.11294	-0.12148	0.30640	0.25356	0.21845	-0.11321	-0.10072	-0.09242	0.20469	0.20720	0.21268	-0.50560	-0.30889	-0.17234
417320	0.24030	0.22678	0.25252	-0.13362	-0.11399	-0.12254	0.30758	0.25102	0.21790	-0.11488	-0.10104	-0.09366	0.20357	0.20259	0.21305	-0.50735	-0.31123	-0.17416
417490	0.23876	0.22384	0.25093	-0.13522	-0.11572	-0.12540	0.30282	0.25397	0.21738	-0.11652	-0.10296	-0.09489	0.20279	0.20453	0.21181	-0.50876	-0.31148	-0.17414
417650	0.23710	0.22194	0.24888	-0.13554	-0.11667	-0.12590	0.30596	0.24830	0.21518	-0.11762	-0.10372	-0.09582	0.20200	0.20420	0.21270	-0.50501	-0.31016	-0.17275
417820	0.23446	0.22417	0.25037	-0.13347	-0.11481	-0.12353	0.30379	0.25274	0.21557	-0.11487	-0.10104	-0.09365	0.20117	0.20186	0.20937	-0.50521	-0.31070	-0.17366
417990	0.23436	0.22137	0.24819	-0.13435	-0.11419	-0.12423	0.30376	0.25268	0.21529	-0.11456	-0.10165	-0.09372	0.20213	0.20309	0.21050	-0.50688	-0.31012	-0.17358
418150	0.23505	0.22301	0.24849	-0.13356	-0.11447	-0.12284	0.30899	0.25102	0.21621	-0.11528	-0.10142	-0.09364	0.20136	0.20244	0.21076	-0.50810	-0.31074	-0.17452	32.36	5.9	0.00	-2.04	0.01741	0.01206	0.01526	0.01903	0.01948	0.01522	0.00549	0.01519	0.02015	0.01932	0.01363	0.01732	0.01712	0.01769	0.01382	0.00595	0.01672	0.02230
418320	0.23466	0.22336	0.25001	-0.13162	-0.11179	-0.12093	0.30858	0.25321	0.21998	-0.11298	-0.09934	-0.09205	0.20507	0.20470	0.21253	-0.50499	-0.30881	-0.17201
418480	0.23604	0.22291	0.24898	-0.13237	-0.11325	-0.12274	0.30783	0.24978	0.21530	-0.11535	-0.10110	-0.09378	0.20253	0.20327	0.20988	-0.50633	-0.31163	-0.17381
418650	0.23551	0.21949	0.24697	-0.13389	-0.11499	-0.12411	0.29794	0.24842	0.21336	-0.11627	-0.10200	-0.09416	0.19949	0.20146	0.20817	-0.50849	-0.31295	-0.17506
418820	0.23154	0.22038	0.24919	-0.13562	-0.11456	-0.12252	0.30441	0.25518	0.21634	-0.11361	-0.09936	-0.09208	0.20331	0.20329	0.21069	-0.50435	-0.30857	-0.17132
418980	0.23420	0.22159	0.24795	-0.13257	-0.11332	-0.12222	0.30166	0.25087	0.21679	-0.11456	-0.10020	-0.09264	0.20168	0.20263	0.21018	-0.50603	-0.30910	-0.17229
419150	0.23502	0.22110	0.24728	-0.13321	-0.11437	-0.12328	0.29837	0.25078	0.21300	-0.11559	-0.10136	-0.09365	0.20068	0.20193	0.20932	-0.50692	-0.31071	-0.17255
419310	0.23518	0.21927	0.24650	-0.13461	-0.11653	-0.12583	0.29620	0.24844	0.21371	-0.11747	-0.10277	-0.09557	0.20443	0.20736	0.21468	-0.50310	-0.30682	-0.16913
419480	0.23745	0.22075	0.25058	-0.13075	-0.11287	-0.12178	0.30749	0.25448	0.21725	-0.11427	-0.10020	-0.09312	0.20340	0.20474	0.21361	-0.50473	-0.30672	-0.17001
419650	0.23754	0.22239	0.24716	-0.13123	-0.11303	-0.12258	0.30483	0.25282	0.21573	-0.11487	-0.10138	-0.09403	0.20114	0.20437	0.21181	-0.50517	-0.30892	-0.17212
419810	0.23444	0.22151	0.24868	-0.13285	-0.11440	-0.12373	0.30702	0.25028	0.21580	-0.11589	-0.10198	-0.09479	0.20169	0.20375	0.21048	-0.50742	-0.31045	-0.17333	32.36	6.0	0.00	-2.04	0.01741	0.01206	0.01526	0.01903	0.01948	0.01522	0.00549	0.01519	0.02015	0.01932	0.01363	0.01732	0.01712	0.01769	0.01382	0.00595	0.01672	0.02230
419980	0.23499	0.22276	0.24935	-0.13301	-0.11450	-0.12304	0.30627	0.25037	0.21633	-0.11592	-0.10168	-0.09463	0.20205	0.20311	0.20905	-0.50835	-0.31160	-0.17459
420140	0.23693	0.22333	0.25004	-0.13136	-0.11134	-0.11984	0.30918	0.25643	0.21833	-0.11322	-0.09863	-0.09194	0.20488	0.20571	0.21106	-0.50382	-0.30797	-0.17073
420310	0.23630	0.22334	0.25020	-0.13114	-0.11223	-0.12148	0.30117	0.25170	0.21598	-0.11404	-0.10033	-0.09255	0.20207	0.20385	0.20963	-0.50628	-0.30990	-0.17267
420480	0.23382	0.21960	0.24680	-0.13328	-0.11579	-0.12516	0.30345	0.24989	0.21142	-0.11759	-0.10315	-0.09561	0.19754	0.20083	0.20981	-0.51112	-0.31364	-0.17580
420640	0.23254	0.22096	0.24675	-0.13526	-0.11675	-0.12565	0.30330	0.24744	0.21297	-0.11747	-0.10358	-0.09528	0.19994	0.20405	0.20780	-0.50876	-0.31170	-0.17370
420810	0.23454	0.22392	0.25124	-0.13213	-0.11227	-0.12053	0.30565	0.25521	0.22000	-0.11329	-0.09924	-0.09107	0.20469	0.20511	0.21457	-0.50303	-0.30803	-0.17060
420980	0.23662	0.22460	0.25028	-0.13141	-0.11239	-0.12106	0.30226	0.25247	0.21918	-0.11340	-0.09948	-0.09156	0.20224	0.20546	0.21291	-0.50517	-0.30841	-0.17090
421140	0.23533	0.22424	0.25190	-0.13216	-0.11232	-0.12099	0.31097	0.25314	0.21662	-0.11410	-0.09942	-0.09190	0.20163	0.20305	0.21137	-0.50478	-0.30935	-0.17160
421310	0.23503	0.22240	0.24765	-0.13190	-0.11270	-0.12264	0.30627	0.25249	0.21699	-0.11503	-0.10096	-0.09345	0.20234	0.20350	0.21083	-0.50523	-0.30942	-0.17189
421480	0.23443	0.22134	0.24817	-0.13263	-0.11406	-0.12335	0.30283	0.25115	0.21532	-0.11549	-0.10141	-0.09424	0.20096	0.20379	0.21217	-0.50640	-0.30955	-0.17172	32.36	6.2	0.00	-2.04	0.01741	0.01206	0.01526	0.01903	0.01948	0.01522	0.00549	0.01519	0.02015	0.01932	0.01363	0.01732	0.01712	0.01769	0.01382	0.00595	0.01672	0.02230
421640	0.23348	0.22021	0.24725	-0.13354	-0.11569	-0.12528	0.29877	0.24865	0.21425	-0.11766	-0.10343	-0.09520	0.20256	0.20402	0.21361	-0.50431	-0.30591	-0.16924
421810	0.23666	0.22186	0.24984	-0.13015	-0.11219	-0.12168	0.30692	0.25454	0.21650	-0.11450	-0.10060	-0.09284	0.20384	0.20624	0.21124	-0.50292	-0.30613	-0.16910
421970	0.23634	0.22291	0.25084	-0.13084	-0.11313	-0.12161	0.30967	0.25132	0.21680	-0.11486	-0.10131	-0.09377	0.20147	0.20438	0.21189	-0.50546	-0.30902	-0.17169
422140	0.23642	0.22411	0.24929	-0.13222	-0.11386	-0.12332	0.30235	0.25076	0.21651	-0.11551	-0.10158	-0.09377	0.19985	0.20172	0.20969	-0.50678	-0.30986	-0.17248
422310	0.23485	0.22215	0.24942	-0.13200	-0.11423	-0.12306	0.30278	0.25119	0.21460	-0.11551	-0.10122	-0.09365	0.20124	0.20240	0.21117	-0.50944	-0.31065	-0.17357
422470	0.23694	0.22497	0.25131	-0.13076	-0.11229	-0.12109	0.30863	0.25618	0.21961	-0.11355	-0.09968	-0.09091	0.20353	0.20453	0.21271	-0.50376	-0.30720	-0.17031
422640	0.23686	0.22350	0.24909	-0.13197	-0.11295	-0.12306	0.30476	0.25011	0.21522	-0.11548	-0.10111	-0.09234	0.20259	0.20412	0.21010	-0.50563	-0.30904	-0.17172
422800	0.23767	0.22386	0.24929	-0.13188	-0.11354	-0.12207	0.30660	0.25374	0.21661	-0.11490	-0.10089	-0.09206	0.20123	0.20220	0.21211	-0.50672	-0.30981	-0.17298
422970	0.23296	0.22267	0.24995	-0.13336	-0.11344	-0.12155	0.30450	0.25310	0.21779	-0.11390	-0.10041	-0.09094	0.20355	0.20502	0.21141	-0.50517	-0.30847	-0.17170
423140	0.23472	0.22256	0.24867	-0.13249	-0.11432	-0.12361	0.30072	0.24971	0.21466	-0.11660	-0.10140	-0.09510	0.20074	0.20356	0.21042	-0.50519	-0.31028	-0.17285	32.42	6.2	0.00	-2.04	0.01741	0.01206	0.01526	0.01903	0.01948	0.01522	0.00549	0.01519	0.02015	0.01932	0.01363	0.01732	0.01712	0.01769	0.01382	0.00595	0.01672	0.02230
423300	0.23570	0.22113	0.24664	-0.13335	-0.11509	-0.12371	0.30006	0.25173	0.21383	-0.11633	-0.10196	-0.09495	0.20160	0.20662	0.21506	-0.50388	-0.30517	-0.16906
423470	0.23752	0.22654	0.25195	-0.12968	-0.11238	-0.12122	0.30805	0.25479	0.21733	-0.11450	-0.10042	-0.09223	0.20386	0.20682	0.21424	-0.50336	-0.30693	-0.17095
423630	0.23604	0.22299	0.24961	-0.13215	-0.11404	-0.12306	0.30023	0.25101	0.21481	-0.11574	-0.10283	-0.09444	0.20174	0.20384	0.20937	-0.50622	-0.30959	-0.17252
423800	0.23514	0.22214	0.24855	-0.13367	-0.11446	-0.12372	0.30647	0.24998	0.21357	-0.11578	-0.10221	-0.09363	0.20021	0.20403	0.21001	-0.50797	-0.31193	-0.17483
423960	0.23552	0.22581	0.25092	-0.13175	-0.11191	-0.12085	0.30181	0.25640	0.21772	-0.11312	-0.09944	-0.09119	0.20396	0.20399	0.21344	-0.50411	-0.30813	-0.17146
424130	0.23511	0.22323	0.24942	-0.13244	-0.11315	-0.12231	0.30405	0.25301	0.21673	-0.11472	-0.10083	-0.09238	0.20288	0.20340	0.21183	-0.50513	-0.30922	-0.17245
424300	0.23598	0.22172	0.24952	-0.13381	-0.11558	-0.12531	0.29794	0.24876	0.21397	-0.11757	-0.10364	-0.09544	0.20420	0.20587	0.21665	-0.50322	-0.30607	-0.16844
424460	0.24039	0.22502	0.25316	-0.13048	-0.11199	-0.12194	0.30543	0.25349	0.21759	-0.11460	-0.10086	-0.09196	0.20418	0.20685	0.21252	-0.50372	-0.30755	-0.17018
424630	0.23649	0.22401	0.24908	-0.13165	-0.11358	-0.12281	0.30751	0.25221	0.21498	-0.11527	-0.10136	-0.09318	0.20144	0.20571	0.21289	-0.50622	-0.30848	-0.17214
424790	0.23581	0.22447	0.24981	-0.13266	-0.11396	-0.12284	0.29979	0.25250	0.21649	-0.11542	-0.10164	-0.09405	0.20214	0.20336	0.21087	-0.50661	-0.30939	-0.17321	32.31	6.0	0.00	-2.04	0.01741	0.01206	0.01526	0.01903	0.01948	0.01522	0.00549	0.01519	0.02015	0.01932	0.01363	0.01732	0.01712	0.01769	0.01382	0.00595	0.01672	0.02230
424960	0.23412	0.22354	0.25053	-0.13287	-0.11410	-0.12324	0.30249	0.25139	0.21669	-0.11541	-0.10165	-0.09373	0.20526	0.20540	0.21416	-0.50366	-0.30600	-0.16980
425130	0.23884	0.22484	0.25120	-0.13032	-0.11188	-0.12172	0.30552	0.25598	0.21733	-0.11353	-0.09943	-0.09190	0.20281	0.20379	0.21313	-0.50482	-0.30776	-0.17178
425290	0.23658	0.22237	0.25161	-0.13152	-0.11375	-0.12276	0.30172	0.25236	0.21581	-0.11481	-0.10161	-0.09357	0.20315	0.20241	0.21091	-0.50843	-0.31105	-0.17443
425460	0.23555	0.22213	0.25120	-0.13420	-0.11225	-0.12035	0.31193	0.25711	0.21871	-0.11197	-0.09864	-0.09074	0.20507	0.20565	0.21364	-0.50273	-0.30724	-0.17000
425620	0.23748	0.22412	0.24930	-0.13121	-0.11267	-0.12130	0.30755	0.25396	0.21571	-0.11429	-0.10060	-0.09209	0.20359	0.20308	0.21171	-0.50652	-0.30989	-0.17303
425790	0.23371	0.22395	0.24760	-0.13351	-0.11609	-0.12515	0.30112	0.25022	0.21272	-0.11699	-0.10340	-0.09485	0.20264	0.20654	0.21538	-0.50464	-0.30571	-0.16863
425950	0.23623	0.22428	0.24959	-0.13034	-0.11187	-0.12192	0.30061	0.25415	0.21727	-0.11386	-0.10024	-0.09129	0.20280	0.20612	0.21003	-0.50523	-0.30844	-0.17166
426120	0.23633	0.22076	0.24889	-0.13249	-0.11401	-0.12327	0.30341	0.25311	0.21495	-0.11536	-0.10223	-0.09311	0.20029	0.20174	0.20870	-0.50953	-0.31193	-0.17479
426280	0.23564	0.22409	0.25048	-0.13110	-0.11154	-0.11980	0.30699	0.25686	0.21792	-0.11237	-0.09910	-0.08996	0.20561	0.20532	0.21168	-0.50525	-0.30839	-0.17101
426450	0.23402	0.22340	0.25061	-0.13207	-0.11399	-0.12227	0.31138	0.25261	0.21516	-0.11462	-0.10133	-0.09266	0.20308	0.20425	0.21158	-0.50668	-0.30979	-0.17249	32.42	6.2	0.00	-2.04	0.01741	0.01206	0.01526	0.01903	0.01948	0.01522	0.00549	0.01519	0.02014	0.01932	0.01363	0.01732	0.01712	0.01769	0.01382	0.00595	0.01672	0.02230
426610	0.23369	0.22227	0.24661	-0.13389	-0.11611	-0.12555	0.30124	0.24899	0.21180	-0.11620	-0.10352	-0.09496	0.20173	0.20633	0.21340	-0.50561	-0.30737	-0.17004
426780	0.23699	0.22215	0.24991	-0.13098	-0.11326	-0.12179	0.30542	0.25259	0.21521	-0.11369	-0.10122	-0.09331	0.20363	0.20343	0.21059	-0.50782	-0.30902	-0.17237
426950	0.23588	0.22355	0.24947	-0.13110	-0.11285	-0.12143	0.30325	0.25406	0.21512	-0.11340	-0.10022	-0.09222	0.20226	0.20382	0.21057	-0.50800	-0.30894	-0.17179
427110	0.23767	0.22354	0.24922	-0.13226	-0.11380	-0.12255	0.30700	0.25295	0.21675	-0.11445	-0.10133	-0.09266	0.20261	0.20286	0.20866	-0.50861	-0.31107	-0.17346
427280	0.23699	0.22546	0.25049	-0.13054	-0.11069	-0.11933	0.30792	0.25537	0.21888	-0.11176	-0.09820	-0.09059	0.20340	0.20573	0.21285	-0.50293	-0.30690	-0.16964
427440	0.23747	0.22405	0.25106	-0.12916	-0.11236	-0.12152	0.30707	0.25259	0.21586	-0.11370	-0.10044	-0.09222	0.20320	0.20247	0.21253	-0.50707	-0.30963	-0.17250
427610	0.23744	0.22319	0.24950	-0.13184	-0.11337	-0.12208	0.30446	0.25168	0.21475	-0.11407	-0.10030	-0.09205	0.20127	0.20193	0.20895	-0.50716	-0.30973	-0.17318
427780	0.23254	0.22172	0.25020	-0.13293	-0.11165	-0.11984	0.30627	0.25570	0.21839	-0.11174	-0.09815	-0.08956	0.20452	0.20602	0.21611	-0.50343	-0.30621	-0.16930
427940	0.23772	0.22420	0.25056	-0.13051	-0.11184	-0.12022	0.30760	0.25461	0.21823	-0.11250	-0.09902	-0.09068	0.20192	0.20445	0.21256	-0.50573	-0.30734	-0.17066
428110	0.23580	0.22239	0.24964	-0.13249	-0.11397	-0.12258	0.30403	0.25045	0.21681	-0.11452	-0.10064	-0.09263	0.20090	0.20428	0.21254	-0.50512	-0.30833	-0.17121	32.36	6.1	0.00	-2.04	0.01741	0.01206	0.01526	0.01903	0.01948	0.01522	0.00549	0.01519	0.02015	0.01932	0.01363	0.01732	0.01712	0.01769	0.01382	0.00595	0.01672	0.02230
428270	0.23485	0.22198	0.24717	-0.13278	-0.11482	-0.12416	0.29944	0.24793	0.21443	-0.11564	-0.10265	-0.09484	0.20337	0.20661	0.21457	-0.50250	-0.30535	-0.16810
428440	0.23634	0.22438	0.24989	-0.13036	-0.11276	-0.12178	0.30212	0.25305	0.21484	-0.11399	-0.10126	-0.09296	0.20458	0.20491	0.21420	-0.50395	-0.30611	-0.16969
428610	0.23574	0.22443	0.24776	-0.13027	-0.11306	-0.12272	0.29862	0.25204	0.21603	-0.11417	-0.10070	-0.09277	0.20298	0.20404	0.21210	-0.50564	-0.30740	-0.17052
428770	0.23525	0.22065	0.24884	-0.13171	-0.11313	-0.12162	0.30258	0.25319	0.21509	-0.11341	-0.10017	-0.09235	0.20109	0.20453	0.21210	-0.50603	-0.30782	-0.17132
428940	0.23612	0.22396	0.24866	-0.13163	-0.11198	-0.12042	0.30318	0.25557	0.21734	-0.11307	-0.09965	-0.09160	0.20146	0.20276	0.21092	-0.50573	-0.30926	-0.17192
429100	0.23757	0.22413	0.25163	-0.12924	-0.11041	-0.11848	0.30587	0.25425	0.21880	-0.11094	-0.09741	-0.08988	0.20574	0.20515	0.21375	-0.50232	-0.30602	-0.16830
429270	0.23773	0.22266	0.25100	-0.12952	-0.11139	-0.12050	0.30202	0.25237	0.21729	-0.11183	-0.09830	-0.09067	0.20401	0.20560	0.21171	-0.50353	-0.30720	-0.17010
429440	0.23723	0.22300	0.25005	-0.13135	-0.11345	-0.12129	0.30202	0.25108	0.21657	-0.11368	-0.09988	-0.09179	0.20097	0.20255	0.21018	-0.50434	-0.30976	-0.17180
429600	0.23471	0.22065	0.24802	-0.13401	-0.11568	-0.12458	0.29521	0.24832	0.21275	-0.11651	-0.10239	-0.09456	0.20050	0.20310	0.21070	-0.50682	-0.30965	-0.17140
429770	0.23661	0.22264	0.25045	-0.13211	-0.11286	-0.12117	0.31003	0.25480	0.21728	-0.11281	-0.09923	-0.09044	0.20274	0.20488	0.21386	-0.50325	-0.30633	-0.16898	32.36	6.0	0.00	-2.04	0.01741	0.01206	0.01526	0.01903	0.01948	0.01522	0.00549	0.01519	0.02014	0.01932	0.01363	0.01732	0.01712	0.01769	0.01382	0.00595	0.01672	0.02230
429940	0.23737	0.22351	0.25138	-0.13038	-0.11240	-0.12133	0.30442	0.25338	0.21603	-0.11388	-0.09983	-0.09199	0.20209	0.20438	0.21193	-0.50161	-0.30642	-0.16934
430100	0.23741	0.22290	0.24900	-0.13027	-0.11253	-0.12131	0.30132	0.25333	0.21617	-0.11376	-0.10018	-0.09234	0.20074	0.20402	0.21427	-0.50342	-0.30585	-0.16959
430270	0.23701	0.22173	0.25019	-0.13087	-0.11339	-0.12178	0.30461	0.25204	0.21656	-0.11325	-0.09989	-0.09222	0.20074	0.20425	0.21263	-0.50250	-0.30713	-0.16988
430440	0.23461	0.22213	0.24887	-0.13205	-0.11404	-0.12342	0.29671	0.25012	0.21347	-0.11507	-0.10199	-0.09323	0.20440	0.20559	0.21625	-0.50067	-0.30385	-0.16602
430600	0.23818	0.22595	0.25109	-0.12817	-0.11026	-0.11812	0.30447	0.25760	0.21764	-0.11188	-0.09881	-0.09082	0.20621	0.20795	0.21520	-0.50027	-0.30319	-0.16695
430770	0.24007	0.22490	0.24997	-0.12879	-0.11029	-0.11941	0.30662	0.25443	0.21657	-0.11226	-0.09894	-0.09113	0.20362	0.20451	0.21493	-0.50154	-0.30607	-0.16804
430930	0.23742	0.22423	0.24934	-0.13026	-0.11213	-0.12086	0.29999	0.25139	0.21568	-0.11315	-0.09982	-0.09191	0.20361	0.20241	0.21122	-0.50304	-0.30773	-0.17033
431100	0.23563	0.22172	0.25055	-0.13075	-0.11222	-0.12119	0.30713	0.25238	0.21683	-0.11353	-0.09950	-0.09163	0.20207	0.20172	0.20929	-0.50515	-0.30869	-0.17202
431260	0.23717	0.22367	0.25325	-0.12859	-0.10983	-0.11843	0.31448	0.25654	0.22040	-0.11085	-0.09742	-0.08902	0.20526	0.20376	0.21171	-0.50074	-0.30468	-0.16765
431430	0.23738	0.22326	0.25105	-0.12900	-0.11079	-0.11943	0.31089	0.25539	0.21788	-0.11186	-0.09855	-0.08913	0.20312	0.20370	0.21039	-0.50247	-0.30702	-0.17009	32.36	6.2	0.00	-2.04	0.01741	0.01206	0.01526	0.01903	0.01948	0.01522	0.00549	0.01519	0.02014	0.01932	0.01363	0.01732	0.01712	0.01769	0.01382	0.00595	0.01672	0.02230
431600	0.23540	0.22061	0.24924	-0.13160	-0.11413	-0.12289	0.30252	0.25036	0.21220	-0.11521	-0.10138	-0.09211	0.19987	0.19967	0.20829	-0.50836	-0.31046	-0.17347
431760	0.23356	0.22016	0.24777	-0.13393	-0.11517	-0.12327	0.29611	0.25092	0.21407	-0.11510	-0.10142	-0.09355	0.20269	0.20455	0.21230	-0.50472	-0.30743	-0.17074
431930	0.23818	0.22347	0.25101	-0.13000	-0.11116	-0.12028	0.30941	0.25499	0.21769	-0.11187	-0.09838	-0.09063	0.20282	0.20474	0.21307	-0.50320	-0.30638	-0.17016
432100	0.23750	0.22260	0.25228	-0.13005	-0.11190	-0.12062	0.30535	0.25226	0.21613	-0.11278	-0.09897	-0.09033	0.20266	0.20544	0.21267	-0.50388	-0.30611	-0.17044
432260	0.23686	0.22363	0.24944	-0.12976	-0.11157	-0.12092	0.30639	0.25481	0.21674	-0.11321	-0.09875	-0.09079	0.20312	0.20470	0.21342	-0.50323	-0.30692	-0.17022
432430	0.23487	0.22113	0.24925	-0.13117	-0.11322	-0.12195	0.30141	0.24808	0.21532	-0.11411	-0.10063	-0.09270	0.20493	0.20698	0.21769	-0.50168	-0.30336	-0.16622
432590	0.23898	0.22461	0.25255	-0.12744	-0.10900	-0.11908	0.30576	0.25527	0.21974	-0.11116	-0.09810	-0.08957	0.20563	0.20755	0.21521	-0.50068	-0.30414	-0.16646
432760	0.23781	0.22384	0.24955	-0.12811	-0.11026	-0.11970	0.30146	0.25262	0.21692	-0.11245	-0.09871	-0.09023	0.20502	0.20453	0.21415	-0.50148	-0.30532	-0.16842
432930	0.23683	0.22343	0.25074	-0.12933	-0.11189	-0.12072	0.30441	0.25387	0.21487	-0.11256	-0.09926	-0.09084	0.20276	0.20354	0.21183	-0.50347	-0.30696	-0.17050
433090	0.23634	0.22290	0.25080	-0.13059	-0.11194	-0.12124	0.30329	0.25170	0.21664	-0.11329	-0.09928	-0.09111	0.20111	0.20198	0.21176	-0.50497	-0.30849	-0.17164	32.36	5.9	0.00	-2.04	0.01741	0.01206	0.01526	0.01903	0.01948	0.01522	0.00549	0.01519	0.02014	0.01932	0.01363	0.01732	0.01712	0.01769	0.01382	0.00595	0.01672	0.02230
433260	0.23791	0.22348	0.25402	-0.12868	-0.10968	-0.11857	0.31048	0.25589	0.21927	-0.11042	-0.09607	-0.08801	0.20595	0.20584	0.21223	-0.50032	-0.30471	-0.16816
433420	0.23850	0.22359	0.25043	-0.12817	-0.11023	-0.11957	0.30632	0.25445	0.21711	-0.11187	-0.09759	-0.08958	0.20378	0.20478	0.21076	-0.50402	-0.30683	-0.16966
433590	0.23586	0.22171	0.25026	-0.13052	-0.11217	-0.12117	0.30327	0.25264	0.21567	-0.11325	-0.09881	-0.09174	0.20264	0.20348	0.20976	-0.50584	-0.30847	-0.17125
433750	0.23545	0.22341	0.24919	-0.13152	-0.11323	-0.12267	0.30845	0.25050	0.21451	-0.11433	-0.10013	-0.09228	0.20396	0.20455	0.21127	-0.50352	-0.30738	-0.17037
433920	0.23502	0.22284	0.25030	-0.12998	-0.11182	-0.12106	0.30593	0.25162	0.21653	-0.11280	-0.09838	-0.09137	0.20232	0.20367	0.21153	-0.50400	-0.30663	-0.17051
434090	0.23663	0.22388	0.24893	-0.13120	-0.11299	-0.12237	0.30039	0.25060	0.21590	-0.11435	-0.10097	-0.09220	0.20458	0.20652	0.21480	-0.50207	-0.30384	-0.16679
434250	0.23847	0.22402	0.25106	-0.12720	-0.10920	-0.11835	0.30738	0.25521	0.21993	-0.11177	-0.09802	-0.09017	0.20397	0.20589	0.21167	-0.50222	-0.30619	-0.16922
434420	0.23761	0.22389	0.25031	-0.12904	-0.11100	-0.12109	0.31072	0.25337	0.21586	-0.11327	-0.09929	-0.09170	0.20318	0.20373	0.21128	-0.50436	-0.30700	-0.16974
434580	0.23788	0.22463	0.25056	-0.12993	-0.11211	-0.12097	0.30499	0.25324	0.21426	-0.11343	-0.09955	-0.09184	0.20164	0.20279	0.20978	-0.50586	-0.30961	-0.17265
434750	0.23689	0.22337	0.25338	-0.12855	-0.10889	-0.11793	0.30771	0.25955	0.21959	-0.11041	-0.09609	-0.08869	0.20587	0.20546	0.21357	-0.49982	-0.30490	-0.16832	32.42	6.0	0.00	-2.04	0.01741	0.01206	0.01526	0.01903	0.01948	0.01522	0.00549	0.01519	0.02014	0.01932	0.01363	0.01732	0.01712	0.01769	0.01382	0.00595	0.01672	0.02230
434920	0.23818	0.22315	0.25142	-0.12884	-0.11116	-0.12040	0.30689	0.25403	0.21637	-0.11207	-0.09869	-0.09080	0.20336	0.20282	0.21325	-0.50293	-0.30738	-0.16981
435080	0.23578	0.22250	0.24877	-0.13165	-0.11344	-0.12370	0.30360	0.24760	0.21435	-0.11499	-0.10126	-0.09305	0.20356	0.20718	0.21611	-0.50139	-0.30368	-0.16649
435250	0.23914	0.22652	0.25235	-0.12788	-0.10978	-0.11957	0.30587	0.25192	0.21709	-0.11227	-0.09792	-0.08989	0.20484	0.20616	0.21600	-0.50129	-0.30425	-0.16737
435410	0.23827	0.22524	0.25014	-0.12877	-0.11173	-0.12103	0.30536	0.25342	0.21693	-0.11302	-0.09888	-0.09164	0.20127	0.20366	0.21131	-0.50486	-0.30784	-0.17141
435580	0.23549	0.22360	0.25022	-0.13060	-0.11211	-0.12184	0.30263	0.25493	0.21516	-0.11338	-0.09990	-0.09115	0.20175	0.20281	0.21265	-0.50470	-0.30831	-0.17205
435740	0.23755	0.22512	0.25319	-0.12798	-0.10914	-0.11759	0.30657	0.25834	0.21839	-0.11032	-0.09658	-0.08916	0.20591	0.20629	0.21372	-0.50152	-0.30498	-0.16789
435910	0.23713	0.22395	0.25161	-0.12933	-0.11064	-0.12003	0.30698	0.25468	0.21626	-0.11232	-0.09840	-0.09068	0.20315	0.20283	0.21200	-0.50572	-0.30799	-0.17072
436080	0.23499	0.22072	0.24984	-0.13190	-0.11383	-0.12271	0.29825	0.25078	0.21585	-0.11515	-0.10094	-0.09335	0.20154	0.20304	0.21091	-0.50625	-0.30941	-0.17142
436240	0.23463	0.22238	0.24915	-0.13132	-0.11284	-0.12167	0.30601	0.25170	0.21758	-0.11411	-0.09962	-0.09221	0.20165	0.20258	0.21298	-0.50373	-0.30686	-0.16942
436410	0.23768	0.22504	0.25150	-0.12946	-0.11123	-0.12081	0.30269	0.25238	0.21749	-0.11338	-0.09887	-0.09095	0.20189	0.20487	0.21372	-0.50309	-0.30671	-0.16918	32.42	6.2	0.00	-2.04	0.01741	0.01206	0.01526	0.01903	0.01948	0.01522	0.00549	0.01519	0.02014	0.01932	0.01363	0.01732	0.01712	0.01769	0.01382	0.00595	0.01672	0.02230
436570	0.23754	0.22408	0.25010	-0.12947	-0.11210	-0.12073	0.30600	0.25347	0.21540	-0.11354	-0.09891	-0.09132	0.20608	0.20865	0.21638	-0.50029	-0.30197	-0.16382
436740	0.24013	0.22637	0.25492	-0.12537	-0.10700	-0.11618	0.30598	0.25617	0.22129	-0.10993	-0.09579	-0.08791	0.20796	0.20969	0.21628	-0.49927	-0.30237	-0.16475
436910	0.23722	0.22434	0.25132	-0.12784	-0.10978	-0.11883	0.30835	0.25441	0.21582	-0.11243	-0.09838	-0.08998	0.20418	0.20327	0.21199	-0.50466	-0.30606	-0.16854
437070	0.23524	0.22053	0.24929	-0.13024	-0.11237	-0.12108	0.30397	0.25217	0.21529	-0.11423	-0.10034	-0.09159	0.20167	0.20104	0.20979	-0.50698	-0.31033	-0.17222
437240	0.23687	0.22436	0.25082	-0.12909	-0.10981	-0.11861	0.30349	0.25663	0.21981	-0.11099	-0.09735	-0.08999	0.20517	0.20372	0.21383	-0.50261	-0.30649	-0.16938
437400	0.23739	0.22222	0.24991	-0.12945	-0.11110	-0.12001	0.30777	0.25636	0.21765	-0.11275	-0.09859	-0.09159	0.20278	0.20352	0.21088	-0.50498	-0.30811	-0.17084
437570	0.23572	0.22071	0.24967	-0.13184	-0.11384	-0.12207	0.29933	0.24973	0.21406	-0.11475	-0.10082	-0.09282	0.20347	0.20752	0.21559	-0.50352	-0.30537	-0.16795
437730	0.23800	0.22306	0.25084	-0.12875	-0.11092	-0.11880	0.31145	0.25508	0.21763	-0.11169	-0.09831	-0.09052	0.20430	0.20517	0.21152	-0.50532	-0.30753	-0.17002
437900	0.23641	0.22356	0.25053	-0.12955	-0.11106	-0.11992	0.30625	0.25331	0.21855	-0.11245	-0.09905	-0.09138	0.20189	0.20273	0.21387	-0.50606	-0.30883	-0.17145
438070	0.23890	0.22631	0.25400	-0.12694	-0.10778	-0.11532	0.31052	0.25621	0.22154	-0.10922	-0.09529	-0.08736	0.20861	0.20734	0.21576	-0.50067	-0.30366	-0.16567	32.42	5.9	0.00	-2.04	0.01741	0.01206	0.01526	0.01903	0.01948	0.01522	0.00549	0.01519	0.02014	0.01932	0.01363	0.01732	0.01712	0.01769	0.01381	0.00595	0.01672	0.02230
438230	0.23993	0.22505	0.25309	-0.12686	-0.10924	-0.11728	0.30935	0.25768	0.21938	-0.11129	-0.09637	-0.08972	0.20599	0.20418	0.21355	-0.50262	-0.30527	-0.16827
438400	0.23796	0.22284	0.25014	-0.12958	-0.11184	-0.12101	0.30522	0.25306	0.21782	-0.11392	-0.10008	-0.09158	0.19997	0.20152	0.21179	-0.50737	-0.30988	-0.17208
438560	0.23426	0.22090	0.24959	-0.13218	-0.11435	-0.12260	0.30173	0.25026	0.21420	-0.11521	-0.10100	-0.09262	0.20274	0.20331	0.21338	-0.50647	-0.30784	-0.16954
438730	0.23576	0.22386	0.25123	-0.13017	-0.11163	-0.12094	0.30374	0.25276	0.21584	-0.11296	-0.09941	-0.09034	0.20336	0.20459	0.21511	-0.50417	-0.30688	-0.16879
438890	0.23814	0.22443	0.25198	-0.12954	-0.11156	-0.12091	0.30829	0.25273	0.21686	-0.11377	-0.09969	-0.09140	0.20569	0.20817	0.21569	-0.50090	-0.30337	-0.16579
439060	0.24054	0.22758	0.25326	-0.12703	-0.10864	-0.11803	0.30873	0.25631	0.21893	-0.11072	-0.09679	-0.08964	0.20578	0.20658	0.21391	-0.50267	-0.30495	-0.16824
439220	0.23759	0.22260	0.24985	-0.12846	-0.11050	-0.11938	0.30739	0.25395	0.21605	-0.11240	-0.09849	-0.09060	0.20300	0.20520	0.21182	-0.50406	-0.30687	-0.16990
439390	0.23550	0.22114	0.25130	-0.13091	-0.11202	-0.12061	0.30730	0.25161	0.21602	-0.11323	-0.09960	-0.09182	0.20084	0.20185	0.20836	-0.50697	-0.30955	-0.17169
439560	0.23466	0.22192	0.25186	-0.12997	-0.11060	-0.11873	0.30718	0.25492	0.21801	-0.11174	-0.09822	-0.09092	0.20242	0.20366	0.21249	-0.50481	-0.30696	-0.16989
439720	0.23588	0.22338	0.24978	-0.12974	-0.11077	-0.11961	0.30834	0.25395	0.21675	-0.11316	-0.09869	-0.09110	0.20179	0.20459	0.21310	-0.50550	-0.30733	-0.16996	32.42	6.2	0.00	-2.04	0.01741	0.01206	0.01526	0.01903	0.01948	0.01522	0.00549	0.01519	0.02014	0.01932	0.01363	0.01732	0.01712	0.01769	0.01381	0.00595	0.01672	0.02230
439890	0.23473	0.22332	0.25083	-0.13080	-0.11321	-0.12205	0.30106	0.25059	0.21384	-0.11511	-0.10066	-0.09255	0.20396	0.20540	0.21464	-0.50298	-0.30312	-0.16539
440050	0.24020	0.22578	0.25134	-0.12726	-0.10946	-0.11847	0.30827	0.25615	0.21844	-0.11178	-0.09705	-0.08969	0.20451	0.20572	0.21312	-0.50261	-0.30521	-0.16794
440220	0.23808	0.22474	0.25165	-0.12861	-0.11095	-0.11919	0.30817	0.25393	0.21636	-0.11327	-0.09863	-0.09018	0.20266	0.20311	0.21099	-0.50382	-0.30732	-0.16935
440390	0.23592	0.22217	0.25060	-0.13027	-0.11189	-0.12085	0.31035	0.25384	0.21809	-0.11296	-0.09928	-0.09003	0.20325	0.20503	0.21201	-0.50564	-0.30715	-0.16987
440550	0.23752	0.22373	0.25161	-0.12916	-0.11027	-0.11971	0.30737	0.25322	0.21906	-0.11265	-0.09916	-0.08954	0.20301	0.20381	0.21265	-0.50538	-0.30741	-0.17008
440720	0.23932	0.22380	0.25337	-0.12750	-0.10868	-0.11756	0.30909	0.25570	0.21964	-0.11081	-0.09649	-0.08879	0.20475	0.20584	0.21349	-0.50232	-0.30416	-0.16751
440880	0.23854	0.22476	0.25170	-0.12801	-0.10975	-0.11853	0.30391	0.25548	0.21736	-0.11231	-0.09806	-0.08971	0.20404	0.20491	0.21090	-0.50273	-0.30646	-0.16888
441050	0.23742	0.22256	0.25182	-0.12972	-0.11196	-0.12068	0.30580	0.25195	0.21462	-0.11327	-0.10048	-0.09194	0.20148	0.20386	0.21029	-0.50643	-0.30929	-0.17198
441220	0.23495	0.22236	0.25016	-0.13122	-0.11116	-0.11844	0.30633	0.25356	0.21750	-0.11208	-0.09837	-0.09056	0.20352	0.20545	0.21236	-0.50481	-0.30547	-0.16885
441380	0.23778	0.22314	0.25032	-0.12942	-0.11096	-0.11909	0.30219	0.25299	0.21611	-0.11327	-0.09984	-0.09150	0.20300	0.20528	0.21138	-0.50462	-0.30723	-0.17006	32.42	6.2	0.00	-2.04	0.01741	0.01206	0.01526	0.01903	0.01947	0.01522	0.00549	0.01519	0.02014	0.01932	0.01363	0.01732	0.01712	0.01769	0.01381	0.00595	0.01672	0.02230
441550	0.23557	0.22270	0.24811	-0.13059	-0.11363	-0.12193	0.29990	0.25000	0.21307	-0.11484	-0.10126	-0.09304	0.20496	0.20768	0.21727	-0.50253	-0.30257	-0.16449
441710	0.23801	0.22764	0.25035	-0.12585	-0.10846	-0.11748	0.30856	0.25522	0.21845	-0.11141	-0.09767	-0.08947	0.20610	0.20722	0.21595	-0.50101	-0.30436	-0.16634
441880	0.23914	0.22464	0.25210	-0.12792	-0.11067	-0.12003	0.31098	0.25333	0.21721	-0.11268	-0.09917	-0.09024	0.20336	0.20494	0.21187	-0.50580	-0.30658	-0.16840
442050	0.23592	0.22293	0.25123	-0.12907	-0.11141	-0.12056	0.30623	0.25325	0.21694	-0.11293	-0.09892	-0.09089	0.20305	0.20403	0.21119	-0.50726	-0.30730	-0.16988
442210	0.23711	0.22308	0.24955	-0.12962	-0.11127	-0.11998	0.30640	0.25340	0.21624	-0.11290	-0.09888	-0.08993	0.20250	0.20272	0.21103	-0.50735	-0.30945	-0.17084
442380	0.23784	0.22559	0.25371	-0.12881	-0.11000	-0.11850	0.31052	0.25725	0.21854	-0.11144	-0.09767	-0.08894	0.20440	0.20615	0.21448	-0.50469	-0.30738	-0.16901
442540	0.23714	0.22615	0.25142	-0.12954	-0.11158	-0.12018	0.30623	0.25358	0.21690	-0.11313	-0.09846	-0.09072	0.20178	0.20511	0.21247	-0.50508	-0.30789	-0.17041
442710	0.23689	0.22409	0.25212	-0.12950	-0.11132	-0.11923	0.30619	0.25451	0.21885	-0.11272	-0.09817	-0.09075	0.20268	0.20541	0.21308	-0.50615	-0.30784	-0.17030
442880	0.23667	0.22378	0.25119	-0.13073	-0.11313	-0.12193	0.30082	0.25053	0.21368	-0.11435	-0.10070	-0.09273	0.20207	0.20254	0.21158	-0.50913	-0.30967	-0.17166
443040	0.23675	0.22307	0.25212	-0.13063	-0.11366	-0.12114	0.30042	0.25346	0.21652	-0.11403	-0.09980	-0.09172	0.20247	0.20549	0.21492	-0.50550	-0.30751	-0.16993	32.42	6.0	0.00	-2.04	0.01741	0.01206	0.01526	0.01903	0.01947	0.01522	0.00549	0.01519	0.02014	0.01932	0.01363	0.01732	0.01712	0.01769	0.01381	0.00595	0.01672	0.02230
443210	0.23796	0.22543	0.25277	-0.12881	-0.11033	-0.11862	0.30494	0.25557	0.21818	-0.11217	-0.09835	-0.09011	0.20404	0.20545	0.21504	-0.50511	-0.30670	-0.16852
443380	0.23947	0.22523	0.25161	-0.12864	-0.11019	-0.11968	0.30470	0.25669	0.21791	-0.11254	-0.09852	-0.09046	0.20323	0.20319	0.21347	-0.50477	-0.30725	-0.16881
443540	0.23628	0.22434	0.25237	-0.12871	-0.11103	-0.11960	0.30808	0.25563	0.21782	-0.11236	-0.09832	-0.09091	0.20315	0.20558	0.21230	-0.50552	-0.30716	-0.16943
443710	0.23757	0.22610	0.25175	-0.12902	-0.11085	-0.12023	0.30242	0.25518	0.21833	-0.11245	-0.09863	-0.09062	0.20401	0.20799	0.21552	-0.50449	-0.30677	-0.16869
443880	0.23956	0.22587	0.25302	-0.12887	-0.11090	-0.11983	0.30903	0.25480	0.21665	-0.11266	-0.09884	-0.09060	0.20343	0.20387	0.21490	-0.50627	-0.30762	-0.16937
444040	0.23716	0.22356	0.25086	-0.13068	-0.11372	-0.12293	0.30600	0.25169	0.21497	-0.11499	-0.10131	-0.09219	0.20393	0.20780	0.21642	-0.50447	-0.30398	-0.16545
444210	0.23909	0.22654	0.25262	-0.12702	-0.10950	-0.11898	0.30460	0.25648	0.21908	-0.11138	-0.09778	-0.08962	0.20681	0.20830	0.21388	-0.50259	-0.30414	-0.16684
444370	0.24013	0.22466	0.25239	-0.12775	-0.11015	-0.11952	0.30392	0.25663	0.21920	-0.11206	-0.09819	-0.09057	0.20445	0.20622	0.21532	-0.50316	-0.30552	-0.16798
444540	0.23819	0.22224	0.25117	-0.13019	-0.11173	-0.12093	0.30913	0.25280	0.21765	-0.11419	-0.09947	-0.09182	0.20256	0.20512	0.21407	-0.50640	-0.30807	-0.17034
444710	0.23681	0.22554	0.25272	-0.12983	-0.11231	-0.12086	0.29858	0.25352	0.21778	-0.11332	-0.09928	-0.09114	0.20278	0.20440	0.21162	-0.50685	-0.30968	-0.17212	32.42	5.9	0.00	-2.04	0.01741	0.01206	0.01526	0.01903	0.01947	0.01522	0.00549	0.01519	0.02014	0.01932	0.01363	0.01732	0.01712	0.01769	0.01381	0.00595	0.01672	0.02230
444870	0.23859	0.22574	0.25336	-0.12792	-0.10887	-0.11742	0.31053	0.25906	0.22081	-0.11025	-0.09697	-0.08872	0.20649	0.20788	0.21444	-0.50318	-0.30461	-0.16749
445040	0.23912	0.22702	0.25341	-0.12907	-0.11108	-0.11924	0.30825	0.25623	0.21717	-0.11259	-0.09842	-0.09079	0.20357	0.20438	0.21162	-0.50608	-0.30792	-0.17085
445200	0.23768	0.22565	0.25006	-0.13132	-0.11299	-0.12098	0.31075	0.25321	0.21677	-0.11410	-0.09985	-0.09220	0.20163	0.20162	0.21360	-0.50745	-0.30928	-0.17114
445370	0.23655	0.22476	0.25083	-0.13048	-0.11200	-0.11995	0.30037	0.25577	0.21898	-0.11284	-0.09903	-0.09060	0.20400	0.20560	0.21381	-0.50597	-0.30742	-0.16994
445530	0.23680	0.22310	0.25147	-0.13039	-0.11232	-0.12148	0.30673	0.25270	0.21703	-0.11457	-0.10071	-0.09230	0.20484	0.20602	0.21466	-0.50233	-0.30349	-0.16617
445700	0.24076	0.22657	0.25478	-0.12657	-0.10896	-0.11702	0.31387	0.25968	0.22061	-0.11096	-0.09830	-0.08888	0.20587	0.20630	0.21518	-0.50422	-0.30476	-0.16737
445860	0.23998	0.22499	0.25300	-0.12833	-0.11110	-0.12010	0.30525	0.25347	0.21575	-0.11268	-0.09920	-0.09083	0.20305	0.20326	0.21122	-0.50570	-0.30750	-0.17028
446030	0.23620	0.22230	0.25300	-0.13052	-0.11282	-0.12163	0.30228	0.25424	0.21559	-0.11466	-0.10045	-0.09233	0.20213	0.20360	0.21051	-0.50818	-0.31037	-0.17270
446200	0.23953	0.22428	0.25326	-0.12998	-0.11168	-0.11956	0.30506	0.25394	0.21831	-0.11274	-0.09916	-0.09048	0.20384	0.20322	0.21287	-0.50611	-0.30773	-0.17065
446360	0.23740	0.22292	0.25087	-0.13069	-0.11335	-0.12189	0.30132	0.25306	0.21515	-0.11461	-0.10028	-0.09250	0.20219	0.20470	0.21199	-0.50569	-0.30761	-0.17064	32.42	6.1	0.00	-2.04	0.01741	0.01206	0.01526	0.01903	0.01947	0.01522	0.00549	0.01519	0.02014	0.01932	0.01363	0.01732	0.01712	0.01769	0.01381	0.00595	0.01672	0.02230
446530	0.23849	0.22453	0.25073	-0.13199	-0.11466	-0.12412	0.30319	0.25030	0.21324	-0.11565	-0.10184	-0.09384	0.20423	0.20597	0.21482	-0.50396	-0.30498	-0.16719
446690	0.24094	0.22386	0.25389	-0.12879	-0.11151	-0.12050	0.30757	0.25398	0.21890	-0.11297	-0.09956	-0.09174	0.20408	0.20759	0.21244	-0.50472	-0.30602	-0.16917
446860	0.23813	0.22384	0.25236	-0.13030	-0.11261	-0.12047	0.30957	0.25296	0.21717	-0.11339	-0.09969	-0.09174	0.20343	0.20590	0.21378	-0.50526	-0.30690	-0.16984
447030	0.23805	0.22425	0.25160	-0.13061	-0.11247	-0.12066	0.30892	0.25292	0.21607	-0.11359	-0.10048	-0.09215	0.20212	0.20435	0.21163	-0.50692	-0.30936	-0.17188
447190	0.23932	0.22923	0.25452	-0.12785	-0.10857	-0.11678	0.31182	0.25911	0.22163	-0.11027	-0.09662	-0.08850	0.20733	0.20819	0.21491	-0.50142	-0.30404	-0.16718
447360	0.23946	0.22726	0.25384	-0.12726	-0.10928	-0.11876	0.30551	0.25572	0.22041	-0.11217	-0.09824	-0.08954	0.20477	0.20515	0.21284	-0.50428	-0.30647	-0.16928
447520	0.23817	0.22475	0.25175	-0.13006	-0.11297	-0.12181	0.30464	0.25253	0.21642	-0.11473	-0.10078	-0.09249	0.20215	0.20191	0.21066	-0.50765	-0.31033	-0.17288
447690	0.23679	0.22359	0.25152	-0.13217	-0.11275	-0.12127	0.30304	0.25559	0.21782	-0.11371	-0.10039	-0.09079	0.20342	0.20626	0.21228	-0.50697	-0.30830	-0.17105
447850	0.23791	0.22366	0.25178	-0.13083	-0.11313	-0.12277	0.30297	0.25297	0.21525	-0.11511	-0.10152	-0.09230	0.20378	0.20634	0.21538	-0.50383	-0.30481	-0.16716
448020	0.23844	0.22740	0.25279	-0.12771	-0.10926	-0.11928	0.30968	0.25466	0.21801	-0.11292	-0.09889	-0.09069	0.20513	0.20537	0.21427	-0.50409	-0.30618	-0.16900	32.36	6.1	0.00	-2.04	0.01741	0.01206	0.01526	0.01903	0.01947	0.01522	0.00549	0.01519	0.02014	0.01932	0.01363	0.01732	0.01712	0.01769	0.01381	0.00595	0.01672	0.02230
448180	0.23851	0.22456	0.25248	-0.12985	-0.11200	-0.12108	0.30700	0.25323	0.21644	-0.11505	-0.10030	-0.09235	0.20243	0.20307	0.21098	-0.50746	-0.30924	-0.17187
448350	0.24118	0.22582	0.25262	-0.12875	-0.10998	-0.11882	0.31845	0.25857	0.22136	-0.11113	-0.09822	-0.08989	0.20556	0.20715	0.21632	-0.50385	-0.30529	-0.16838
448510	0.23743	0.22428	0.25282	-0.12993	-0.11231	-0.12193	0.30550	0.25196	0.21678	-0.11422	-0.10098	-0.09246	0.20217	0.20258	0.21026	-0.50750	-0.30924	-0.17223
448680	0.23473	0.22301	0.24905	-0.13295	-0.11473	-0.12226	0.30864	0.25261	0.21478	-0.11542	-0.10177	-0.09307	0.20194	0.20579	0.21350	-0.50500	-0.30755	-0.17010
448850	0.23567	0.22497	0.25096	-0.13046	-0.11151	-0.12144	0.30286	0.25393	0.21705	-0.11394	-0.09981	-0.09202	0.20353	0.20711	0.21445	-0.50587	-0.30799	-0.17098
449010	0.23746	0.22383	0.25084	-0.13137	-0.11253	-0.12188	0.30443	0.25404	0.21714	-0.11436	-0.10056	-0.09230	0.20337	0.20365	0.21332	-0.50660	-0.30947	-0.17153
449180	0.23764	0.22627	0.25374	-0.12929	-0.11059	-0.11914	0.30748	0.25672	0.21975	-0.11244	-0.09838	-0.09035	0.20505	0.20722	0.21412	-0.50414	-0.30648	-0.16919
449340	0.23879	0.22674	0.25323	-0.12910	-0.11152	-0.12082	0.30932	0.25524	0.21938	-0.11304	-0.09977	-0.09135	0.20346	0.20560	0.21448	-0.50535	-0.30765	-0.17030
449510	0.23706	0.22491	0.25242	-0.12994	-0.11184	-0.12138	0.31493	0.25525	0.21737	-0.11338	-0.09961	-0.09108	0.20293	0.20529	0.21310	-0.50607	-0.30715	-0.17004
449680	0.23718	0.22299	0.24990	-0.13167	-0.11377	-0.12257	0.30787	0.25277	0.21551	-0.11591	-0.10149	-0.09285	0.20095	0.20274	0.21113	-0.50787	-0.31024	-0.17270	32.36	6.1	0.00	-2.04	0.01741	0.01206	0.01526	0.01903	0.01947	0.01522	0.00549	0.01519	0.02014	0.01932	0.01363	0.01732	0.01712	0.01769	0.01381	0.00595	0.01672	0.02230
449840	0.23707	0.22386	0.25192	-0.13220	-0.11429	-0.12321	0.30525	0.25152	0.21767	-0.11554	-0.10145	-0.09279	0.20306	0.20457	0.21424	-0.50723	-0.30857	-0.17126
450010	0.23932	0.22641	0.25454	-0.12998	-0.11025	-0.11938	0.31125	0.26079	0.22180	-0.11106	-0.09774	-0.08842	0.20643	0.20822	0.21460	-0.50132	-0.30535	-0.16817
450180	0.24105	0.22604	0.25460	-0.12888	-0.10974	-0.11837	0.31399	0.26024	0.22073	-0.11150	-0.09720	-0.08896	0.20621	0.20824	0.21651	-0.50307	-0.30513	-0.16808
450340	0.23880	0.22720	0.25349	-0.12851	-0.10994	-0.11930	0.30632	0.25785	0.21932	-0.11204	-0.09825	-0.09054	0.20565	0.20632	0.21423	-0.50303	-0.30593	-0.16928
450510	0.24076	0.22726	0.25468	-0.12882	-0.11084	-0.12010	0.31111	0.25746	0.21834	-0.11332	-0.09936	-0.09127	0.20524	0.20598	0.21448	-0.50487	-0.30745	-0.17044
450670	0.23802	0.22523	0.25063	-0.13085	-0.11339	-0.12235	0.30758	0.25314	0.21720	-0.11445	-0.10141	-0.09243	0.20217	0.20608	0.21364	-0.50559	-0.30781	-0.17090
450840	0.23878	0.22518	0.25096	-0.13159	-0.11455	-0.12294	0.29950	0.25172	0.21525	-0.11581	-0.10287	-0.09447	0.20288	0.20663	0.21623	-0.50398	-0.30478	-0.16716
451010	0.23936	0.22723	0.25235	-0.12826	-0.11025	-0.11999	0.31009	0.25588	0.21882	-0.11342	-0.09911	-0.09152	0.20514	0.20905	0.21483	-0.50262	-0.30563	-0.16825
451170	0.23888	0.22506	0.25265	-0.12909	-0.11126	-0.12106	0.30678	0.25370	0.21694	-0.11379	-0.10010	-0.09174	0.20406	0.20805	0.21454	-0.50568	-0.30780	-0.17039
451340	0.23899	0.22542	0.25167	-0.12940	-0.11146	-0.12079	0.30672	0.25368	0.21857	-0.11404	-0.09966	-0.09158	0.20331	0.20578	0.21414	-0.50599	-0.30801	-0.17076	32.42	5.9	0.00	-2.04	0.01741	0.01206	0.01526	0.01903	0.01947	0.01522	0.00549	0.01519	0.02014	0.01932	0.01363	0.01732	0.01712	0.01769	0.01381	0.00595	0.01672	0.02230
451510	0.24169	0.22717	0.25646	-0.12635	-0.10775	-0.11770	0.31337	0.26071	0.22314	-0.11031	-0.09642	-0.08835	0.20830	0.20870	0.21869	-0.50288	-0.30419	-0.16669
451670	0.24000	0.22616	0.25494	-0.12743	-0.10905	-0.11949	0.31064	0.25677	0.21965	-0.11242	-0.09778	-0.08988	0.20534	0.20612	0.21345	-0.50392	-0.30638	-0.16856
451840	0.23945	0.22455	0.25234	-0.12971	-0.11187	-0.12107	0.30449	0.25551	0.21601	-0.11415	-0.10001	-0.09167	0.20159	0.20397	0.21163	-0.50751	-0.30930	-0.17183
452000	0.23564	0.22156	0.24983	-0.13192	-0.11469	-0.12412	0.30723	0.25137	0.21442	-0.11602	-0.10221	-0.09346	0.20244	0.20496	0.21343	-0.50733	-0.30743	-0.17040
452170	0.24005	0.22405	0.25157	-0.12980	-0.11206	-0.12156	0.30892	0.25451	0.21953	-0.11394	-0.10083	-0.09199	0.20368	0.20492	0.21326	-0.50518	-0.30731	-0.16992
452330	0.23870	0.22384	0.25038	-0.13013	-0.11301	-0.12221	0.30432	0.25443	0.21829	-0.11534	-0.10180	-0.09354	0.20592	0.20761	0.21472	-0.50422	-0.30539	-0.16692
452500	0.24071	0.22683	0.25389	-0.12718	-0.10972	-0.12019	0.30802	0.25727	0.21978	-0.11280	-0.09889	-0.09104	0.20564	0.20849	0.21606	-0.50329	-0.30552	-0.16844
452660	0.24038	0.22482	0.25361	-0.12876	-0.11089	-0.12152	0.30660	0.25435	0.21783	-0.11332	-0.09951	-0.09165	0.20355	0.20688	0.21395	-0.50597	-0.30730	-0.17014
452830	0.23856	0.22634	0.25273	-0.12941	-0.11205	-0.12122	0.30713	0.25514	0.21795	-0.11377	-0.10024	-0.09232	0.20362	0.20473	0.21443	-0.50693	-0.30886	-0.17179
453000	0.24060	0.22808	0.25391	-0.12820	-0.10885	-0.11845	0.30934	0.25899	0.21992	-0.11204	-0.09878	-0.09026	0.20600	0.20620	0.21894	-0.50326	-0.30582	-0.16838	32.42	6.0	0.00	-2.04	0.01741	0.01206	0.01526	0.01903	0.01947	0.01522	0.00549	0.01519	0.02014	0.01932	0.01363	0.01732	0.01712	0.01769	0.01381	0.00595	0.01672	0.02230
453160	0.23813	0.22606	0.25401	-0.12878	-0.11046	-0.11965	0.30888	0.25573	0.21970	-0.11351	-0.09938	-0.09124	0.20480	0.20479	0.21231	-0.50447	-0.30728	-0.17041
453330	0.23894	0.22414	0.25191	-0.13027	-0.11174	-0.12215	0.30898	0.25364	0.21830	-0.11457	-0.10058	-0.09277	0.20353	0.20507	0.21539	-0.50649	-0.30760	-0.16998
453490	0.23763	0.22506	0.25234	-0.13013	-0.11304	-0.12293	0.30576	0.25304	0.21749	-0.11531	-0.10153	-0.09348	0.20386	0.20762	0.21613	-0.50388	-0.30597	-0.16801
453660	0.23999	0.22710	0.25359	-0.12844	-0.11079	-0.12002	0.30823	0.25742	0.21965	-0.11324	-0.09950	-0.09107	0.20485	0.20642	0.21374	-0.50395	-0.30641	-0.16889
453830	0.23966	0.22514	0.25429	-0.12920	-0.11195	-0.12165	0.30750	0.25709	0.21909	-0.11388	-0.10006	-0.09177	0.20393	0.20529	0.21497	-0.50518	-0.30621	-0.16838
453990	0.23975	0.22543	0.25264	-0.12889	-0.11094	-0.12078	0.30443	0.25544	0.22127	-0.11313	-0.09911	-0.09080	0.20447	0.20490	0.21202	-0.50543	-0.30807	-0.17013
454160	0.24089	0.22931	0.25562	-0.12602	-0.10812	-0.11734	0.31237	0.26266	0.22323	-0.10984	-0.09608	-0.08769	0.20865	0.20953	0.21735	-0.50097	-0.30260	-0.16587
454320	0.24133	0.22734	0.25517	-0.12625	-0.10896	-0.11890	0.31263	0.26062	0.22076	-0.11212	-0.09812	-0.09043	0.20527	0.20700	0.21588	-0.50363	-0.30580	-0.16869
454490	0.24024	0.22450	0.25207	-0.12920	-0.11195	-0.12168	0.30903	0.25467	0.21749	-0.11447	-0.10093	-0.09291	0.20234	0.20293	0.21294	-0.50702	-0.31008	-0.17270
454660	0.23553	0.22565	0.25244	-0.13144	-0.11216	-0.12028	0.31370	0.25827	0.21923	-0.11251	-0.09857	-0.09047	0.20465	0.20684	0.21489	-0.50575	-0.30699	-0.16966	32.42	6.1	0.00	-2.04	0.01741	0.01206	0.01526	0.01903	0.01947	0.01522	0.00549	0.01519	0.02014	0.01932	0.01363	0.01732	0.01712	0.01769	0.01381	0.00595	0.01672	0.02230
454820	0.23984	0.22402	0.25121	-0.12983	-0.11245	-0.12135	0.30642	0.25449	0.21753	-0.11458	-0.10007	-0.09187	0.20303	0.20597	0.21440	-0.50685	-0.30717	-0.17016
454990	0.23867	0.22463	0.25005	-0.13036	-0.11354	-0.12316	0.30765	0.25173	0.21499	-0.11551	-0.10136	-0.09338	0.20379	0.20612	0.21409	-0.50566	-0.30703	-0.16782
455150	0.24068	0.22356	0.25320	-0.12813	-0.11066	-0.12054	0.31329	0.25586	0.21924	-0.11315	-0.09923	-0.09113	0.20451	0.20638	0.21431	-0.50483	-0.30762	-0.16979
455320	0.23985	0.22574	0.25278	-0.12865	-0.11128	-0.12070	0.30724	0.25634	0.21853	-0.11366	-0.09966	-0.09083	0.20212	0.20590	0.21429	-0.50785	-0.30906	-0.17177
455480	0.24100	0.22654	0.25583	-0.12691	-0.10849	-0.11753	0.30876	0.26081	0.22238	-0.11062	-0.09643	-0.08776	0.20818	0.20723	0.21631	-0.50251	-0.30482	-0.16711
455650	0.24402	0.22738	0.25497	-0.12706	-0.10894	-0.11847	0.31312	0.25776	0.22025	-0.11159	-0.09769	-0.08959	0.20548	0.20533	0.21491	-0.50442	-0.30615	-0.16886
455820	0.23841	0.22622	0.25261	-0.12926	-0.11141	-0.12168	0.30242	0.25413	0.21685	-0.11456	-0.10040	-0.09167	0.20315	0.20500	0.21283	-0.50767	-0.30906	-0.17075
455980	0.23578	0.22290	0.25076	-0.13099	-0.11321	-0.12308	0.30600	0.25315	0.21622	-0.11538	-0.10133	-0.09232	0.20452	0.20758	0.21290	-0.50641	-0.30700	-0.16905
456150	0.24108	0.22614	0.25331	-0.12881	-0.11186	-0.12158	0.30782	0.25414	0.21876	-0.11424	-0.10012	-0.09154	0.20338	0.20737	0.21355	-0.50778	-0.30769	-0.17029
456310	0.23999	0.22445	0.25434	-0.12841	-0.11073	-0.12017	0.30804	0.25660	0.21974	-0.11345	-0.09910	-0.09142	0.20377	0.20633	0.21434	-0.50556	-0.30794	-0.17126	32.42	5.9	0.00	-2.04	0.01741	0.01206	0.01526	0.01903	0.01947	0.01522	0.00549	0.01519	0.02014	0.01932	0.01363	0.01732	0.01712	0.01769	0.01381	0.00595	0.01672	0.02230
456480	0.24011	0.22719	0.25518	-0.12674	-0.10851	-0.11754	0.31292	0.26034	0.22257	-0.11050	-0.09668	-0.08913	0.20829	0.20819	0.21673	-0.50229	-0.30431	-0.16702
456640	0.23913	0.22417	0.25326	-0.12667	-0.10971	-0.11916	0.30620	0.25615	0.21927	-0.11227	-0.09895	-0.09066	0.20422	0.20516	0.21326	-0.50537	-0.30724	-0.17079
456810	0.23726	0.22323	0.25125	-0.12974	-0.11195	-0.12083	0.30257	0.25637	0.21691	-0.11425	-0.10008	-0.09213	0.20284	0.20317	0.21273	-0.50786	-0.30977	-0.17210
456980	0.23554	0.22400	0.25266	-0.13023	-0.10999	-0.11973	0.31297	0.25510	0.22092	-0.11234	-0.09851	-0.08991	0.20356	0.20626	0.21390	-0.50520	-0.30791	-0.17059
457140	0.23872	0.22569	0.25254	-0.12955	-0.11183	-0.12066	0.30245	0.25313	0.21614	-0.11399	-0.09954	-0.09168	0.20493	0.20734	0.21341	-0.50381	-0.30670	-0.16947
457310	0.24004	0.22484	0.25294	-0.12936	-0.11212	-0.12204	0.30528	0.25451	0.21664	-0.11506	-0.10119	-0.09261	0.20417	0.20779	0.21660	-0.50258	-0.30460	-0.16642
457470	0.24077	0.22613	0.25497	-0.12671	-0.10970	-0.11939	0.30949	0.25652	0.21839	-0.11285	-0.09884	-0.09031	0.20496	0.20795	0.21710	-0.50378	-0.30592	-0.16778
457640	0.24047	0.22658	0.25461	-0.12830	-0.11092	-0.12040	0.31055	0.25661	0.21969	-0.11359	-0.09927	-0.09042	0.20389	0.20648	0.21366	-0.50370	-0.30698	-0.16946
457810	0.23876	0.22557	0.25318	-0.12922	-0.11103	-0.12123	0.30922	0.25414	0.21977	-0.11357	-0.09900	-0.09053	0.20407	0.20794	0.21440	-0.50431	-0.30691	-0.16936
457970	0.24006	0.22606	0.25299	-0.12943	-0.11060	-0.12088	0.30967	0.25943	0.21972	-0.11393	-0.09954	-0.09155	0.20338	0.20656	0.21459	-0.50560	-0.30871	-0.17194	32.42	5.9	0.00	-2.04	0.01741	0.01206	0.01526	0.01903	0.01947	0.01522	0.00549	0.01519	0.02014	0.01932	0.01363	0.01732	0.01712	0.01769	0.01381	0.00595	0.01672	0.02230
458140	0.24304	0.22773	0.25583	-0.12663	-0.10814	-0.11766	0.31219	0.25996	0.22201	-0.11082	-0.09624	-0.08872	0.20983	0.20922	0.21808	-0.50056	-0.30414	-0.16737
458300	0.24250	0.22585	0.25562	-0.12666	-0.10810	-0.11788	0.31383	0.25903	0.22078	-0.11147	-0.09756	-0.08999	0.20793	0.20805	0.21402	-0.50314	-0.30554	-0.16885
458470	0.23801	0.22341	0.25436	-0.12948	-0.11084	-0.11999	0.30868	0.25732	0.21997	-0.11314	-0.09923	-0.09108	0.20355	0.20365	0.21283	-0.50503	-0.30757	-0.17095
458630	0.23878	0.22300	0.25240	-0.13060	-0.11255	-0.12232	0.30674	0.25370	0.21711	-0.11523	-0.10085	-0.09318	0.20523	0.20603	0.21400	-0.50512	-0.30759	-0.16995
458800	0.24021	0.22453	0.25429	-0.12908	-0.11033	-0.12016	0.30609	0.25564	0.21909	-0.11361	-0.09885	-0.09144	0.20437	0.20571	0.21733	-0.50331	-0.30759	-0.16981
458970	0.23924	0.22541	0.25336	-0.12936	-0.11133	-0.12129	0.31202	0.25414	0.21631	-0.11466	-0.10031	-0.09182	0.20586	0.21114	0.21843	-0.50169	-0.30343	-0.16586
459130	0.24293	0.22762	0.25424	-0.12513	-0.10790	-0.11744	0.31517	0.25921	0.21963	-0.11177	-0.09723	-0.08970	0.20572	0.21007	0.21551	-0.50164	-0.30476	-0.16750
459300	0.24156	0.22750	0.25384	-0.12745	-0.10932	-0.11969	0.31185	0.25690	0.21840	-0.11281	-0.09869	-0.08987	0.20626	0.20636	0.21369	-0.50417	-0.30734	-0.16997
459460	0.24025	0.22486	0.25328	-0.12889	-0.11097	-0.12062	0.30355	0.25376	0.21814	-0.11399	-0.09949	-0.09106	0.20234	0.20245	0.21449	-0.50594	-0.30994	-0.17198
459630	0.24045	0.22811	0.25526	-0.12781	-0.10904	-0.11846	0.30902	0.25961	0.22088	-0.11135	-0.09736	-0.08858	0.20682	0.20748	0.21530	-0.50257	-0.30566	-0.16818	32.42	6.0	0.00	-2.04	0.01741	0.01206	0.01526	0.01903	0.01947	0.01522	0.00549	0.01519	0.02014	0.01932	0.01363	0.01732	0.01712	0.01769	0.01381	0.00595	0.01672	0.02230
459800	0.24049	0.22526	0.25501	-0.12871	-0.11064	-0.12111	0.31313	0.25675	0.21831	-0.11370	-0.09880	-0.09111	0.20496	0.20778	0.21633	-0.50390	-0.30677	-0.17007
459960	0.23993	0.22507	0.25126	-0.13051	-0.11344	-0.12250	0.31030	0.25328	0.21710	-0.11557	-0.10128	-0.09372	0.20577	0.20817	0.21773	-0.50245	-0.30350	-0.16649
460130	0.24303	0.22693	0.25510	-0.12716	-0.11001	-0.11988	0.31018	0.25637	0.22042	-0.11209	-0.09885	-0.09140	0.20636	0.20787	0.21735	-0.50290	-0.30550	-0.16841
460290	0.23891	0.22715	0.25610	-0.12885	-0.11109	-0.12024	0.30328	0.25669	0.22026	-0.11341	-0.09943	-0.09110	0.20413	0.20746	0.21575	-0.50532	-0.30700	-0.17041
460460	0.24058	0.22545	0.25478	-0.12925	-0.11107	-0.12082	0.31284	0.25628	0.21992	-0.11326	-0.09935	-0.09155	0.20372	0.20662	0.21320	-0.50531	-0.30928	-0.17192
460620	0.24256	0.22835	0.25757	-0.12700	-0.10814	-0.11777	0.31168	0.25963	0.22330	-0.11097	-0.09706	-0.08897	0.20727	0.20925	0.21519	-0.50131	-0.30494	-0.16747
460790	0.24278	0.22859	0.25602	-0.12708	-0.10980	-0.11957	0.31170	0.25623	0.22124	-0.11283	-0.09816	-0.09004	0.20468	0.20769	0.21413	-0.50316	-0.30690	-0.16962
460960	0.24132	0.22446	0.25196	-0.13051	-0.11311	-0.12326	0.30940	0.25158	0.21505	-0.11569	-0.10172	-0.09278	0.20180	0.20393	0.21384	-0.50757	-0.30983	-0.17196
461120	0.23892	0.22684	0.25417	-0.13126	-0.11345	-0.12262	0.30831	0.25454	0.21806	-0.11487	-0.10122	-0.09221	0.20343	0.20852	0.21723	-0.50547	-0.30699	-0.16985
461290	0.24123	0.22817	0.25466	-0.12861	-0.11031	-0.11882	0.31299	0.25808	0.22243	-0.11241	-0.09807	-0.08931	0.20404	0.20856	0.21630	-0.50336	-0.30672	-0.16890	32.42	6.0	0.00	-2.04	0.01741	0.01206	0.01526	0.01903	0.01947	0.01522	0.00549	0.01519	0.02014	0.01932	0.01363	0.01732	0.01712	0.01769	0.01381	0.00595	0.01672	0.02230
461460	0.24251	0.22670	0.25412	-0.12880	-0.11068	-0.12064	0.31296	0.25758	0.22072	-0.11300	-0.09785	-0.09098	0.20397	0.20749	0.21563	-0.50321	-0.30578	-0.16882
461620	0.24097	0.22569	0.25558	-0.12805	-0.11078	-0.12106	0.31071	0.25690	0.22050	-0.11336	-0.09959	-0.09166	0.20563	0.20754	0.21512	-0.50384	-0.30636	-0.16917
461790	0.24188	0.22689	0.25422	-0.12904	-0.11119	-0.12138	0.30996	0.25611	0.22041	-0.11320	-0.09876	-0.09154	0.20525	0.20774	0.21473	-0.50298	-0.30665	-0.17001
461960	0.24156	0.22542	0.25364	-0.13014	-0.11247	-0.12243	0.30389	0.25221	0.21665	-0.11507	-0.10080	-0.09294	0.20624	0.21013	0.21708	-0.50084	-0.30291	-0.16535
462120	0.24339	0.22886	0.25594	-0.12539	-0.10857	-0.11812	0.30962	0.25849	0.22207	-0.11185	-0.09740	-0.09001	0.20650	0.20907	0.21835	-0.49927	-0.30343	-0.16592
462290	0.24228	0.22708	0.25378	-0.12597	-0.10904	-0.11932	0.30858	0.25703	0.22076	-0.11210	-0.09866	-0.09071	0.20545	0.20819	0.21771	-0.50080	-0.30528	-0.16775
462450	0.24137	0.22535	0.25343	-0.12736	-0.11053	-0.12029	0.30873	0.25688	0.21971	-0.11320	-0.09945	-0.09135	0.20350	0.20496	0.21557	-0.50573	-0.30853	-0.17134
462620	0.23944	0.22481	0.25227	-0.12966	-0.11146	-0.12102	0.30977	0.25705	0.22050	-0.11317	-0.09939	-0.09158	0.20267	0.20655	0.21433	-0.50614	-0.30917	-0.17164
462780	0.24034	0.22735	0.25404	-0.12703	-0.10879	-0.11739	0.31628	0.25976	0.22450	-0.11083	-0.09650	-0.08880	0.20639	0.20788	0.21703	-0.50114	-0.30477	-0.16742
462950	0.24103	0.22647	0.25481	-0.12775	-0.10974	-0.12007	0.30654	0.25828	0.21997	-0.11277	-0.09901	-0.08989	0.20460	0.20746	0.21073	-0.50536	-0.30726	-0.16997	32.47	6.2	0.00	-2.04	0.01741	0.01206	0.01526	0.01903	0.01947	0.01522	0.00549	0.01519	0.02014	0.01932	0.01363	0.01732	0.01712	0.01769	0.01381	0.00595	0.01672	0.02230
463120	0.23976	0.22321	0.25172	-0.13052	-0.11284	-0.12312	0.30463	0.25332	0.21587	-0.11612	-0.10200	-0.09275	0.20200	0.20532	0.21337	-0.50663	-0.30938	-0.17183
463280	0.23901	0.22450	0.25323	-0.13027	-0.11206	-0.12172	0.31387	0.25587	0.21902	-0.11457	-0.10082	-0.09237	0.20376	0.20636	0.21831	-0.50508	-0.30656	-0.17030
463450	0.24014	0.22481	0.25746	-0.12825	-0.11064	-0.12052	0.31123	0.25817	0.21938	-0.11312	-0.09879	-0.09098	0.20573	0.20851	0.21528	-0.50529	-0.30679	-0.16986
463610	0.24073	0.22622	0.25435	-0.12923	-0.11139	-0.12128	0.30811	0.25872	0.22108	-0.11404	-0.10039	-0.09222	0.20721	0.20792	0.21976	-0.50067	-0.30321	-0.16549
463780	0.24460	0.22952	0.25733	-0.12546	-0.10780	-0.11668	0.30888	0.26138	0.22419	-0.11125	-0.09762	-0.08913	0.20895	0.21185	0.21845	-0.50102	-0.30386	-0.16698
463950	0.24356	0.22621	0.25380	-0.12745	-0.10989	-0.11995	0.30961	0.25645	0.21998	-0.11340	-0.09948	-0.09118	0.20538	0.20874	0.21515	-0.50443	-0.30732	-0.16952
464110	0.23974	0.22424	0.25323	-0.12886	-0.11118	-0.12161	0.30451	0.25808	0.21847	-0.11456	-0.10112	-0.09225	0.20270	0.20533	0.21499	-0.50665	-0.30967	-0.17198
464280	0.24182	0.22565	0.25556	-0.12753	-0.10934	-0.11829	0.31293	0.25976	0.22260	-0.11186	-0.09823	-0.08955	0.20717	0.20978	0.21752	-0.50252	-0.30606	-0.16848
464440	0.24090	0.22427	0.25390	-0.12851	-0.11085	-0.12012	0.31341	0.25772	0.22010	-0.11393	-0.10054	-0.09096	0.20381	0.20715	0.21490	-0.50515	-0.30835	-0.17120
464610	0.23913	0.22444	0.25265	-0.13091	-0.11374	-0.12378	0.30669	0.25290	0.21478	-0.11636	-0.10285	-0.09449	0.20414	0.20737	0.21574	-0.50469	-0.30582	-0.16791	32.42	6.0	0.00	-2.04	0.01741	0.01206	0.01526	0.01903	0.01947	0.01522	0.00549	0.01519	0.02014	0.01932	0.01363	0.01732	0.01712	0.01769	0.01381	0.00595	0.01672	0.02230
464770	0.24175	0.22677	0.25404	-0.12821	-0.11065	-0.12092	0.31182	0.25576	0.22013	-0.11382	-0.09995	-0.09170	0.20619	0.20781	0.21698	-0.50291	-0.30740	-0.16897
464940	0.24102	0.22844	0.25501	-0.12936	-0.11138	-0.12108	0.31301	0.25672	0.22139	-0.11402	-0.10022	-0.09070	0.20510	0.20841	0.21482	-0.50403	-0.30814	-0.17048
465110	0.24180	0.22510	0.25628	-0.12876	-0.11141	-0.12068	0.31306	0.25882	0.22171	-0.11381	-0.09978	-0.09154	0.20580	0.20685	0.21548	-0.50573	-0.30790	-0.17129
465270	0.24151	0.22811	0.25744	-0.12695	-0.10911	-0.11815	0.31354	0.26062	0.22543	-0.11034	-0.09725	-0.08946	0.20663	0.20896	0.21687	-0.50098	-0.30466	-0.16786
465440	0.24224	0.22823	0.25549	-0.12737	-0.11007	-0.11925	0.31408	0.26037	0.22121	-0.11261	-0.09875	-0.09109	0.20484	0.20714	0.21625	-0.50303	-0.30679	-0.17009
465600	0.24096	0.22492	0.25433	-0.12954	-0.11159	-0.12059	0.30469	0.25378	0.21808	-0.11415	-0.10045	-0.09227	0.20315	0.20590	0.21437	-0.50478	-0.30932	-0.17196
465770	0.23880	0.22480	0.25517	-0.13078	-0.11104	-0.12028	0.30989	0.25843	0.22182	-0.11277	-0.09986	-0.09114	0.20574	0.20652	0.21467	-0.50491	-0.30793	-0.17086
465930	0.24102	0.22409	0.25391	-0.12947	-0.11231	-0.12263	0.30902	0.25432	0.21813	-0.11499	-0.10114	-0.09268	0.20577	0.21117	0.21816	-0.50253	-0.30448	-0.16643
466100	0.24430	0.22780	0.25461	-0.12587	-0.10907	-0.11895	0.31446	0.26128	0.22181	-0.11207	-0.09888	-0.09061	0.20702	0.20871	0.21599	-0.50166	-0.30642	-0.16874
466260	0.24051	0.22565	0.25444	-0.12818	-0.11074	-0.12048	0.30914	0.25928	0.21936	-0.11392	-0.09966	-0.09143	0.20313	0.20762	0.21432	-0.50647	-0.30838	-0.17174	32.47	6.1	0.00	-2.04	0.01741	0.01206	0.01526	0.01903	0.01947	0.01522	0.00549	0.01519	0.02014	0.01932	0.01363	0.01732	0.01712	0.01769	0.01381	0.00595	0.01672	0.02230
466430	0.23883	0.22460	0.25305	-0.13121	-0.11363	-0.12315	0.30800	0.25517	0.21727	-0.11558	-0.10179	-0.09333	0.20420	0.20591	0.21430	-0.50533	-0.30877	-0.17125
466600	0.24091	0.22449	0.25482	-0.13004	-0.11144	-0.12167	0.31183	0.25628	0.21778	-0.11469	-0.10035	-0.09127	0.20444	0.20630	0.21513	-0.50522	-0.30818	-0.17069
466760	0.24027	0.22291	0.25159	-0.13081	-0.11422	-0.12427	0.30578	0.25147	0.21658	-0.11634	-0.10259	-0.09375	0.20448	0.21024	0.21906	-0.50240	-0.30457	-0.16685
466930	0.24347	0.22643	0.25594	-0.12715	-0.11034	-0.12055	0.31093	0.25827	0.22016	-0.11367	-0.09995	-0.09133	0.20685	0.20887	0.21584	-0.50217	-0.30496	-0.16822
467090	0.24062	0.22428	0.25231	-0.12857	-0.11155	-0.12211	0.30694	0.25740	0.21915	-0.11468	-0.10040	-0.09250	0.20428	0.20757	0.21538	-0.50456	-0.30823	-0.17127
467260	0.23932	0.22428	0.25411	-0.13028	-0.11192	-0.12224	0.30924	0.25702	0.21873	-0.11439	-0.10026	-0.09245	0.20249	0.20694	0.21559	-0.50727	-0.30983	-0.17245
467420	0.24398	0.22737	0.25642	-0.12745	-0.10889	-0.11731	0.31469	0.26161	0.22220	-0.11109	-0.09840	-0.08974	0.20853	0.20889	0.21716	-0.50106	-0.30431	-0.16795
467590	0.24295	0.22774	0.25479	-0.12751	-0.10988	-0.11963	0.31314	0.25823	0.22149	-0.11288	-0.09955	-0.09162	0.20563	0.20898	0.21459	-0.50408	-0.30696	-0.17076
467760	0.24059	0.22395	0.25160	-0.13086	-0.11354	-0.12310	0.30604	0.25328	0.21823	-0.11596	-0.10317	-0.09446	0.20240	0.20393	0.21459	-0.50752	-0.31083	-0.17350
467920	0.23896	0.22275	0.25340	-0.13205	-0.11443	-0.12395	0.30856	0.25498	0.21777	-0.11639	-0.10194	-0.09415	0.20278	0.20615	0.21566	-0.50575	-0.30810	-0.17113	32.47	6.0	0.00	-2.04	0.01741	0.01206	0.01526	0.01903	0.01947	0.01522	0.00549	0.01519	0.02014	0.01932	0.01363	0.01732	0.01712	0.01769	0.01381	0.00595	0.01672	0.02230
468090	0.24134	0.22613	0.25620	-0.12923	-0.11186	-0.12153	0.31267	0.25784	0.21929	-0.11411	-0.10128	-0.09221	0.20464	0.20821	0.21546	-0.50508	-0.30727	-0.17052
468250	0.24141	0.22550	0.25570	-0.12971	-0.11208	-0.12239	0.30851	0.25795	0.22054	-0.11490	-0.10185	-0.09284	0.20692	0.21112	0.21751	-0.50150	-0.30415	-0.16583
468420	0.24399	0.22844	0.25693	-0.12631	-0.10925	-0.11857	0.31323	0.26189	0.22336	-0.11188	-0.09862	-0.08991	0.20812	0.20979	0.21635	-0.50192	-0.30448	-0.16785
468590	0.24272	0.22480	0.25527	-0.12885	-0.11101	-0.12119	0.31217	0.25861	0.21895	-0.11416	-0.10038	-0.09145	0.20540	0.20912	0.21519	-0.50389	-0.30659	-0.16934
468750	0.24148	0.22508	0.25398	-0.12945	-0.11259	-0.12263	0.30916	0.25465	0.21825	-0.11491	-0.10169	-0.09269	0.20344	0.20431	0.21263	-0.50716	-0.31065	-0.17391
468920	0.24281	0.22669	0.25785	-0.12845	-0.10933	-0.11972	0.30912	0.26042	0.22344	-0.11228	-0.09921	-0.09099	0.20687	0.20760	0.21709	-0.50307	-0.30614	-0.16911
469080	0.24126	0.22583	0.25396	-0.12892	-0.11083	-0.12103	0.30740	0.25864	0.22063	-0.11334	-0.09969	-0.09205	0.20434	0.20624	0.21563	-0.50519	-0.30849	-0.17154
469250	0.23975	0.22287	0.25189	-0.13158	-0.11423	-0.12458	0.30268	0.25315	0.21584	-0.11672	-0.10376	-0.09512	0.20594	0.20778	0.21744	-0.50442	-0.30679	-0.16931
469410	0.24231	0.22556	0.25356	-0.12853	-0.11120	-0.12142	0.30730	0.25594	0.22082	-0.11470	-0.10213	-0.09293	0.20360	0.20603	0.21413	-0.50671	-0.30973	-0.17218
469580	0.24115	0.22637	0.25443	-0.12980	-0.11224	-0.12175	0.30683	0.25742	0.22025	-0.11478	-0.10223	-0.09325	0.20383	0.20461	0.21368	-0.50715	-0.31074	-0.17340	32.47	5.9	0.00	-2.04	0.01741	0.01206	0.01526	0.01903	0.01947	0.01522	0.00549	0.01519	0.02014	0.01932	0.01363	0.01732	0.01712	0.01769	0.01381	0.00595	0.01672	0.02230
469740	0.24254	0.22939	0.25561	-0.12769	-0.10959	-0.11968	0.31283	0.26143	0.22428	-0.11236	-0.09891	-0.08958	0.20690	0.20764	0.21783	-0.50436	-0.30740	-0.17000
469910	0.24125	0.22467	0.25430	-0.12841	-0.11137	-0.12154	0.30562	0.25760	0.21960	-0.11409	-0.10110	-0.09177	0.20407	0.20667	0.21475	-0.50676	-0.30938	-0.17139
470080	0.24097	0.22443	0.25210	-0.13081	-0.11374	-0.12410	0.30513	0.25503	0.21842	-0.11671	-0.10327	-0.09388	0.20175	0.20431	0.21660	-0.50702	-0.31051	-0.17312
470240	0.24033	0.22549	0.25407	-0.13112	-0.11359	-0.12360	0.31060	0.25677	0.22064	-0.11630	-0.10252	-0.09279	0.20385	0.21002	0.21740	-0.50617	-0.30903	-0.17135
470410	0.24242	0.22657	0.25542	-0.12929	-0.11146	-0.12210	0.31164	0.26077	0.22191	-0.11449	-0.10078	-0.09271	0.20560	0.20917	0.21710	-0.50613	-0.30831	-0.17155
470570	0.24095	0.22386	0.25470	-0.12958	-0.11147	-0.12209	0.31394	0.25921	0.22231	-0.11396	-0.10148	-0.09274	0.20419	0.20716	0.21626	-0.50552	-0.30870	-0.17119
470740	0.24043	0.22748	0.25661	-0.12934	-0.11119	-0.12128	0.31513	0.25727	0.22347	-0.11442	-0.10104	-0.09201	0.20499	0.20589	0.21549	-0.50683	-0.30784	-0.17134
470910	0.24151	0.22492	0.25328	-0.13028	-0.11265	-0.12326	0.30968	0.25503	0.21945	-0.11628	-0.10284	-0.09422	0.20682	0.21052	0.22115	-0.50406	-0.30562	-0.16733
471070	0.24280	0.23049	0.25623	-0.12737	-0.10931	-0.12057	0.31317	0.26078	0.22159	-0.11385	-0.09981	-0.09089	0.20749	0.20799	0.21852	-0.50363	-0.30582	-0.16807
471240	0.24292	0.22695	0.25566	-0.12790	-0.11088	-0.12100	0.31184	0.25794	0.21999	-0.11427	-0.10139	-0.09247	0.20491	0.20793	0.21692	-0.50575	-0.30802	-0.17041	32.47	6.0	0.00	-2.04	0.01741	0.01206	0.01526	0.01903	0.01947	0.01522	0.00549	0.01519	0.02014	0.01932	0.01363	0.01732	0.01712	0.01769	0.01381	0.00595	0.01672	0.02230
471410	0.24093	0.22485	0.25442	-0.12921	-0.11170	-0.12224	0.30980	0.25804	0.22011	-0.11481	-0.10143	-0.09255	0.20379	0.20718	0.21461	-0.50710	-0.30920	-0.17140
471570	0.24085	0.22621	0.25499	-0.12941	-0.11209	-0.12245	0.30930	0.25811	0.22051	-0.11519	-0.10179	-0.09220	0.20340	0.20640	0.21237	-0.50741	-0.31103	-0.17361
471740	0.24173	0.22603	0.25645	-0.12740	-0.10989	-0.12027	0.31174	0.26194	0.22289	-0.11315	-0.09945	-0.09048	0.20641	0.20918	0.21530	-0.50571	-0.30740	-0.17061
471900	0.24072	0.22425	0.25526	-0.12858	-0.11097	-0.12073	0.31145	0.25939	0.21989	-0.11440	-0.10060	-0.09198	0.20372	0.20832	0.21390	-0.50683	-0.30801	-0.17205
472070	0.24066	0.22451	0.25406	-0.12952	-0.11185	-0.12234	0.31302	0.25765	0.22104	-0.11531	-0.10133	-0.09294	0.20542	0.20657	0.21363	-0.50735	-0.30826	-0.17183
472240	0.24119	0.22418	0.25293	-0.13058	-0.11325	-0.12370	0.30579	0.25732	0.21900	-0.11617	-0.10316	-0.09464	0.20102	0.20673	0.21171	-0.50862	-0.31060	-0.17387
472400	0.23856	0.22351	0.25387	-0.13101	-0.11360	-0.12354	0.31796	0.25673	0.21980	-0.11622	-0.10180	-0.09392	0.20479	0.20743	0.21504	-0.50605	-0.30845	-0.17159
472570	0.24204	0.22398	0.25593	-0.12872	-0.11069	-0.12051	0.31193	0.25905	0.22206	-0.11379	-0.10047	-0.09190	0.20614	0.20728	0.21775	-0.50564	-0.30888	-0.17152
472740	0.24136	0.22646	0.25629	-0.12860	-0.11041	-0.12105	0.31123	0.25941	0.22200	-0.11417	-0.10081	-0.09282	0.20516	0.20719	0.21792	-0.50337	-0.30752	-0.17073
472900	0.24250	0.22813	0.25649	-0.12822	-0.11073	-0.12137	0.30718	0.25724	0.22108	-0.11462	-0.10057	-0.09186	0.20430	0.20864	0.21751	-0.50637	-0.30880	-0.17152	32.47	6.0	0.00	-2.04	0.01741	0.01206	0.01526	0.01903	0.01947	0.01522	0.00549	0.01519	0.02014	0.01932	0.01363	0.01732	0.01712	0.01769	0.01381	0.00595	0.01672	0.02230
473070	0.24209	0.22527	0.25633	-0.12853	-0.11140	-0.12145	0.30863	0.25929	0.22059	-0.11428	-0.10119	-0.09184	0.20505	0.20999	0.21660	-0.50617	-0.30820	-0.17104
473240	0.24072	0.22709	0.25416	-0.13034	-0.11286	-0.12350	0.31091	0.25371	0.21771	-0.11612	-0.10299	-0.09399	0.20697	0.21053	0.22059	-0.50309	-0.30481	-0.16691
473400	0.24474	0.22782	0.25847	-0.12649	-0.10909	-0.11963	0.30970	0.26127	0.22256	-0.11382	-0.09940	-0.09034	0.20944	0.21086	0.21881	-0.50298	-0.30380	-0.16715
473570	0.24276	0.22707	0.25563	-0.12655	-0.10961	-0.12006	0.31224	0.26030	0.22196	-0.11367	-0.10011	-0.09086	0.20680	0.21014	0.21958	-0.50434	-0.30514	-0.16858
473730	0.24246	0.22528	0.25598	-0.12839	-0.11087	-0.12126	0.31200	0.25744	0.22012	-0.11507	-0.10112	-0.09234	0.20409	0.20768	0.21517	-0.50816	-0.30842	-0.17265
