WetView ver 7.1	07-20-2019	16:24:02
AC9 Absorption and Attenuation Meter
00000311		; Serial number
2	; structure version number
Reserved
0.000000	0.000000		; Depth calibration
19200			; Baud rate
0.100000			; Path length (meters)
23			; number of temperature calibration bins
				12.61517	13.44096	14.46844	15.49904	16.50682	17.50108	18.49752	19.51783	20.49177	21.49009	22.48286	23.50673	24.54012	25.54812	26.49986	27.49321	28.50960	29.48671	30.47471	31.49432	32.50437	33.48679	34.49133	; temperature bins
a650	Blue	18.61587		0.01156	0.01096	0.01010	0.00930	0.00851	0.00774	0.00661	0.00573	0.00499	0.00402	0.00285	0.00203	0.00096	0.00000	-0.00110	-0.00152	-0.00210	-0.00247	-0.00259	-0.00317	-0.00346	-0.00380	-0.00403		; offset and temperature correction info
a676	Green	18.78942		0.00964	0.00899	0.00863	0.00813	0.00730	0.00639	0.00545	0.00448	0.00385	0.00301	0.00233	0.00165	0.00046	0.00000	-0.00106	-0.00167	-0.00251	-0.00280	-0.00316	-0.00329	-0.00377	-0.00392	-0.00441		; offset and temperature correction info
a715	Brown	18.59217		0.01171	0.01109	0.01043	0.00975	0.00878	0.00789	0.00685	0.00572	0.00469	0.00356	0.00255	0.00160	0.00061	0.00000	-0.00063	-0.00113	-0.00152	-0.00183	-0.00226	-0.00293	-0.00364	-0.00404	-0.00473		; offset and temperature correction info
c510	Red	18.18396		-0.00549	-0.00480	-0.00383	-0.00272	-0.00202	-0.00118	-0.00044	-0.00038	-0.00015	-0.00021	0.00013	0.00007	-0.00007	0.00000	-0.00007	-0.00065	-0.00045	-0.00018	0.00007	0.00039	-0.00001	-0.00002	-0.00045		; offset and temperature correction info
c532	Magenta	18.26528		-0.00721	-0.00645	-0.00581	-0.00518	-0.00465	-0.00345	-0.00281	-0.00270	-0.00182	-0.00141	-0.00108	-0.00072	-0.00022	0.00000	0.00044	0.00030	0.00031	-0.00006	-0.00052	-0.00089	-0.00142	-0.00149	-0.00154		; offset and temperature correction info
c555	Black	18.37125		-0.00430	-0.00419	-0.00381	-0.00319	-0.00286	-0.00254	-0.00205	-0.00196	-0.00138	-0.00137	-0.00067	-0.00051	-0.00030	0.00000	0.00067	0.00087	0.00057	0.00027	-0.00015	-0.00089	-0.00127	-0.00137	-0.00150		; offset and temperature correction info
a412	LtBlue	15.33566		-0.06011	-0.05567	-0.05012	-0.04441	-0.03922	-0.03412	-0.02941	-0.02503	-0.02049	-0.01588	-0.01121	-0.00784	-0.00311	0.00000	0.00273	0.00611	0.00757	0.00871	0.01066	0.01299	0.01539	0.01781	0.02175		; offset and temperature correction info
a440	LtGreen	16.05925		-0.01380	-0.01214	-0.01039	-0.00858	-0.00690	-0.00532	-0.00426	-0.00322	-0.00230	-0.00158	-0.00055	0.00006	0.00001	0.00000	0.00017	0.00016	-0.00094	-0.00222	-0.00363	-0.00486	-0.00567	-0.00651	-0.00782		; offset and temperature correction info
a488	Yellow	16.82827		0.00255	0.00293	0.00331	0.00354	0.00373	0.00378	0.00363	0.00350	0.00291	0.00225	0.00215	0.00142	0.00099	0.00000	-0.00092	-0.00169	-0.00295	-0.00396	-0.00479	-0.00542	-0.00582	-0.00604	-0.00663		; offset and temperature correction info
c650	Blue	18.49287		-0.00570	-0.00516	-0.00456	-0.00403	-0.00346	-0.00232	-0.00132	-0.00122	-0.00073	-0.00066	-0.00035	-0.00016	0.00003	0.00000	0.00044	0.00078	0.00108	0.00057	0.00040	-0.00042	-0.00033	-0.00029	-0.00034		; offset and temperature correction info
c676	Green	18.50570		0.00299	0.00293	0.00287	0.00293	0.00278	0.00294	0.00317	0.00251	0.00243	0.00215	0.00139	0.00123	0.00068	0.00000	-0.00041	-0.00106	-0.00205	-0.00268	-0.00325	-0.00413	-0.00495	-0.00610	-0.00674		; offset and temperature correction info
c715	Brown	17.88888		0.00826	0.00812	0.00773	0.00790	0.00766	0.00758	0.00753	0.00650	0.00571	0.00461	0.00359	0.00222	0.00101	0.00000	-0.00146	-0.00284	-0.00385	-0.00448	-0.00463	-0.00513	-0.00623	-0.00715	-0.00838		; offset and temperature correction info
a510	Red	17.18050		0.00353	0.00364	0.00354	0.00361	0.00381	0.00381	0.00356	0.00332	0.00277	0.00229	0.00176	0.00116	0.00036	0.00000	-0.00014	-0.00069	-0.00088	-0.00147	-0.00150	-0.00129	-0.00120	-0.00134	-0.00091		; offset and temperature correction info
a532	Magenta	17.40228		0.00550	0.00548	0.00526	0.00479	0.00464	0.00422	0.00393	0.00328	0.00253	0.00212	0.00136	0.00085	0.00039	0.00000	-0.00059	-0.00146	-0.00188	-0.00262	-0.00330	-0.00393	-0.00491	-0.00540	-0.00605		; offset and temperature correction info
a555	Black	17.72308		0.00849	0.00832	0.00800	0.00760	0.00724	0.00655	0.00580	0.00495	0.00435	0.00347	0.00252	0.00153	0.00049	0.00000	-0.00050	-0.00155	-0.00214	-0.00306	-0.00350	-0.00411	-0.00470	-0.00539	-0.00570		; offset and temperature correction info
c412	LtBlue	16.72802		-0.05949	-0.05458	-0.04744	-0.04134	-0.03547	-0.03064	-0.02511	-0.02047	-0.01574	-0.01163	-0.00761	-0.00442	-0.00204	0.00000	0.00100	0.00051	-0.00043	-0.00239	-0.00475	-0.00629	-0.00827	-0.00955	-0.01337		; offset and temperature correction info
c440	LtGreen	17.42637		-0.02723	-0.02503	-0.02216	-0.01930	-0.01691	-0.01394	-0.01125	-0.00926	-0.00732	-0.00582	-0.00401	-0.00226	-0.00093	0.00000	0.00082	0.00123	0.00133	0.00097	0.00038	-0.00003	-0.00022	-0.00023	-0.00125		; offset and temperature correction info
c488	Yellow	18.03666		-0.00640	-0.00554	-0.00465	-0.00357	-0.00276	-0.00154	-0.00067	-0.00031	-0.00014	-0.00012	0.00046	0.00032	0.00020	0.00000	0.00001	-0.00024	-0.00060	-0.00084	-0.00126	-0.00180	-0.00276	-0.00304	-0.00427		; offset and temperature correction info
0.003500	0.004000	0.015000	0.020000	0.015000	0.020000	2500.000000	2000.000000	1000.000000	; maxANoise	maxCNoise	maxADifference	maxCDifference	minACounts	minCCounts	minRCounts	maxTempSdev	maxDepthSdev
0			; auxilliary capabilities
1			; acquisition binsize
0	1.17794	1.15986	1.07842	7.04985	6.87229	6.63674	4.55274	3.18747	2.13193	6.34008	6.30603	6.21310	1.85040	1.63205	1.46690	9.43224	8.24792	7.29548	33.35	6.1	0.00	-2.04	0.01726	0.01195	0.01512	0.01831	0.01894	0.01480	0.00542	0.01504	0.01996	0.01866	0.01295	0.01649	0.01697	0.01756	0.01372	0.00571	0.01610	0.02152
170	1.17872	1.15909	1.07844	7.04966	6.87165	6.63696	4.54550	3.18689	2.13083	6.33954	6.30663	6.21266	1.84882	1.62881	1.46534	9.42963	8.24525	7.29279
330	1.18214	1.16419	1.08068	7.05224	6.87549	6.64043	4.55761	3.19503	2.13703	6.34342	6.30992	6.21596	1.85412	1.63266	1.47029	9.43475	8.24930	7.29600
500	1.18032	1.16253	1.07877	7.05030	6.87178	6.63584	4.54573	3.19008	2.13207	6.33900	6.30697	6.21382	1.85506	1.63228	1.46843	9.43355	8.25057	7.29807
660	1.18347	1.16290	1.08145	7.05323	6.87400	6.63771	4.54858	3.19329	2.13306	6.34135	6.30682	6.21587	1.85208	1.63122	1.46626	9.43219	8.24836	7.29537
820	1.18069	1.16157	1.07924	7.04982	6.87320	6.63678	4.55581	3.19197	2.13242	6.34068	6.30830	6.21486	1.85092	1.63163	1.46596	9.42862	8.24833	7.29513
990	1.17949	1.16146	1.07660	7.04973	6.87087	6.63474	4.55701	3.18725	2.13242	6.33948	6.30703	6.21337	1.85146	1.63001	1.46486	9.42872	8.24596	7.29346
1150	1.18025	1.16109	1.08088	7.05134	6.87476	6.63891	4.55097	3.19380	2.13542	6.34205	6.31049	6.21487	1.85237	1.63398	1.46812	9.43169	8.25067	7.29638
1310	1.17879	1.16140	1.07707	7.05004	6.87183	6.63625	4.54640	3.18779	2.13014	6.33920	6.30681	6.21440	1.85077	1.63194	1.46693	9.43139	8.24968	7.29598
1480	1.17953	1.16135	1.07969	7.04966	6.87124	6.63678	4.55289	3.19178	2.12993	6.34056	6.30663	6.21331	1.85059	1.63039	1.46554	9.43516	8.24885	7.29576
1640	1.17738	1.15811	1.07725	7.04781	6.86943	6.63436	4.54245	3.18802	2.12827	6.33924	6.30556	6.21210	1.84797	1.62947	1.46687	9.42729	8.24917	7.29642	33.41	6.1	0.00	-2.04	0.01726	0.01195	0.01512	0.01832	0.01894	0.01480	0.00542	0.01504	0.01996	0.01866	0.01295	0.01649	0.01697	0.01756	0.01371	0.00571	0.01610	0.02152
1810	1.17966	1.16002	1.07727	7.04955	6.87173	6.63722	4.54586	3.19224	2.13304	6.34114	6.30767	6.21449	1.85513	1.63427	1.47046	9.43513	8.25402	7.30140
1970	1.18286	1.16297	1.08009	7.05506	6.87790	6.64268	4.56207	3.19543	2.13481	6.34506	6.31192	6.21826	1.85330	1.63199	1.46724	9.43775	8.25362	7.29989
2140	1.18020	1.15992	1.07746	7.05188	6.87349	6.63840	4.54826	3.19047	2.12989	6.34099	6.30742	6.21443	1.84960	1.62961	1.46472	9.43021	8.25049	7.29610
2300	1.17818	1.15828	1.07673	7.04990	6.87109	6.63619	4.54691	3.18781	2.12986	6.34032	6.30745	6.21429	1.85246	1.63406	1.47025	9.43694	8.25559	7.30224
2470	1.18371	1.16344	1.07915	7.05672	6.87840	6.64299	4.55629	3.19218	2.13334	6.34626	6.31323	6.21932	1.85370	1.63025	1.46804	9.43508	8.25342	7.30050
2630	1.18183	1.15948	1.07747	7.05324	6.87460	6.63903	4.54650	3.18814	2.12940	6.34188	6.31022	6.21524	1.84825	1.62805	1.46219	9.43724	8.25225	7.29723
2800	1.17817	1.15788	1.07444	7.05171	6.87150	6.63596	4.54317	3.18451	2.12601	6.33979	6.30712	6.21257	1.85053	1.63349	1.47046	9.43835	8.25809	7.30233
2960	1.18376	1.16312	1.07980	7.05492	6.87647	6.64033	4.54230	3.19151	2.13235	6.34349	6.30895	6.21599	1.85021	1.62890	1.46661	9.43448	8.25279	7.29818
3120	1.18064	1.15871	1.07991	7.05288	6.87558	6.64127	4.54916	3.19183	2.13350	6.34293	6.31136	6.21588	1.85103	1.63130	1.46675	9.43739	8.25387	7.29899
3290	1.17955	1.15802	1.07687	7.05203	6.87320	6.63805	4.54373	3.18638	2.12763	6.34077	6.30841	6.21423	1.85183	1.63004	1.46595	9.43720	8.25536	7.30181	33.41	6.1	0.00	-2.04	0.01726	0.01195	0.01512	0.01832	0.01894	0.01481	0.00541	0.01503	0.01996	0.01866	0.01295	0.01649	0.01697	0.01756	0.01371	0.00571	0.01610	0.02152
3450	1.17851	1.16031	1.07694	7.05283	6.87537	6.63959	4.54673	3.19100	2.13025	6.34283	6.30929	6.21588	1.84764	1.62725	1.46130	9.43378	8.25248	7.29663
3620	1.17735	1.15818	1.08001	7.05272	6.87570	6.64028	4.54666	3.18979	2.13154	6.34319	6.31000	6.21554	1.85027	1.62860	1.46314	9.43383	8.25299	7.29864
3780	1.17605	1.15560	1.07546	7.05087	6.87362	6.63700	4.54478	3.18472	2.12775	6.34128	6.30762	6.21320	1.84828	1.63069	1.46471	9.43650	8.25353	7.29861
3950	1.17844	1.15990	1.07741	7.05128	6.87349	6.63798	4.54160	3.18767	2.12945	6.34204	6.30822	6.21509	1.84802	1.62836	1.46324	9.43157	8.25221	7.29615
4110	1.17950	1.15913	1.07886	7.05233	6.87503	6.64206	4.54681	3.18907	2.13109	6.34404	6.31030	6.21626	1.84945	1.62950	1.46261	9.43519	8.25342	7.29881
4280	1.17794	1.15850	1.07814	7.05081	6.87231	6.63668	4.54606	3.18720	2.12936	6.34157	6.30693	6.21354	1.85083	1.63194	1.46676	9.43599	8.25622	7.30073
4440	1.18065	1.16067	1.07818	7.05362	6.87434	6.63859	4.55116	3.18988	2.13240	6.34328	6.30836	6.21640	1.84854	1.62927	1.46164	9.43534	8.25088	7.29681
4610	1.18194	1.16001	1.07887	7.05317	6.87586	6.64090	4.55675	3.19345	2.13518	6.34552	6.31160	6.21746	1.85211	1.63119	1.46713	9.43579	8.25424	7.29851
4770	1.18219	1.15911	1.07831	7.05210	6.87336	6.63822	4.54111	3.18868	2.13122	6.34192	6.30836	6.21495	1.84765	1.62726	1.46305	9.43338	8.25010	7.29595
4940	1.17876	1.15880	1.07679	7.05133	6.87362	6.63898	4.53594	3.18730	2.13021	6.34257	6.30850	6.21642	1.84664	1.62826	1.46264	9.43310	8.25196	7.29666	33.41	6.1	0.00	-2.04	0.01726	0.01195	0.01512	0.01832	0.01894	0.01481	0.00541	0.01503	0.01996	0.01866	0.01295	0.01649	0.01697	0.01755	0.01371	0.00571	0.01611	0.02152
5100	1.17685	1.15897	1.07768	7.05122	6.87349	6.63950	4.54043	3.18771	2.12888	6.34158	6.30911	6.21652	1.84923	1.62737	1.46495	9.43647	8.25279	7.29969
5270	1.17907	1.15766	1.07700	7.05265	6.87407	6.63970	4.54755	3.18778	2.13107	6.34331	6.30789	6.21559	1.84925	1.62800	1.46382	9.43361	8.25200	7.29802
5430	1.17973	1.15801	1.07830	7.05173	6.87435	6.63966	4.54092	3.18908	2.12956	6.34378	6.30892	6.21548	1.84961	1.62978	1.46644	9.43929	8.25261	7.29885
5600	1.17850	1.15574	1.07510	7.05143	6.87225	6.63700	4.54024	3.18486	2.12781	6.33968	6.30672	6.21366	1.84952	1.63206	1.46810	9.43979	8.25709	7.30239
5760	1.18083	1.16225	1.07903	7.05501	6.87512	6.64005	4.53822	3.19175	2.12936	6.34440	6.30967	6.21747	1.84584	1.62829	1.46297	9.43602	8.25285	7.29848
5930	1.18097	1.16222	1.08105	7.05417	6.87671	6.64132	4.54485	3.19472	2.13549	6.34421	6.31240	6.21797	1.85143	1.62914	1.46739	9.43904	8.25588	7.30140
6090	1.18024	1.16082	1.07840	7.05383	6.87506	6.63929	4.54647	3.18702	2.12891	6.34220	6.30826	6.21435	1.84730	1.62716	1.46216	9.43788	8.25116	7.29743
6250	1.17693	1.15636	1.07412	7.05135	6.87141	6.63685	4.53852	3.18424	2.12767	6.34087	6.30642	6.21455	1.84913	1.62691	1.46550	9.43672	8.25152	7.29809
6420	1.17837	1.15772	1.07641	7.05250	6.87249	6.63773	4.54598	3.18709	2.12951	6.34173	6.30782	6.21681	1.84797	1.62892	1.46360	9.43607	8.25180	7.29840
6590	1.17994	1.15983	1.07523	7.05119	6.87432	6.63794	4.54608	3.18755	2.13001	6.34277	6.30981	6.21620	1.84865	1.62916	1.46440	9.43758	8.25145	7.29905	33.35	6.1	0.00	-2.04	0.01726	0.01195	0.01512	0.01832	0.01894	0.01481	0.00541	0.01503	0.01996	0.01866	0.01295	0.01649	0.01697	0.01755	0.01371	0.00571	0.01611	0.02153
6750	1.17720	1.15963	1.07742	7.05287	6.87441	6.63973	4.53854	3.18567	2.12960	6.34315	6.30930	6.21551	1.84842	1.62903	1.46351	9.43854	8.25182	7.29846
6910	1.17961	1.16036	1.07728	7.05348	6.87317	6.63902	4.54364	3.18806	2.12987	6.34267	6.30976	6.21604	1.84915	1.62637	1.46411	9.43537	8.25139	7.29669
7080	1.17878	1.16298	1.08020	7.05372	6.87592	6.64129	4.54199	3.19190	2.13369	6.34470	6.30965	6.21697	1.85105	1.63091	1.46664	9.43552	8.25362	7.30038
7240	1.17846	1.16050	1.07749	7.05253	6.87429	6.63626	4.53828	3.18635	2.13003	6.34154	6.30753	6.21523	1.84821	1.62760	1.46392	9.43195	8.25037	7.29688
7410	1.17728	1.15709	1.07739	7.05272	6.87334	6.63678	4.53959	3.18777	2.12893	6.34176	6.30856	6.21536	1.84981	1.62886	1.46596	9.43064	8.25149	7.29877
7580	1.18007	1.16046	1.07735	7.05375	6.87370	6.63909	4.54484	3.18540	2.13081	6.34286	6.30859	6.21554	1.84987	1.63168	1.46804	9.43778	8.25529	7.30048
7740	1.18166	1.16176	1.07994	7.05568	6.87687	6.64064	4.55039	3.18797	2.13271	6.34489	6.30935	6.21733	1.85120	1.63163	1.46491	9.43562	8.25245	7.29858
7910	1.17852	1.16071	1.07789	7.05152	6.87255	6.63894	4.54630	3.18980	2.12960	6.34252	6.30782	6.21495	1.84964	1.63062	1.46433	9.43205	8.24843	7.29583
8070	1.18102	1.15962	1.07895	7.05150	6.87372	6.63909	4.53573	3.19015	2.13069	6.34424	6.30884	6.21758	1.85009	1.63154	1.46825	9.43466	8.25402	7.29890
8240	1.18170	1.16172	1.07690	7.05298	6.87334	6.63757	4.53930	3.18726	2.12683	6.34184	6.30677	6.21476	1.84855	1.62831	1.46380	9.43081	8.25265	7.29957	33.41	6.1	0.00	-2.04	0.01726	0.01195	0.01512	0.01832	0.01894	0.01481	0.00541	0.01503	0.01996	0.01866	0.01295	0.01649	0.01697	0.01755	0.01371	0.00571	0.01611	0.02153
8400	1.18122	1.16042	1.08012	7.05323	6.87359	6.63820	4.54987	3.18801	2.13174	6.34217	6.30842	6.21647	1.84751	1.62874	1.46643	9.43749	8.25065	7.29695
8570	1.18123	1.16121	1.08170	7.05403	6.87546	6.64036	4.54061	3.19530	2.13612	6.34433	6.31031	6.21890	1.85330	1.63255	1.46632	9.43805	8.25461	7.30015
8730	1.17922	1.15925	1.07710	7.05258	6.87434	6.63924	4.53814	3.18869	2.13123	6.34263	6.30750	6.21526	1.84968	1.63046	1.46612	9.43553	8.25207	7.29732
8900	1.18095	1.16208	1.07825	7.04986	6.87158	6.63523	4.54740	3.18660	2.13040	6.34179	6.30773	6.21442	1.84879	1.63040	1.46539	9.43357	8.25234	7.29885
9060	1.18124	1.16176	1.07830	7.05218	6.87408	6.63766	4.55096	3.18849	2.13383	6.34288	6.30758	6.21542	1.84809	1.62982	1.46301	9.43111	8.25070	7.29715
9230	1.18128	1.16284	1.07865	7.05197	6.87402	6.63864	4.53615	3.19302	2.13631	6.34395	6.30859	6.21641	1.85177	1.63095	1.46733	9.43463	8.25166	7.29745
9390	1.18118	1.15963	1.07787	7.05034	6.87133	6.63645	4.53896	3.18733	2.13097	6.34135	6.30640	6.21329	1.85206	1.63128	1.46949	9.43458	8.25433	7.29990
9560	1.18329	1.16117	1.07858	7.05283	6.87352	6.63906	4.55036	3.18981	2.13252	6.34361	6.30815	6.21579	1.85146	1.63136	1.46742	9.43609	8.25334	7.29833
9720	1.18336	1.16087	1.07920	7.05131	6.87356	6.63822	4.54129	3.18850	2.13284	6.34346	6.30846	6.21674	1.84985	1.63008	1.46636	9.43382	8.24968	7.29657
9890	1.18378	1.16308	1.07992	7.05219	6.87407	6.63907	4.54421	3.19109	2.13496	6.34443	6.30879	6.21660	1.84956	1.63084	1.46684	9.43840	8.25311	7.29835	33.41	6.2	0.00	-2.04	0.01726	0.01194	0.01512	0.01832	0.01894	0.01481	0.00541	0.01503	0.01996	0.01866	0.01295	0.01649	0.01697	0.01755	0.01371	0.00571	0.01611	0.02153
10050	1.18114	1.16046	1.07636	7.04927	6.87122	6.63552	4.54519	3.18789	2.13222	6.34092	6.30628	6.21365	1.84813	1.63080	1.46558	9.43684	8.25140	7.29719
10220	1.18411	1.16317	1.08190	7.05158	6.87258	6.63875	4.55025	3.19070	2.13610	6.34428	6.30839	6.21749	1.85173	1.63362	1.46805	9.43247	8.25297	7.29810
10380	1.18310	1.16191	1.08121	7.05156	6.87379	6.63774	4.55340	3.18997	2.13218	6.34210	6.30697	6.21484	1.85336	1.63456	1.47008	9.43850	8.25461	7.30011
10550	1.18550	1.16268	1.08214	7.05433	6.87617	6.64022	4.54912	3.19288	2.13671	6.34552	6.30900	6.21631	1.85355	1.63201	1.46889	9.43468	8.25335	7.29850
10710	1.18291	1.16116	1.07977	7.05180	6.87358	6.63875	4.54163	3.19033	2.13293	6.34217	6.30733	6.21539	1.85192	1.63091	1.46619	9.43649	8.25056	7.29566
10880	1.18267	1.16275	1.07864	7.05226	6.87520	6.64090	4.54369	3.19365	2.13519	6.34424	6.30994	6.21765	1.85178	1.63004	1.46415	9.43554	8.25292	7.29697
11040	1.18391	1.15949	1.07932	7.05046	6.87329	6.63693	4.53878	3.18493	2.12912	6.34152	6.30676	6.21483	1.85164	1.63402	1.46955	9.43513	8.25291	7.29992
11210	1.18399	1.16357	1.08075	7.05221	6.87568	6.64055	4.54110	3.19275	2.13508	6.34493	6.30836	6.21665	1.85166	1.63192	1.46501	9.43554	8.25057	7.29734
11370	1.18589	1.16513	1.08223	7.05536	6.87779	6.64223	4.54942	3.19476	2.13858	6.34696	6.31227	6.21946	1.85600	1.63622	1.47024	9.43986	8.25536	7.30149
11540	1.18378	1.16241	1.08158	7.05572	6.87724	6.64045	4.54686	3.19161	2.13365	6.34576	6.31156	6.21782	1.85186	1.63234	1.46807	9.43975	8.25310	7.29837	33.35	6.1	0.00	-2.04	0.01726	0.01194	0.01512	0.01832	0.01894	0.01481	0.00541	0.01503	0.01996	0.01866	0.01295	0.01649	0.01697	0.01755	0.01371	0.00571	0.01611	0.02153
11700	1.18209	1.15926	1.07998	7.05214	6.87380	6.63743	4.54682	3.18776	2.13258	6.34172	6.30843	6.21656	1.85077	1.63020	1.46622	9.43231	8.25242	7.29939
11870	1.18276	1.16127	1.07982	7.05325	6.87573	6.63966	4.54907	3.19149	2.13288	6.34415	6.31044	6.21795	1.85075	1.63030	1.46664	9.43819	8.25135	7.29723
12030	1.18224	1.16140	1.08170	7.05414	6.87658	6.64116	4.54753	3.19217	2.13428	6.34569	6.31265	6.21950	1.85386	1.63143	1.46896	9.43387	8.25367	7.30086
12200	1.18329	1.16129	1.07970	7.05244	6.87355	6.63886	4.54888	3.18927	2.13060	6.34268	6.30879	6.21563	1.85246	1.63134	1.46926	9.44030	8.25680	7.30161
12360	1.18358	1.16154	1.08202	7.05510	6.87600	6.64116	4.54131	3.19372	2.13549	6.34463	6.31077	6.21753	1.85240	1.63312	1.46557	9.43688	8.25347	7.29930
12530	1.18428	1.16428	1.08343	7.05743	6.88006	6.64299	4.55699	3.19761	2.13765	6.34712	6.31289	6.22052	1.85617	1.63392	1.47176	9.44040	8.25745	7.30294
12690	1.18333	1.16138	1.07992	7.05656	6.87766	6.64217	4.54941	3.19073	2.13429	6.34553	6.31176	6.21850	1.85225	1.63013	1.46567	9.44050	8.25557	7.30142
12860	1.18146	1.16282	1.08061	7.05441	6.87662	6.64145	4.54900	3.18987	2.13125	6.34547	6.31006	6.21784	1.85266	1.63290	1.46681	9.43879	8.25607	7.30195
13020	1.18418	1.16129	1.08135	7.05470	6.87603	6.64103	4.54214	3.19224	2.13344	6.34576	6.31091	6.21759	1.85239	1.63295	1.46898	9.43678	8.25566	7.30181
13190	1.18450	1.16197	1.07982	7.05512	6.87709	6.64321	4.55126	3.19124	2.13396	6.34690	6.31258	6.21992	1.85273	1.63024	1.46854	9.44179	8.25625	7.30176	33.41	6.0	0.00	-2.04	0.01726	0.01194	0.01512	0.01832	0.01894	0.01481	0.00541	0.01503	0.01996	0.01866	0.01295	0.01649	0.01697	0.01755	0.01371	0.00571	0.01611	0.02153
13350	1.18315	1.16188	1.07991	7.05493	6.87736	6.64284	4.54407	3.19269	2.13368	6.34685	6.31168	6.21971	1.85220	1.63471	1.46663	9.44049	8.25721	7.30239
13520	1.18340	1.16179	1.07857	7.05398	6.87578	6.64082	4.54249	3.18732	2.13216	6.34462	6.30921	6.21713	1.85261	1.63499	1.47094	9.44039	8.26106	7.30716
13680	1.18347	1.16225	1.08163	7.05799	6.87901	6.64389	4.54152	3.19040	2.13142	6.34693	6.31347	6.21939	1.85048	1.63063	1.46667	9.44094	8.25757	7.30447
13850	1.18413	1.16493	1.08435	7.06056	6.88182	6.64703	4.55036	3.19519	2.13681	6.35091	6.31666	6.22318	1.85501	1.63464	1.47022	9.44924	8.26285	7.30769
14010	1.18473	1.16463	1.08110	7.05857	6.87952	6.64383	4.54988	3.19360	2.13461	6.34789	6.31465	6.22114	1.85170	1.63015	1.46594	9.44345	8.25836	7.30336
14180	1.18204	1.15964	1.08068	7.05463	6.87540	6.64117	4.54665	3.18921	2.13153	6.34605	6.31196	6.21954	1.85284	1.63140	1.46854	9.44114	8.26061	7.30479
14340	1.18192	1.16238	1.08168	7.05754	6.87883	6.64348	4.54763	3.18935	2.13393	6.34732	6.31385	6.22096	1.85016	1.63149	1.46501	9.44512	8.25768	7.30256
14510	1.18366	1.16440	1.08230	7.05702	6.87785	6.64315	4.55509	3.19274	2.13473	6.34872	6.31333	6.22050	1.85397	1.63210	1.46912	9.44436	8.25939	7.30380
14670	1.18414	1.16182	1.08069	7.05564	6.87707	6.64265	4.54373	3.18779	2.13213	6.34538	6.31090	6.22026	1.85189	1.63591	1.47050	9.44602	8.26150	7.30658
14840	1.18628	1.16422	1.08285	7.05860	6.87991	6.64308	4.54343	3.19087	2.13472	6.34762	6.31289	6.22075	1.85341	1.63493	1.46857	9.44409	8.25969	7.30411	33.41	6.1	0.00	-2.04	0.01726	0.01194	0.01512	0.01832	0.01894	0.01481	0.00541	0.01503	0.01996	0.01866	0.01295	0.01649	0.01697	0.01755	0.01371	0.00571	0.01611	0.02153
15000	1.18437	1.16589	1.08204	7.05757	6.87792	6.64419	4.54552	3.19374	2.13632	6.34783	6.31299	6.22062	1.85198	1.63112	1.46825	9.44490	8.25713	7.30216
15170	1.18472	1.16351	1.08308	7.05699	6.87837	6.64433	4.54822	3.19372	2.13562	6.35009	6.31470	6.22226	1.85443	1.63329	1.46837	9.44203	8.25988	7.30392
15330	1.18517	1.16245	1.07869	7.05546	6.87620	6.64124	4.54571	3.19073	2.13270	6.34691	6.31199	6.21904	1.85323	1.63219	1.47063	9.44143	8.25830	7.30243
15500	1.18334	1.16236	1.08019	7.05768	6.87864	6.64259	4.54320	3.19040	2.13498	6.34832	6.31346	6.22135	1.85322	1.63529	1.47281	9.44389	8.26072	7.30413
15660	1.18472	1.16429	1.08136	7.05855	6.87847	6.64485	4.55044	3.19271	2.13333	6.34885	6.31415	6.22244	1.85389	1.63551	1.47068	9.44691	8.26152	7.30662
15830	1.18667	1.16581	1.08357	7.05993	6.88102	6.64575	4.55318	3.19342	2.13520	6.34998	6.31577	6.22354	1.85500	1.63311	1.47109	9.44586	8.26087	7.30583
15990	1.18519	1.16421	1.08389	7.05875	6.87989	6.64479	4.54313	3.19238	2.13197	6.34949	6.31561	6.22205	1.85143	1.63315	1.46911	9.44138	8.25714	7.30305
16160	1.18669	1.16308	1.08368	7.05843	6.87968	6.64539	4.55062	3.19155	2.13408	6.35050	6.31496	6.22412	1.85528	1.63318	1.46964	9.44651	8.25981	7.30444
16320	1.18431	1.16092	1.08131	7.05532	6.87656	6.64240	4.54594	3.18703	2.13045	6.34745	6.31239	6.22162	1.85244	1.63505	1.47166	9.44651	8.26253	7.30739
16490	1.18849	1.16570	1.08169	7.05738	6.87813	6.64448	4.54351	3.19066	2.13356	6.34891	6.31399	6.22288	1.85237	1.63374	1.46836	9.44428	8.25794	7.30349	33.41	6.1	0.00	-2.04	0.01726	0.01194	0.01512	0.01832	0.01894	0.01481	0.00541	0.01503	0.01996	0.01866	0.01295	0.01649	0.01697	0.01755	0.01371	0.00571	0.01611	0.02152
16650	1.18284	1.16443	1.08305	7.05584	6.87712	6.64454	4.54190	3.19073	2.13448	6.34753	6.31491	6.22216	1.85184	1.63231	1.46742	9.44041	8.25825	7.30373
16820	1.18600	1.16570	1.08420	7.05780	6.87978	6.64575	4.53736	3.19319	2.13492	6.35157	6.31724	6.22458	1.85393	1.63266	1.46901	9.43966	8.25852	7.30367
16980	1.18680	1.16226	1.08069	7.05590	6.87608	6.64236	4.54444	3.18569	2.13011	6.34772	6.31159	6.22129	1.85249	1.63590	1.47136	9.44122	8.26022	7.30425
17150	1.18477	1.16566	1.08375	7.05777	6.87837	6.64523	4.54321	3.19232	2.13354	6.35027	6.31533	6.22325	1.85245	1.63473	1.47051	9.43956	8.25671	7.30346
17310	1.18405	1.16350	1.08313	7.05724	6.87887	6.64560	4.54879	3.19099	2.13264	6.35121	6.31545	6.22427	1.85144	1.63168	1.46833	9.43845	8.25657	7.30165
17480	1.18581	1.16455	1.08425	7.05802	6.88091	6.64574	4.54936	3.19316	2.13557	6.35179	6.31700	6.22466	1.85224	1.63525	1.46847	9.43739	8.25726	7.30390
17640	1.18387	1.16220	1.08110	7.05640	6.87749	6.64248	4.53388	3.18589	2.13018	6.34889	6.31306	6.22151	1.85158	1.63495	1.46659	9.43669	8.25634	7.30300
17810	1.18424	1.16255	1.08130	7.05716	6.87893	6.64534	4.54152	3.18971	2.13130	6.34973	6.31476	6.22351	1.85198	1.63286	1.46983	9.44071	8.25811	7.30264
17970	1.18468	1.16371	1.08040	7.05714	6.87932	6.64486	4.54160	3.18653	2.13090	6.34934	6.31465	6.22326	1.85061	1.63308	1.46913	9.44237	8.25908	7.30577
18140	1.18374	1.16488	1.08314	7.05947	6.88083	6.64678	4.54106	3.18721	2.13177	6.35014	6.31521	6.22166	1.84912	1.63127	1.46628	9.43831	8.25779	7.30241	33.41	6.0	0.00	-2.04	0.01726	0.01194	0.01512	0.01832	0.01894	0.01481	0.00541	0.01503	0.01996	0.01866	0.01295	0.01649	0.01697	0.01755	0.01371	0.00571	0.01611	0.02152
18300	1.18055	1.16256	1.08150	7.05624	6.88063	6.64709	4.54773	3.19035	2.13185	6.35062	6.31696	6.22480	1.85060	1.63304	1.46615	9.44469	8.25813	7.30498
18470	1.18053	1.16196	1.07984	7.05781	6.87903	6.64432	4.55137	3.18528	2.12737	6.34865	6.31444	6.22223	1.85071	1.63543	1.47036	9.44329	8.26126	7.30708
18630	1.18344	1.16077	1.08194	7.06088	6.88223	6.64750	4.54811	3.18542	2.13249	6.35142	6.31731	6.22467	1.85110	1.63111	1.46609	9.44208	8.26070	7.30515
18800	1.17981	1.16024	1.07733	7.05714	6.87958	6.64462	4.53346	3.18386	2.12453	6.34901	6.31428	6.22252	1.84796	1.62741	1.46284	9.44072	8.25734	7.30240
18960	1.17842	1.15773	1.07659	7.05353	6.87516	6.64014	4.53563	3.17820	2.12276	6.34523	6.31223	6.21841	1.84994	1.63148	1.46604	9.44298	8.25996	7.30615
19130	1.17964	1.16098	1.07912	7.05768	6.87957	6.64517	4.54342	3.18529	2.12770	6.34888	6.31529	6.22283	1.84540	1.62916	1.46188	9.44429	8.25632	7.30125
19290	1.18045	1.16164	1.08002	7.05856	6.88041	6.64706	4.54158	3.18594	2.12852	6.35063	6.31734	6.22446	1.84893	1.62996	1.46195	9.44057	8.25890	7.30359
19460	1.17958	1.15795	1.07703	7.05473	6.87667	6.64243	4.53930	3.18225	2.12617	6.34652	6.31242	6.22078	1.84853	1.63127	1.46605	9.44298	8.25956	7.30496
19620	1.17861	1.16090	1.07670	7.05862	6.87876	6.64406	4.53784	3.18378	2.12574	6.34832	6.31402	6.22238	1.84795	1.62706	1.46073	9.44243	8.25649	7.30194
19790	1.17616	1.15649	1.07829	7.05666	6.87900	6.64660	4.53531	3.18587	2.12969	6.34931	6.31566	6.22279	1.84985	1.62766	1.46014	9.44115	8.25819	7.30324	33.46	6.2	0.00	-2.04	0.01726	0.01194	0.01512	0.01832	0.01894	0.01481	0.00541	0.01503	0.01996	0.01866	0.01295	0.01649	0.01697	0.01755	0.01371	0.00571	0.01611	0.02153
19950	1.17609	1.15636	1.07609	7.05349	6.87592	6.64287	4.53284	3.18044	2.12277	6.34585	6.31240	6.21972	1.84697	1.62671	1.46070	9.43889	8.25786	7.30198
20110	1.17801	1.15600	1.07684	7.05412	6.87698	6.64314	4.53580	3.18127	2.12519	6.34659	6.31236	6.22104	1.84552	1.62330	1.46012	9.43612	8.25535	7.30076
20280	1.17657	1.15879	1.07652	7.05373	6.87622	6.64353	4.54907	3.18364	2.12805	6.34692	6.31295	6.22105	1.84620	1.62853	1.46115	9.43587	8.25581	7.30065
20440	1.17533	1.15612	1.07497	7.05357	6.87682	6.64275	4.53756	3.18184	2.12608	6.34580	6.31125	6.22056	1.84656	1.62589	1.46193	9.43602	8.25479	7.30004
20610	1.17624	1.15988	1.07608	7.05422	6.87585	6.64257	4.52992	3.18264	2.12667	6.34622	6.31219	6.21897	1.84826	1.62961	1.46222	9.44357	8.25618	7.30206
20770	1.17687	1.15886	1.07574	7.05440	6.87749	6.64324	4.54067	3.18484	2.12827	6.34716	6.31305	6.22004	1.84605	1.62689	1.46322	9.43733	8.25578	7.30030
20940	1.17542	1.15883	1.07647	7.05372	6.87739	6.64369	4.54224	3.18609	2.12945	6.34876	6.31378	6.22234	1.84838	1.62743	1.46051	9.43999	8.25835	7.30251
21100	1.17643	1.15594	1.07476	7.05328	6.87496	6.64234	4.52970	3.17944	2.12435	6.34546	6.31159	6.21971	1.84618	1.62923	1.46489	9.43984	8.25834	7.30377
21270	1.17770	1.15906	1.07708	7.05628	6.87921	6.64366	4.54344	3.18093	2.12683	6.34885	6.31357	6.22270	1.84611	1.62661	1.46202	9.44211	8.25724	7.30163
21430	1.17527	1.15689	1.07756	7.05404	6.87687	6.64353	4.53459	3.18358	2.12639	6.34783	6.31278	6.22149	1.84825	1.62659	1.46195	9.44552	8.25567	7.30089	33.41	6.2	0.00	-2.04	0.01726	0.01194	0.01512	0.01832	0.01894	0.01481	0.00541	0.01503	0.01996	0.01866	0.01295	0.01649	0.01697	0.01755	0.01371	0.00571	0.01611	0.02153
21590	1.17582	1.15392	1.07358	7.05269	6.87523	6.64164	4.53579	3.17976	2.12345	6.34498	6.31100	6.21759	1.84498	1.62596	1.46481	9.43918	8.25768	7.30177
21760	1.17486	1.15661	1.07495	7.05284	6.87549	6.64129	4.54242	3.18157	2.12606	6.34558	6.31050	6.21959	1.84578	1.62671	1.46056	9.44004	8.25428	7.29946
21920	1.17506	1.15783	1.07677	7.05391	6.87654	6.64264	4.53410	3.17970	2.12602	6.34604	6.31236	6.22034	1.84594	1.62483	1.46085	9.44135	8.25486	7.29987
22090	1.17373	1.15479	1.07563	7.05454	6.87631	6.64253	4.53429	3.17963	2.12480	6.34642	6.31218	6.22067	1.84587	1.62484	1.46200	9.43898	8.25504	7.30074
22250	1.17532	1.15756	1.07569	7.05421	6.87664	6.64150	4.53736	3.18252	2.12670	6.34582	6.31180	6.22010	1.84552	1.62374	1.46148	9.43893	8.25325	7.29872
22420	1.17755	1.15815	1.07668	7.05381	6.87685	6.64364	4.54800	3.18738	2.12961	6.34772	6.31299	6.22155	1.84709	1.62736	1.46069	9.44064	8.25535	7.30133
22580	1.17459	1.15592	1.07397	7.05352	6.87365	6.64037	4.53324	3.17880	2.12521	6.34457	6.31078	6.21839	1.84775	1.62944	1.46520	9.44245	8.25817	7.30432
22750	1.17718	1.15901	1.07655	7.05503	6.87827	6.64395	4.53684	3.18408	2.12753	6.34803	6.31247	6.22103	1.84721	1.62890	1.46119	9.43778	8.25702	7.30109
22910	1.17477	1.15768	1.07421	7.05398	6.87595	6.64255	4.53893	3.17846	2.12705	6.34589	6.31194	6.21955	1.84613	1.62701	1.46045	9.43471	8.25473	7.30050
23080	1.17598	1.15675	1.07631	7.05451	6.87750	6.64415	4.53416	3.18360	2.12749	6.34768	6.31195	6.22072	1.84487	1.62628	1.46279	9.44229	8.25428	7.30074	33.41	6.1	0.00	-2.04	0.01726	0.01194	0.01511	0.01832	0.01894	0.01481	0.00541	0.01503	0.01996	0.01866	0.01295	0.01649	0.01697	0.01755	0.01371	0.00571	0.01611	0.02152
23240	1.17665	1.15758	1.07331	7.05266	6.87520	6.64063	4.53929	3.17926	2.12491	6.34549	6.30975	6.21965	1.84598	1.62779	1.46340	9.43646	8.25705	7.30233
23410	1.17701	1.15928	1.07487	7.05547	6.87719	6.64357	4.54042	3.18473	2.12745	6.34678	6.31184	6.21977	1.84920	1.62914	1.46602	9.44994	8.25993	7.30521
23570	1.17875	1.15943	1.07705	7.05816	6.87988	6.64573	4.53989	3.18558	2.12925	6.35027	6.31365	6.22290	1.84720	1.62944	1.46279	9.44405	8.25856	7.30341
23740	1.17522	1.15810	1.07409	7.05468	6.87545	6.64185	4.54270	3.18285	2.12648	6.34703	6.31003	6.22025	1.84450	1.62544	1.45937	9.43716	8.25410	7.29929
23900	1.17400	1.15471	1.07436	7.05050	6.87279	6.63930	4.54064	3.17751	2.12143	6.34311	6.30795	6.21751	1.84598	1.62584	1.46423	9.43988	8.25572	7.30347
24070	1.17903	1.16094	1.07674	7.05592	6.87747	6.64264	4.54480	3.18553	2.12675	6.34724	6.31200	6.22088	1.84703	1.62617	1.46204	9.43928	8.25461	7.30129
24230	1.17422	1.15562	1.07481	7.05164	6.87285	6.63967	4.53577	3.18022	2.12401	6.34378	6.30719	6.21628	1.84413	1.62514	1.46074	9.43435	8.25063	7.29762
24400	1.17269	1.15278	1.07198	7.04834	6.86999	6.63611	4.53012	3.17944	2.12122	6.34146	6.30600	6.21458	1.84570	1.62737	1.46365	9.43616	8.25585	7.30162
24560	1.17714	1.15747	1.07259	7.05405	6.87452	6.64137	4.53847	3.18432	2.12830	6.34572	6.31017	6.21993	1.84652	1.62658	1.45996	9.43359	8.25339	7.29775
24720	1.17624	1.16016	1.07463	7.05223	6.87469	6.64239	4.53395	3.18380	2.12572	6.34521	6.30906	6.21861	1.84926	1.62824	1.46418	9.43328	8.25438	7.29850	33.46	6.2	0.00	-2.04	0.01726	0.01194	0.01511	0.01832	0.01894	0.01481	0.00541	0.01503	0.01996	0.01866	0.01295	0.01649	0.01697	0.01755	0.01371	0.00571	0.01611	0.02153
24890	1.17343	1.15858	1.07321	7.04957	6.87144	6.63752	4.52882	3.18011	2.12061	6.34184	6.30766	6.21615	1.84579	1.62556	1.46147	9.43458	8.25359	7.29929
25050	1.17739	1.15551	1.07332	7.05114	6.87335	6.63745	4.53339	3.18450	2.12314	6.34326	6.30731	6.21686	1.84356	1.62392	1.45954	9.43599	8.25036	7.29573
25220	1.17247	1.15683	1.07532	7.05006	6.87224	6.63866	4.54381	3.18434	2.12523	6.34239	6.30805	6.21636	1.84552	1.62573	1.45984	9.43333	8.25067	7.29621
25380	1.17322	1.15711	1.07346	7.05004	6.87232	6.63719	4.53343	3.18093	2.12583	6.34249	6.30668	6.21621	1.84590	1.62694	1.46106	9.43524	8.25118	7.29692
25550	1.17433	1.15635	1.07271	7.04888	6.87251	6.63706	4.53811	3.18351	2.12649	6.34230	6.30485	6.21417	1.84647	1.62618	1.46022	9.43473	8.24847	7.29409
25710	1.17509	1.15530	1.07514	7.04976	6.87228	6.63781	4.53395	3.18083	2.12542	6.34241	6.30766	6.21607	1.84543	1.62506	1.46077	9.43478	8.25147	7.29658
25880	1.17418	1.15571	1.07273	7.04816	6.86993	6.63421	4.53317	3.17986	2.12410	6.34025	6.30414	6.21337	1.84450	1.62688	1.46325	9.43383	8.25175	7.29645
26040	1.17550	1.15624	1.07574	7.04941	6.87132	6.63704	4.54325	3.18386	2.12717	6.34034	6.30604	6.21521	1.84391	1.62544	1.46044	9.42830	8.24807	7.29356
26210	1.17571	1.15806	1.07636	7.05094	6.87439	6.63900	4.54013	3.18533	2.12927	6.34307	6.30872	6.21660	1.84709	1.62762	1.46312	9.43674	8.25126	7.29580
26370	1.17369	1.15577	1.07267	7.04948	6.87246	6.63458	4.54174	3.18387	2.12704	6.33990	6.30650	6.21383	1.84560	1.62563	1.45883	9.42835	8.24606	7.29218	33.46	6.1	0.00	-2.04	0.01726	0.01194	0.01512	0.01832	0.01894	0.01481	0.00541	0.01503	0.01996	0.01866	0.01295	0.01649	0.01697	0.01755	0.01371	0.00571	0.01611	0.02153
26540	1.17167	1.15590	1.07252	7.04683	6.87060	6.63572	4.54137	3.18401	2.12836	6.34052	6.30622	6.21414	1.84572	1.62533	1.45973	9.43463	8.24810	7.29431
26700	1.17476	1.15646	1.07441	7.04888	6.87042	6.63398	4.53822	3.17929	2.12487	6.33887	6.30525	6.21302	1.84482	1.62615	1.46254	9.42875	8.24824	7.29439
26870	1.17403	1.15710	1.07324	7.04926	6.86984	6.63464	4.54508	3.18108	2.12496	6.33854	6.30440	6.21385	1.84292	1.62220	1.45901	9.42594	8.24511	7.29008
27030	1.17457	1.15522	1.07432	7.04577	6.87058	6.63699	4.54219	3.18584	2.12725	6.34008	6.30619	6.21505	1.84474	1.62688	1.46030	9.43056	8.24869	7.29386
27200	1.17449	1.15546	1.07344	7.04780	6.86885	6.63415	4.53946	3.18125	2.12467	6.33764	6.30379	6.21236	1.84571	1.62888	1.46169	9.42921	8.25009	7.29682
27360	1.17459	1.15640	1.07602	7.05047	6.87260	6.63639	4.54261	3.18364	2.12821	6.34018	6.30707	6.21543	1.84652	1.62517	1.46042	9.42740	8.24781	7.29416
27530	1.17481	1.15600	1.07354	7.04793	6.86994	6.63631	4.53792	3.18027	2.12749	6.34052	6.30705	6.21519	1.84497	1.62588	1.45810	9.43106	8.24517	7.29267
27690	1.17272	1.15704	1.07378	7.04824	6.86992	6.63587	4.53699	3.18332	2.12638	6.33986	6.30593	6.21428	1.84294	1.62414	1.45901	9.42860	8.24614	7.29212
27860	1.17314	1.15474	1.07247	7.04621	6.86833	6.63372	4.53384	3.18351	2.12268	6.33879	6.30460	6.21329	1.84555	1.62471	1.46075	9.42840	8.24790	7.29372
28020	1.17566	1.15948	1.07549	7.04782	6.86953	6.63529	4.53685	3.18523	2.12696	6.34021	6.30424	6.21415	1.84385	1.62522	1.45840	9.43156	8.24483	7.29277	33.41	5.9	0.00	-2.04	0.01726	0.01194	0.01512	0.01832	0.01894	0.01481	0.00541	0.01503	0.01996	0.01866	0.01295	0.01649	0.01697	0.01755	0.01371	0.00571	0.01611	0.02153
28190	1.17532	1.15926	1.07831	7.05053	6.87260	6.63921	4.54299	3.18476	2.13055	6.34411	6.30824	6.21703	1.84740	1.62826	1.46299	9.43232	8.24829	7.29471
28350	1.17604	1.15669	1.07394	7.04874	6.86941	6.63631	4.53456	3.18304	2.12509	6.34096	6.30552	6.21487	1.84629	1.62491	1.45986	9.43247	8.24737	7.29299
28520	1.17344	1.15625	1.07364	7.04757	6.86937	6.63657	4.53614	3.18331	2.12547	6.34067	6.30787	6.21647	1.84351	1.62417	1.46253	9.43015	8.24594	7.29337
28680	1.17496	1.15549	1.07483	7.04771	6.87074	6.63637	4.54071	3.18063	2.12640	6.34106	6.30686	6.21657	1.84469	1.62407	1.46069	9.42779	8.24595	7.29207
28850	1.17445	1.15716	1.07473	7.04813	6.87084	6.63673	4.54179	3.18353	2.12923	6.34248	6.30670	6.21487	1.84714	1.62617	1.46187	9.42980	8.24768	7.29249
29010	1.17389	1.15378	1.07213	7.04555	6.86773	6.63315	4.52831	3.17753	2.12275	6.33753	6.30344	6.21267	1.84378	1.62542	1.46051	9.43091	8.24606	7.29280
29180	1.17505	1.15535	1.07276	7.04609	6.86927	6.63585	4.53295	3.17875	2.12758	6.34174	6.30601	6.21575	1.84432	1.62717	1.46340	9.43397	8.24907	7.29355
29340	1.17627	1.15619	1.07434	7.04723	6.86938	6.63581	4.52962	3.18135	2.12509	6.34069	6.30565	6.21369	1.84704	1.62709	1.46334	9.43116	8.24885	7.29461
29510	1.17649	1.15689	1.07535	7.04865	6.87075	6.63706	4.54142	3.18505	2.12698	6.34167	6.30616	6.21471	1.84464	1.62597	1.46104	9.43071	8.24805	7.29359
29670	1.17439	1.15707	1.07369	7.04693	6.86907	6.63656	4.53439	3.18143	2.12630	6.34017	6.30536	6.21341	1.84384	1.62288	1.45999	9.43066	8.24506	7.29168	33.41	6.0	0.00	-2.04	0.01726	0.01194	0.01512	0.01832	0.01894	0.01481	0.00541	0.01503	0.01996	0.01866	0.01295	0.01649	0.01697	0.01755	0.01371	0.00571	0.01611	0.02153
29840	1.17494	1.15768	1.07447	7.04767	6.87064	6.63717	4.54383	3.18350	2.12879	6.34177	6.30684	6.21554	1.84706	1.62563	1.46241	9.43382	8.24761	7.29387
30000	1.17288	1.15428	1.07445	7.04608	6.86784	6.63380	4.53315	3.17925	2.12523	6.33869	6.30301	6.21228	1.84560	1.62800	1.46105	9.43558	8.24928	7.29611
30170	1.17737	1.15736	1.07402	7.04873	6.86984	6.63629	4.53975	3.18045	2.12722	6.34025	6.30484	6.21417	1.84570	1.62537	1.45856	9.42855	8.24593	7.29226
30330	1.17412	1.15709	1.07510	7.04729	6.86860	6.63427	4.53668	3.18050	2.12483	6.34068	6.30558	6.21545	1.84413	1.62388	1.45827	9.43025	8.24547	7.29178
30500	1.17214	1.15329	1.07488	7.04779	6.87037	6.63721	4.54038	3.18232	2.12612	6.34236	6.30597	6.21576	1.84548	1.62390	1.45967	9.42865	8.24634	7.29272
30660	1.17222	1.15381	1.07185	7.04446	6.86684	6.63349	4.53671	3.17806	2.12180	6.33876	6.30314	6.21285	1.84412	1.62527	1.45922	9.43352	8.24782	7.29452
30830	1.17588	1.15777	1.07625	7.04806	6.87013	6.63630	4.53304	3.18023	2.12470	6.34190	6.30564	6.21562	1.84502	1.62423	1.46113	9.42634	8.24445	7.29235
30990	1.17435	1.15683	1.07337	7.04669	6.86930	6.63481	4.53630	3.18269	2.12553	6.34001	6.30460	6.21432	1.84555	1.62401	1.45791	9.42669	8.24594	7.29140
31160	1.17424	1.15508	1.07510	7.04704	6.86899	6.63628	4.53293	3.18098	2.12493	6.34184	6.30711	6.21558	1.84535	1.62474	1.46041	9.42865	8.24602	7.29274
31320	1.17240	1.15599	1.07266	7.04472	6.86748	6.63385	4.54134	3.17732	2.12157	6.33938	6.30470	6.21492	1.84376	1.62481	1.46010	9.43078	8.24633	7.29330	33.46	6.1	0.00	-2.04	0.01726	0.01194	0.01512	0.01832	0.01894	0.01481	0.00541	0.01503	0.01996	0.01866	0.01295	0.01649	0.01697	0.01755	0.01371	0.00571	0.01611	0.02152
31490	1.17404	1.15629	1.07487	7.04533	6.86854	6.63445	4.53771	3.18274	2.12385	6.33954	6.30512	6.21469	1.84652	1.62715	1.46273	9.43154	8.24965	7.29688
31650	1.17761	1.15709	1.07656	7.04995	6.87196	6.63796	4.54359	3.18610	2.12928	6.34219	6.30835	6.21703	1.84737	1.62532	1.46272	9.43505	8.24726	7.29245
31820	1.17380	1.15410	1.07265	7.04698	6.86844	6.63460	4.54108	3.18014	2.12433	6.33971	6.30521	6.21386	1.84434	1.62375	1.45773	9.42827	8.24354	7.29063
31980	1.17238	1.15207	1.06965	7.04611	6.86712	6.63305	4.53378	3.17840	2.12239	6.33777	6.30392	6.21207	1.84481	1.62610	1.45803	9.43098	8.24698	7.29361
32150	1.17490	1.15599	1.07420	7.04834	6.87049	6.63663	4.54307	3.18159	2.12764	6.34178	6.30627	6.21366	1.84396	1.62433	1.45791	9.42691	8.24476	7.29131
32310	1.17156	1.15355	1.07201	7.04495	6.86919	6.63643	4.53254	3.18217	2.12631	6.34103	6.30790	6.21562	1.84423	1.62515	1.45996	9.42626	8.24612	7.29234
32470	1.17398	1.15402	1.07269	7.04553	6.86738	6.63441	4.52561	3.18002	2.12243	6.33809	6.30421	6.21308	1.84279	1.62264	1.45936	9.43360	8.24630	7.29208
32640	1.17324	1.15390	1.07123	7.04578	6.86762	6.63413	4.53846	3.18178	2.12479	6.34007	6.30478	6.21403	1.84196	1.62365	1.45838	9.42601	8.24348	7.28867
32800	1.17146	1.15277	1.07254	7.04334	6.86649	6.63183	4.54018	3.17530	2.12123	6.33681	6.30125	6.21139	1.84394	1.62923	1.46314	9.43304	8.24855	7.29542
32970	1.17630	1.15442	1.07403	7.04835	6.87037	6.63695	4.53614	3.18372	2.12694	6.34030	6.30480	6.21505	1.84554	1.62324	1.45995	9.42495	8.24512	7.29002	33.41	6.1	0.00	-2.04	0.01726	0.01194	0.01512	0.01832	0.01894	0.01481	0.00541	0.01503	0.01996	0.01866	0.01295	0.01649	0.01697	0.01755	0.01371	0.00571	0.01611	0.02153
33130	1.17258	1.15443	1.07378	7.04302	6.86645	6.63401	4.53336	3.18084	2.12084	6.33893	6.30357	6.21260	1.84347	1.62200	1.45566	9.42651	8.24151	7.28797
33300	1.17226	1.15314	1.07292	7.04372	6.86701	6.63490	4.53535	3.18225	2.12240	6.33953	6.30387	6.21329	1.84303	1.62483	1.45892	9.42696	8.24242	7.28841
33460	1.17032	1.15370	1.07100	7.04080	6.86425	6.63141	4.53737	3.18103	2.12102	6.33873	6.30357	6.21198	1.84428	1.62422	1.45894	9.42726	8.24338	7.29043
33630	1.17221	1.15317	1.07358	7.04313	6.86628	6.63355	4.53130	3.17915	2.12403	6.33845	6.30206	6.21209	1.84240	1.62076	1.45896	9.42701	8.24072	7.28845
33790	1.17189	1.15584	1.07471	7.04379	6.86594	6.63431	4.53827	3.18218	2.12542	6.33901	6.30442	6.21278	1.84332	1.62207	1.45910	9.42465	8.24325	7.28797
33960	1.17123	1.15151	1.07203	7.04047	6.86291	6.62952	4.53475	3.17652	2.12324	6.33638	6.30184	6.21004	1.84369	1.62598	1.46083	9.43103	8.24473	7.29220
34120	1.17368	1.15366	1.07329	7.04379	6.86673	6.63338	4.53917	3.18158	2.12509	6.33719	6.30340	6.21225	1.84367	1.62250	1.45902	9.42275	8.24060	7.28697
34290	1.17255	1.15425	1.07392	7.04158	6.86573	6.63224	4.53074	3.17997	2.12547	6.33767	6.30319	6.21332	1.84434	1.62487	1.45860	9.42551	8.24412	7.29083
34450	1.17279	1.15573	1.07376	7.04432	6.86617	6.63375	4.54363	3.18207	2.12613	6.33887	6.30429	6.21295	1.84430	1.62288	1.45884	9.42887	8.24117	7.28834
34620	1.17194	1.15555	1.07296	7.04154	6.86559	6.63419	4.54652	3.18545	2.12809	6.33959	6.30442	6.21382	1.84452	1.62415	1.45967	9.42559	8.24435	7.29026	33.41	6.2	0.00	-2.04	0.01726	0.01194	0.01512	0.01832	0.01894	0.01481	0.00541	0.01503	0.01996	0.01866	0.01295	0.01649	0.01697	0.01755	0.01371	0.00571	0.01611	0.02153
34780	1.17391	1.15277	1.07209	7.04208	6.86494	6.63267	4.53888	3.18131	2.12164	6.33746	6.30196	6.21116	1.84323	1.62276	1.45981	9.42032	8.24284	7.28933
34950	1.17336	1.15376	1.07234	7.04101	6.86384	6.63216	4.53925	3.18162	2.12334	6.33723	6.30073	6.21223	1.84233	1.62061	1.45859	9.42192	8.23717	7.28585
35110	1.16934	1.14899	1.07235	7.03901	6.86343	6.63187	4.53970	3.18056	2.12571	6.33803	6.30320	6.21175	1.84091	1.61912	1.45759	9.42529	8.24011	7.28719
35270	1.17346	1.15188	1.06933	7.03853	6.86320	6.62945	4.53861	3.17712	2.12073	6.33557	6.30115	6.21085	1.84246	1.62255	1.45709	9.42147	8.23866	7.28730
35440	1.17072	1.15262	1.06991	7.03889	6.86183	6.62857	4.53741	3.17853	2.12288	6.33504	6.30029	6.20960	1.84207	1.62221	1.45740	9.41896	8.24004	7.28631
35600	1.17015	1.15146	1.07270	7.03862	6.86235	6.62912	4.53292	3.17499	2.12220	6.33545	6.29978	6.20960	1.84510	1.62497	1.46195	9.42719	8.24423	7.28989
35770	1.17427	1.15498	1.07300	7.04256	6.86629	6.63230	4.54131	3.17820	2.12594	6.33803	6.30241	6.21230	1.84190	1.62190	1.45858	9.42338	8.24036	7.28817
35930	1.17321	1.15311	1.07171	7.04014	6.86303	6.63103	4.53798	3.17871	2.12169	6.33875	6.30187	6.21262	1.84052	1.62007	1.45650	9.42323	8.23919	7.28526
36100	1.17333	1.15368	1.07374	7.04130	6.86496	6.63213	4.53603	3.18119	2.12550	6.34119	6.30286	6.21325	1.84419	1.62238	1.45934	9.42042	8.23990	7.28616
36260	1.17191	1.15308	1.07223	7.03914	6.86086	6.62900	4.52827	3.17826	2.12048	6.33838	6.30082	6.21259	1.84229	1.62541	1.45987	9.42550	8.24261	7.28894	33.41	6.1	0.00	-2.04	0.01726	0.01194	0.01512	0.01832	0.01894	0.01481	0.00541	0.01503	0.01996	0.01866	0.01295	0.01649	0.01697	0.01755	0.01371	0.00571	0.01611	0.02153
36430	1.17293	1.15387	1.07117	7.04266	6.86547	6.63282	4.53479	3.17907	2.12347	6.34226	6.30371	6.21518	1.84087	1.61927	1.45422	9.42043	8.23819	7.28573
36590	1.17154	1.15440	1.07383	7.04177	6.86670	6.63439	4.53820	3.18502	2.12588	6.34448	6.30482	6.21709	1.84473	1.62320	1.45786	9.42645	8.24234	7.28882
36760	1.17233	1.15135	1.07271	7.03979	6.86338	6.63135	4.53355	3.17652	2.11984	6.34075	6.30178	6.21339	1.84329	1.62447	1.45881	9.42419	8.24203	7.28883
36920	1.17043	1.15145	1.07189	7.04213	6.86546	6.63272	4.52449	3.17936	2.12153	6.34301	6.30369	6.21515	1.84024	1.62094	1.45590	9.42118	8.23790	7.28515
37080	1.17177	1.15358	1.07265	7.04186	6.86680	6.63511	4.53153	3.18357	2.12415	6.34459	6.30572	6.21789	1.84338	1.62251	1.45874	9.42454	8.24120	7.28967
37250	1.17244	1.15108	1.07094	7.04112	6.86418	6.63317	4.53423	3.17571	2.12013	6.34130	6.30282	6.21486	1.84361	1.62230	1.45834	9.42419	8.23931	7.28674
37410	1.16982	1.15041	1.07046	7.03924	6.86377	6.63140	4.52427	3.17481	2.12006	6.34165	6.30278	6.21459	1.84391	1.62312	1.45623	9.42680	8.24131	7.28794
37580	1.16969	1.15292	1.07318	7.04128	6.86583	6.63404	4.53378	3.17997	2.12326	6.34371	6.30435	6.21730	1.84253	1.62113	1.45698	9.42274	8.23987	7.28736
37740	1.16975	1.15363	1.07368	7.03913	6.86603	6.63459	4.52191	3.17881	2.12522	6.34467	6.30551	6.21815	1.84423	1.62249	1.45816	9.42886	8.24182	7.28974
37910	1.16985	1.15350	1.07280	7.04264	6.86554	6.63370	4.53871	3.17488	2.12094	6.34233	6.30276	6.21554	1.84551	1.62357	1.46193	9.42891	8.24451	7.29109	33.41	6.1	0.00	-2.04	0.01726	0.01194	0.01512	0.01832	0.01894	0.01481	0.00541	0.01503	0.01996	0.01866	0.01295	0.01649	0.01697	0.01755	0.01371	0.00571	0.01611	0.02153
38070	1.17380	1.15674	1.07442	7.04495	6.86873	6.63634	4.53983	3.18115	2.12557	6.34553	6.30573	6.21857	1.84359	1.62278	1.45893	9.42630	8.24314	7.29014
38240	1.17278	1.15287	1.07376	7.04490	6.86956	6.63770	4.53980	3.18130	2.12426	6.34708	6.30798	6.22018	1.84506	1.62200	1.45706	9.42922	8.24603	7.29210
38400	1.17058	1.15100	1.07101	7.04351	6.86786	6.63441	4.53133	3.17494	2.12022	6.34429	6.30573	6.21611	1.84148	1.62140	1.45839	9.42836	8.24441	7.29066
38560	1.16934	1.14969	1.07033	7.04283	6.86679	6.63394	4.53433	3.17703	2.11969	6.34332	6.30386	6.21594	1.83872	1.61935	1.45398	9.42545	8.24063	7.28772
38730	1.16722	1.14820	1.06750	7.03938	6.86390	6.63060	4.52407	3.17302	2.11610	6.33960	6.30027	6.21445	1.84260	1.62227	1.46127	9.42480	8.24568	7.29303
38890	1.17172	1.15381	1.07270	7.04423	6.86770	6.63539	4.53998	3.17835	2.12331	6.34425	6.30544	6.21684	1.84208	1.62135	1.45746	9.42801	8.24336	7.28855
39060	1.17128	1.15609	1.07303	7.04437	6.86851	6.63717	4.53504	3.18021	2.12437	6.34609	6.30789	6.21911	1.84326	1.62385	1.46005	9.42881	8.24405	7.29120
39220	1.17078	1.15216	1.07169	7.04260	6.86712	6.63341	4.52995	3.17529	2.11878	6.34416	6.30615	6.21712	1.84258	1.62381	1.45860	9.42771	8.24467	7.29066
39390	1.16986	1.15117	1.07056	7.04207	6.86674	6.63373	4.53560	3.17483	2.11986	6.34238	6.30407	6.21656	1.84150	1.62138	1.45508	9.42515	8.23878	7.28712
39550	1.16767	1.14775	1.06888	7.03727	6.86156	6.63054	4.53637	3.16850	2.11526	6.33898	6.30096	6.21254	1.84024	1.62127	1.45998	9.42102	8.24267	7.29081	33.41	6.1	0.00	-2.04	0.01726	0.01194	0.01512	0.01832	0.01894	0.01481	0.00541	0.01503	0.01996	0.01866	0.01295	0.01649	0.01697	0.01755	0.01371	0.00571	0.01611	0.02153
39710	1.17245	1.15352	1.07392	7.04077	6.86605	6.63395	4.53345	3.17660	2.11967	6.34284	6.30369	6.21573	1.84028	1.61930	1.45476	9.42378	8.23968	7.28731
39880	1.17169	1.15623	1.07390	7.04272	6.86772	6.63719	4.53805	3.17899	2.12357	6.34647	6.30740	6.21837	1.84451	1.62307	1.45851	9.42785	8.24488	7.29041
40040	1.17079	1.15332	1.07035	7.04094	6.86445	6.63476	4.52622	3.17613	2.11979	6.34294	6.30348	6.21497	1.84052	1.61994	1.45637	9.42403	8.24209	7.28876
40210	1.16922	1.14959	1.06931	7.03929	6.86348	6.63193	4.52723	3.17306	2.11878	6.34208	6.30242	6.21441	1.84217	1.62003	1.45626	9.42242	8.24175	7.28938
40370	1.17153	1.15136	1.07172	7.04148	6.86542	6.63497	4.53416	3.17515	2.11932	6.34367	6.30390	6.21557	1.84049	1.62126	1.45559	9.42845	8.23962	7.28690
40530	1.16820	1.14811	1.06939	7.03811	6.86125	6.62974	4.52820	3.17338	2.11729	6.34030	6.30118	6.21327	1.84264	1.62431	1.45923	9.42930	8.24543	7.29012
40700	1.17346	1.15278	1.07250	7.04356	6.86703	6.63422	4.53888	3.17928	2.12274	6.34341	6.30506	6.21551	1.84317	1.61887	1.45544	9.42403	8.23992	7.28693
40860	1.16981	1.14970	1.07039	7.04060	6.86520	6.63272	4.53697	3.17683	2.12098	6.34128	6.30275	6.21597	1.84156	1.61910	1.45607	9.42544	8.24002	7.28701
41030	1.16956	1.14969	1.06784	7.03858	6.86320	6.63004	4.52802	3.17329	2.11878	6.33965	6.30074	6.21049	1.83731	1.61543	1.45142	9.41725	8.23509	7.28228
41190	1.16503	1.14646	1.07073	7.03603	6.86441	6.63303	4.52979	3.17777	2.12266	6.34293	6.30504	6.21638	1.84204	1.62147	1.45952	9.42377	8.24285	7.28933	33.46	6.2	0.00	-2.04	0.01726	0.01194	0.01512	0.01832	0.01894	0.01481	0.00541	0.01503	0.01996	0.01866	0.01295	0.01649	0.01697	0.01755	0.01371	0.00571	0.01611	0.02153
41350	1.17220	1.15002	1.07035	7.04141	6.86481	6.63162	4.52429	3.17341	2.12001	6.33932	6.30239	6.21229	1.83928	1.62001	1.45774	9.42678	8.24213	7.28869
41520	1.17064	1.15198	1.07044	7.04193	6.86586	6.63088	4.53170	3.17485	2.11962	6.33871	6.30160	6.21119	1.84034	1.61830	1.45335	9.42291	8.23818	7.28473
41680	1.16745	1.14931	1.07090	7.03977	6.86368	6.62961	4.53238	3.17465	2.11710	6.33795	6.30076	6.21161	1.83947	1.61913	1.45583	9.41995	8.23886	7.28642
41850	1.16921	1.15046	1.06866	7.03964	6.86342	6.62970	4.52377	3.17314	2.11905	6.33871	6.30156	6.21250	1.83781	1.61659	1.45377	9.41809	8.23737	7.28396
42010	1.17243	1.15460	1.07493	7.04108	6.86642	6.63363	4.53077	3.17909	2.12255	6.34192	6.30435	6.21407	1.84177	1.62156	1.45807	9.42844	8.24369	7.28907
42180	1.17013	1.15216	1.07001	7.04069	6.86329	6.62994	4.52826	3.17288	2.11996	6.33841	6.30063	6.21112	1.84089	1.62244	1.45694	9.42653	8.24560	7.29106
42340	1.17406	1.15234	1.07064	7.04364	6.86562	6.63102	4.52770	3.17497	2.11752	6.33961	6.30198	6.21258	1.84049	1.61801	1.45428	9.42095	8.23979	7.28736
42500	1.16989	1.15147	1.07143	7.04044	6.86489	6.63143	4.53387	3.17524	2.12121	6.33782	6.30093	6.21215	1.83884	1.61708	1.45264	9.42111	8.23795	7.28454
42670	1.16822	1.14976	1.06732	7.03752	6.86167	6.62923	4.53492	3.17260	2.11884	6.33641	6.29877	6.20965	1.83775	1.61694	1.45116	9.42201	8.23657	7.28182
42830	1.16867	1.15219	1.07120	7.03847	6.86404	6.63138	4.53378	3.17666	2.12037	6.33986	6.30232	6.21334	1.84128	1.61895	1.45588	9.42390	8.24109	7.28599	33.46	6.1	0.00	-2.04	0.01726	0.01194	0.01512	0.01832	0.01894	0.01481	0.00541	0.01503	0.01996	0.01866	0.01295	0.01649	0.01697	0.01755	0.01371	0.00571	0.01611	0.02153
42990	1.16887	1.14989	1.06987	7.03838	6.86125	6.62883	4.52064	3.17302	2.11728	6.33646	6.30034	6.21093	1.83819	1.61965	1.45470	9.42169	8.23877	7.28502
43160	1.16979	1.15084	1.07081	7.03925	6.86302	6.63043	4.53494	3.17232	2.11631	6.33749	6.30052	6.21124	1.83893	1.61998	1.45435	9.41958	8.23732	7.28411
43320	1.16899	1.14887	1.06912	7.03612	6.85961	6.62639	4.52547	3.16832	2.11625	6.33539	6.29913	6.20940	1.83825	1.61905	1.45581	9.41973	8.23863	7.28575
43490	1.16849	1.15193	1.07198	7.03920	6.86194	6.63064	4.53543	3.17560	2.11935	6.33784	6.30114	6.21241	1.84301	1.62347	1.45934	9.42832	8.24402	7.29135
43650	1.17267	1.15454	1.07492	7.04410	6.86666	6.63295	4.52611	3.17543	2.12193	6.34108	6.30466	6.21475	1.84296	1.62089	1.45676	9.42204	8.24172	7.28696
43820	1.17027	1.14950	1.07036	7.03860	6.86166	6.62956	4.53011	3.17419	2.11645	6.33694	6.29951	6.21054	1.83912	1.61933	1.45338	9.41983	8.23809	7.28522
43980	1.16900	1.15102	1.07124	7.03857	6.86058	6.62790	4.52682	3.17170	2.11682	6.33517	6.29990	6.21052	1.84081	1.62295	1.45745	9.42505	8.24240	7.28982
44150	1.17287	1.15461	1.07172	7.04272	6.86491	6.63332	4.52663	3.17376	2.11992	6.33984	6.30353	6.21345	1.83881	1.61797	1.45362	9.42324	8.24017	7.28735
44310	1.16811	1.15070	1.07159	7.03994	6.86324	6.63247	4.53007	3.17631	2.11955	6.33829	6.30107	6.21318	1.84085	1.61828	1.45256	9.42304	8.23987	7.28673
44470	1.16715	1.14837	1.06762	7.03808	6.86034	6.62772	4.51821	3.17019	2.11639	6.33480	6.29762	6.20847	1.83899	1.61726	1.45418	9.42401	8.23914	7.28620	33.41	6.1	0.00	-2.04	0.01726	0.01194	0.01512	0.01832	0.01894	0.01481	0.00541	0.01503	0.01996	0.01866	0.01295	0.01649	0.01697	0.01755	0.01371	0.00571	0.01611	0.02153
44640	1.16813	1.14849	1.06991	7.03827	6.86194	6.62890	4.52390	3.17259	2.11611	6.33586	6.29986	6.21047	1.83876	1.61555	1.45106	9.42150	8.23792	7.28432
44800	1.16789	1.14985	1.06992	7.03709	6.86002	6.62849	4.52644	3.16747	2.11423	6.33408	6.29688	6.20785	1.83842	1.62120	1.45878	9.42903	8.24170	7.28902
44970	1.16946	1.15134	1.07038	7.03992	6.86311	6.63097	4.52734	3.17243	2.11720	6.33694	6.30073	6.21087	1.83679	1.61678	1.45029	9.42381	8.23877	7.28469
45130	1.16783	1.15120	1.07267	7.04133	6.86611	6.63300	4.53292	3.17532	2.11993	6.33949	6.30412	6.21353	1.84037	1.61984	1.45648	9.42753	8.24287	7.28863
45300	1.16908	1.14920	1.06947	7.04025	6.86270	6.62934	4.53209	3.16968	2.11564	6.33721	6.30026	6.21006	1.83750	1.61670	1.45233	9.42210	8.24066	7.28559
45460	1.16785	1.14795	1.06905	7.03836	6.86207	6.62832	4.52775	3.16916	2.11649	6.33550	6.29931	6.20951	1.83595	1.61462	1.45012	9.42090	8.23596	7.28322
45630	1.16920	1.15311	1.07134	7.04030	6.86550	6.63185	4.53217	3.17577	2.12007	6.33982	6.30453	6.21365	1.83907	1.61848	1.45415	9.42632	8.24238	7.28793
45790	1.16766	1.14792	1.06960	7.03876	6.86241	6.62956	4.52348	3.17042	2.11357	6.33569	6.30075	6.20948	1.83927	1.62202	1.45500	9.42652	8.24392	7.29014
45950	1.17040	1.15112	1.06710	7.04212	6.86414	6.63132	4.52629	3.17229	2.11841	6.33799	6.30104	6.21219	1.83641	1.61653	1.45212	9.42195	8.23853	7.28452
46120	1.16967	1.14808	1.06941	7.04106	6.86550	6.63259	4.53488	3.17310	2.11894	6.33852	6.30329	6.21273	1.83879	1.61501	1.45401	9.42295	8.24199	7.28806	33.41	6.2	0.00	-2.04	0.01726	0.01194	0.01512	0.01832	0.01894	0.01481	0.00541	0.01503	0.01996	0.01866	0.01295	0.01649	0.01697	0.01755	0.01371	0.00571	0.01611	0.02153
46280	1.16924	1.15050	1.06771	7.03951	6.86327	6.63008	4.52709	3.16952	2.11331	6.33566	6.29945	6.21067	1.83662	1.61666	1.45275	9.42184	8.23974	7.28511
46450	1.16712	1.14691	1.06663	7.03800	6.86153	6.62829	4.52706	3.17014	2.11496	6.33596	6.29888	6.20870	1.83544	1.61622	1.45235	9.42239	8.23751	7.28451
46610	1.16708	1.15066	1.06840	7.03856	6.86200	6.62859	4.53001	3.16983	2.11737	6.33605	6.30023	6.20937	1.83599	1.61631	1.45432	9.41983	8.23773	7.28460
46780	1.16682	1.14976	1.06631	7.03820	6.86057	6.62758	4.52904	3.16918	2.11466	6.33461	6.29989	6.20933	1.83671	1.62000	1.45716	9.42601	8.24317	7.28994
46940	1.16850	1.15032	1.07172	7.04355	6.86683	6.63181	4.52679	3.17365	2.11656	6.33915	6.30332	6.21333	1.83864	1.61778	1.45213	9.42375	8.24253	7.28685
47100	1.16743	1.14707	1.06965	7.04018	6.86531	6.63231	4.52919	3.17097	2.11774	6.33921	6.30243	6.21387	1.83814	1.61739	1.45232	9.42435	8.24182	7.28571
47270	1.16617	1.14969	1.06653	7.03916	6.86179	6.62832	4.51961	3.16839	2.11383	6.33544	6.29875	6.20909	1.83753	1.61695	1.45264	9.42435	8.23906	7.28598
47430	1.16697	1.14800	1.06719	7.03933	6.86226	6.63070	4.52215	3.16904	2.11317	6.33623	6.30013	6.21026	1.83454	1.61481	1.45048	9.42003	8.23767	7.28406
47600	1.16396	1.14535	1.06549	7.03697	6.86018	6.62712	4.52687	3.16228	2.10958	6.33503	6.29793	6.20806	1.83450	1.62019	1.45422	9.42224	8.24258	7.28874
47760	1.16649	1.15086	1.06856	7.04173	6.86535	6.63165	4.52781	3.16979	2.11435	6.33742	6.30132	6.21262	1.83435	1.61552	1.45024	9.42263	8.23860	7.28555	33.46	6.0	0.00	-2.04	0.01726	0.01194	0.01512	0.01832	0.01894	0.01481	0.00541	0.01503	0.01996	0.01866	0.01295	0.01649	0.01697	0.01755	0.01371	0.00571	0.01611	0.02153
47920	1.16625	1.14884	1.06884	7.04205	6.86538	6.63104	4.53222	3.17078	2.11457	6.33920	6.30347	6.21443	1.83745	1.61709	1.45222	9.42078	8.24023	7.28701
48090	1.16481	1.14673	1.06645	7.03939	6.86220	6.63071	4.53196	3.16472	2.11207	6.33658	6.30135	6.21153	1.83491	1.61563	1.45159	9.42048	8.24052	7.28703
48250	1.16642	1.14661	1.06659	7.04026	6.86316	6.62981	4.52601	3.16753	2.11225	6.33808	6.30215	6.21340	1.83157	1.61319	1.44847	9.41977	8.23636	7.28468
48420	1.16695	1.14560	1.06738	7.03994	6.86438	6.63134	4.52818	3.17146	2.11390	6.33837	6.30317	6.21212	1.83414	1.61447	1.44941	9.42033	8.23686	7.28459
48580	1.16439	1.14637	1.06495	7.03831	6.86184	6.62870	4.52526	3.16834	2.11280	6.33699	6.30146	6.21073	1.83405	1.61502	1.45220	9.42063	8.23764	7.28593
48750	1.16527	1.14870	1.06790	7.04072	6.86332	6.63076	4.51636	3.16869	2.11428	6.33846	6.30293	6.21270	1.83318	1.61493	1.44991	9.41922	8.23596	7.28321
48910	1.16663	1.15061	1.06828	7.04085	6.86465	6.63122	4.53016	3.17156	2.11371	6.33999	6.30335	6.21494	1.83449	1.61469	1.45046	9.42439	8.23970	7.28591
49080	1.16367	1.14671	1.06474	7.04009	6.86164	6.62823	4.52594	3.16544	2.11117	6.33615	6.30052	6.21082	1.83391	1.61494	1.45272	9.42389	8.24129	7.28813
49240	1.16679	1.14619	1.06914	7.04289	6.86508	6.62986	4.53088	3.16675	2.11083	6.33879	6.30242	6.21177	1.83144	1.61202	1.44756	9.42369	8.23698	7.28417
49410	1.16510	1.14681	1.06905	7.04312	6.86808	6.63256	4.52252	3.17275	2.11718	6.34020	6.30485	6.21466	1.83453	1.61425	1.45182	9.42168	8.24110	7.28748	33.46	6.1	0.00	-2.04	0.01726	0.01194	0.01512	0.01832	0.01894	0.01481	0.00541	0.01503	0.01996	0.01866	0.01295	0.01649	0.01697	0.01755	0.01371	0.00571	0.01611	0.02153
49570	1.16636	1.14547	1.06660	7.04267	6.86425	6.62992	4.53213	3.16621	2.11090	6.33799	6.30177	6.21376	1.83330	1.61385	1.44701	9.41797	8.23779	7.28462
49730	1.16275	1.14411	1.06442	7.03941	6.86160	6.62800	4.52379	3.16467	2.10879	6.33564	6.30185	6.21186	1.83374	1.61600	1.45092	9.42344	8.23995	7.28750
49900	1.16530	1.14641	1.06740	7.04356	6.86570	6.63105	4.52970	3.16740	2.11238	6.33872	6.30408	6.21425	1.83343	1.61387	1.44828	9.42645	8.23928	7.28480
50060	1.16298	1.14794	1.06854	7.04128	6.86514	6.63019	4.52181	3.16555	2.11244	6.33845	6.30291	6.21356	1.83351	1.61379	1.44822	9.42168	8.23908	7.28596
50230	1.16390	1.14397	1.06429	7.04014	6.86226	6.62686	4.52626	3.16487	2.10708	6.33482	6.30052	6.21110	1.83143	1.61159	1.44762	9.42253	8.23837	7.28563
50390	1.16507	1.14322	1.06506	7.04159	6.86354	6.62881	4.51593	3.16246	2.10920	6.33676	6.30090	6.21171	1.83026	1.61299	1.44684	9.41762	8.23629	7.28391
50560	1.16285	1.14585	1.06522	7.03996	6.86297	6.62934	4.52555	3.16356	2.11027	6.33719	6.30155	6.21184	1.82971	1.61327	1.44873	9.42068	8.23785	7.28617
50720	1.16283	1.14453	1.06494	7.04083	6.86326	6.62850	4.52622	3.16445	2.10948	6.33629	6.30109	6.21066	1.83060	1.61125	1.44823	9.41857	8.23843	7.28569
50890	1.16465	1.14432	1.06746	7.04131	6.86399	6.62920	4.51713	3.16660	2.11057	6.33699	6.30298	6.21185	1.83083	1.61251	1.44605	9.42028	8.23835	7.28527
51050	1.16384	1.14565	1.06800	7.04168	6.86431	6.63027	4.51825	3.16588	2.11254	6.33697	6.30316	6.21218	1.83147	1.61218	1.45018	9.41909	8.23957	7.28570	33.41	6.2	0.00	-2.04	0.01726	0.01194	0.01512	0.01832	0.01894	0.01481	0.00541	0.01503	0.01996	0.01866	0.01295	0.01649	0.01697	0.01755	0.01371	0.00571	0.01611	0.02153
51220	1.16193	1.14280	1.06220	7.03951	6.86113	6.62678	4.51522	3.16401	2.10904	6.33396	6.29862	6.20802	1.83265	1.61416	1.45020	9.42275	8.23907	7.28783
51380	1.16498	1.14524	1.06610	7.04285	6.86391	6.62968	4.52820	3.16735	2.11191	6.33636	6.30097	6.21090	1.83285	1.61306	1.44654	9.42059	8.23703	7.28500
51550	1.16460	1.14763	1.06589	7.04130	6.86326	6.62781	4.51780	3.16489	2.11085	6.33519	6.30035	6.21098	1.83151	1.61427	1.44935	9.41834	8.23640	7.28364
51710	1.16388	1.14660	1.06671	7.04081	6.86420	6.62959	4.51974	3.16558	2.11233	6.33787	6.30238	6.21231	1.83167	1.61395	1.44879	9.42240	8.23833	7.28495
51880	1.16352	1.14416	1.06387	7.03950	6.86070	6.62660	4.51492	3.16229	2.10700	6.33417	6.29953	6.20902	1.83123	1.61249	1.45054	9.42180	8.23962	7.28652
52040	1.16471	1.14589	1.06449	7.04155	6.86334	6.62950	4.51526	3.16670	2.11013	6.33586	6.30022	6.21021	1.82906	1.61231	1.44656	9.42421	8.23685	7.28382
52210	1.16247	1.14469	1.06522	7.03964	6.86193	6.62747	4.52071	3.16712	2.10897	6.33598	6.30173	6.21120	1.83168	1.61156	1.44800	9.42662	8.24140	7.28664
52370	1.16526	1.14618	1.06574	7.04340	6.86395	6.62959	4.52498	3.16501	2.11198	6.33707	6.30293	6.21149	1.83046	1.61227	1.44744	9.42094	8.23978	7.28621
52540	1.16106	1.14389	1.06443	7.04043	6.86321	6.62995	4.52079	3.16581	2.11028	6.33798	6.30297	6.21283	1.83235	1.61072	1.44795	9.42220	8.24213	7.28663
52700	1.16254	1.14244	1.06160	7.03913	6.86065	6.62761	4.52344	3.16331	2.10744	6.33345	6.29892	6.20932	1.83168	1.61360	1.44920	9.42257	8.23991	7.28699	33.41	6.1	0.00	-2.04	0.01726	0.01194	0.01512	0.01832	0.01894	0.01481	0.00541	0.01503	0.01996	0.01866	0.01295	0.01649	0.01697	0.01755	0.01371	0.00571	0.01611	0.02153
52870	1.16422	1.14468	1.06355	7.04082	6.86140	6.62725	4.51435	3.16504	2.11034	6.33578	6.30062	6.21088	1.83038	1.61007	1.44702	9.42207	8.23808	7.28455
53030	1.16028	1.14563	1.06382	7.03803	6.86165	6.62832	4.52374	3.16436	2.11004	6.33685	6.30273	6.21114	1.83182	1.61138	1.44758	9.42348	8.24009	7.28555
53190	1.16076	1.14270	1.06203	7.03814	6.86004	6.62591	4.51697	3.16368	2.10748	6.33346	6.29769	6.20929	1.82992	1.61341	1.44636	9.42333	8.23967	7.28706
53360	1.16221	1.14329	1.06546	7.04021	6.86098	6.62846	4.52292	3.16419	2.10996	6.33436	6.29863	6.20973	1.82905	1.60963	1.44322	9.41715	8.23833	7.28420
53520	1.16142	1.14311	1.06447	7.03907	6.86142	6.62872	4.52995	3.16549	2.10885	6.33570	6.30081	6.20993	1.83012	1.61273	1.44674	9.42529	8.24019	7.28566
53690	1.16016	1.14139	1.06203	7.03850	6.85938	6.62714	4.52329	3.16169	2.10706	6.33308	6.29925	6.20884	1.83079	1.61258	1.44779	9.42403	8.24066	7.28764
53850	1.16331	1.14473	1.06443	7.04164	6.86199	6.62734	4.52052	3.16623	2.10990	6.33506	6.30047	6.21062	1.82906	1.61003	1.44304	9.41926	8.23818	7.28467
54020	1.16251	1.14485	1.06550	7.04109	6.86474	6.63050	4.52696	3.17005	2.11301	6.33814	6.30312	6.21328	1.83210	1.61061	1.44733	9.42614	8.24210	7.28887
54180	1.16322	1.14335	1.06357	7.04068	6.86199	6.62752	4.52153	3.16468	2.10958	6.33439	6.29987	6.20941	1.83061	1.61136	1.44438	9.41791	8.23902	7.28428
54350	1.16170	1.14219	1.06319	7.03772	6.85952	6.62823	4.52481	3.16252	2.10995	6.33469	6.29871	6.20885	1.83211	1.60897	1.44629	9.41738	8.23849	7.28417	33.35	6.1	0.00	-2.04	0.01726	0.01194	0.01512	0.01832	0.01894	0.01481	0.00541	0.01503	0.01996	0.01866	0.01295	0.01649	0.01697	0.01755	0.01371	0.00571	0.01611	0.02153
54510	1.16083	1.14330	1.06397	7.03794	6.86037	6.62751	4.52223	3.16487	2.11034	6.33436	6.29974	6.20936	1.82886	1.60963	1.44532	9.41918	8.23663	7.28348
54680	1.16171	1.14359	1.06452	7.03922	6.86089	6.62879	4.52055	3.16413	2.11136	6.33650	6.30133	6.21095	1.83189	1.61183	1.44814	9.41838	8.23681	7.28476
54840	1.15982	1.14079	1.06242	7.03689	6.85758	6.62505	4.51782	3.16086	2.10707	6.33317	6.29701	6.20794	1.83132	1.61214	1.44532	9.42004	8.23688	7.28474
55010	1.16084	1.14382	1.06400	7.03782	6.85942	6.62723	4.51931	3.16298	2.11087	6.33396	6.29931	6.20969	1.83163	1.61145	1.44951	9.42475	8.24078	7.28762
55170	1.16562	1.14459	1.06669	7.04170	6.86382	6.63065	4.52354	3.16582	2.11092	6.33621	6.30133	6.21070	1.83158	1.61250	1.44821	9.42536	8.23728	7.28450
55340	1.15953	1.14017	1.06240	7.03747	6.85899	6.62587	4.53319	3.16499	2.10665	6.33268	6.29670	6.20732	1.82892	1.61089	1.44519	9.41903	8.23499	7.28248
55500	1.15918	1.14114	1.06164	7.03720	6.85784	6.62504	4.52335	3.16326	2.10725	6.33190	6.29602	6.20743	1.83154	1.61324	1.44737	9.42054	8.24021	7.28677
55670	1.16241	1.14419	1.06494	7.03927	6.86156	6.62928	4.52694	3.16637	2.10971	6.33563	6.29941	6.21041	1.82984	1.60893	1.44595	9.41918	8.23632	7.28376
55830	1.16149	1.14477	1.06471	7.03512	6.85917	6.62779	4.52309	3.16492	2.11186	6.33515	6.30001	6.21121	1.83213	1.61114	1.44758	9.41913	8.23622	7.28321
55990	1.16165	1.14230	1.06131	7.03681	6.85733	6.62506	4.51802	3.16135	2.10688	6.33224	6.29739	6.20834	1.83086	1.61054	1.44562	9.41956	8.23546	7.28291	33.41	6.1	0.00	-2.04	0.01726	0.01194	0.01512	0.01832	0.01894	0.01481	0.00541	0.01503	0.01996	0.01866	0.01295	0.01649	0.01697	0.01755	0.01371	0.00571	0.01611	0.02153
56160	1.15846	1.14130	1.06033	7.03532	6.85694	6.62507	4.51750	3.16209	2.10532	6.33300	6.29669	6.20723	1.82794	1.60746	1.44429	9.41635	8.23296	7.28060
56320	1.15971	1.13963	1.06069	7.03313	6.85524	6.62301	4.52591	3.15945	2.10523	6.32994	6.29545	6.20606	1.82943	1.61204	1.44892	9.42027	8.23671	7.28355
56490	1.16280	1.14192	1.06360	7.03850	6.85842	6.62556	4.51974	3.16541	2.11093	6.33393	6.29711	6.20909	1.82866	1.60958	1.44522	9.41736	8.23360	7.28037
56650	1.16093	1.14373	1.06513	7.03713	6.86018	6.62797	4.52434	3.16793	2.11090	6.33520	6.29836	6.20966	1.83157	1.61166	1.44803	9.42232	8.23600	7.28203
56820	1.16100	1.14166	1.06456	7.03593	6.85756	6.62379	4.52816	3.16232	2.10774	6.33172	6.29644	6.20737	1.82971	1.61382	1.44671	9.41961	8.23599	7.28394
56980	1.16252	1.14221	1.06287	7.03829	6.85936	6.62573	4.51892	3.16313	2.10890	6.33290	6.29808	6.20807	1.82953	1.60749	1.44452	9.41705	8.23133	7.28021
57140	1.15955	1.14150	1.06269	7.03573	6.85697	6.62577	4.52423	3.16382	2.10644	6.33252	6.29716	6.20719	1.82854	1.60940	1.44540	9.41374	8.23105	7.27964
57310	1.15992	1.14145	1.06308	7.03289	6.85534	6.62253	4.52659	3.16150	2.10729	6.32997	6.29386	6.20629	1.82730	1.60841	1.44625	9.41445	8.23031	7.28003
57470	1.15960	1.14010	1.06083	7.03406	6.85604	6.62474	4.51712	3.16351	2.10590	6.33252	6.29573	6.20775	1.82761	1.60981	1.44608	9.41956	8.23158	7.27977
57640	1.16085	1.14314	1.06325	7.03407	6.85577	6.62410	4.51532	3.16234	2.10869	6.33203	6.29521	6.20708	1.82736	1.60900	1.44628	9.41541	8.23381	7.28044	33.41	6.1	0.00	-2.04	0.01726	0.01194	0.01512	0.01832	0.01894	0.01481	0.00541	0.01503	0.01996	0.01866	0.01295	0.01649	0.01697	0.01755	0.01371	0.00571	0.01611	0.02153
57800	1.15997	1.14080	1.06045	7.03406	6.85603	6.62400	4.52706	3.16156	2.10542	6.33128	6.29471	6.20530	1.82836	1.61157	1.44654	9.41832	8.23265	7.28046
57970	1.15819	1.14105	1.06076	7.03422	6.85580	6.62550	4.52014	3.16487	2.10851	6.33124	6.29475	6.20670	1.83069	1.61085	1.44809	9.41370	8.23540	7.28320
58130	1.16012	1.14231	1.06173	7.03648	6.85888	6.62675	4.52279	3.16594	2.11087	6.33399	6.29856	6.20915	1.83155	1.61153	1.44675	9.42339	8.23553	7.28217
58300	1.15867	1.14201	1.06283	7.03577	6.85816	6.62804	4.51853	3.16625	2.10999	6.33459	6.29942	6.20977	1.83304	1.60988	1.44774	9.41792	8.23603	7.28255
58460	1.16202	1.14042	1.06046	7.03508	6.85564	6.62471	4.51472	3.16158	2.10578	6.33118	6.29575	6.20704	1.82851	1.60907	1.44795	9.41656	8.23361	7.28269
58620	1.16003	1.13817	1.06064	7.03550	6.85592	6.62471	4.51980	3.16086	2.10854	6.33127	6.29578	6.20657	1.82698	1.60744	1.44283	9.41265	8.23127	7.27916
58790	1.15752	1.13754	1.05910	7.03324	6.85390	6.62216	4.52818	3.15774	2.10313	6.32886	6.29298	6.20476	1.82859	1.60997	1.44520	9.41596	8.23437	7.28350
58950	1.16214	1.14298	1.06259	7.03691	6.85838	6.62557	4.52631	3.16441	2.10711	6.33160	6.29628	6.20689	1.82994	1.60918	1.44562	9.41686	8.23181	7.27968
59120	1.15922	1.14177	1.06297	7.03386	6.85585	6.62410	4.51677	3.16243	2.10881	6.33153	6.29579	6.20725	1.83189	1.60926	1.44581	9.41415	8.23122	7.27971
59280	1.15772	1.14150	1.05906	7.03267	6.85424	6.62135	4.51667	3.15783	2.10326	6.32809	6.29134	6.20381	1.82526	1.60595	1.44352	9.40807	8.22709	7.27560	33.41	6.0	0.00	-2.04	0.01726	0.01194	0.01512	0.01832	0.01894	0.01481	0.00541	0.01503	0.01996	0.01866	0.01295	0.01649	0.01697	0.01755	0.01371	0.00571	0.01611	0.02153
59440	1.15912	1.14097	1.06119	7.03206	6.85551	6.62474	4.52370	3.16421	2.10733	6.33132	6.29406	6.20507	1.82902	1.61011	1.44514	9.41158	8.23079	7.27894
59610	1.15893	1.13939	1.06056	7.03102	6.85277	6.62186	4.51596	3.15952	2.10453	6.32829	6.29208	6.20316	1.82454	1.60555	1.44017	9.40903	8.22815	7.27538
59770	1.16014	1.14212	1.06435	7.03371	6.85615	6.62539	4.52153	3.16503	2.10889	6.33244	6.29575	6.20691	1.83012	1.60913	1.44425	9.41745	8.23315	7.28015
59930	1.15864	1.14012	1.06171	7.03328	6.85401	6.62228	4.51630	3.16276	2.10345	6.32930	6.29366	6.20426	1.82900	1.60815	1.44640	9.41514	8.23282	7.28070
60100	1.15757	1.13904	1.06089	7.03363	6.85468	6.62296	4.51802	3.16142	2.10658	6.32997	6.29362	6.20368	1.82498	1.60718	1.44044	9.40978	8.22853	7.27687
60260	1.15621	1.13632	1.05865	7.02869	6.85095	6.61864	4.51544	3.15569	2.10131	6.32591	6.28947	6.20171	1.82966	1.61017	1.44471	9.41409	8.23318	7.28152
60430	1.15991	1.14056	1.06131	7.03442	6.85633	6.62392	4.51637	3.16094	2.10645	6.33151	6.29454	6.20533	1.82917	1.60701	1.44448	9.41148	8.22866	7.27804
60590	1.15838	1.14108	1.06384	7.03427	6.85675	6.62564	4.53111	3.16353	2.10835	6.33164	6.29614	6.20662	1.82764	1.61056	1.44516	9.41625	8.23386	7.28010
60760	1.15920	1.14085	1.06118	7.03187	6.85399	6.62253	4.51671	3.16106	2.10541	6.32950	6.29245	6.20294	1.82876	1.60959	1.44271	9.42071	8.23334	7.28068
60920	1.15827	1.13740	1.06014	7.03217	6.85389	6.62127	4.52023	3.16334	2.10409	6.32688	6.29159	6.20331	1.82595	1.60498	1.43995	9.40981	8.22737	7.27511	33.46	6.2	0.00	-2.04	0.01726	0.01194	0.01511	0.01832	0.01894	0.01481	0.00541	0.01503	0.01996	0.01866	0.01295	0.01649	0.01697	0.01755	0.01371	0.00571	0.01611	0.02153
61080	1.15436	1.13610	1.05634	7.02709	6.84973	6.61692	4.51597	3.15423	2.10205	6.32379	6.28894	6.19992	1.82660	1.60406	1.43938	9.41182	8.22898	7.27842
61250	1.15840	1.13982	1.05975	7.03055	6.85270	6.62115	4.52150	3.16179	2.10613	6.32793	6.29349	6.20346	1.82847	1.60695	1.44239	9.41678	8.22924	7.27683
61410	1.15911	1.14139	1.05918	7.03142	6.85293	6.62010	4.51560	3.16068	2.10382	6.32705	6.29192	6.20285	1.82753	1.60942	1.44459	9.41468	8.23095	7.27895
61580	1.16123	1.14072	1.06216	7.03248	6.85399	6.62066	4.51956	3.15844	2.10490	6.32872	6.29309	6.20327	1.82436	1.60558	1.44179	9.41553	8.22858	7.27645
61740	1.15533	1.14078	1.06444	7.03014	6.85525	6.62307	4.52300	3.16288	2.10693	6.33030	6.29397	6.20521	1.82869	1.60835	1.44464	9.41528	8.23343	7.28009
61910	1.15823	1.13896	1.06022	7.03311	6.85495	6.62151	4.52034	3.16098	2.10557	6.32828	6.29398	6.20400	1.82649	1.60565	1.44346	9.41493	8.23120	7.27866
62080	1.15645	1.13734	1.06118	7.03034	6.85254	6.62140	4.51403	3.15743	2.10148	6.32663	6.29104	6.20150	1.82678	1.60747	1.44465	9.41573	8.23249	7.27963
62240	1.15869	1.14113	1.06193	7.03230	6.85463	6.62161	4.51276	3.15954	2.10298	6.32903	6.29463	6.20256	1.82418	1.60517	1.44280	9.41227	8.23035	7.27714
62410	1.15805	1.14155	1.06285	7.03409	6.85623	6.62404	4.52599	3.16447	2.10823	6.33008	6.29503	6.20481	1.82711	1.60691	1.44269	9.41648	8.23346	7.27964
62570	1.15800	1.13891	1.05808	7.03163	6.85299	6.62032	4.51630	3.15724	2.10363	6.32653	6.29157	6.20247	1.82428	1.61270	1.44505	9.41587	8.23537	7.28082	33.46	6.1	0.00	-2.04	0.01726	0.01194	0.01512	0.01832	0.01894	0.01481	0.00541	0.01503	0.01995	0.01866	0.01295	0.01649	0.01697	0.01755	0.01371	0.00571	0.01611	0.02153
62730	1.16043	1.14040	1.06165	7.03450	6.85571	6.62329	4.51809	3.16013	2.10609	6.32896	6.29312	6.20409	1.82630	1.60672	1.44350	9.41963	8.23297	7.27951
62900	1.15812	1.13646	1.05766	7.03166	6.85246	6.62024	4.51279	3.15866	2.10147	6.32661	6.29177	6.20140	1.82261	1.60478	1.44155	9.41476	8.23016	7.27779
63060	1.15723	1.13593	1.05744	7.02917	6.85061	6.61714	4.51391	3.15392	2.10054	6.32452	6.28920	6.19932	1.82493	1.60637	1.44413	9.41231	8.23246	7.28063
63230	1.15821	1.14022	1.06173	7.03331	6.85559	6.62147	4.52090	3.15946	2.10475	6.32907	6.29403	6.20335	1.82528	1.60464	1.44197	9.41702	8.23025	7.27776
63390	1.15832	1.13865	1.05978	7.03098	6.85457	6.61993	4.51402	3.16156	2.10395	6.32700	6.29247	6.20287	1.82443	1.60685	1.44263	9.41341	8.22780	7.27600
63560	1.15789	1.13994	1.05992	7.03148	6.85343	6.62101	4.51155	3.15709	2.10368	6.32757	6.29268	6.20319	1.82537	1.60669	1.44249	9.41361	8.22730	7.27715
63720	1.15639	1.13895	1.05782	7.03089	6.85149	6.61799	4.51641	3.15478	2.10226	6.32451	6.28952	6.20017	1.82361	1.60838	1.44448	9.41537	8.23124	7.27893
63890	1.15876	1.13961	1.05878	7.03251	6.85378	6.62026	4.51424	3.16032	2.10285	6.32709	6.29135	6.20205	1.82656	1.61056	1.44398	9.41642	8.23392	7.28105
64050	1.15992	1.14049	1.06172	7.03419	6.85664	6.62416	4.52325	3.15965	2.10628	6.32867	6.29398	6.20375	1.82646	1.60793	1.43840	9.41190	8.23174	7.27895
64220	1.15617	1.13671	1.05749	7.03114	6.85421	6.61959	4.51493	3.15897	2.10242	6.32641	6.29228	6.20113	1.82173	1.60487	1.43985	9.40994	8.22832	7.27572	33.41	6.2	0.00	-2.04	0.01726	0.01194	0.01511	0.01832	0.01894	0.01481	0.00541	0.01503	0.01996	0.01866	0.01295	0.01649	0.01697	0.01755	0.01371	0.00571	0.01611	0.02153
64380	1.15637	1.13419	1.05693	7.02988	6.85145	6.61759	4.51041	3.15167	2.10088	6.32452	6.28932	6.19933	1.82536	1.60660	1.44514	9.41536	8.23251	7.28003
64550	1.15919	1.14249	1.06079	7.03448	6.85581	6.62177	4.51329	3.16070	2.10599	6.32805	6.29323	6.20317	1.82647	1.60483	1.44238	9.41215	8.23000	7.27820
64710	1.15571	1.13674	1.06050	7.03077	6.85432	6.62182	4.52380	3.15857	2.10266	6.32918	6.29307	6.20298	1.82437	1.60657	1.44124	9.41501	8.23018	7.27808
64870	1.15670	1.13644	1.05523	7.03039	6.85209	6.61851	4.52570	3.15448	2.09913	6.32503	6.28957	6.20048	1.82450	1.60509	1.44061	9.40994	8.22971	7.27764
65040	1.15640	1.13474	1.05835	7.03153	6.85382	6.61923	4.51441	3.15625	2.10145	6.32609	6.29141	6.20122	1.82233	1.60533	1.44034	9.40779	8.22768	7.27565
65200	1.15538	1.13706	1.05686	7.03016	6.85270	6.61958	4.51198	3.15734	2.10215	6.32641	6.29158	6.20182	1.82128	1.60565	1.43862	9.41220	8.22729	7.27578
65370	1.15675	1.13668	1.05715	7.03086	6.85308	6.61844	4.51011	3.15474	2.10108	6.32557	6.29178	6.20176	1.82319	1.60351	1.44149	9.41140	8.22779	7.27693
65530	1.15668	1.13752	1.05995	7.03075	6.85305	6.62022	4.51310	3.15565	2.10100	6.32646	6.29225	6.20244	1.82223	1.60198	1.44262	9.40899	8.22875	7.27681
65700	1.15723	1.13972	1.05885	7.03283	6.85420	6.62127	4.52077	3.15598	2.10203	6.32801	6.29224	6.20189	1.82125	1.60519	1.44001	9.41566	8.22907	7.27641
65860	1.15612	1.13717	1.05845	7.03082	6.85204	6.61971	4.50349	3.15233	2.09905	6.32552	6.29028	6.20033	1.82434	1.60606	1.44300	9.40878	8.23156	7.27868	33.46	6.1	0.00	-2.04	0.01726	0.01194	0.01512	0.01832	0.01894	0.01481	0.00541	0.01503	0.01995	0.01866	0.01295	0.01649	0.01697	0.01755	0.01371	0.00571	0.01611	0.02153
66030	1.15641	1.13914	1.05959	7.03219	6.85358	6.61924	4.50767	3.15637	2.10113	6.32663	6.29148	6.20068	1.82211	1.60441	1.43945	9.41158	8.22675	7.27521
66190	1.15695	1.13973	1.06063	7.03314	6.85532	6.62224	4.52315	3.16288	2.10596	6.32892	6.29328	6.20346	1.82523	1.60418	1.44067	9.41204	8.23041	7.27857
66360	1.15574	1.13671	1.05989	7.03163	6.85179	6.61973	4.51100	3.15422	2.10068	6.32549	6.29057	6.20006	1.82192	1.60204	1.43916	9.40973	8.22830	7.27620
66520	1.15574	1.13775	1.05923	7.03055	6.85169	6.61914	4.51761	3.15570	2.10085	6.32583	6.28939	6.19990	1.82239	1.60265	1.43806	9.40878	8.22755	7.27550
66690	1.15584	1.13771	1.05741	7.03119	6.85206	6.61937	4.51302	3.15882	2.10073	6.32578	6.29011	6.20053	1.82441	1.60380	1.44010	9.40507	8.22917	7.27683
66850	1.15431	1.13363	1.05910	7.03083	6.85205	6.61967	4.51952	3.15853	2.10370	6.32581	6.28971	6.20033	1.82327	1.60400	1.43714	9.40642	8.22607	7.27465
67020	1.15319	1.13608	1.06101	7.02884	6.85199	6.61940	4.51776	3.15809	2.10119	6.32639	6.28998	6.20051	1.82240	1.60383	1.43835	9.40542	8.22743	7.27558
67180	1.15546	1.13546	1.05725	7.02902	6.85096	6.61760	4.50857	3.15340	2.10048	6.32463	6.28836	6.19917	1.82230	1.60304	1.43887	9.40782	8.22917	7.27816
67350	1.15629	1.13902	1.05856	7.03188	6.85217	6.62020	4.51769	3.15577	2.10230	6.32510	6.28867	6.19981	1.82268	1.60358	1.43811	9.40622	8.22564	7.27470
67510	1.15338	1.13764	1.05787	7.02835	6.85114	6.61995	4.52184	3.15621	2.10073	6.32669	6.29017	6.20102	1.82326	1.60541	1.43830	9.41349	8.22847	7.27560	33.46	6.2	0.00	-2.04	0.01726	0.01194	0.01511	0.01832	0.01894	0.01481	0.00541	0.01503	0.01995	0.01866	0.01295	0.01649	0.01697	0.01755	0.01371	0.00571	0.01611	0.02153
67680	1.15534	1.13564	1.05766	7.02966	6.84956	6.61697	4.50693	3.15492	2.09955	6.32408	6.28594	6.19826	1.82090	1.60314	1.44073	9.40943	8.22860	7.27765
67840	1.15779	1.13555	1.05963	7.03062	6.85104	6.61943	4.51934	3.15210	2.09843	6.32452	6.28885	6.19806	1.82284	1.60064	1.43606	9.40642	8.22499	7.27256
68000	1.15563	1.13626	1.05996	7.02965	6.85101	6.61835	4.50566	3.15695	2.10231	6.32548	6.28884	6.20080	1.82331	1.60176	1.44134	9.40883	8.22785	7.27505
68170	1.15513	1.13384	1.05787	7.02785	6.84822	6.61556	4.50514	3.15067	2.09729	6.32213	6.28486	6.19660	1.82196	1.60727	1.44193	9.40632	8.22833	7.27665
68330	1.15722	1.13685	1.05838	7.02961	6.85006	6.61649	4.50775	3.15210	2.09905	6.32359	6.28684	6.19782	1.82064	1.60109	1.43874	9.40457	8.22543	7.27284
68500	1.15426	1.13754	1.05856	7.03015	6.85159	6.61885	4.51377	3.15859	2.10142	6.32492	6.28938	6.19959	1.82150	1.60218	1.43784	9.40993	8.22965	7.27546
68660	1.15506	1.13339	1.05793	7.02857	6.84860	6.61508	4.50943	3.15441	2.09686	6.32171	6.28518	6.19623	1.82183	1.60443	1.43965	9.40878	8.22999	7.27627
68830	1.15477	1.13405	1.05835	7.02908	6.84941	6.61638	4.51153	3.15256	2.09876	6.32229	6.28637	6.19682	1.82206	1.60257	1.43864	9.40652	8.22531	7.27167
68990	1.15228	1.13352	1.05642	7.02902	6.85055	6.61839	4.50189	3.15643	2.10149	6.32385	6.28942	6.19897	1.82289	1.60423	1.44154	9.40838	8.22698	7.27463
69160	1.15493	1.13637	1.05589	7.02774	6.84783	6.61428	4.50952	3.15006	2.09732	6.32215	6.28560	6.19639	1.82074	1.60341	1.43943	9.40775	8.22834	7.27533	33.41	6.1	0.00	-2.04	0.01726	0.01194	0.01511	0.01832	0.01894	0.01481	0.00541	0.01503	0.01995	0.01866	0.01295	0.01649	0.01697	0.01755	0.01371	0.00571	0.01611	0.02153
69320	1.15409	1.13637	1.05824	7.02905	6.84990	6.61643	4.51247	3.15465	2.09918	6.32349	6.28695	6.19904	1.82099	1.60162	1.43912	9.40931	8.22573	7.27238
69490	1.15504	1.13643	1.05792	7.02987	6.85052	6.61758	4.51486	3.15329	2.10080	6.32374	6.28821	6.19916	1.82344	1.60317	1.43944	9.40866	8.22806	7.27536
69650	1.15307	1.13433	1.05611	7.02765	6.84748	6.61426	4.50881	3.15033	2.09583	6.32187	6.28542	6.19691	1.82084	1.60125	1.43813	9.41267	8.22681	7.27371
69820	1.15351	1.13752	1.05708	7.02807	6.84899	6.61493	4.50885	3.15388	2.09964	6.32166	6.28745	6.19692	1.82391	1.60396	1.44015	9.41176	8.23201	7.27924
