WetView ver 7.1	07-20-2019	16:20:05
AC9 Absorption and Attenuation Meter
00000311		; Serial number
2	; structure version number
Reserved
0.000000	0.000000		; Depth calibration
19200			; Baud rate
0.100000			; Path length (meters)
23			; number of temperature calibration bins
				12.61517	13.44096	14.46844	15.49904	16.50682	17.50108	18.49752	19.51783	20.49177	21.49009	22.48286	23.50673	24.54012	25.54812	26.49986	27.49321	28.50960	29.48671	30.47471	31.49432	32.50437	33.48679	34.49133	; temperature bins
a650	Blue	18.61587		0.01156	0.01096	0.01010	0.00930	0.00851	0.00774	0.00661	0.00573	0.00499	0.00402	0.00285	0.00203	0.00096	0.00000	-0.00110	-0.00152	-0.00210	-0.00247	-0.00259	-0.00317	-0.00346	-0.00380	-0.00403		; offset and temperature correction info
a676	Green	18.78942		0.00964	0.00899	0.00863	0.00813	0.00730	0.00639	0.00545	0.00448	0.00385	0.00301	0.00233	0.00165	0.00046	0.00000	-0.00106	-0.00167	-0.00251	-0.00280	-0.00316	-0.00329	-0.00377	-0.00392	-0.00441		; offset and temperature correction info
a715	Brown	18.59217		0.01171	0.01109	0.01043	0.00975	0.00878	0.00789	0.00685	0.00572	0.00469	0.00356	0.00255	0.00160	0.00061	0.00000	-0.00063	-0.00113	-0.00152	-0.00183	-0.00226	-0.00293	-0.00364	-0.00404	-0.00473		; offset and temperature correction info
c510	Red	18.18396		-0.00549	-0.00480	-0.00383	-0.00272	-0.00202	-0.00118	-0.00044	-0.00038	-0.00015	-0.00021	0.00013	0.00007	-0.00007	0.00000	-0.00007	-0.00065	-0.00045	-0.00018	0.00007	0.00039	-0.00001	-0.00002	-0.00045		; offset and temperature correction info
c532	Magenta	18.26528		-0.00721	-0.00645	-0.00581	-0.00518	-0.00465	-0.00345	-0.00281	-0.00270	-0.00182	-0.00141	-0.00108	-0.00072	-0.00022	0.00000	0.00044	0.00030	0.00031	-0.00006	-0.00052	-0.00089	-0.00142	-0.00149	-0.00154		; offset and temperature correction info
c555	Black	18.37125		-0.00430	-0.00419	-0.00381	-0.00319	-0.00286	-0.00254	-0.00205	-0.00196	-0.00138	-0.00137	-0.00067	-0.00051	-0.00030	0.00000	0.00067	0.00087	0.00057	0.00027	-0.00015	-0.00089	-0.00127	-0.00137	-0.00150		; offset and temperature correction info
a412	LtBlue	15.33566		-0.06011	-0.05567	-0.05012	-0.04441	-0.03922	-0.03412	-0.02941	-0.02503	-0.02049	-0.01588	-0.01121	-0.00784	-0.00311	0.00000	0.00273	0.00611	0.00757	0.00871	0.01066	0.01299	0.01539	0.01781	0.02175		; offset and temperature correction info
a440	LtGreen	16.05925		-0.01380	-0.01214	-0.01039	-0.00858	-0.00690	-0.00532	-0.00426	-0.00322	-0.00230	-0.00158	-0.00055	0.00006	0.00001	0.00000	0.00017	0.00016	-0.00094	-0.00222	-0.00363	-0.00486	-0.00567	-0.00651	-0.00782		; offset and temperature correction info
a488	Yellow	16.82827		0.00255	0.00293	0.00331	0.00354	0.00373	0.00378	0.00363	0.00350	0.00291	0.00225	0.00215	0.00142	0.00099	0.00000	-0.00092	-0.00169	-0.00295	-0.00396	-0.00479	-0.00542	-0.00582	-0.00604	-0.00663		; offset and temperature correction info
c650	Blue	18.49287		-0.00570	-0.00516	-0.00456	-0.00403	-0.00346	-0.00232	-0.00132	-0.00122	-0.00073	-0.00066	-0.00035	-0.00016	0.00003	0.00000	0.00044	0.00078	0.00108	0.00057	0.00040	-0.00042	-0.00033	-0.00029	-0.00034		; offset and temperature correction info
c676	Green	18.50570		0.00299	0.00293	0.00287	0.00293	0.00278	0.00294	0.00317	0.00251	0.00243	0.00215	0.00139	0.00123	0.00068	0.00000	-0.00041	-0.00106	-0.00205	-0.00268	-0.00325	-0.00413	-0.00495	-0.00610	-0.00674		; offset and temperature correction info
c715	Brown	17.88888		0.00826	0.00812	0.00773	0.00790	0.00766	0.00758	0.00753	0.00650	0.00571	0.00461	0.00359	0.00222	0.00101	0.00000	-0.00146	-0.00284	-0.00385	-0.00448	-0.00463	-0.00513	-0.00623	-0.00715	-0.00838		; offset and temperature correction info
a510	Red	17.18050		0.00353	0.00364	0.00354	0.00361	0.00381	0.00381	0.00356	0.00332	0.00277	0.00229	0.00176	0.00116	0.00036	0.00000	-0.00014	-0.00069	-0.00088	-0.00147	-0.00150	-0.00129	-0.00120	-0.00134	-0.00091		; offset and temperature correction info
a532	Magenta	17.40228		0.00550	0.00548	0.00526	0.00479	0.00464	0.00422	0.00393	0.00328	0.00253	0.00212	0.00136	0.00085	0.00039	0.00000	-0.00059	-0.00146	-0.00188	-0.00262	-0.00330	-0.00393	-0.00491	-0.00540	-0.00605		; offset and temperature correction info
a555	Black	17.72308		0.00849	0.00832	0.00800	0.00760	0.00724	0.00655	0.00580	0.00495	0.00435	0.00347	0.00252	0.00153	0.00049	0.00000	-0.00050	-0.00155	-0.00214	-0.00306	-0.00350	-0.00411	-0.00470	-0.00539	-0.00570		; offset and temperature correction info
c412	LtBlue	16.72802		-0.05949	-0.05458	-0.04744	-0.04134	-0.03547	-0.03064	-0.02511	-0.02047	-0.01574	-0.01163	-0.00761	-0.00442	-0.00204	0.00000	0.00100	0.00051	-0.00043	-0.00239	-0.00475	-0.00629	-0.00827	-0.00955	-0.01337		; offset and temperature correction info
c440	LtGreen	17.42637		-0.02723	-0.02503	-0.02216	-0.01930	-0.01691	-0.01394	-0.01125	-0.00926	-0.00732	-0.00582	-0.00401	-0.00226	-0.00093	0.00000	0.00082	0.00123	0.00133	0.00097	0.00038	-0.00003	-0.00022	-0.00023	-0.00125		; offset and temperature correction info
c488	Yellow	18.03666		-0.00640	-0.00554	-0.00465	-0.00357	-0.00276	-0.00154	-0.00067	-0.00031	-0.00014	-0.00012	0.00046	0.00032	0.00020	0.00000	0.00001	-0.00024	-0.00060	-0.00084	-0.00126	-0.00180	-0.00276	-0.00304	-0.00427		; offset and temperature correction info
0.003500	0.004000	0.015000	0.020000	0.015000	0.020000	2500.000000	2000.000000	1000.000000	; maxANoise	maxCNoise	maxADifference	maxCDifference	minACounts	minCCounts	minRCounts	maxTempSdev	maxDepthSdev
0			; auxilliary capabilities
1			; acquisition binsize
0	1.13554	1.11723	1.04752	6.67386	6.53638	6.33580	4.13793	2.89162	1.94174	6.12521	6.10542	6.03162	1.70183	1.51402	1.37445	8.77527	7.70474	6.86984	33.30	6.0	0.00	-2.04	0.01728	0.01196	0.01513	0.01832	0.01894	0.01481	0.00542	0.01505	0.01999	0.01866	0.01295	0.01649	0.01699	0.01758	0.01373	0.00571	0.01611	0.02153
170	1.13275	1.11745	1.04819	6.67360	6.53806	6.33696	4.13958	2.89375	1.94574	6.12726	6.10715	6.03349	1.70247	1.51681	1.37731	8.78186	7.70789	6.87261
330	1.13291	1.11300	1.04440	6.67230	6.53537	6.33408	4.13060	2.89000	1.94126	6.12516	6.10430	6.03063	1.70254	1.51568	1.37851	8.77852	7.70909	6.87551
500	1.13562	1.11691	1.04456	6.67528	6.53795	6.33703	4.13523	2.89174	1.94374	6.12627	6.10552	6.03274	1.70124	1.51335	1.37537	8.77645	7.70586	6.87135
660	1.13321	1.11498	1.04818	6.67198	6.53556	6.33439	4.12787	2.89275	1.94186	6.12557	6.10456	6.03175	1.69975	1.51258	1.37491	8.77522	7.70327	6.87000
820	1.13294	1.11528	1.04700	6.67262	6.53600	6.33602	4.12644	2.89178	1.94366	6.12511	6.10563	6.03227	1.70220	1.51335	1.37488	8.77518	7.70400	6.87002
990	1.13199	1.11251	1.04546	6.67036	6.53469	6.33259	4.12755	2.88887	1.94001	6.12412	6.10382	6.03009	1.70089	1.51297	1.37391	8.77767	7.70404	6.87096
1150	1.13255	1.11602	1.04296	6.67168	6.53563	6.33418	4.12978	2.88898	1.94121	6.12430	6.10433	6.03052	1.70185	1.51508	1.38026	8.78153	7.70621	6.87314
1320	1.13461	1.11617	1.04657	6.67346	6.53598	6.33596	4.13182	2.89182	1.94612	6.12552	6.10450	6.03142	1.70116	1.51498	1.37629	8.77433	7.70477	6.87058
1480	1.12970	1.11420	1.04707	6.67052	6.53597	6.33656	4.13118	2.89378	1.94669	6.12732	6.10544	6.03268	1.70210	1.51475	1.37610	8.78059	7.70635	6.87249
1650	1.12824	1.11139	1.04346	6.67409	6.53658	6.33560	4.13032	2.88697	1.93848	6.12587	6.10607	6.03215	1.69669	1.50932	1.37113	8.77813	7.70677	6.87191	33.35	6.1	0.00	-2.04	0.01727	0.01195	0.01513	0.01833	0.01894	0.01481	0.00542	0.01505	0.01998	0.01867	0.01295	0.01649	0.01699	0.01757	0.01372	0.00571	0.01611	0.02153
1810	1.12821	1.10807	1.04275	6.67198	6.53473	6.33443	4.12594	2.88684	1.93842	6.12552	6.10498	6.03102	1.69717	1.51125	1.37521	8.77846	7.70622	6.87266
1980	1.12952	1.11077	1.04372	6.67244	6.53580	6.33501	4.13237	2.88610	1.93876	6.12573	6.10494	6.03187	1.69507	1.50941	1.37235	8.77470	7.70548	6.87137
2150	1.12867	1.11507	1.04416	6.67222	6.53659	6.33771	4.13704	2.88793	1.93976	6.12718	6.10636	6.03283	1.69824	1.50974	1.37217	8.77780	7.70667	6.87244
2310	1.12876	1.11016	1.04231	6.67142	6.53409	6.33395	4.12791	2.88226	1.93695	6.12434	6.10377	6.03003	1.69950	1.51403	1.37680	8.78190	7.71039	6.87580
2480	1.13091	1.11164	1.04416	6.67446	6.53795	6.33752	4.12411	2.88973	1.94002	6.12695	6.10745	6.03352	1.69749	1.51059	1.37127	8.77879	7.70726	6.87269
2640	1.12724	1.11340	1.04120	6.67098	6.53510	6.33493	4.12386	2.88435	1.93603	6.12610	6.10515	6.03146	1.69519	1.51056	1.37256	8.77583	7.70407	6.87057
2800	1.12819	1.11105	1.04209	6.67170	6.53536	6.33589	4.12113	2.88609	1.93745	6.12619	6.10454	6.03160	1.69657	1.50958	1.37224	8.77743	7.70761	6.87226
2970	1.12720	1.10908	1.03988	6.66989	6.53334	6.33338	4.12009	2.88138	1.93548	6.12416	6.10318	6.03082	1.69613	1.51034	1.37218	8.77710	7.70707	6.87273
3140	1.12884	1.11016	1.04350	6.67183	6.53451	6.33533	4.12328	2.88677	1.93815	6.12674	6.10360	6.03145	1.69484	1.50955	1.37165	8.77917	7.70464	6.86988
3300	1.12723	1.10864	1.04326	6.67374	6.53807	6.33836	4.11876	2.88628	1.93713	6.12912	6.10655	6.03458	1.69588	1.50818	1.37051	8.78333	7.71020	6.87515	33.35	6.1	0.00	-2.04	0.01727	0.01195	0.01512	0.01833	0.01894	0.01481	0.00542	0.01504	0.01997	0.01867	0.01296	0.01649	0.01698	0.01757	0.01372	0.00571	0.01611	0.02154
3460	1.12649	1.10814	1.03948	6.67315	6.53478	6.33523	4.13094	2.88019	1.93408	6.12556	6.10486	6.03094	1.69376	1.50513	1.36649	8.78009	7.70549	6.87151
3630	1.12413	1.10395	1.03814	6.66892	6.53223	6.33307	4.12476	2.87996	1.93270	6.12356	6.10220	6.02878	1.69194	1.50507	1.36816	8.77731	7.70569	6.87141
3790	1.12627	1.10688	1.03912	6.67060	6.53357	6.33405	4.12469	2.87822	1.93495	6.12650	6.10333	6.03025	1.69382	1.50881	1.37059	8.78183	7.70976	6.87305
3960	1.12804	1.10876	1.04140	6.67218	6.53447	6.33726	4.12505	2.88633	1.93554	6.12678	6.10405	6.03178	1.69123	1.50711	1.36910	8.77764	7.70640	6.87104
4120	1.12449	1.10882	1.04313	6.66979	6.53492	6.33628	4.13349	2.88623	1.93817	6.12800	6.10606	6.03250	1.69394	1.50741	1.36950	8.77948	7.70863	6.87327
4290	1.12666	1.10814	1.03873	6.66991	6.53244	6.33321	4.12573	2.88044	1.93245	6.12511	6.10357	6.03060	1.69497	1.51061	1.37444	8.78348	7.70989	6.87500
4450	1.12789	1.11031	1.04125	6.67383	6.53707	6.33693	4.13069	2.88252	1.93731	6.12836	6.10618	6.03245	1.69635	1.50713	1.37009	8.77985	7.70632	6.87260
4620	1.12831	1.11055	1.04190	6.67290	6.53556	6.33658	4.12465	2.88390	1.93748	6.12885	6.10578	6.03436	1.69488	1.50607	1.37006	8.77938	7.70867	6.87269
4780	1.12760	1.10713	1.03949	6.67008	6.53307	6.33382	4.12670	2.88185	1.93314	6.12560	6.10271	6.03012	1.69137	1.50448	1.36806	8.77275	7.70390	6.86957
4940	1.12324	1.10487	1.03740	6.66740	6.53178	6.33202	4.11867	2.87704	1.92990	6.12457	6.10123	6.02976	1.68991	1.50185	1.36535	8.77378	7.70307	6.86906	33.35	6.2	0.00	-2.04	0.01727	0.01195	0.01512	0.01833	0.01895	0.01481	0.00542	0.01504	0.01997	0.01867	0.01296	0.01650	0.01698	0.01756	0.01372	0.00572	0.01611	0.02154
5110	1.12251	1.10113	1.03583	6.66684	6.52992	6.33032	4.11699	2.87402	1.92810	6.12249	6.09926	6.02754	1.68939	1.50400	1.36760	8.77721	7.70586	6.87166
5270	1.12515	1.10511	1.03817	6.66837	6.53258	6.33329	4.12431	2.87901	1.93407	6.12527	6.10156	6.02862	1.69118	1.50311	1.36211	8.77345	7.70301	6.86776
5440	1.12330	1.10642	1.03761	6.66878	6.53400	6.33421	4.12438	2.88280	1.93316	6.12619	6.10335	6.03078	1.69082	1.50326	1.36536	8.77599	7.70465	6.86967
5600	1.12248	1.10302	1.03713	6.66733	6.53180	6.33192	4.11875	2.87832	1.93104	6.12457	6.10047	6.02923	1.69195	1.50567	1.36873	8.77928	7.70553	6.87123
5770	1.12590	1.10575	1.03842	6.66973	6.53377	6.33410	4.11882	2.88124	1.93354	6.12614	6.10381	6.03168	1.68937	1.50228	1.36592	8.77632	7.70454	6.86944
5930	1.12651	1.10688	1.04087	6.67170	6.53593	6.33627	4.13207	2.88158	1.93536	6.12794	6.10523	6.03217	1.69378	1.50441	1.36833	8.77815	7.70675	6.87111
6100	1.12578	1.10650	1.03893	6.66790	6.53211	6.33211	4.11954	2.87855	1.93187	6.12382	6.10111	6.02929	1.69261	1.50753	1.36871	8.77834	7.70766	6.87349
6260	1.12551	1.10853	1.04028	6.67157	6.53546	6.33448	4.11311	2.88063	1.93455	6.12685	6.10343	6.03106	1.69008	1.50389	1.36590	8.77834	7.70511	6.87028
6430	1.12424	1.10553	1.03772	6.66817	6.53308	6.33374	4.12410	2.87746	1.93206	6.12643	6.10222	6.03026	1.68943	1.50381	1.36635	8.77980	7.70476	6.87077
6590	1.12367	1.10636	1.03782	6.66981	6.53423	6.33520	4.12066	2.87846	1.93177	6.12749	6.10259	6.03073	1.68924	1.50187	1.36417	8.77871	7.70727	6.87121	33.35	6.1	0.00	-2.04	0.01727	0.01195	0.01512	0.01833	0.01895	0.01481	0.00542	0.01504	0.01997	0.01867	0.01296	0.01650	0.01698	0.01756	0.01372	0.00572	0.01612	0.02154
6760	1.12303	1.10395	1.03764	6.66974	6.53336	6.33459	4.11804	2.87696	1.93155	6.12675	6.10260	6.03144	1.69061	1.50365	1.36559	8.78167	7.70775	6.87184
6920	1.12391	1.10420	1.03534	6.67014	6.53317	6.33435	4.11373	2.87592	1.92949	6.12631	6.10212	6.02978	1.68911	1.50442	1.36707	8.77979	7.70582	6.87137
7090	1.12296	1.10674	1.03858	6.66981	6.53476	6.33527	4.12109	2.87850	1.93103	6.12706	6.10325	6.03036	1.68944	1.50404	1.36596	8.77810	7.70546	6.86991
7250	1.12096	1.10560	1.03745	6.66843	6.53483	6.33573	4.11894	2.87819	1.93260	6.12831	6.10320	6.03143	1.69182	1.50440	1.36811	8.77762	7.70855	6.87111
7420	1.12435	1.10327	1.03641	6.66792	6.53233	6.33230	4.12034	2.87407	1.92946	6.12523	6.10255	6.02924	1.68971	1.50652	1.36663	8.77880	7.70886	6.87393
7580	1.12507	1.10631	1.03918	6.67044	6.53517	6.33502	4.12131	2.87863	1.93167	6.12703	6.10224	6.03041	1.68888	1.50464	1.36524	8.77433	7.70611	6.87059
7750	1.12470	1.10630	1.03920	6.66770	6.53231	6.33430	4.12910	2.87768	1.93269	6.12720	6.10251	6.03070	1.68680	1.50310	1.36404	8.78144	7.70534	6.86955
7910	1.12290	1.10620	1.03760	6.66931	6.53426	6.33485	4.12346	2.88194	1.93360	6.12866	6.10309	6.03143	1.68828	1.50335	1.36448	8.77673	7.70620	6.87086
8080	1.12065	1.10272	1.03647	6.66776	6.53143	6.33197	4.12116	2.87454	1.92901	6.12535	6.09935	6.02886	1.68808	1.50334	1.36991	8.77880	7.70712	6.87262
8240	1.12111	1.10362	1.03654	6.66800	6.53322	6.33467	4.11891	2.87704	1.92966	6.12825	6.10127	6.03208	1.68757	1.50326	1.36405	8.77888	7.70547	6.87012	33.30	5.9	0.00	-2.04	0.01726	0.01195	0.01512	0.01833	0.01895	0.01481	0.00542	0.01504	0.01996	0.01867	0.01296	0.01650	0.01697	0.01756	0.01372	0.00572	0.01612	0.02154
8410	1.12530	1.10623	1.03995	6.67146	6.53693	6.33793	4.12221	2.88140	1.93286	6.13066	6.10556	6.03411	1.69089	1.50447	1.36808	8.78439	7.70945	6.87400
8570	1.12528	1.10462	1.03779	6.67037	6.53532	6.33587	4.12354	2.87614	1.92864	6.12860	6.10356	6.03208	1.68673	1.50197	1.36300	8.77756	7.70606	6.87125
8740	1.12277	1.10153	1.03594	6.66744	6.53286	6.33386	4.11187	2.87231	1.92855	6.12664	6.10221	6.02984	1.68688	1.50232	1.36263	8.77808	7.70577	6.87155
8900	1.12348	1.10569	1.03748	6.66802	6.53385	6.33466	4.11445	2.87334	1.92858	6.12767	6.10230	6.03045	1.68843	1.50053	1.36269	8.77578	7.70512	6.86987
9070	1.12078	1.10500	1.03919	6.66870	6.53466	6.33415	4.12286	2.87200	1.93123	6.12732	6.10324	6.03144	1.68694	1.50274	1.36291	8.77832	7.70624	6.87088
9230	1.12281	1.10090	1.03517	6.66677	6.53146	6.33119	4.11715	2.87226	1.92569	6.12462	6.10005	6.02858	1.68644	1.50318	1.36603	8.78189	7.70740	6.87223
9400	1.12330	1.10235	1.03743	6.66979	6.53519	6.33495	4.11707	2.87623	1.92740	6.12793	6.10374	6.03148	1.68809	1.50282	1.36610	8.77916	7.70745	6.87118
9560	1.12427	1.10553	1.03760	6.66922	6.53384	6.33431	4.12440	2.87550	1.92873	6.12762	6.10191	6.03055	1.68949	1.50405	1.36781	8.78170	7.70948	6.87406
9730	1.12447	1.10578	1.03860	6.67109	6.53637	6.33561	4.12099	2.87707	1.93146	6.12861	6.10387	6.03196	1.68744	1.50188	1.36482	8.77794	7.70726	6.87086
9890	1.12206	1.10283	1.03611	6.66959	6.53456	6.33558	4.12270	2.87585	1.92629	6.12735	6.10201	6.03045	1.68470	1.49873	1.36112	8.77776	7.70522	6.86963	33.35	6.0	0.00	-2.04	0.01726	0.01195	0.01512	0.01833	0.01895	0.01481	0.00542	0.01503	0.01996	0.01867	0.01296	0.01650	0.01697	0.01756	0.01371	0.00572	0.01612	0.02154
10060	1.12295	1.10342	1.03599	6.66974	6.53557	6.33642	4.11703	2.87791	1.93009	6.12900	6.10318	6.03141	1.68780	1.50158	1.36263	8.77767	7.70766	6.87171
10220	1.12148	1.10246	1.03325	6.66817	6.53197	6.33230	4.11466	2.87522	1.92662	6.12617	6.10053	6.02895	1.68816	1.50356	1.36474	8.78237	7.71043	6.87472
10390	1.12245	1.10555	1.03825	6.67142	6.53641	6.33652	4.12180	2.87622	1.92920	6.12868	6.10351	6.03268	1.68776	1.50038	1.36474	8.77917	7.70633	6.87165
10550	1.12292	1.10187	1.03598	6.66924	6.53479	6.33499	4.11746	2.87532	1.92887	6.12715	6.10363	6.03182	1.68610	1.49973	1.36207	8.77602	7.70577	6.87088
10720	1.12250	1.10370	1.03658	6.67045	6.53553	6.33696	4.12209	2.87410	1.92841	6.12937	6.10395	6.03240	1.68745	1.50003	1.36241	8.77927	7.70797	6.87217
10880	1.12028	1.10189	1.03493	6.66788	6.53229	6.33306	4.10809	2.87256	1.92571	6.12599	6.10101	6.02949	1.68663	1.50146	1.36561	8.78397	7.71043	6.87416
11050	1.12332	1.10402	1.03683	6.67065	6.53637	6.33511	4.11494	2.87499	1.92841	6.12771	6.10330	6.03158	1.68521	1.50074	1.36478	8.77837	7.70731	6.87146
11210	1.12099	1.10349	1.03588	6.66853	6.53475	6.33488	4.12356	2.87426	1.92935	6.12809	6.10278	6.03050	1.68531	1.49926	1.36253	8.77818	7.70617	6.87020
11380	1.12072	1.10357	1.03664	6.66927	6.53377	6.33475	4.12389	2.87387	1.92875	6.12822	6.10293	6.03116	1.68706	1.50226	1.36188	8.77922	7.70594	6.87165
11540	1.11894	1.10172	1.03523	6.66859	6.53387	6.33427	4.12520	2.86169	1.91569	6.12783	6.10386	6.03001	1.67627	1.43158	1.21714	8.78027	7.70908	6.87289	33.30	6.1	0.00	-2.04	0.01726	0.01195	0.01512	0.01833	0.01895	0.01481	0.00542	0.01503	0.01996	0.01867	0.01296	0.01650	0.01697	0.01756	0.01371	0.00572	0.01612	0.02154
11710	0.99122	0.89190	0.85428	6.67016	6.53548	6.33578	3.02056	2.42370	1.57338	6.12880	6.10373	6.03205	1.32233	1.14656	0.88404	8.78352	7.71251	6.87640
11870	0.74279	0.54802	0.57723	6.67443	6.53828	6.33828	1.86336	2.14075	1.46334	6.13080	6.10555	6.03409	1.21758	1.04958	0.79320	8.78394	7.70988	6.87378
12040	0.71610	0.53921	0.57311	6.67006	6.53441	6.33441	1.81202	2.11934	1.45339	6.12780	6.10336	6.03110	1.22898	1.08430	0.87103	8.78130	7.70618	6.87191
12200	0.81020	0.73097	0.78810	6.66839	6.53289	6.33333	3.27265	2.68128	1.84900	6.12731	6.10233	6.02958	1.70496	1.58408	1.51666	8.78479	7.71170	6.87611
12370	1.26565	1.29433	1.17661	6.67374	6.53924	6.33903	5.15071	3.19226	2.14609	6.13126	6.10499	6.03495	1.92514	1.72226	1.63367	8.78309	7.70986	6.87451
12530	1.30211	1.35952	1.23859	6.67151	6.53722	6.33923	5.18485	3.17540	2.11860	6.13131	6.10558	6.03374	1.88756	1.68314	1.58548	8.78154	7.70901	6.87306
12690	1.26479	1.30637	1.19832	6.66991	6.53552	6.33614	4.97301	3.11628	2.07963	6.12882	6.10329	6.03254	1.84926	1.65192	1.54913	8.77829	7.70330	6.86903
12860	1.24658	1.28175	1.17906	6.67036	6.53628	6.33702	4.84492	3.08620	2.05730	6.13004	6.10502	6.03413	1.82482	1.62587	1.51841	8.78163	7.70812	6.87250
13020	1.22511	1.24913	1.15372	6.66906	6.53390	6.33409	4.72451	3.04635	2.03348	6.12751	6.10153	6.03107	1.79834	1.60179	1.48796	8.77796	7.70351	6.86887
13180	1.20542	1.22624	1.13406	6.67041	6.53660	6.33817	4.62712	3.01873	2.02068	6.13045	6.10605	6.03422	1.78215	1.58819	1.46978	8.77961	7.71005	6.87340	33.35	6.2	0.00	-2.04	0.01726	0.01195	0.01512	0.01833	0.01895	0.01482	0.00542	0.01503	0.01996	0.01867	0.01296	0.01650	0.01697	0.01756	0.01371	0.00572	0.01612	0.02154
13350	1.19055	1.20138	1.11540	6.67071	6.53536	6.33506	4.52049	2.99159	2.00116	6.12781	6.10269	6.03131	1.76609	1.57184	1.45017	8.77867	7.70659	6.87303
13510	1.17721	1.18490	1.10206	6.67036	6.53490	6.33545	4.45922	2.97157	1.98857	6.12788	6.10207	6.03145	1.75086	1.56012	1.43612	8.77890	7.70574	6.87105
13680	1.16814	1.17133	1.08850	6.66862	6.53266	6.33429	4.40626	2.95360	1.97322	6.12665	6.10328	6.03146	1.74047	1.55104	1.42554	8.78319	7.71165	6.87543
13840	1.16491	1.16346	1.08279	6.67325	6.53874	6.33760	4.35792	2.94453	1.97232	6.12957	6.10486	6.03400	1.72947	1.53822	1.41240	8.77928	7.70666	6.87243
14010	1.15668	1.15487	1.07632	6.67316	6.53867	6.34018	4.32571	2.93578	1.96710	6.13166	6.10683	6.03623	1.72474	1.53618	1.40565	8.78220	7.70974	6.87468
14170	1.14709	1.14067	1.06662	6.67049	6.53650	6.33656	4.28093	2.92207	1.95629	6.12952	6.10432	6.03235	1.71890	1.53073	1.39889	8.77951	7.70981	6.87437
14330	1.14415	1.13434	1.06219	6.67082	6.53562	6.33701	4.25964	2.91111	1.95009	6.12920	6.10507	6.03254	1.71082	1.52135	1.38983	8.78036	7.70477	6.87078
14500	1.13883	1.13027	1.05743	6.67060	6.53661	6.33867	4.24013	2.90903	1.94842	6.12972	6.10527	6.03444	1.70620	1.51903	1.38570	8.77429	7.70671	6.87146
14660	1.13476	1.12347	1.05255	6.67040	6.53466	6.33538	4.21011	2.89996	1.94235	6.12859	6.10425	6.03293	1.70241	1.51370	1.37923	8.77683	7.70493	6.86996
14830	1.13217	1.12254	1.05356	6.67243	6.53775	6.33933	4.20192	2.89826	1.94330	6.13182	6.10701	6.03675	1.70089	1.51442	1.38023	8.77805	7.70912	6.87370	33.35	6.1	0.00	-2.04	0.01726	0.01195	0.01512	0.01833	0.01895	0.01482	0.00542	0.01503	0.01996	0.01867	0.01296	0.01650	0.01697	0.01756	0.01371	0.00572	0.01612	0.02154
14990	1.13188	1.11503	1.04582	6.67086	6.53581	6.33547	4.19034	2.88930	1.93942	6.12893	6.10364	6.03285	1.69773	1.51150	1.37453	8.77546	7.70590	6.87172
15150	1.12839	1.11192	1.04159	6.67048	6.53402	6.33504	4.17739	2.88469	1.93483	6.12806	6.10295	6.03118	1.69492	1.51002	1.37464	8.77918	7.70855	6.87304
15320	1.12715	1.11235	1.04137	6.67091	6.53482	6.33671	4.16595	2.88741	1.93371	6.12955	6.10397	6.03362	1.69273	1.50569	1.36939	8.77683	7.70587	6.87092
15480	1.12453	1.10986	1.04159	6.66831	6.53418	6.33614	4.15675	2.88528	1.93544	6.12941	6.10452	6.03240	1.69222	1.50488	1.37001	8.78092	7.70702	6.87192
15650	1.12538	1.10903	1.03960	6.66903	6.53334	6.33432	4.14817	2.88058	1.93071	6.12769	6.10243	6.03192	1.68914	1.50396	1.36726	8.78054	7.70712	6.87294
15810	1.12328	1.10951	1.03927	6.66959	6.53482	6.33550	4.13802	2.87925	1.92813	6.12960	6.10319	6.03234	1.68823	1.50290	1.36429	8.77998	7.70575	6.86997
15980	1.12304	1.10590	1.03916	6.66994	6.53637	6.33617	4.14634	2.87861	1.93009	6.13031	6.10467	6.03369	1.69006	1.50002	1.36236	8.77998	7.70706	6.87132
16140	1.12107	1.10328	1.03650	6.66882	6.53450	6.33525	4.13910	2.87456	1.92806	6.12808	6.10318	6.03135	1.68774	1.50319	1.36679	8.77744	7.70835	6.87321
16310	1.12007	1.10460	1.03817	6.66994	6.53679	6.33676	4.12996	2.87752	1.92824	6.12899	6.10452	6.03374	1.68508	1.50035	1.36477	8.78153	7.70617	6.87090
16470	1.12182	1.10335	1.03673	6.67097	6.53780	6.33807	4.13040	2.87641	1.93067	6.13116	6.10594	6.03548	1.68810	1.50238	1.36360	8.78447	7.70843	6.87312	33.35	6.1	0.00	-2.04	0.01726	0.01195	0.01512	0.01833	0.01895	0.01481	0.00542	0.01503	0.01996	0.01867	0.01296	0.01650	0.01697	0.01756	0.01371	0.00572	0.01612	0.02154
16640	1.12132	1.10293	1.03558	6.66961	6.53556	6.33542	4.12432	2.87242	1.92549	6.12815	6.10335	6.03296	1.68545	1.49989	1.36327	8.77967	7.70548	6.87126
16800	1.11810	1.10159	1.03516	6.66855	6.53438	6.33433	4.12037	2.87338	1.92499	6.12842	6.10304	6.03228	1.68543	1.49843	1.36274	8.77816	7.70682	6.87147
16970	1.11963	1.10324	1.03688	6.66918	6.53500	6.33490	4.12033	2.87409	1.92668	6.12822	6.10383	6.03238	1.68510	1.49700	1.36214	8.77957	7.70517	6.86991
17130	1.12055	1.10284	1.03523	6.66864	6.53500	6.33670	4.12303	2.87532	1.92625	6.12938	6.10501	6.03463	1.68541	1.49872	1.36170	8.78051	7.70752	6.87255
17300	1.11810	1.10211	1.03189	6.66785	6.53257	6.33438	4.11452	2.87091	1.92512	6.12658	6.10186	6.03078	1.68553	1.50087	1.36452	8.78065	7.70864	6.87402
17460	1.12038	1.10259	1.03545	6.67018	6.53633	6.33665	4.12393	2.87324	1.92532	6.12993	6.10480	6.03245	1.68394	1.49779	1.36105	8.77628	7.70493	6.87155
17630	1.12055	1.10376	1.03629	6.67073	6.53733	6.33918	4.12102	2.87830	1.92976	6.13224	6.10589	6.03494	1.68593	1.50110	1.36165	8.78225	7.71048	6.87506
17790	1.12106	1.10193	1.03567	6.67082	6.53564	6.33486	4.12210	2.87236	1.92490	6.12869	6.10497	6.03349	1.68217	1.49549	1.35872	8.77661	7.70586	6.87103
17960	1.11733	1.09928	1.03181	6.66854	6.53486	6.33499	4.11674	2.86955	1.92285	6.12849	6.10303	6.03161	1.68377	1.49954	1.36125	8.77967	7.70738	6.87215
18120	1.11808	1.09870	1.03081	6.66957	6.53436	6.33624	4.11619	2.86889	1.92413	6.12788	6.10330	6.03110	1.68128	1.49922	1.35956	8.77867	7.70780	6.87244	33.35	6.1	0.00	-2.04	0.01726	0.01194	0.01512	0.01833	0.01895	0.01481	0.00541	0.01503	0.01996	0.01867	0.01296	0.01650	0.01697	0.01755	0.01371	0.00572	0.01612	0.02154
18290	1.11707	1.09936	1.03375	6.66894	6.53404	6.33548	4.11698	2.86922	1.92351	6.12856	6.10354	6.03316	1.68201	1.49689	1.35865	8.77985	7.70710	6.87123
18450	1.11871	1.10173	1.03549	6.66846	6.53537	6.33612	4.12320	2.87255	1.92484	6.12924	6.10536	6.03325	1.68337	1.49686	1.35933	8.77783	7.70727	6.87140
18620	1.11872	1.09965	1.03139	6.66788	6.53257	6.33346	4.11576	2.86613	1.92330	6.12779	6.10386	6.03191	1.68413	1.49760	1.36174	8.78056	7.71007	6.87526
18780	1.12031	1.10157	1.03538	6.67215	6.53695	6.33737	4.12046	2.87411	1.92493	6.13053	6.10584	6.03412	1.68350	1.49747	1.36048	8.77750	7.70626	6.87164
18950	1.11802	1.10012	1.03241	6.66900	6.53571	6.33735	4.11953	2.87048	1.92458	6.12945	6.10521	6.03381	1.68258	1.49586	1.35975	8.77957	7.70520	6.87106
19110	1.11847	1.09896	1.03402	6.66999	6.53643	6.33689	4.12093	2.87193	1.92590	6.13035	6.10517	6.03383	1.68282	1.49712	1.36116	8.78117	7.70633	6.87196
19280	1.11619	1.09823	1.03088	6.66830	6.53377	6.33538	4.11181	2.86686	1.92226	6.12831	6.10298	6.03186	1.68216	1.49880	1.36269	8.78051	7.71004	6.87408
19440	1.11733	1.10131	1.03401	6.67147	6.53663	6.33700	4.12025	2.87063	1.92338	6.12970	6.10427	6.03417	1.68241	1.49581	1.36021	8.77595	7.70643	6.87036
19610	1.11774	1.10248	1.03661	6.67213	6.53951	6.34059	4.11712	2.87555	1.92883	6.13227	6.10817	6.03609	1.68758	1.49836	1.35985	8.78470	7.70999	6.87512
19770	1.11713	1.10012	1.03347	6.67230	6.53667	6.33730	4.12158	2.87034	1.92423	6.13045	6.10499	6.03452	1.68323	1.49478	1.35870	8.77934	7.70572	6.87207	33.35	6.1	0.00	-2.04	0.01726	0.01195	0.01512	0.01833	0.01895	0.01482	0.00541	0.01503	0.01996	0.01867	0.01296	0.01650	0.01697	0.01755	0.01371	0.00572	0.01612	0.02154
19940	1.11670	1.09847	1.03052	6.66893	6.53400	6.33437	4.11048	2.86630	1.92106	6.12812	6.10461	6.03327	1.68196	1.49742	1.35791	8.78221	7.70715	6.87299
20100	1.11767	1.10036	1.03191	6.67034	6.53542	6.33656	4.10402	2.86917	1.92130	6.13014	6.10523	6.03423	1.68033	1.49320	1.35683	8.77803	7.70570	6.87187
20270	1.11790	1.09922	1.03395	6.67121	6.53632	6.33789	4.11687	2.87072	1.92362	6.13064	6.10616	6.03527	1.68015	1.49485	1.35571	8.77699	7.70751	6.87238
20430	1.11686	1.09635	1.03032	6.66836	6.53300	6.33409	4.10840	2.86795	1.91915	6.12724	6.10350	6.03171	1.68152	1.49529	1.35780	8.77840	7.70650	6.87229
20600	1.11771	1.09821	1.03329	6.67092	6.53445	6.33605	4.10739	2.86774	1.92198	6.12859	6.10440	6.03356	1.68513	1.49938	1.36448	8.78381	7.71132	6.87631
20760	1.11978	1.10252	1.03482	6.67414	6.53979	6.33958	4.11163	2.87266	1.92659	6.13218	6.10661	6.03514	1.68409	1.50056	1.36178	8.78155	7.70916	6.87244
20930	1.11743	1.09842	1.03290	6.66965	6.53455	6.33654	4.10668	2.86651	1.92381	6.12927	6.10237	6.03270	1.68071	1.49475	1.35570	8.77567	7.70436	6.86966
21090	1.11706	1.09780	1.03115	6.66750	6.53424	6.33572	4.11152	2.87050	1.92128	6.12913	6.10394	6.03228	1.67907	1.49417	1.35501	8.77558	7.70538	6.87043
21250	1.11542	1.09683	1.03062	6.66660	6.53236	6.33404	4.11332	2.86755	1.92251	6.12706	6.10197	6.03159	1.68091	1.49696	1.35952	8.78226	7.70811	6.87308
21420	1.11689	1.10000	1.03316	6.66886	6.53392	6.33598	4.10968	2.86989	1.92230	6.12881	6.10321	6.03321	1.68178	1.49351	1.35790	8.77768	7.70456	6.86939	33.35	6.0	0.00	-2.04	0.01726	0.01195	0.01512	0.01833	0.01895	0.01481	0.00541	0.01503	0.01996	0.01867	0.01296	0.01650	0.01697	0.01755	0.01371	0.00572	0.01612	0.02154
21590	1.11673	1.09917	1.03297	6.66881	6.53608	6.33598	4.10763	2.87130	1.92526	6.13089	6.10451	6.03442	1.68286	1.49606	1.35683	8.78257	7.70558	6.87130
21750	1.11562	1.09622	1.03113	6.66684	6.53259	6.33355	4.11161	2.86653	1.92128	6.12739	6.10204	6.03169	1.68286	1.49632	1.36203	8.78248	7.70911	6.87418
21910	1.11799	1.10011	1.03290	6.67047	6.53521	6.33558	4.10860	2.87101	1.92321	6.12991	6.10447	6.03389	1.68143	1.49531	1.35803	8.78050	7.70550	6.87048
22080	1.11456	1.09881	1.03099	6.66775	6.53307	6.33372	4.10616	2.86938	1.92185	6.12840	6.10298	6.03192	1.67974	1.49295	1.35711	8.77674	7.70451	6.86963
22240	1.11582	1.09935	1.03278	6.66743	6.53233	6.33499	4.11036	2.86831	1.92315	6.12803	6.10246	6.03066	1.68094	1.49415	1.35725	8.77777	7.70529	6.86976
22410	1.11432	1.09837	1.03204	6.66745	6.53302	6.33370	4.10864	2.86796	1.92273	6.12763	6.10246	6.03211	1.68018	1.49649	1.35605	8.77871	7.70600	6.86896
22570	1.11687	1.09858	1.03080	6.66768	6.53238	6.33495	4.11872	2.86855	1.92245	6.12810	6.10376	6.03248	1.68005	1.49470	1.35517	8.77726	7.70550	6.86913
22740	1.11673	1.10021	1.03221	6.67018	6.53551	6.33627	4.11388	2.87192	1.92741	6.12998	6.10490	6.03467	1.68250	1.49722	1.35810	8.77947	7.70672	6.87127
22900	1.11621	1.09634	1.03109	6.66866	6.53181	6.33303	4.10724	2.86545	1.91931	6.12783	6.10157	6.03129	1.68034	1.49535	1.35502	8.77603	7.70452	6.86888
23070	1.11473	1.09730	1.03122	6.66776	6.53216	6.33314	4.11086	2.86722	1.92233	6.12779	6.10346	6.03185	1.68124	1.49420	1.35529	8.77647	7.70519	6.87007	33.30	6.1	0.00	-2.04	0.01726	0.01194	0.01512	0.01833	0.01895	0.01481	0.00541	0.01503	0.01996	0.01867	0.01296	0.01650	0.01697	0.01755	0.01371	0.00572	0.01612	0.02154
23230	1.11638	1.10029	1.03091	6.66750	6.53205	6.33342	4.11018	2.86648	1.91934	6.12767	6.10369	6.03131	1.68000	1.49483	1.35701	8.78042	7.70728	6.87250
23400	1.11603	1.10032	1.03312	6.66987	6.53489	6.33475	4.11032	2.86871	1.92295	6.12908	6.10383	6.03128	1.67978	1.49458	1.35651	8.77929	7.70635	6.86932
23560	1.11491	1.09971	1.03392	6.66671	6.53348	6.33562	4.11036	2.87087	1.92562	6.13077	6.10544	6.03395	1.68279	1.49676	1.35899	8.78051	7.70687	6.87052
23730	1.11647	1.09937	1.03034	6.66882	6.53240	6.33280	4.11047	2.86650	1.92071	6.12736	6.10283	6.03232	1.68107	1.49310	1.35655	8.77713	7.70529	6.86920
23890	1.11484	1.09886	1.03116	6.66596	6.53192	6.33270	4.10842	2.86655	1.92050	6.12682	6.10244	6.03068	1.68110	1.49385	1.35754	8.77595	7.70568	6.87050
24060	1.11470	1.09649	1.03149	6.66832	6.53350	6.33370	4.10724	2.87120	1.92214	6.12822	6.10162	6.03118	1.67864	1.49497	1.35653	8.77680	7.70298	6.86779
24230	1.11610	1.09888	1.03232	6.66986	6.53566	6.33554	4.11948	2.86833	1.92577	6.12963	6.10517	6.03337	1.68277	1.49719	1.35648	8.77614	7.70553	6.86986
24390	1.11664	1.09655	1.03049	6.66752	6.53153	6.33157	4.11679	2.86841	1.92055	6.12638	6.10052	6.02996	1.68225	1.49991	1.35959	8.77924	7.70674	6.87217
24560	1.11832	1.09892	1.03194	6.67031	6.53476	6.33475	4.12199	2.86949	1.92574	6.12909	6.10369	6.03290	1.68176	1.49701	1.35979	8.78503	7.70669	6.87100
24720	1.11679	1.09521	1.03136	6.66852	6.53321	6.33382	4.11087	2.86791	1.91965	6.12713	6.10142	6.03040	1.67878	1.49284	1.35638	8.77591	7.70446	6.86800	33.30	6.0	0.00	-2.04	0.01726	0.01195	0.01512	0.01833	0.01895	0.01481	0.00541	0.01503	0.01996	0.01867	0.01296	0.01650	0.01697	0.01755	0.01371	0.00572	0.01612	0.02154
24880	1.11269	1.09808	1.03234	6.66801	6.53422	6.33453	4.11238	2.86772	1.92176	6.12756	6.10284	6.03335	1.67850	1.49262	1.35529	8.77464	7.70416	6.86985
25050	1.11496	1.09666	1.02972	6.66733	6.53100	6.33268	4.10664	2.86540	1.92060	6.12679	6.10102	6.03153	1.68044	1.49527	1.35830	8.77775	7.70700	6.87261
25220	1.11635	1.09858	1.03219	6.67060	6.53361	6.33536	4.11324	2.86781	1.92083	6.12808	6.10244	6.03225	1.67843	1.49252	1.35641	8.77516	7.70440	6.86939
25380	1.11655	1.10022	1.03304	6.67153	6.53778	6.33871	4.11960	2.87079	1.92657	6.13070	6.10598	6.03482	1.68425	1.49639	1.35822	8.78024	7.70883	6.87312
25540	1.11474	1.09767	1.03094	6.67113	6.53560	6.33487	4.11252	2.86783	1.92083	6.12842	6.10275	6.03294	1.67844	1.49231	1.35365	8.77765	7.70331	6.86870
25710	1.11495	1.09537	1.03052	6.66732	6.53186	6.33321	4.11033	2.86459	1.91894	6.12741	6.10181	6.03018	1.68124	1.49663	1.35959	8.77751	7.70814	6.87361
25870	1.11771	1.10144	1.03324	6.67265	6.53772	6.33782	4.11615	2.87050	1.92516	6.13098	6.10707	6.03457	1.68247	1.49578	1.35983	8.78363	7.70780	6.87294
26040	1.11678	1.09843	1.03342	6.67183	6.53594	6.33734	4.11665	2.87035	1.92290	6.13027	6.10596	6.03311	1.68188	1.49348	1.35547	8.78443	7.70730	6.87095
26200	1.11364	1.09485	1.03040	6.66990	6.53349	6.33433	4.11173	2.86406	1.91881	6.12677	6.10243	6.03029	1.67729	1.48803	1.35346	8.77666	7.70226	6.86760
26360	1.11205	1.09597	1.03073	6.66763	6.53438	6.33537	4.11508	2.86874	1.92050	6.12922	6.10452	6.03301	1.68034	1.49280	1.35842	8.78040	7.70535	6.87094	33.35	6.1	0.00	-2.04	0.01726	0.01195	0.01512	0.01833	0.01895	0.01481	0.00541	0.01503	0.01996	0.01867	0.01296	0.01650	0.01697	0.01755	0.01371	0.00572	0.01612	0.02154
26530	1.11377	1.09526	1.02968	6.66956	6.53221	6.33337	4.10575	2.86416	1.92029	6.12685	6.10162	6.03050	1.67656	1.48998	1.35418	8.78007	7.70064	6.86664
26690	1.11206	1.09648	1.03203	6.66649	6.53381	6.33552	4.10815	2.86952	1.92107	6.13024	6.10569	6.03449	1.68155	1.49567	1.35650	8.78219	7.70767	6.87219
26850	1.11707	1.09700	1.02912	6.67003	6.53375	6.33356	4.11479	2.86613	1.91904	6.12796	6.10282	6.03145	1.67962	1.49229	1.35575	8.77955	7.70719	6.87326
27020	1.11553	1.09761	1.03076	6.67037	6.53478	6.33353	4.10919	2.86549	1.92077	6.12748	6.10260	6.03068	1.67596	1.49040	1.35334	8.77833	7.70379	6.86901
27180	1.11381	1.09320	1.02900	6.67013	6.53411	6.33384	4.11070	2.86717	1.92166	6.12906	6.10209	6.03104	1.67987	1.49314	1.35598	8.78049	7.70496	6.87042
27350	1.11235	1.09313	1.02867	6.66893	6.53299	6.33237	4.10822	2.86424	1.91814	6.12709	6.10290	6.03187	1.67961	1.49356	1.35773	8.77880	7.70643	6.87178
27510	1.11374	1.09543	1.02961	6.66833	6.53381	6.33382	4.11673	2.86881	1.91849	6.12724	6.10210	6.03118	1.67689	1.49319	1.35473	8.77715	7.70581	6.87045
27680	1.11579	1.09709	1.03083	6.66920	6.53483	6.33524	4.11788	2.86672	1.92102	6.12975	6.10371	6.03280	1.68014	1.49288	1.35825	8.78111	7.70822	6.87174
27840	1.11483	1.09556	1.02958	6.66913	6.53324	6.33331	4.11167	2.86288	1.91765	6.12630	6.10238	6.03115	1.67859	1.49241	1.35696	8.78172	7.70865	6.87278
28010	1.11477	1.09848	1.03079	6.67036	6.53549	6.33556	4.10732	2.86617	1.92174	6.12878	6.10470	6.03278	1.67904	1.49207	1.35470	8.77836	7.70574	6.87019	33.35	5.9	0.00	-2.04	0.01726	0.01195	0.01512	0.01833	0.01895	0.01481	0.00541	0.01503	0.01996	0.01867	0.01296	0.01650	0.01697	0.01755	0.01371	0.00572	0.01612	0.02154
28170	1.11568	1.09967	1.03458	6.67189	6.53701	6.33708	4.11899	2.87030	1.92386	6.13176	6.10638	6.03588	1.68237	1.49503	1.35839	8.78194	7.70851	6.87411
28340	1.11606	1.09680	1.02994	6.67040	6.53537	6.33546	4.10725	2.86654	1.91985	6.12896	6.10332	6.03149	1.67907	1.49174	1.35432	8.78081	7.70571	6.87106
28500	1.11281	1.09472	1.03030	6.66864	6.53300	6.33360	4.11594	2.86264	1.91829	6.12743	6.10305	6.03137	1.67792	1.49081	1.35376	8.77817	7.70434	6.86870
28670	1.11507	1.09667	1.03226	6.67173	6.53630	6.33724	4.11464	2.86702	1.92327	6.13137	6.10468	6.03473	1.68178	1.49470	1.35844	8.78222	7.70912	6.87370
28830	1.11478	1.09717	1.03055	6.67176	6.53493	6.33485	4.10818	2.86557	1.91811	6.12814	6.10287	6.03220	1.67733	1.49107	1.35318	8.78165	7.70441	6.87062
29000	1.11260	1.09292	1.02800	6.66916	6.53270	6.33325	4.11062	2.86323	1.91748	6.12601	6.10211	6.03096	1.68001	1.49431	1.35687	8.78245	7.70779	6.87311
29160	1.11513	1.09709	1.03028	6.67266	6.53674	6.33703	4.10976	2.86778	1.92156	6.13026	6.10405	6.03293	1.67935	1.49362	1.35625	8.77836	7.70530	6.87097
29320	1.11357	1.09414	1.03028	6.66846	6.53504	6.33674	4.10883	2.86731	1.92113	6.12985	6.10586	6.03370	1.68003	1.49479	1.35723	8.78443	7.70768	6.87254
29490	1.11388	1.09369	1.02862	6.66940	6.53376	6.33325	4.10216	2.86130	1.91597	6.12695	6.10289	6.03085	1.67973	1.49437	1.35650	8.78132	7.70670	6.87252
29650	1.11378	1.09445	1.02832	6.67125	6.53569	6.33605	4.11111	2.86363	1.91977	6.12808	6.10390	6.03163	1.67948	1.49088	1.35298	8.78005	7.70467	6.86918	33.35	6.1	0.00	-2.04	0.01726	0.01195	0.01512	0.01833	0.01895	0.01482	0.00541	0.01503	0.01996	0.01867	0.01296	0.01650	0.01697	0.01755	0.01371	0.00572	0.01612	0.02154
29820	1.11163	1.09333	1.02761	6.66778	6.53353	6.33451	4.10487	2.86305	1.91893	6.12796	6.10220	6.03107	1.67857	1.49258	1.35478	8.77863	7.70490	6.86983
29980	1.11195	1.09471	1.02845	6.66681	6.53273	6.33363	4.10964	2.86364	1.91898	6.12689	6.10097	6.03104	1.67670	1.48997	1.35430	8.77699	7.70362	6.86782
30140	1.11457	1.09594	1.03101	6.67051	6.53580	6.33605	4.10881	2.86900	1.92282	6.12990	6.10588	6.03334	1.68176	1.49300	1.35578	8.78033	7.70752	6.87289
30310	1.11176	1.09419	1.02809	6.66903	6.53294	6.33368	4.10695	2.86395	1.91736	6.12619	6.10308	6.03047	1.67869	1.49321	1.35788	8.78240	7.70777	6.87282
30470	1.11524	1.09663	1.02951	6.67056	6.53465	6.33428	4.10375	2.86504	1.91819	6.12685	6.10143	6.03017	1.67751	1.49140	1.35448	8.77600	7.70372	6.86821
30640	1.11571	1.09414	1.02869	6.66943	6.53506	6.33651	4.10680	2.86661	1.91929	6.12777	6.10292	6.03200	1.67874	1.49333	1.35572	8.77986	7.70471	6.87005
30800	1.11327	1.09283	1.02759	6.66722	6.53190	6.33189	4.11082	2.86188	1.91554	6.12588	6.10075	6.03034	1.67743	1.49180	1.35617	8.77501	7.70607	6.87063
30970	1.11467	1.09536	1.02992	6.66874	6.53366	6.33388	4.11018	2.86378	1.91884	6.12763	6.10233	6.03185	1.67614	1.49004	1.35328	8.77699	7.70409	6.86860
31130	1.11467	1.09823	1.03045	6.66948	6.53301	6.33558	4.11843	2.86720	1.92206	6.12781	6.10359	6.03245	1.67886	1.49162	1.35452	8.78174	7.70637	6.87105
31300	1.11438	1.09300	1.02967	6.66789	6.53244	6.33131	4.10472	2.86400	1.91737	6.12528	6.09992	6.02990	1.67825	1.49337	1.35734	8.77979	7.70595	6.87079	33.35	6.1	0.00	-2.04	0.01726	0.01195	0.01512	0.01833	0.01895	0.01482	0.00541	0.01503	0.01996	0.01867	0.01296	0.01650	0.01697	0.01755	0.01371	0.00572	0.01612	0.02154
31460	1.11418	1.09447	1.03114	6.66758	6.53333	6.33402	4.11334	2.86526	1.92000	6.12698	6.10099	6.03160	1.67765	1.49110	1.35463	8.77664	7.70275	6.86848
31630	1.11402	1.09546	1.03142	6.66896	6.53495	6.33638	4.11028	2.86695	1.92195	6.12844	6.10339	6.03219	1.67964	1.49290	1.35645	8.77791	7.70468	6.87008
31790	1.11447	1.09483	1.02764	6.66663	6.53210	6.33345	4.09909	2.86285	1.91696	6.12584	6.09936	6.02888	1.67658	1.49176	1.35488	8.77720	7.70311	6.86869
31960	1.11270	1.09396	1.02774	6.66703	6.53194	6.33244	4.10282	2.86448	1.91681	6.12578	6.10101	6.02975	1.67909	1.49573	1.35791	8.78285	7.70844	6.87357
32120	1.11594	1.09874	1.03264	6.67151	6.53603	6.33648	4.10985	2.86658	1.92022	6.12928	6.10428	6.03349	1.67998	1.49274	1.35786	8.78054	7.70674	6.87152
32290	1.11507	1.09465	1.02934	6.66763	6.53231	6.33310	4.10537	2.86536	1.91643	6.12590	6.10163	6.03010	1.67740	1.48861	1.35411	8.77772	7.70311	6.86886
32450	1.11190	1.09470	1.02938	6.66677	6.53258	6.33304	4.10149	2.86705	1.91819	6.12738	6.10226	6.03076	1.67747	1.49391	1.35383	8.77636	7.70511	6.86917
32620	1.11183	1.09340	1.02714	6.66642	6.53118	6.33172	4.09798	2.86122	1.91678	6.12448	6.09932	6.02880	1.67782	1.49218	1.35763	8.77650	7.70664	6.87170
32780	1.11268	1.09392	1.02746	6.66895	6.53375	6.33259	4.09569	2.86580	1.91986	6.12712	6.10226	6.03103	1.67788	1.49263	1.35548	8.77692	7.70372	6.86766
32950	1.11402	1.09504	1.03121	6.66946	6.53425	6.33498	4.11125	2.86606	1.92084	6.12792	6.10245	6.03140	1.67799	1.49243	1.35457	8.77793	7.70537	6.86947	33.35	6.3	0.00	-2.04	0.01726	0.01195	0.01512	0.01833	0.01895	0.01482	0.00541	0.01503	0.01996	0.01867	0.01296	0.01650	0.01697	0.01755	0.01371	0.00572	0.01612	0.02154
33110	1.11240	1.09503	1.02854	6.66795	6.53038	6.33189	4.10239	2.86115	1.91830	6.12526	6.10009	6.02942	1.68038	1.49405	1.35995	8.77952	7.70866	6.87271
33270	1.11593	1.09625	1.03074	6.67129	6.53577	6.33600	4.11049	2.86738	1.92271	6.12898	6.10267	6.03232	1.67892	1.49362	1.35637	8.77915	7.70656	6.87066
33440	1.11206	1.09624	1.02909	6.66718	6.53292	6.33425	4.10759	2.86255	1.91801	6.12675	6.10092	6.03090	1.67687	1.49046	1.35398	8.78131	7.70483	6.86899
33600	1.11213	1.09486	1.02797	6.66648	6.53241	6.33351	4.10522	2.86493	1.91897	6.12641	6.10182	6.03057	1.67744	1.49085	1.35393	8.77440	7.70409	6.86770
33770	1.11272	1.09570	1.03123	6.66634	6.53233	6.33217	4.09959	2.86376	1.91918	6.12733	6.10157	6.03000	1.67719	1.49004	1.35595	8.77731	7.70518	6.86843
33930	1.11337	1.09580	1.02673	6.66771	6.53309	6.33313	4.10874	2.86546	1.91970	6.12660	6.10008	6.03065	1.67658	1.49148	1.35283	8.77586	7.70431	6.86732
34100	1.11380	1.09654	1.03032	6.66812	6.53394	6.33524	4.10687	2.86863	1.91991	6.12837	6.10233	6.03196	1.67814	1.49098	1.35344	8.77520	7.70663	6.86990
34260	1.11298	1.09561	1.02840	6.66650	6.53142	6.33219	4.10565	2.86309	1.91832	6.12527	6.10118	6.02983	1.67556	1.49277	1.35537	8.77280	7.70476	6.86932
34430	1.11209	1.09432	1.02720	6.66737	6.53339	6.33284	4.11922	2.86453	1.91800	6.12686	6.10167	6.03087	1.68033	1.49582	1.35759	8.78178	7.70831	6.87312
34590	1.11522	1.09938	1.03152	6.67192	6.53699	6.33664	4.11956	2.87092	1.92185	6.12910	6.10448	6.03349	1.68007	1.49421	1.35697	8.78052	7.70687	6.87028	33.35	6.1	0.00	-2.04	0.01726	0.01195	0.01512	0.01833	0.01895	0.01482	0.00541	0.01503	0.01996	0.01867	0.01296	0.01650	0.01697	0.01755	0.01371	0.00572	0.01612	0.02154
34760	1.11247	1.09393	1.02939	6.66806	6.53349	6.33440	4.10426	2.86363	1.91536	6.12657	6.10123	6.03067	1.67667	1.49057	1.35251	8.77445	7.70209	6.86793
34920	1.11005	1.09338	1.02453	6.66582	6.53083	6.33108	4.10175	2.86203	1.91492	6.12437	6.10006	6.02898	1.67746	1.49325	1.35429	8.78259	7.70585	6.87181
35090	1.11584	1.09799	1.03099	6.67077	6.53557	6.33569	4.10093	2.86674	1.91986	6.12835	6.10451	6.03179	1.67702	1.49001	1.35346	8.77901	7.70495	6.86885
35250	1.11049	1.09367	1.02963	6.66699	6.53464	6.33381	4.11323	2.86565	1.92146	6.12824	6.10375	6.03206	1.67839	1.49309	1.35560	8.77906	7.70604	6.86926
35410	1.11297	1.09184	1.02619	6.66767	6.53134	6.33209	4.10365	2.86218	1.91558	6.12521	6.10080	6.03009	1.67815	1.49055	1.35527	8.77511	7.70516	6.87047
35580	1.11298	1.09331	1.02690	6.66770	6.53219	6.33277	4.11456	2.86239	1.91710	6.12607	6.10111	6.03050	1.67715	1.49009	1.35100	8.77567	7.70360	6.86821
35740	1.10919	1.09339	1.02750	6.66738	6.53334	6.33343	4.10835	2.86316	1.91738	6.12685	6.10228	6.03126	1.67769	1.49056	1.35319	8.77741	7.70353	6.86804
35910	1.11038	1.09253	1.02754	6.66661	6.53139	6.33252	4.10616	2.86469	1.91707	6.12616	6.10099	6.03080	1.67731	1.49105	1.35684	8.77765	7.70599	6.86927
36070	1.11214	1.09589	1.02828	6.66750	6.53299	6.33358	4.10401	2.86287	1.91808	6.12590	6.10195	6.03033	1.67555	1.48892	1.35176	8.77704	7.70452	6.86871
36240	1.11312	1.09587	1.02902	6.66861	6.53442	6.33630	4.10848	2.86659	1.91983	6.12866	6.10303	6.03220	1.67733	1.49453	1.35536	8.77663	7.70512	6.86974	33.35	6.2	0.00	-2.04	0.01726	0.01194	0.01512	0.01833	0.01895	0.01482	0.00541	0.01503	0.01996	0.01867	0.01296	0.01650	0.01697	0.01755	0.01371	0.00572	0.01612	0.02154
36400	1.11020	1.09159	1.02618	6.66659	6.53187	6.33215	4.10830	2.86050	1.91752	6.12497	6.10101	6.02884	1.67890	1.49134	1.35757	8.78021	7.70781	6.87247
36570	1.11288	1.09585	1.02874	6.66957	6.53491	6.33508	4.10797	2.86488	1.91836	6.12813	6.10239	6.03179	1.67622	1.49162	1.35350	8.77837	7.70553	6.86993
36730	1.11200	1.09574	1.02823	6.66874	6.53396	6.33419	4.11300	2.86399	1.91793	6.12710	6.10294	6.03195	1.67616	1.48957	1.35233	8.77597	7.70442	6.86904
36900	1.11140	1.09403	1.02883	6.66903	6.53457	6.33573	4.10614	2.86537	1.91961	6.12985	6.10321	6.03220	1.67853	1.49103	1.35432	8.77978	7.70497	6.86995
37060	1.11301	1.09299	1.02648	6.66773	6.53276	6.33244	4.10220	2.85981	1.91596	6.12520	6.09990	6.02969	1.67310	1.48986	1.35370	8.77626	7.70270	6.86859
37230	1.11019	1.09457	1.02921	6.66736	6.53351	6.33271	4.10916	2.86327	1.91604	6.12607	6.10159	6.03046	1.67566	1.49107	1.35442	8.77884	7.70525	6.87067
37400	1.11168	1.09644	1.02748	6.66863	6.53313	6.33291	4.10586	2.86379	1.91555	6.12685	6.10169	6.02999	1.67730	1.49297	1.35602	8.78152	7.70804	6.87297
37560	1.11305	1.09424	1.02954	6.67148	6.53664	6.33638	4.10970	2.86673	1.91826	6.12925	6.10367	6.03273	1.67759	1.49143	1.35325	8.77743	7.70635	6.87091
37730	1.11173	1.09581	1.02823	6.66834	6.53225	6.33302	4.10507	2.86294	1.91655	6.12661	6.10134	6.03093	1.67323	1.48852	1.35192	8.77856	7.70306	6.86713
37890	1.11048	1.09336	1.02880	6.66751	6.53385	6.33508	4.10694	2.86499	1.92006	6.12835	6.10222	6.03177	1.67572	1.48841	1.35251	8.77962	7.70638	6.86960	33.35	6.2	0.00	-2.04	0.01726	0.01194	0.01512	0.01833	0.01895	0.01482	0.00542	0.01503	0.01996	0.01867	0.01296	0.01650	0.01697	0.01755	0.01371	0.00572	0.01612	0.02154
38060	1.11029	1.09167	1.02513	6.66732	6.53251	6.33177	4.10877	2.86091	1.91487	6.12557	6.10041	6.02944	1.67638	1.49126	1.35418	8.78051	7.70811	6.87266
38220	1.11283	1.09516	1.02827	6.67058	6.53502	6.33439	4.11333	2.86350	1.91893	6.12679	6.10117	6.03060	1.67246	1.48736	1.35111	8.78009	7.70460	6.86871
38390	1.11347	1.09555	1.03134	6.67163	6.53779	6.33694	4.10823	2.86880	1.92105	6.13080	6.10529	6.03295	1.67833	1.49245	1.35340	8.77919	7.70895	6.87336
38550	1.11313	1.09414	1.02885	6.67045	6.53511	6.33486	4.11057	2.86260	1.91683	6.12732	6.10304	6.03060	1.67510	1.49126	1.35194	8.77811	7.70517	6.86940
38720	1.11051	1.09080	1.02543	6.66626	6.53102	6.33205	4.09766	2.86028	1.91653	6.12516	6.09895	6.02913	1.67360	1.49032	1.35091	8.77877	7.70673	6.87112
38880	1.11224	1.09252	1.02735	6.66901	6.53334	6.33519	4.10608	2.86566	1.91677	6.12706	6.10135	6.03121	1.67479	1.48862	1.35227	8.77529	7.70564	6.86926
39040	1.11135	1.09393	1.02735	6.66954	6.53381	6.33400	4.11161	2.86386	1.91784	6.12683	6.10280	6.03069	1.67622	1.48985	1.35109	8.77698	7.70597	6.86978
39210	1.10989	1.09081	1.02720	6.66777	6.53202	6.33254	4.10723	2.86304	1.91382	6.12569	6.10095	6.03050	1.67594	1.49097	1.35517	8.78140	7.70675	6.87166
39380	1.11206	1.09170	1.02759	6.66893	6.53371	6.33449	4.11326	2.86382	1.91653	6.12665	6.10276	6.03082	1.67303	1.48654	1.35113	8.77581	7.70524	6.86978
39540	1.11095	1.09294	1.02887	6.67078	6.53698	6.33781	4.11155	2.86601	1.92233	6.12890	6.10384	6.03231	1.67699	1.49108	1.35361	8.78114	7.70900	6.87377	33.35	6.1	0.00	-2.04	0.01726	0.01194	0.01512	0.01833	0.01895	0.01482	0.00541	0.01503	0.01996	0.01867	0.01296	0.01650	0.01697	0.01755	0.01371	0.00572	0.01612	0.02154
39700	1.11242	1.09161	1.02541	6.66923	6.53430	6.33596	4.10305	2.86290	1.91628	6.12630	6.10164	6.03044	1.67575	1.48853	1.35229	8.78171	7.70566	6.86918
39870	1.10982	1.08998	1.02422	6.66688	6.53181	6.33310	4.09599	2.86014	1.91389	6.12447	6.09930	6.02809	1.67353	1.48937	1.35090	8.77738	7.70672	6.86974
40030	1.11111	1.09277	1.02637	6.66837	6.53238	6.33242	4.10603	2.86097	1.91426	6.12482	6.10043	6.02867	1.67456	1.48939	1.35365	8.77799	7.70627	6.87187
40200	1.11230	1.09464	1.02632	6.66929	6.53335	6.33420	4.10972	2.86389	1.91554	6.12617	6.10066	6.03118	1.67348	1.48708	1.35153	8.77790	7.70419	6.86903
40360	1.10827	1.08960	1.02808	6.66659	6.53455	6.33520	4.10093	2.86456	1.91684	6.12742	6.10294	6.03130	1.67532	1.49087	1.35381	8.78062	7.70692	6.87182
40530	1.10920	1.09189	1.02646	6.66837	6.53272	6.33349	4.10190	2.85812	1.91287	6.12495	6.10107	6.02880	1.67513	1.49350	1.35570	8.78510	7.71128	6.87443
40690	1.11321	1.09467	1.02754	6.67194	6.53659	6.33641	4.10108	2.86247	1.91621	6.12757	6.10341	6.03140	1.67409	1.48752	1.35211	8.77865	7.70868	6.87100
40860	1.10860	1.09069	1.02659	6.66845	6.53275	6.33414	4.10631	2.85827	1.91509	6.12601	6.10122	6.02896	1.67315	1.48801	1.35044	8.77761	7.70590	6.86982
41020	1.10721	1.08892	1.02637	6.66712	6.53276	6.33375	4.09821	2.85959	1.91312	6.12651	6.10092	6.02992	1.67322	1.48691	1.35221	8.77592	7.70455	6.86957
41190	1.10834	1.09108	1.02433	6.66686	6.53234	6.33322	4.10165	2.86004	1.91559	6.12494	6.09990	6.02950	1.67409	1.49043	1.35096	8.77865	7.70623	6.87112	33.35	6.1	0.00	-2.04	0.01726	0.01194	0.01512	0.01833	0.01895	0.01482	0.00541	0.01503	0.01996	0.01867	0.01296	0.01650	0.01697	0.01755	0.01371	0.00572	0.01612	0.02154
41350	1.10969	1.09257	1.02425	6.66830	6.53312	6.33368	4.10376	2.86245	1.91316	6.12511	6.10083	6.03000	1.67301	1.48821	1.35310	8.77489	7.70392	6.86815
41520	1.11182	1.09270	1.02597	6.66776	6.53299	6.33401	4.11159	2.86399	1.91744	6.12615	6.10057	6.03040	1.67380	1.48854	1.35284	8.78143	7.70675	6.86992
41680	1.11098	1.09044	1.02474	6.66697	6.53199	6.33254	4.10143	2.85728	1.91425	6.12363	6.09859	6.02878	1.67492	1.49179	1.35489	8.77936	7.70965	6.87275
41850	1.11156	1.09388	1.02559	6.66978	6.53407	6.33395	4.11331	2.86152	1.91435	6.12629	6.10049	6.03080	1.67452	1.48881	1.35298	8.77795	7.70528	6.87119
42010	1.11051	1.09219	1.02628	6.66845	6.53396	6.33571	4.11054	2.86152	1.91701	6.12706	6.10243	6.02994	1.67385	1.48927	1.35015	8.77861	7.70397	6.86971
42180	1.11166	1.09408	1.02837	6.67028	6.53554	6.33617	4.11492	2.86808	1.91751	6.12749	6.10253	6.03256	1.67631	1.48858	1.35322	8.77884	7.70707	6.87074
42340	1.10993	1.09080	1.02458	6.66776	6.53174	6.33192	4.10118	2.85944	1.91156	6.12477	6.09914	6.02813	1.67335	1.48684	1.35163	8.77884	7.70605	6.86956
42510	1.10989	1.09134	1.02524	6.66807	6.53367	6.33482	4.10732	2.86208	1.91400	6.12581	6.09995	6.03016	1.67278	1.48698	1.35272	8.78063	7.70679	6.87012
42670	1.11074	1.09203	1.02533	6.66805	6.53251	6.33362	4.09584	2.85718	1.91388	6.12567	6.09896	6.02856	1.67371	1.48967	1.35322	8.77865	7.70833	6.87210
42840	1.11164	1.09302	1.02485	6.66926	6.53408	6.33445	4.09894	2.85798	1.91439	6.12525	6.10021	6.02879	1.67361	1.48808	1.35260	8.77693	7.70426	6.86863	33.30	5.9	0.00	-2.04	0.01726	0.01195	0.01512	0.01833	0.01895	0.01482	0.00541	0.01503	0.01996	0.01867	0.01296	0.01650	0.01697	0.01755	0.01371	0.00572	0.01612	0.02154
43010	1.10795	1.08977	1.02669	6.66634	6.53386	6.33468	4.10062	2.86508	1.91831	6.12759	6.10251	6.03224	1.67556	1.49003	1.35310	8.78464	7.70891	6.87267
43170	1.11000	1.09133	1.02589	6.66983	6.53396	6.33399	4.10439	2.86349	1.91580	6.12592	6.10071	6.03005	1.67300	1.48797	1.34862	8.78017	7.70588	6.87024
43340	1.10973	1.09134	1.02395	6.66795	6.53169	6.33279	4.10816	2.85802	1.91264	6.12418	6.09961	6.02848	1.67397	1.48916	1.35201	8.77890	7.70607	6.87132
43500	1.10959	1.09339	1.02606	6.66825	6.53346	6.33302	4.10783	2.85812	1.91388	6.12603	6.09993	6.02953	1.67224	1.48658	1.34982	8.77773	7.70387	6.86829
43670	1.11106	1.09153	1.02692	6.67006	6.53631	6.33666	4.09905	2.86334	1.91761	6.12783	6.10272	6.03162	1.67594	1.48833	1.35066	8.77914	7.70730	6.87104
43830	1.11073	1.08913	1.02417	6.66889	6.53361	6.33262	4.10396	2.85715	1.91271	6.12405	6.09837	6.02891	1.67388	1.48768	1.35052	8.77787	7.70595	6.86908
44000	1.10949	1.08936	1.02341	6.66609	6.53020	6.33037	4.09715	2.85718	1.91117	6.12412	6.09799	6.02656	1.67193	1.48869	1.35129	8.77533	7.70584	6.87038
44160	1.10986	1.09032	1.02487	6.66808	6.53393	6.33424	4.09596	2.85992	1.91424	6.12444	6.09912	6.02891	1.67291	1.48641	1.34793	8.77650	7.70448	6.86800
44330	1.10901	1.09180	1.02598	6.66839	6.53343	6.33297	4.09690	2.86085	1.91584	6.12553	6.10030	6.02946	1.67231	1.48573	1.34894	8.77857	7.70539	6.86876
44490	1.10656	1.09028	1.02400	6.66712	6.53068	6.33136	4.09868	2.85605	1.91076	6.12327	6.09770	6.02736	1.67348	1.48925	1.34972	8.77921	7.70486	6.87101	33.35	6.0	0.00	-2.04	0.01726	0.01194	0.01512	0.01833	0.01895	0.01482	0.00541	0.01503	0.01996	0.01867	0.01296	0.01650	0.01697	0.01755	0.01371	0.00572	0.01612	0.02154
44660	1.10900	1.09010	1.02696	6.66867	6.53406	6.33438	4.09882	2.85835	1.91239	6.12576	6.10011	6.02883	1.67268	1.48857	1.34953	8.77610	7.70616	6.86981
44820	1.10942	1.09219	1.02496	6.66824	6.53299	6.33196	4.10076	2.85993	1.91266	6.12595	6.09996	6.02902	1.67254	1.48740	1.34947	8.77695	7.70554	6.86967
44990	1.10944	1.09110	1.02471	6.66971	6.53433	6.33322	4.10618	2.85654	1.91342	6.12615	6.09987	6.02886	1.67360	1.48688	1.34921	8.78151	7.70451	6.86922
45150	1.10609	1.08822	1.02235	6.66510	6.53072	6.33024	4.10184	2.85390	1.91131	6.12207	6.09743	6.02602	1.67309	1.48749	1.35208	8.77959	7.70575	6.86905
45320	1.10903	1.09021	1.02656	6.66854	6.53340	6.33269	4.10191	2.85944	1.91286	6.12538	6.10051	6.02930	1.67393	1.48822	1.35324	8.78142	7.70591	6.87068
45480	1.11096	1.09128	1.02441	6.66877	6.53320	6.33246	4.09922	2.85807	1.91482	6.12595	6.10094	6.02847	1.67401	1.49021	1.35333	8.78246	7.71001	6.87306
45650	1.11218	1.09261	1.02709	6.67100	6.53612	6.33521	4.10381	2.86298	1.91298	6.12766	6.10199	6.03172	1.67302	1.48565	1.35033	8.78217	7.70653	6.87053
45810	1.10904	1.09105	1.02526	6.66902	6.53361	6.33433	4.10381	2.86005	1.91196	6.12534	6.10082	6.03035	1.67172	1.48521	1.34783	8.77658	7.70409	6.86842
45980	1.10848	1.09305	1.02616	6.67014	6.53528	6.33524	4.10424	2.85882	1.91397	6.12670	6.10243	6.03160	1.67437	1.48784	1.35218	8.78377	7.70736	6.87079
46140	1.10798	1.08960	1.02291	6.66842	6.53181	6.33212	4.10601	2.85704	1.90981	6.12430	6.10042	6.02785	1.67271	1.48855	1.34938	8.78558	7.70925	6.87288	33.35	6.1	0.00	-2.04	0.01726	0.01194	0.01512	0.01833	0.01895	0.01482	0.00541	0.01503	0.01996	0.01867	0.01296	0.01650	0.01697	0.01755	0.01371	0.00572	0.01612	0.02154
46310	1.10868	1.09026	1.02336	6.67061	6.53501	6.33387	4.10303	2.86121	1.91445	6.12626	6.10059	6.02919	1.67088	1.48433	1.34675	8.77754	7.70367	6.86828
46470	1.10831	1.09053	1.02718	6.67032	6.53627	6.33649	4.10106	2.86314	1.91594	6.12705	6.10281	6.03052	1.67479	1.48752	1.34982	8.78295	7.70851	6.87267
46640	1.10784	1.08932	1.02380	6.66947	6.53411	6.33270	4.10400	2.85725	1.91084	6.12519	6.09889	6.02939	1.67417	1.48692	1.35276	8.78154	7.70981	6.87343
46800	1.10949	1.08942	1.02444	6.67085	6.53457	6.33419	4.09780	2.85913	1.91316	6.12595	6.10073	6.02949	1.67040	1.48276	1.34975	8.77899	7.70478	6.86872
46960	1.10778	1.09123	1.02622	6.66964	6.53419	6.33418	4.09665	2.85839	1.91201	6.12749	6.10152	6.03085	1.67302	1.48512	1.34948	8.78041	7.70717	6.87074
47130	1.10889	1.08889	1.02303	6.66779	6.53238	6.33219	4.10529	2.85384	1.91135	6.12452	6.09959	6.02807	1.67060	1.48325	1.34889	8.78182	7.70652	6.87059
47290	1.10731	1.08877	1.02201	6.66808	6.53248	6.33301	4.09769	2.85670	1.91060	6.12465	6.09959	6.02763	1.67016	1.48306	1.34638	8.77735	7.70233	6.86785
47460	1.10240	1.08551	1.02030	6.66397	6.52978	6.32861	4.09371	2.85359	1.90824	6.12055	6.09678	6.02639	1.67148	1.48635	1.35134	8.78168	7.70781	6.87315
47620	1.10871	1.08832	1.02465	6.67104	6.53502	6.33470	4.09855	2.85952	1.91466	6.12603	6.10067	6.02941	1.67202	1.48549	1.34808	8.78111	7.70548	6.86999
47790	1.10616	1.08928	1.02187	6.66797	6.53314	6.33320	4.09529	2.85556	1.91146	6.12477	6.10020	6.02777	1.67024	1.48473	1.34755	8.77697	7.70500	6.86908	33.35	6.1	0.00	-2.04	0.01726	0.01195	0.01512	0.01833	0.01895	0.01482	0.00541	0.01503	0.01996	0.01867	0.01296	0.01650	0.01697	0.01755	0.01371	0.00572	0.01612	0.02154
47950	1.10840	1.08714	1.02334	6.66801	6.53328	6.33255	4.10347	2.85573	1.91099	6.12503	6.09942	6.02885	1.67018	1.48296	1.34700	8.77702	7.70267	6.86806
48120	1.10711	1.08975	1.02400	6.66705	6.53250	6.33273	4.09569	2.85543	1.91287	6.12515	6.10066	6.02878	1.67156	1.48398	1.34787	8.77979	7.70424	6.86903
48280	1.10693	1.08824	1.02258	6.66737	6.53159	6.33178	4.08756	2.85481	1.90891	6.12345	6.09958	6.02763	1.67182	1.48764	1.35202	8.78328	7.70590	6.87248
48450	1.10804	1.09036	1.02489	6.66983	6.53528	6.33383	4.09855	2.85723	1.91250	6.12593	6.10103	6.03000	1.67098	1.48368	1.34836	8.77862	7.70484	6.86967
48610	1.10582	1.08736	1.02407	6.66768	6.53470	6.33551	4.10544	2.86230	1.91586	6.12710	6.10266	6.03107	1.67475	1.48729	1.35014	8.78125	7.70684	6.87186
48780	1.10766	1.08796	1.02516	6.66784	6.53345	6.33266	4.10060	2.85404	1.91093	6.12452	6.09988	6.02836	1.67122	1.48828	1.35408	8.78276	7.70996	6.87374
48940	1.10868	1.08832	1.02615	6.67223	6.53553	6.33524	4.09877	2.86071	1.91318	6.12702	6.10206	6.03019	1.67069	1.48551	1.34798	8.78149	7.70678	6.86983
49100	1.10876	1.09027	1.02445	6.67048	6.53543	6.33453	4.10781	2.85800	1.91275	6.12724	6.10166	6.03066	1.67286	1.48694	1.34782	8.78008	7.70720	6.87103
49270	1.10726	1.08821	1.02283	6.66798	6.53239	6.33140	4.09812	2.85519	1.90839	6.12299	6.09771	6.02703	1.67256	1.48328	1.34900	8.78163	7.70642	6.87067
49430	1.10816	1.08884	1.02357	6.66848	6.53266	6.33096	4.09744	2.85190	1.90818	6.12305	6.09918	6.02690	1.66859	1.48312	1.34678	8.77583	7.70379	6.86829	33.35	6.1	0.00	-2.04	0.01726	0.01195	0.01512	0.01833	0.01895	0.01482	0.00541	0.01503	0.01996	0.01867	0.01296	0.01650	0.01697	0.01755	0.01371	0.00572	0.01612	0.02154
49600	1.10626	1.09000	1.02244	6.66706	6.53226	6.33210	4.10121	2.85901	1.91188	6.12396	6.10038	6.02885	1.66968	1.48352	1.34484	8.77644	7.70466	6.86826
49760	1.10549	1.08737	1.02167	6.66738	6.53167	6.33203	4.09225	2.85576	1.90961	6.12432	6.09872	6.02670	1.66871	1.48230	1.34682	8.77724	7.70445	6.86860
49930	1.10787	1.09258	1.02542	6.66978	6.53531	6.33522	4.10128	2.86041	1.91272	6.12633	6.10211	6.02966	1.67198	1.48600	1.34855	8.78302	7.70796	6.87152
50090	1.10827	1.08789	1.02318	6.66722	6.53170	6.33230	4.10139	2.85312	1.90784	6.12341	6.09924	6.02739	1.67139	1.48622	1.34932	8.78265	7.70801	6.87152
50250	1.10723	1.08935	1.02422	6.66895	6.53333	6.33316	4.10020	2.85588	1.91035	6.12242	6.09819	6.02798	1.66902	1.48046	1.34554	8.77569	7.70390	6.86789
50420	1.10594	1.08996	1.02351	6.66879	6.53373	6.33335	4.10089	2.85835	1.91224	6.12565	6.09922	6.02876	1.67002	1.48299	1.34552	8.77964	7.70631	6.87022
50580	1.10452	1.08743	1.02114	6.66732	6.53233	6.33044	4.09465	2.85359	1.90992	6.12330	6.09944	6.02699	1.66964	1.48321	1.34617	8.77818	7.70615	6.87003
50750	1.10511	1.08913	1.02238	6.66716	6.53256	6.33143	4.08992	2.85670	1.91040	6.12427	6.09952	6.02853	1.66997	1.48419	1.34649	8.78109	7.70762	6.87191
50910	1.10662	1.09019	1.02423	6.66980	6.53441	6.33404	4.10092	2.85668	1.91160	6.12587	6.09994	6.02921	1.67049	1.48408	1.34849	8.78077	7.70653	6.86984
51080	1.10533	1.08845	1.02286	6.66798	6.53349	6.33328	4.09327	2.85584	1.91096	6.12479	6.09959	6.02911	1.67024	1.48538	1.34639	8.77929	7.70551	6.87038	33.35	6.2	0.00	-2.04	0.01726	0.01195	0.01512	0.01833	0.01895	0.01482	0.00541	0.01503	0.01996	0.01867	0.01296	0.01650	0.01697	0.01755	0.01371	0.00572	0.01612	0.02154
51240	1.10472	1.08761	1.02266	6.66736	6.53080	6.33186	4.10137	2.85468	1.90856	6.12294	6.09800	6.02697	1.66904	1.48420	1.34619	8.77877	7.70591	6.87100
51410	1.10797	1.08845	1.02403	6.66911	6.53315	6.33347	4.10769	2.85659	1.91051	6.12379	6.09905	6.02772	1.66890	1.48318	1.34489	8.77731	7.70453	6.86812
51570	1.10416	1.08671	1.02445	6.66737	6.53269	6.33307	4.09894	2.85523	1.91169	6.12520	6.10072	6.02960	1.67113	1.48434	1.34888	8.78051	7.70658	6.87023
51740	1.10589	1.08681	1.02146	6.66633	6.53148	6.33095	4.08754	2.85330	1.90790	6.12266	6.09683	6.02577	1.66884	1.48539	1.34920	8.78263	7.70766	6.87134
51900	1.10638	1.08743	1.02214	6.66918	6.53359	6.33266	4.10163	2.85389	1.91102	6.12458	6.10007	6.02877	1.66864	1.48297	1.34487	8.78173	7.70551	6.86910
52070	1.10656	1.08896	1.02402	6.67018	6.53501	6.33541	4.09858	2.85914	1.91267	6.12553	6.10060	6.02981	1.67197	1.48398	1.34816	8.78611	7.70632	6.87116
52230	1.10525	1.08699	1.02261	6.66851	6.53305	6.33255	4.10051	2.85512	1.90884	6.12386	6.09938	6.02733	1.66874	1.48298	1.34573	8.77990	7.70607	6.87006
52390	1.10490	1.08460	1.02143	6.66711	6.53135	6.33253	4.10206	2.85302	1.90869	6.12353	6.09817	6.02709	1.66992	1.48412	1.34580	8.78079	7.70741	6.87109
52560	1.10372	1.08724	1.01995	6.66811	6.53173	6.33180	4.09499	2.85480	1.90878	6.12366	6.09918	6.02777	1.66752	1.48181	1.34483	8.77877	7.70547	6.86953
52730	1.10456	1.08897	1.02186	6.66813	6.53290	6.33308	4.10647	2.85722	1.91119	6.12454	6.09933	6.02932	1.66839	1.48226	1.34647	8.78098	7.70711	6.86962	33.35	6.1	0.00	-2.04	0.01726	0.01194	0.01512	0.01833	0.01895	0.01481	0.00541	0.01503	0.01996	0.01867	0.01296	0.01650	0.01697	0.01755	0.01371	0.00572	0.01612	0.02154
52890	1.10435	1.08484	1.02028	6.66662	6.53064	6.33092	4.09675	2.85347	1.90799	6.12205	6.09749	6.02718	1.66840	1.48277	1.34855	8.78433	7.70926	6.87169
53060	1.10606	1.08787	1.02165	6.66880	6.53314	6.33427	4.10246	2.85967	1.91256	6.12397	6.09771	6.02845	1.66943	1.48389	1.34572	8.77957	7.70676	6.87003
53220	1.10402	1.08593	1.02314	6.66708	6.53233	6.33187	4.09736	2.85573	1.91104	6.12458	6.09860	6.02780	1.66941	1.48120	1.34421	8.77948	7.70479	6.86984
53390	1.10604	1.08651	1.02211	6.66942	6.53322	6.33326	4.09181	2.85715	1.91093	6.12551	6.10039	6.02903	1.66878	1.48254	1.34558	8.77877	7.70574	6.87071
53550	1.10363	1.08383	1.02084	6.66631	6.53064	6.33061	4.09894	2.85284	1.90675	6.12237	6.09768	6.02625	1.66804	1.48253	1.34560	8.78329	7.70490	6.86988
53720	1.10570	1.08840	1.02217	6.66738	6.53166	6.33188	4.09797	2.85514	1.90905	6.12373	6.09923	6.02803	1.67032	1.48307	1.34748	8.78056	7.70700	6.87060
53880	1.10606	1.08718	1.01997	6.66724	6.53154	6.33013	4.09045	2.85418	1.90839	6.12310	6.09901	6.02780	1.66782	1.48461	1.34858	8.78400	7.70877	6.87202
54050	1.10816	1.08852	1.02401	6.66851	6.53337	6.33347	4.10099	2.85931	1.90964	6.12428	6.09970	6.02927	1.66811	1.48349	1.34645	8.78197	7.70553	6.86968
54210	1.10526	1.08621	1.02314	6.66680	6.53041	6.33158	4.10052	2.85686	1.90910	6.12413	6.09818	6.02717	1.66756	1.48248	1.34447	8.77929	7.70453	6.86795
54380	1.10407	1.08544	1.02220	6.66727	6.53267	6.33268	4.10040	2.85644	1.91054	6.12491	6.10040	6.02886	1.66869	1.48229	1.34699	8.77761	7.70600	6.86962	33.35	6.2	0.00	-2.04	0.01726	0.01194	0.01512	0.01833	0.01895	0.01481	0.00541	0.01503	0.01996	0.01867	0.01296	0.01650	0.01697	0.01755	0.01371	0.00572	0.01612	0.02154
54540	1.10313	1.08522	1.01984	6.66543	6.52889	6.32988	4.09707	2.85347	1.90817	6.12098	6.09608	6.02399	1.66828	1.48216	1.34634	8.78152	7.70606	6.87131
54710	1.10652	1.08623	1.02157	6.66757	6.53186	6.33227	4.09191	2.85813	1.90927	6.12355	6.09936	6.02709	1.67029	1.48328	1.34665	8.77616	7.70519	6.86923
54870	1.10542	1.08605	1.02138	6.66795	6.53199	6.33286	4.09951	2.85258	1.90937	6.12290	6.09894	6.02782	1.66658	1.48122	1.34310	8.77663	7.70514	6.86762
55040	1.10474	1.08697	1.02095	6.66730	6.53223	6.33252	4.09911	2.85522	1.90970	6.12480	6.10031	6.02837	1.66830	1.48216	1.34326	8.78185	7.70505	6.86901
55200	1.10438	1.08411	1.02038	6.66522	6.52907	6.32921	4.08894	2.85124	1.90685	6.12064	6.09676	6.02505	1.66734	1.48296	1.34815	8.78204	7.70757	6.87175
55370	1.10616	1.08893	1.02295	6.66817	6.53182	6.33221	4.09775	2.85542	1.91133	6.12348	6.09853	6.02854	1.66788	1.48109	1.34539	8.78105	7.70619	6.86913
55530	1.10401	1.08799	1.02115	6.66675	6.53154	6.33211	4.09116	2.85480	1.90907	6.12384	6.09898	6.02697	1.66727	1.48013	1.34410	8.77846	7.70445	6.86848
55700	1.10528	1.08797	1.02395	6.66804	6.53341	6.33400	4.09732	2.85690	1.91025	6.12506	6.10081	6.02914	1.67027	1.48182	1.34698	8.77874	7.70770	6.87102
55860	1.10562	1.08437	1.01999	6.66786	6.53089	6.33020	4.10144	2.85273	1.90796	6.12263	6.09764	6.02628	1.66668	1.47969	1.34258	8.77898	7.70365	6.86697
56030	1.10256	1.08622	1.01823	6.66598	6.53082	6.33137	4.10054	2.85304	1.90821	6.12213	6.09811	6.02717	1.66623	1.48259	1.34607	8.78160	7.70548	6.86834	33.35	6.1	0.00	-2.04	0.01726	0.01194	0.01512	0.01833	0.01895	0.01481	0.00541	0.01503	0.01996	0.01867	0.01296	0.01650	0.01697	0.01755	0.01371	0.00572	0.01612	0.02154
56200	1.10336	1.08677	1.02151	6.66655	6.53133	6.33119	4.09444	2.85378	1.90810	6.12169	6.09690	6.02652	1.66773	1.48191	1.34616	8.78207	7.70709	6.87069
56360	1.10630	1.08668	1.02149	6.66780	6.53229	6.33238	4.09459	2.85515	1.90896	6.12460	6.09914	6.02808	1.66700	1.48232	1.34585	8.77685	7.70520	6.86841
56530	1.10310	1.08592	1.02119	6.66635	6.53322	6.33327	4.09179	2.85794	1.91346	6.12570	6.10133	6.02997	1.67161	1.48358	1.34797	8.78217	7.70772	6.87148
56690	1.10520	1.08397	1.02072	6.66837	6.53169	6.33183	4.09129	2.85204	1.90698	6.12260	6.09754	6.02598	1.66729	1.48223	1.34671	8.77953	7.70432	6.86869
56850	1.10305	1.08360	1.01883	6.66556	6.52835	6.32814	4.08979	2.84881	1.90514	6.12035	6.09588	6.02564	1.66798	1.48382	1.34501	8.78005	7.70601	6.86909
57020	1.10524	1.08515	1.02179	6.66577	6.53121	6.33127	4.09623	2.85241	1.90623	6.12203	6.09809	6.02640	1.66755	1.48217	1.34496	8.77558	7.70254	6.86724
57180	1.10464	1.08489	1.02198	6.66645	6.53240	6.33192	4.09778	2.85222	1.90931	6.12410	6.09902	6.02844	1.66596	1.48098	1.34412	8.77963	7.70477	6.86878
57350	1.10374	1.08577	1.01898	6.66475	6.52871	6.32803	4.08731	2.85085	1.90544	6.12064	6.09559	6.02501	1.66764	1.48211	1.34724	8.77727	7.70877	6.87172
57510	1.10490	1.08700	1.02247	6.66968	6.53247	6.33100	4.10416	2.85423	1.90924	6.12356	6.09817	6.02734	1.66882	1.48072	1.34605	8.78085	7.70493	6.86897
57680	1.10345	1.08415	1.02042	6.66658	6.53064	6.33019	4.09358	2.85138	1.90785	6.12261	6.09658	6.02568	1.66644	1.48269	1.34465	8.77645	7.70318	6.86756	33.30	6.0	0.00	-2.04	0.01726	0.01194	0.01512	0.01833	0.01895	0.01481	0.00541	0.01503	0.01996	0.01867	0.01296	0.01650	0.01697	0.01755	0.01371	0.00572	0.01612	0.02154
57850	1.10349	1.08564	1.02100	6.66712	6.53144	6.33271	4.09308	2.85608	1.90908	6.12331	6.09862	6.02622	1.66714	1.48218	1.34520	8.77716	7.70373	6.86804
58010	1.10281	1.08492	1.01976	6.66566	6.52947	6.32889	4.08477	2.85050	1.90527	6.12083	6.09682	6.02415	1.66624	1.48253	1.34676	8.77970	7.70553	6.87002
58180	1.10422	1.08502	1.02252	6.66855	6.53308	6.33150	4.09763	2.85352	1.90964	6.12314	6.09973	6.02717	1.66724	1.48023	1.34505	8.78083	7.70441	6.86842
58340	1.10573	1.08492	1.02271	6.66675	6.53152	6.33161	4.09394	2.85245	1.90546	6.12300	6.09661	6.02763	1.66603	1.48180	1.34476	8.78087	7.70398	6.86818
58510	1.10483	1.08577	1.02159	6.66838	6.53296	6.33203	4.09853	2.85439	1.90997	6.12350	6.09866	6.02747	1.66880	1.48225	1.34432	8.77956	7.70498	6.86852
58670	1.10227	1.08349	1.01910	6.66549	6.52877	6.32729	4.09698	2.84773	1.90462	6.12128	6.09660	6.02532	1.66437	1.48103	1.34427	8.77514	7.70486	6.86899
58840	1.10401	1.08488	1.02294	6.66832	6.53195	6.33122	4.09419	2.85107	1.90823	6.12446	6.09822	6.02697	1.66683	1.47854	1.34525	8.77880	7.70659	6.87084
59000	1.10627	1.08554	1.02145	6.66777	6.53175	6.33108	4.09917	2.84922	1.90521	6.12265	6.09789	6.02682	1.66791	1.48256	1.34810	8.78619	7.70858	6.87273
59170	1.10622	1.08829	1.02330	6.67037	6.53434	6.33367	4.09036	2.85259	1.90923	6.12512	6.10056	6.02933	1.66735	1.47978	1.34616	8.78055	7.70717	6.86976
59330	1.10353	1.08377	1.02017	6.66851	6.53201	6.33343	4.09168	2.85062	1.90667	6.12318	6.09836	6.02715	1.66437	1.47786	1.34227	8.78003	7.70465	6.86811	33.35	6.0	0.00	-2.04	0.01726	0.01194	0.01512	0.01833	0.01895	0.01481	0.00541	0.01503	0.01996	0.01867	0.01296	0.01650	0.01697	0.01755	0.01371	0.00572	0.01612	0.02154
59500	1.10264	1.08515	1.02036	6.66837	6.53390	6.33275	4.09494	2.85476	1.90876	6.12422	6.09845	6.02830	1.66740	1.48154	1.34683	8.77937	7.70514	6.86882
59660	1.10253	1.08318	1.01917	6.66626	6.53108	6.33007	4.09645	2.84910	1.90348	6.12180	6.09615	6.02573	1.66789	1.48328	1.34820	8.78017	7.70637	6.87143
59830	1.10232	1.08623	1.02047	6.66850	6.53290	6.33247	4.09609	2.85032	1.90838	6.12347	6.09786	6.02773	1.66566	1.47958	1.34486	8.77927	7.70402	6.86812
59990	1.10532	1.08615	1.02030	6.67040	6.53493	6.33541	4.10086	2.85563	1.91102	6.12565	6.10119	6.03023	1.66832	1.48300	1.34672	8.78017	7.70794	6.87139
60160	1.10459	1.08578	1.01932	6.66892	6.53193	6.33145	4.09867	2.85118	1.90558	6.12313	6.09838	6.02689	1.66417	1.48080	1.34432	8.77716	7.70430	6.86843
60320	1.10283	1.08448	1.01719	6.66627	6.53082	6.33004	4.09265	2.84952	1.90557	6.12245	6.09751	6.02695	1.66464	1.47927	1.34316	8.78205	7.70565	6.86969
60490	1.10375	1.08390	1.01873	6.66629	6.53020	6.33077	4.09487	2.84897	1.90648	6.12325	6.09731	6.02720	1.66532	1.48098	1.34435	8.78054	7.70492	6.86882
60650	1.10173	1.08446	1.01936	6.66749	6.53186	6.33260	4.09795	2.85216	1.90645	6.12395	6.09937	6.02694	1.66581	1.48146	1.34392	8.77772	7.70573	6.86997
60820	1.10123	1.08130	1.01796	6.66565	6.53025	6.33092	4.09569	2.85057	1.90563	6.12319	6.09743	6.02672	1.66568	1.48052	1.34511	8.78040	7.70739	6.87109
60980	1.10443	1.08391	1.02013	6.66862	6.53210	6.33360	4.10692	2.85056	1.90620	6.12449	6.09839	6.02838	1.66606	1.48180	1.34438	8.77756	7.70486	6.86909	33.35	5.9	0.00	-2.04	0.01726	0.01194	0.01512	0.01833	0.01895	0.01481	0.00541	0.01503	0.01996	0.01867	0.01296	0.01650	0.01697	0.01755	0.01371	0.00572	0.01612	0.02154
61150	1.10376	1.08478	1.02179	6.66894	6.53552	6.33502	4.09838	2.85223	1.91077	6.12645	6.09954	6.02942	1.66780	1.48343	1.34337	8.78325	7.70805	6.87132
61310	1.10233	1.08448	1.01967	6.66815	6.53244	6.33209	4.09616	2.85329	1.90796	6.12298	6.09778	6.02729	1.66618	1.47886	1.34144	8.77883	7.70562	6.86832
61480	1.10038	1.08581	1.01790	6.66669	6.53216	6.33286	4.09423	2.85144	1.90776	6.12324	6.09880	6.02777	1.66656	1.48110	1.34301	8.77920	7.70736	6.86985
61640	1.10136	1.08254	1.01851	6.66661	6.53254	6.33102	4.09079	2.85164	1.90631	6.12321	6.09727	6.02689	1.66571	1.47839	1.34508	8.77916	7.70645	6.87038
61810	1.10279	1.08344	1.01883	6.66691	6.53176	6.33191	4.08874	2.85036	1.90551	6.12340	6.09700	6.02688	1.66593	1.48018	1.34212	8.77911	7.70520	6.86859
61970	1.10246	1.08281	1.01910	6.66606	6.53212	6.33319	4.10104	2.85283	1.90763	6.12520	6.09845	6.02832	1.66682	1.48012	1.34522	8.78480	7.70659	6.87090
62140	1.10119	1.08390	1.01722	6.66653	6.52942	6.32901	4.08606	2.84975	1.90407	6.12183	6.09542	6.02554	1.66535	1.48174	1.34683	8.78099	7.70921	6.87358
62300	1.10404	1.08560	1.02060	6.66850	6.53317	6.33228	4.09193	2.85270	1.90664	6.12411	6.09724	6.02686	1.66426	1.47973	1.34022	8.78259	7.70767	6.87032
62470	1.10370	1.08371	1.01779	6.66669	6.53107	6.33178	4.09505	2.85076	1.90508	6.12418	6.09714	6.02643	1.66543	1.47854	1.34372	8.77911	7.70541	6.86919
62630	1.10221	1.08405	1.01833	6.66812	6.53267	6.33450	4.09550	2.85241	1.90481	6.12501	6.09811	6.02837	1.66573	1.48025	1.34464	8.78165	7.70697	6.87047	33.35	6.2	0.00	-2.04	0.01726	0.01194	0.01512	0.01833	0.01895	0.01481	0.00541	0.01503	0.01996	0.01867	0.01296	0.01650	0.01697	0.01755	0.01371	0.00572	0.01612	0.02154
62800	1.09954	1.08191	1.01539	6.66522	6.52989	6.33056	4.08519	2.84869	1.90265	6.12196	6.09484	6.02466	1.66472	1.48322	1.34676	8.78334	7.70828	6.87198
62960	1.10450	1.08401	1.01951	6.66953	6.53247	6.33377	4.09945	2.85090	1.90472	6.12473	6.09843	6.02744	1.66562	1.47769	1.34274	8.77863	7.70569	6.87000
63130	1.10245	1.08291	1.01950	6.66635	6.53040	6.33207	4.09414	2.84846	1.90357	6.12364	6.09723	6.02829	1.66334	1.47877	1.34070	8.77769	7.70596	6.86889
63290	1.10393	1.08344	1.01893	6.66807	6.53212	6.33284	4.09600	2.85136	1.90640	6.12509	6.09904	6.02842	1.66371	1.47858	1.34283	8.77779	7.70732	6.87035
63460	1.10282	1.08079	1.01886	6.66545	6.53014	6.33091	4.08877	2.84772	1.90264	6.12173	6.09559	6.02639	1.66454	1.47943	1.34478	8.78165	7.70705	6.87127
63620	1.10100	1.08278	1.01808	6.66771	6.53176	6.33246	4.09246	2.85058	1.90516	6.12340	6.09766	6.02833	1.66283	1.47889	1.34206	8.77671	7.70482	6.86787
63790	1.10264	1.08486	1.02139	6.66928	6.53436	6.33552	4.09866	2.85408	1.90851	6.12739	6.10095	6.02982	1.66728	1.48354	1.34548	8.78315	7.70944	6.87208
63950	1.10282	1.08247	1.01908	6.66817	6.53276	6.33417	4.09271	2.85125	1.90439	6.12401	6.09788	6.02800	1.66523	1.47990	1.34416	8.77943	7.70554	6.86929
64120	1.09936	1.08187	1.01727	6.66549	6.53038	6.33274	4.08784	2.85125	1.90452	6.12367	6.09900	6.02806	1.66560	1.47710	1.34200	8.78169	7.70594	6.86964
64280	1.09977	1.08302	1.01582	6.66665	6.53064	6.33159	4.09202	2.84812	1.90201	6.12300	6.09820	6.02674	1.66302	1.47739	1.34288	8.78510	7.70594	6.86999	33.35	6.1	0.00	-2.04	0.01726	0.01194	0.01512	0.01833	0.01895	0.01481	0.00541	0.01503	0.01996	0.01867	0.01296	0.01650	0.01697	0.01755	0.01371	0.00572	0.01612	0.02154
64450	1.10273	1.08283	1.01820	6.66552	6.53091	6.33176	4.08361	2.84932	1.90535	6.12250	6.09755	6.02727	1.66379	1.47750	1.34325	8.77945	7.70699	6.86978
64610	1.10009	1.08360	1.01760	6.66597	6.53126	6.33192	4.09489	2.84861	1.90588	6.12258	6.09830	6.02738	1.66486	1.47962	1.34439	8.78105	7.70733	6.86958
64780	1.10083	1.08213	1.01574	6.66431	6.52870	6.33101	4.09898	2.84919	1.90207	6.12096	6.09614	6.02555	1.66312	1.48140	1.34434	8.78120	7.70713	6.87154
64940	1.10327	1.08506	1.01894	6.66830	6.53136	6.33135	4.09428	2.85047	1.90447	6.12344	6.09711	6.02707	1.66363	1.47879	1.34318	8.77894	7.70503	6.86907
65110	1.10217	1.08420	1.02036	6.66795	6.53343	6.33335	4.10299	2.85499	1.90701	6.12567	6.10073	6.02868	1.66644	1.48227	1.34297	8.78345	7.70942	6.87249
65270	1.10218	1.08345	1.01767	6.66726	6.53078	6.33264	4.09518	2.84861	1.90597	6.12306	6.09687	6.02809	1.66382	1.47797	1.34209	8.77847	7.70511	6.86869
65440	1.09994	1.08103	1.01646	6.66513	6.52900	6.33072	4.09772	2.84591	1.90221	6.12199	6.09654	6.02660	1.66422	1.47967	1.34235	8.78068	7.70830	6.87118
65600	1.10293	1.08056	1.01763	6.66649	6.53166	6.33105	4.09134	2.84875	1.90379	6.12304	6.09736	6.02607	1.66254	1.47659	1.34176	8.78044	7.70437	6.86850
65770	1.09954	1.08273	1.01903	6.66776	6.53296	6.33256	4.09263	2.85371	1.90445	6.12365	6.09988	6.02722	1.66330	1.47850	1.33946	8.78115	7.70598	6.87052
65930	1.09916	1.08094	1.01601	6.66485	6.53003	6.33024	4.08880	2.84862	1.90244	6.12108	6.09604	6.02541	1.66403	1.47943	1.34279	8.77855	7.70809	6.87174	33.35	6.1	0.00	-2.04	0.01726	0.01194	0.01512	0.01833	0.01895	0.01481	0.00541	0.01503	0.01996	0.01867	0.01296	0.01650	0.01697	0.01755	0.01371	0.00572	0.01612	0.02154
66100	1.10044	1.08225	1.01946	6.66779	6.53332	6.33159	4.09159	2.85105	1.90435	6.12398	6.09801	6.02759	1.66352	1.47892	1.34171	8.78269	7.70687	6.86964
66260	1.09941	1.08261	1.01898	6.66791	6.53130	6.33124	4.08669	2.84939	1.90448	6.12399	6.09749	6.02767	1.66217	1.47659	1.34137	8.78226	7.70568	6.86972
66430	1.10078	1.08141	1.01869	6.66717	6.53316	6.33246	4.09475	2.85476	1.90600	6.12467	6.09905	6.02815	1.66428	1.47713	1.34167	8.78118	7.70743	6.86901
66590	1.10035	1.07995	1.01509	6.66554	6.52958	6.33082	4.09457	2.84814	1.90188	6.12214	6.09607	6.02596	1.66114	1.47989	1.34282	8.77812	7.70571	6.86918
66760	1.10084	1.08093	1.01724	6.66675	6.53166	6.33222	4.09320	2.85131	1.90479	6.12361	6.09849	6.02671	1.66361	1.48059	1.34480	8.77845	7.70553	6.86906
66920	1.10057	1.08460	1.01649	6.66768	6.53134	6.33083	4.08987	2.84902	1.90168	6.12269	6.09742	6.02708	1.66512	1.48102	1.34394	8.77859	7.70897	6.87094
67090	1.10319	1.08338	1.01898	6.66862	6.53373	6.33312	4.09367	2.84715	1.90375	6.12431	6.10042	6.02826	1.66510	1.47871	1.34177	8.78076	7.70487	6.86944
67250	1.10445	1.08381	1.01653	6.66640	6.53167	6.33194	3.85622	2.76744	1.84044	6.12293	6.09752	6.02618	1.63050	1.43408	1.27853	8.77450	7.70473	6.86838
67420	1.05822	1.03092	0.97621	6.66761	6.53262	6.33448	3.75279	2.77535	1.86509	6.12321	6.09919	6.02881	1.61482	1.42979	1.27186	8.78184	7.70693	6.87018
67580	1.06790	1.03074	0.96905	6.66684	6.53019	6.32942	3.88133	2.79458	1.86668	6.12281	6.09654	6.02432	1.77615	1.33030	0.55497	8.78157	7.70898	6.87250	33.41	6.1	0.00	-2.04	0.01726	0.01194	0.01512	0.01833	0.01895	0.01481	0.00542	0.01503	0.01996	0.01867	0.01296	0.01650	0.01697	0.01755	0.01371	0.00572	0.01612	0.02154
67750	-0.46335	-1.66655	-1.50875	6.66794	6.53169	6.33257	-3.66723	1.39739	1.44789	6.12327	6.09836	6.02755	1.75826	1.64194	1.52111	8.77780	7.70624	6.86961
