WetView ver 7.1	07-15-2019	21:09:56
AC9 Absorption and Attenuation Meter
00000311		; Serial number
2	; structure version number
Reserved
0.000000	0.000000		; Depth calibration
19200			; Baud rate
0.100000			; Path length (meters)
23			; number of temperature calibration bins
				12.61517	13.44096	14.46844	15.49904	16.50682	17.50108	18.49752	19.51783	20.49177	21.49009	22.48286	23.50673	24.54012	25.54812	26.49986	27.49321	28.50960	29.48671	30.47471	31.49432	32.50437	33.48679	34.49133	; temperature bins
a650	Blue	18.61587		0.01156	0.01096	0.01010	0.00930	0.00851	0.00774	0.00661	0.00573	0.00499	0.00402	0.00285	0.00203	0.00096	0.00000	-0.00110	-0.00152	-0.00210	-0.00247	-0.00259	-0.00317	-0.00346	-0.00380	-0.00403		; offset and temperature correction info
a676	Green	18.78942		0.00964	0.00899	0.00863	0.00813	0.00730	0.00639	0.00545	0.00448	0.00385	0.00301	0.00233	0.00165	0.00046	0.00000	-0.00106	-0.00167	-0.00251	-0.00280	-0.00316	-0.00329	-0.00377	-0.00392	-0.00441		; offset and temperature correction info
a715	Brown	18.59217		0.01171	0.01109	0.01043	0.00975	0.00878	0.00789	0.00685	0.00572	0.00469	0.00356	0.00255	0.00160	0.00061	0.00000	-0.00063	-0.00113	-0.00152	-0.00183	-0.00226	-0.00293	-0.00364	-0.00404	-0.00473		; offset and temperature correction info
c510	Red	18.18396		-0.00549	-0.00480	-0.00383	-0.00272	-0.00202	-0.00118	-0.00044	-0.00038	-0.00015	-0.00021	0.00013	0.00007	-0.00007	0.00000	-0.00007	-0.00065	-0.00045	-0.00018	0.00007	0.00039	-0.00001	-0.00002	-0.00045		; offset and temperature correction info
c532	Magenta	18.26528		-0.00721	-0.00645	-0.00581	-0.00518	-0.00465	-0.00345	-0.00281	-0.00270	-0.00182	-0.00141	-0.00108	-0.00072	-0.00022	0.00000	0.00044	0.00030	0.00031	-0.00006	-0.00052	-0.00089	-0.00142	-0.00149	-0.00154		; offset and temperature correction info
c555	Black	18.37125		-0.00430	-0.00419	-0.00381	-0.00319	-0.00286	-0.00254	-0.00205	-0.00196	-0.00138	-0.00137	-0.00067	-0.00051	-0.00030	0.00000	0.00067	0.00087	0.00057	0.00027	-0.00015	-0.00089	-0.00127	-0.00137	-0.00150		; offset and temperature correction info
a412	LtBlue	15.33566		-0.06011	-0.05567	-0.05012	-0.04441	-0.03922	-0.03412	-0.02941	-0.02503	-0.02049	-0.01588	-0.01121	-0.00784	-0.00311	0.00000	0.00273	0.00611	0.00757	0.00871	0.01066	0.01299	0.01539	0.01781	0.02175		; offset and temperature correction info
a440	LtGreen	16.05925		-0.01380	-0.01214	-0.01039	-0.00858	-0.00690	-0.00532	-0.00426	-0.00322	-0.00230	-0.00158	-0.00055	0.00006	0.00001	0.00000	0.00017	0.00016	-0.00094	-0.00222	-0.00363	-0.00486	-0.00567	-0.00651	-0.00782		; offset and temperature correction info
a488	Yellow	16.82827		0.00255	0.00293	0.00331	0.00354	0.00373	0.00378	0.00363	0.00350	0.00291	0.00225	0.00215	0.00142	0.00099	0.00000	-0.00092	-0.00169	-0.00295	-0.00396	-0.00479	-0.00542	-0.00582	-0.00604	-0.00663		; offset and temperature correction info
c650	Blue	18.49287		-0.00570	-0.00516	-0.00456	-0.00403	-0.00346	-0.00232	-0.00132	-0.00122	-0.00073	-0.00066	-0.00035	-0.00016	0.00003	0.00000	0.00044	0.00078	0.00108	0.00057	0.00040	-0.00042	-0.00033	-0.00029	-0.00034		; offset and temperature correction info
c676	Green	18.50570		0.00299	0.00293	0.00287	0.00293	0.00278	0.00294	0.00317	0.00251	0.00243	0.00215	0.00139	0.00123	0.00068	0.00000	-0.00041	-0.00106	-0.00205	-0.00268	-0.00325	-0.00413	-0.00495	-0.00610	-0.00674		; offset and temperature correction info
c715	Brown	17.88888		0.00826	0.00812	0.00773	0.00790	0.00766	0.00758	0.00753	0.00650	0.00571	0.00461	0.00359	0.00222	0.00101	0.00000	-0.00146	-0.00284	-0.00385	-0.00448	-0.00463	-0.00513	-0.00623	-0.00715	-0.00838		; offset and temperature correction info
a510	Red	17.18050		0.00353	0.00364	0.00354	0.00361	0.00381	0.00381	0.00356	0.00332	0.00277	0.00229	0.00176	0.00116	0.00036	0.00000	-0.00014	-0.00069	-0.00088	-0.00147	-0.00150	-0.00129	-0.00120	-0.00134	-0.00091		; offset and temperature correction info
a532	Magenta	17.40228		0.00550	0.00548	0.00526	0.00479	0.00464	0.00422	0.00393	0.00328	0.00253	0.00212	0.00136	0.00085	0.00039	0.00000	-0.00059	-0.00146	-0.00188	-0.00262	-0.00330	-0.00393	-0.00491	-0.00540	-0.00605		; offset and temperature correction info
a555	Black	17.72308		0.00849	0.00832	0.00800	0.00760	0.00724	0.00655	0.00580	0.00495	0.00435	0.00347	0.00252	0.00153	0.00049	0.00000	-0.00050	-0.00155	-0.00214	-0.00306	-0.00350	-0.00411	-0.00470	-0.00539	-0.00570		; offset and temperature correction info
c412	LtBlue	16.72802		-0.05949	-0.05458	-0.04744	-0.04134	-0.03547	-0.03064	-0.02511	-0.02047	-0.01574	-0.01163	-0.00761	-0.00442	-0.00204	0.00000	0.00100	0.00051	-0.00043	-0.00239	-0.00475	-0.00629	-0.00827	-0.00955	-0.01337		; offset and temperature correction info
c440	LtGreen	17.42637		-0.02723	-0.02503	-0.02216	-0.01930	-0.01691	-0.01394	-0.01125	-0.00926	-0.00732	-0.00582	-0.00401	-0.00226	-0.00093	0.00000	0.00082	0.00123	0.00133	0.00097	0.00038	-0.00003	-0.00022	-0.00023	-0.00125		; offset and temperature correction info
c488	Yellow	18.03666		-0.00640	-0.00554	-0.00465	-0.00357	-0.00276	-0.00154	-0.00067	-0.00031	-0.00014	-0.00012	0.00046	0.00032	0.00020	0.00000	0.00001	-0.00024	-0.00060	-0.00084	-0.00126	-0.00180	-0.00276	-0.00304	-0.00427		; offset and temperature correction info
0.003500	0.004000	0.015000	0.020000	0.015000	0.020000	2500.000000	2000.000000	1000.000000	; maxANoise	maxCNoise	maxADifference	maxCDifference	minACounts	minCCounts	minRCounts	maxTempSdev	maxDepthSdev
0			; auxilliary capabilities
1			; acquisition binsize
0	0.41594	0.35695	0.27959	1.29791	0.94446	0.66385	7.75820	4.40061	2.06065	0.13778	0.10419	0.02501	1.55248	1.18726	0.90753	7.12110	3.98798	1.78768	30.96	6.1	0.00	-2.04	0.01750	0.01211	0.01532	0.01885	0.01938	0.01516	0.00552	0.01528	0.02028	0.01929	0.01360	0.01729	0.01723	0.01780	0.01389	0.00583	0.01644	0.02208
160	0.40528	0.35780	0.28771	1.29654	0.94133	0.65850	7.79260	4.44211	2.09827	0.13050	0.09599	0.01661	1.58747	1.20779	0.92259	7.11352	3.98464	1.78930
330	0.40190	0.34668	0.26849	1.30559	0.95065	0.66591	7.75967	4.40132	2.06406	0.13805	0.10570	0.02571	1.55933	1.18760	0.91293	7.11805	3.98509	1.78551
490	0.41253	0.36708	0.29850	1.29729	0.94283	0.66060	7.83044	4.47067	2.11868	0.13304	0.09665	0.01769	1.60692	1.22320	0.93671	7.10548	3.97958	1.78205
660	0.40986	0.35564	0.28041	1.29856	0.94446	0.66307	7.76210	4.40369	2.05827	0.13525	0.10278	0.02383	1.54990	1.18233	0.90565	7.11974	3.98773	1.78669
820	0.40710	0.36308	0.29737	1.29953	0.94544	0.66288	7.82631	4.47392	2.12535	0.13409	0.09728	0.01784	1.61425	1.22769	0.94256	7.10786	3.97875	1.78222
980	0.41854	0.36028	0.28419	1.30099	0.94831	0.66526	7.78051	4.40739	2.05923	0.13311	0.10228	0.02544	1.53908	1.16863	0.88793	7.12556	3.99393	1.79402
1150	0.38968	0.34528	0.27784	1.30207	0.94950	0.66341	7.78376	4.43869	2.10045	0.13306	0.09588	0.01453	1.60210	1.22700	0.94316	7.10798	3.97940	1.78133
1300	0.42705	0.37499	0.30125	1.29458	0.93986	0.65953	7.81734	4.45324	2.09792	0.13182	0.09905	0.02080	1.58428	1.19733	0.90990	7.11219	3.98312	1.78661
1470	0.38870	0.33550	0.26221	1.30390	0.94942	0.66632	7.75369	4.40752	2.06902	0.13643	0.10152	0.02052	1.55977	1.18969	0.91377	7.11348	3.98583	1.78475
1630	0.40828	0.35939	0.28868	1.29193	0.93684	0.65416	7.79907	4.44890	2.10632	0.12636	0.09051	0.01034	1.59837	1.22012	0.93574	7.10405	3.97701	1.78057	31.02	6.2	0.00	-2.04	0.01750	0.01211	0.01532	0.01885	0.01938	0.01516	0.00552	0.01528	0.02028	0.01929	0.01360	0.01729	0.01723	0.01780	0.01389	0.00583	0.01644	0.02208
1790	0.41665	0.35947	0.28597	1.29669	0.94382	0.66224	7.79089	4.42631	2.07907	0.13197	0.09753	0.01948	1.56205	1.18156	0.89619	7.11686	3.98635	1.78882
1960	0.39005	0.34030	0.27066	1.30077	0.94477	0.66070	7.75867	4.41882	2.07961	0.13135	0.09712	0.01718	1.57350	1.20047	0.91858	7.11069	3.97931	1.77999
2120	0.40972	0.36094	0.28924	1.29044	0.93633	0.65527	7.80477	4.44380	2.09863	0.12734	0.09224	0.01253	1.58858	1.21102	0.92390	7.10523	3.97974	1.78348
2280	0.41071	0.35566	0.28229	1.29848	0.94304	0.66102	7.77997	4.42743	2.08134	0.13215	0.09856	0.01967	1.56835	1.19085	0.90384	7.11065	3.98376	1.78587
2450	0.39400	0.34425	0.27263	1.29921	0.94317	0.66061	7.76237	4.41744	2.07608	0.13120	0.09767	0.01769	1.56687	1.19504	0.91268	7.11085	3.98405	1.78572
2610	0.40575	0.35377	0.28225	1.29791	0.94420	0.66153	7.78509	4.43637	2.09222	0.13371	0.09900	0.01819	1.57860	1.20337	0.92087	7.10784	3.97898	1.78035
2780	0.41180	0.36353	0.28906	1.29667	0.94304	0.66193	7.80360	4.44187	2.09641	0.13440	0.09959	0.02026	1.58326	1.20623	0.92115	7.11436	3.98254	1.78435
2940	0.41055	0.35908	0.28624	1.29689	0.94230	0.66040	7.78667	4.43717	2.09094	0.13235	0.09747	0.01882	1.57818	1.20233	0.91831	7.11175	3.97979	1.78184
3110	0.40864	0.35772	0.28666	1.29388	0.94154	0.65969	7.78697	4.43808	2.09303	0.13179	0.09752	0.01842	1.57929	1.20204	0.92029	7.10862	3.97935	1.78141
3270	0.40505	0.35292	0.28130	1.29493	0.94028	0.65818	7.78335	4.42544	2.08336	0.13032	0.09613	0.01617	1.57561	1.20578	0.92629	7.11271	3.97863	1.77968	31.02	6.0	0.00	-2.04	0.01750	0.01211	0.01532	0.01885	0.01938	0.01516	0.00552	0.01528	0.02028	0.01929	0.01360	0.01729	0.01722	0.01780	0.01389	0.00583	0.01644	0.02208
3430	0.42137	0.37144	0.30062	1.29017	0.93644	0.65471	7.82049	4.46332	2.11464	0.12728	0.09229	0.01316	1.59679	1.20946	0.92345	7.10366	3.98089	1.78575
3600	0.40376	0.34503	0.27000	1.29696	0.94202	0.66148	7.74347	4.39363	2.05627	0.13604	0.10144	0.02104	1.55078	1.18447	0.90983	7.11373	3.98655	1.78739
3770	0.40883	0.36687	0.29789	1.29928	0.94419	0.66050	7.81621	4.47357	2.13107	0.13167	0.09508	0.01400	1.61651	1.23710	0.95080	7.10155	3.97310	1.77567
3930	0.43290	0.37356	0.29731	1.29102	0.93803	0.65896	7.80603	4.43805	2.08601	0.13337	0.09770	0.01687	1.56037	1.17701	0.88698	7.11275	3.98818	1.79325
4100	0.37559	0.32889	0.25996	1.30715	0.95004	0.66448	7.75582	4.40774	2.07837	0.13259	0.09957	0.02215	1.58348	1.21892	0.94342	7.11556	3.98336	1.78198
4260	0.43944	0.38976	0.31726	1.29107	0.93790	0.65799	7.83799	4.48083	2.12821	0.13027	0.09515	0.01667	1.60946	1.22020	0.93467	7.10967	3.98465	1.78517
4420	0.41145	0.35257	0.27908	1.29967	0.94643	0.66288	7.76149	4.40703	2.05757	0.13447	0.10277	0.02527	1.54307	1.17402	0.89471	7.12717	3.99244	1.79147
4590	0.39194	0.34637	0.27817	1.29991	0.94362	0.65957	7.77985	4.44644	2.10486	0.13434	0.09595	0.01483	1.60174	1.22803	0.94686	7.10631	3.97505	1.77666
4740	0.43280	0.37863	0.29983	1.28986	0.93699	0.65798	7.80781	4.45409	2.09920	0.13022	0.09528	0.01618	1.57830	1.19039	0.90408	7.11060	3.97874	1.78448
4910	0.38269	0.32665	0.25499	1.30501	0.95214	0.66819	7.73810	4.38951	2.05717	0.13610	0.10232	0.02134	1.55115	1.18477	0.90857	7.11194	3.98156	1.78152	30.96	5.9	0.00	-2.04	0.01751	0.01212	0.01532	0.01885	0.01938	0.01516	0.00552	0.01528	0.02028	0.01929	0.01360	0.01729	0.01723	0.01780	0.01390	0.00583	0.01643	0.02208
5070	0.40955	0.36407	0.29563	1.29796	0.94459	0.66209	7.81853	4.45830	2.11062	0.13320	0.09874	0.01936	1.59735	1.22080	0.93235	7.10827	3.98061	1.78231
5230	0.41678	0.36266	0.28659	1.29625	0.94149	0.65938	7.77324	4.42581	2.07720	0.12980	0.09800	0.02007	1.55197	1.16926	0.88410	7.11983	3.99091	1.79501
5400	0.37663	0.32791	0.25841	1.30827	0.95121	0.66497	7.74098	4.40123	2.06507	0.13397	0.10005	0.01914	1.56489	1.19838	0.92032	7.11326	3.98432	1.78447
5570	0.41577	0.37074	0.30094	1.29679	0.94258	0.65777	7.82781	4.46591	2.12142	0.12918	0.09378	0.01374	1.60872	1.22721	0.94466	7.10616	3.98281	1.78721
5730	0.42642	0.36830	0.29218	1.29904	0.94490	0.66360	7.79238	4.43406	2.08259	0.13410	0.10139	0.02299	1.56859	1.18394	0.89941	7.11643	3.99136	1.79562
5900	0.38157	0.33345	0.26311	1.31252	0.95592	0.66969	7.75064	4.40612	2.06795	0.13806	0.10380	0.02362	1.56124	1.19768	0.91928	7.11377	3.98410	1.78476
6060	0.41927	0.37157	0.30193	1.29606	0.94023	0.65716	7.82756	4.47308	2.12686	0.12809	0.09223	0.01169	1.61405	1.23195	0.94561	7.09691	3.96913	1.77213
6220	0.42415	0.36785	0.29386	1.28778	0.93611	0.65602	7.80448	4.43675	2.08511	0.12582	0.09371	0.01503	1.57104	1.18763	0.90381	7.10343	3.97858	1.78098
6380	0.39169	0.33859	0.26678	1.29758	0.94144	0.65862	7.75201	4.39686	2.05630	0.13114	0.09897	0.01846	1.55044	1.18067	0.90105	7.12022	3.98553	1.78721
6550	0.39277	0.34696	0.27837	1.30027	0.94707	0.66246	7.78855	4.43431	2.09357	0.13470	0.09990	0.01885	1.58663	1.21696	0.93381	7.11387	3.97844	1.77750	31.02	5.8	0.00	-2.04	0.01751	0.01212	0.01532	0.01885	0.01938	0.01516	0.00552	0.01528	0.02029	0.01929	0.01360	0.01729	0.01723	0.01780	0.01390	0.00583	0.01643	0.02208
6710	0.42465	0.38021	0.30691	1.28907	0.93806	0.65801	7.82157	4.47057	2.12285	0.13072	0.09623	0.01672	1.60605	1.22405	0.93923	7.11109	3.98170	1.78291
6870	0.41831	0.36248	0.28629	1.29775	0.94358	0.66213	7.78043	4.42630	2.07731	0.13264	0.10001	0.02103	1.55638	1.17305	0.88544	7.11926	3.99347	1.79756
7040	0.37592	0.32876	0.25932	1.31310	0.95539	0.66897	7.73945	4.39925	2.06453	0.13718	0.10234	0.02203	1.56098	1.19549	0.91766	7.11680	3.98602	1.78593
7200	0.41612	0.36750	0.29792	1.29595	0.94150	0.66003	7.81144	4.46250	2.11766	0.13033	0.09382	0.01387	1.61059	1.22671	0.94341	7.10235	3.97533	1.77958
7360	0.42493	0.36673	0.29263	1.29334	0.93921	0.65790	7.79048	4.43109	2.08263	0.12972	0.09704	0.01826	1.56874	1.18587	0.90009	7.11144	3.98289	1.78707
7530	0.38184	0.32995	0.25690	1.30712	0.95222	0.66735	7.72895	4.38438	2.05060	0.13788	0.10378	0.02294	1.55045	1.18470	0.90550	7.12285	3.99216	1.79205
7690	0.40295	0.35511	0.28432	1.30215	0.94628	0.66110	7.79389	4.44485	2.10461	0.13213	0.09774	0.01703	1.59824	1.22506	0.94120	7.11031	3.98037	1.78209
7850	0.42724	0.37114	0.29930	1.29487	0.94130	0.65885	7.79567	4.44674	2.09722	0.13103	0.09713	0.01794	1.58164	1.19846	0.91237	7.11023	3.98183	1.78449
8020	0.40352	0.34955	0.27639	1.29896	0.94428	0.66098	7.76329	4.41468	2.07379	0.13223	0.09934	0.02056	1.56322	1.18729	0.90555	7.11179	3.98325	1.78453
8180	0.40094	0.35145	0.28106	1.30137	0.94707	0.66396	7.78550	4.42932	2.08585	0.13431	0.10101	0.02128	1.57567	1.19799	0.91627	7.11500	3.98335	1.78550	30.96	6.2	0.00	-2.04	0.01751	0.01212	0.01533	0.01885	0.01938	0.01516	0.00553	0.01529	0.02029	0.01929	0.01360	0.01729	0.01723	0.01781	0.01390	0.00583	0.01643	0.02208
8340	0.40576	0.35568	0.28190	1.29777	0.94254	0.65899	7.77611	4.42820	2.08471	0.13096	0.09795	0.01825	1.57156	1.19492	0.91298	7.10719	3.97868	1.78031
8510	0.40577	0.35579	0.28443	1.29871	0.94558	0.66231	7.77662	4.43197	2.08773	0.13440	0.10073	0.02086	1.57535	1.20012	0.91651	7.11309	3.98365	1.78508
8670	0.40560	0.35344	0.28066	1.29798	0.94299	0.65947	7.78545	4.42838	2.08446	0.13092	0.09792	0.01836	1.57185	1.19479	0.91525	7.11020	3.97815	1.78055
8830	0.40517	0.35579	0.28439	1.29888	0.94543	0.66183	7.79215	4.43078	2.08758	0.13406	0.10007	0.02136	1.57710	1.20144	0.91907	7.11356	3.98260	1.78445
9000	0.40573	0.35571	0.28172	1.29820	0.94260	0.65891	7.78854	4.42762	2.08467	0.13044	0.09792	0.01773	1.57550	1.19899	0.91655	7.11219	3.98196	1.78445
9160	0.40415	0.35278	0.28185	1.29845	0.94315	0.65948	7.78773	4.42875	2.08374	0.13127	0.09836	0.01736	1.56992	1.19634	0.91442	7.11004	3.97969	1.78179
9330	0.40413	0.35171	0.28217	1.29793	0.94392	0.66024	7.79230	4.43058	2.08422	0.13289	0.09909	0.01880	1.57240	1.19715	0.91252	7.11242	3.98291	1.78382
9490	0.40427	0.35246	0.28023	1.29778	0.94369	0.65948	7.78149	4.42701	2.08412	0.13194	0.09826	0.01824	1.57177	1.19756	0.91231	7.11563	3.98415	1.78627
9660	0.40351	0.35180	0.27795	1.30141	0.94695	0.66222	7.77631	4.41913	2.07578	0.13479	0.10073	0.02117	1.56305	1.18951	0.90706	7.11875	3.98991	1.79094
9830	0.39683	0.34783	0.27560	1.30524	0.94987	0.66462	7.76748	4.41375	2.07680	0.13629	0.10145	0.02107	1.57280	1.20394	0.92655	7.11555	3.98449	1.78486	31.02	5.8	0.00	-2.04	0.01751	0.01212	0.01533	0.01885	0.01938	0.01516	0.00553	0.01529	0.02029	0.01929	0.01359	0.01729	0.01723	0.01781	0.01390	0.00583	0.01643	0.02208
9990	0.42621	0.37892	0.30958	1.29513	0.94160	0.65885	7.83143	4.48195	2.13476	0.13123	0.09439	0.01342	1.61888	1.23776	0.95051	7.09978	3.97273	1.77636
10150	0.43092	0.37409	0.30118	1.29365	0.93954	0.65690	7.81543	4.44437	2.09274	0.12926	0.09662	0.01790	1.57386	1.18863	0.90285	7.11044	3.98255	1.78727
10320	0.38221	0.32774	0.25262	1.31020	0.95625	0.67097	7.72708	4.38174	2.04626	0.14021	0.10715	0.02639	1.54243	1.17719	0.89947	7.12310	3.99054	1.79077
10490	0.39792	0.35338	0.28291	1.30252	0.94900	0.66394	7.79219	4.44197	2.10218	0.13600	0.10071	0.01958	1.59688	1.22498	0.94560	7.11255	3.98133	1.78122
10650	0.43292	0.37951	0.30573	1.29016	0.93577	0.65445	7.82037	4.46528	2.11508	0.12720	0.09257	0.01449	1.60100	1.21953	0.93241	7.10372	3.97420	1.77604
10810	0.41828	0.36457	0.29283	1.28880	0.93595	0.65401	7.80063	4.44385	2.09594	0.12775	0.09409	0.01526	1.58245	1.20288	0.92040	7.10505	3.97624	1.77883
10970	0.40624	0.35187	0.27858	1.29346	0.93850	0.65618	7.77068	4.41510	2.07194	0.12826	0.09635	0.01707	1.55752	1.18063	0.89532	7.11188	3.98196	1.78494
11140	0.38820	0.33909	0.26824	1.30210	0.94762	0.66327	7.76748	4.40393	2.06527	0.13449	0.10081	0.02169	1.55473	1.18478	0.90598	7.11579	3.98716	1.78801
11310	0.40025	0.35417	0.28273	1.30387	0.94842	0.66444	7.78107	4.43754	2.09651	0.13611	0.10101	0.02078	1.58752	1.21672	0.93332	7.11274	3.98215	1.78266
11470	0.42138	0.37432	0.30013	1.29347	0.94041	0.65738	7.80882	4.46273	2.11405	0.13129	0.09693	0.01784	1.60164	1.21890	0.93734	7.10455	3.97592	1.77936	31.02	6.2	0.00	-2.04	0.01751	0.01212	0.01533	0.01885	0.01938	0.01515	0.00553	0.01529	0.02029	0.01929	0.01359	0.01729	0.01724	0.01781	0.01390	0.00583	0.01643	0.02207
11630	0.41617	0.35919	0.28615	1.29473	0.94055	0.65810	7.78788	4.42375	2.07561	0.13084	0.09795	0.01996	1.55669	1.17601	0.88928	7.11298	3.98831	1.79352
11800	0.37734	0.32854	0.25871	1.30986	0.95309	0.66582	7.73638	4.39515	2.06114	0.13536	0.10142	0.02210	1.55472	1.18675	0.91056	7.11513	3.98580	1.78668
11970	0.40640	0.36245	0.29384	1.30134	0.94652	0.66279	7.79723	4.46329	2.11652	0.13509	0.09871	0.01932	1.60812	1.22965	0.94622	7.10693	3.97962	1.78140
12130	0.42614	0.37282	0.30069	1.29466	0.94079	0.65889	7.81437	4.45234	2.10314	0.13162	0.09732	0.01828	1.58564	1.20168	0.91695	7.10763	3.98082	1.78486
12290	0.39973	0.34566	0.27328	1.30191	0.94668	0.66223	7.76167	4.40248	2.05696	0.13471	0.10261	0.02458	1.54177	1.16980	0.88971	7.12201	3.99288	1.79301
12460	0.38665	0.33948	0.26854	1.30362	0.94697	0.66116	7.75549	4.41599	2.07637	0.13215	0.09771	0.01690	1.57575	1.20997	0.93154	7.11404	3.98344	1.78438
12620	0.42375	0.37531	0.30271	1.29510	0.94160	0.65878	7.82216	4.46667	2.11911	0.13148	0.09545	0.01571	1.60584	1.22830	0.94224	7.10302	3.97558	1.77838
12780	0.42737	0.37320	0.29753	1.29251	0.93922	0.65725	7.80521	4.44924	2.09804	0.12968	0.09675	0.01796	1.58285	1.19795	0.91380	7.10978	3.98219	1.78569
12950	0.39708	0.34336	0.26841	1.30269	0.94656	0.66310	7.74598	4.39305	2.05298	0.13639	0.10456	0.02559	1.54049	1.17058	0.88926	7.12459	3.99201	1.79109
13120	0.38752	0.34234	0.27311	1.30245	0.94692	0.66205	7.77418	4.42892	2.09183	0.13298	0.09770	0.01691	1.59079	1.22541	0.94346	7.11409	3.98218	1.78431	31.02	5.9	0.00	-2.04	0.01751	0.01212	0.01533	0.01885	0.01938	0.01515	0.00553	0.01529	0.02030	0.01929	0.01359	0.01729	0.01724	0.01781	0.01390	0.00583	0.01643	0.02207
13280	0.43248	0.38409	0.31030	1.29567	0.94058	0.65863	7.82995	4.47597	2.12326	0.13149	0.09608	0.01755	1.61063	1.22510	0.94228	7.10827	3.97686	1.77988
13440	0.42375	0.36899	0.29387	1.29489	0.94067	0.65873	7.79377	4.43371	2.08389	0.13067	0.09704	0.02002	1.56941	1.18880	0.90292	7.11331	3.98589	1.78931
13600	0.39178	0.33663	0.26653	1.30471	0.94936	0.66498	7.75600	4.40668	2.06582	0.13529	0.10145	0.02271	1.55812	1.18531	0.90333	7.11292	3.98418	1.78589
13760	0.39900	0.34953	0.27981	1.29890	0.94309	0.65887	7.77718	4.42523	2.08196	0.13096	0.09663	0.01839	1.57425	1.20055	0.91705	7.11167	3.98357	1.78541
13930	0.40540	0.35516	0.28143	1.29943	0.94395	0.66056	7.78483	4.42703	2.08411	0.13179	0.09744	0.01989	1.56959	1.19392	0.90935	7.10925	3.98097	1.78356
14090	0.39813	0.34714	0.27575	1.29712	0.94128	0.65749	7.76638	4.41699	2.07764	0.12965	0.09586	0.01734	1.56758	1.19547	0.91369	7.11245	3.98572	1.78821
14260	0.40482	0.35440	0.28236	1.30134	0.94546	0.66067	7.77003	4.42987	2.08718	0.13327	0.09828	0.01993	1.57421	1.20056	0.91879	7.11152	3.98178	1.78411
14420	0.40778	0.35979	0.28665	1.29727	0.94272	0.65965	7.78945	4.43678	2.09211	0.13220	0.09766	0.01927	1.57980	1.20518	0.92259	7.10593	3.97839	1.77994
14590	0.41292	0.36253	0.29148	1.29790	0.94446	0.66117	7.79077	4.44193	2.09634	0.13501	0.09975	0.02166	1.58416	1.20708	0.92315	7.11007	3.98285	1.78464
14750	0.40920	0.36073	0.28567	1.29742	0.94241	0.65917	7.77818	4.43421	2.09188	0.13162	0.09736	0.01751	1.57680	1.20158	0.91754	7.10636	3.97882	1.78104	31.02	6.1	0.00	-2.04	0.01751	0.01212	0.01533	0.01885	0.01938	0.01515	0.00553	0.01529	0.02029	0.01929	0.01359	0.01729	0.01724	0.01781	0.01390	0.00583	0.01643	0.02207
14920	0.40828	0.35884	0.28531	1.29469	0.94056	0.65751	7.78630	4.43357	2.09106	0.13067	0.09675	0.01646	1.57723	1.20344	0.91921	7.10621	3.97960	1.78116
15080	0.40833	0.35996	0.28881	1.29589	0.94155	0.65878	7.78782	4.43794	2.09178	0.13197	0.09749	0.01809	1.57973	1.20277	0.91940	7.10761	3.97897	1.78061
15250	0.40907	0.35937	0.28884	1.29740	0.94399	0.66041	7.79585	4.43755	2.09461	0.13332	0.09808	0.01990	1.57842	1.20311	0.92114	7.10707	3.98130	1.78345
15410	0.40647	0.35916	0.28401	1.29610	0.94115	0.65747	7.78148	4.43390	2.08954	0.13014	0.09594	0.01676	1.57514	1.20154	0.91831	7.10683	3.97925	1.78129
15580	0.40758	0.35896	0.28428	1.29582	0.94116	0.65763	7.77017	4.43359	2.09032	0.13111	0.09685	0.01756	1.57656	1.20255	0.92032	7.10886	3.98075	1.78287
15750	0.40996	0.35765	0.28391	1.29742	0.94233	0.65917	7.77904	4.43145	2.08973	0.13176	0.09708	0.01769	1.58072	1.20590	0.92288	7.11269	3.98558	1.78816
15910	0.41178	0.36113	0.29006	1.30188	0.94639	0.66340	7.79122	4.43968	2.09393	0.13501	0.09972	0.02088	1.58042	1.20380	0.92210	7.11125	3.98296	1.78489
16080	0.40864	0.35782	0.28634	1.29863	0.94398	0.65994	7.80886	4.43636	2.09180	0.13198	0.09786	0.01886	1.57851	1.20283	0.92020	7.10929	3.98051	1.78265
16240	0.40758	0.35951	0.28654	1.29681	0.94207	0.65909	7.79341	4.43462	2.09117	0.13135	0.09661	0.01731	1.57707	1.20293	0.91829	7.10652	3.97781	1.78018
16410	0.40897	0.35924	0.28710	1.29690	0.94315	0.65973	7.79337	4.43706	2.09110	0.13275	0.09758	0.01881	1.57808	1.20463	0.92225	7.10626	3.97955	1.78309	30.96	6.1	0.00	-2.04	0.01751	0.01212	0.01533	0.01885	0.01938	0.01515	0.00553	0.01529	0.02029	0.01929	0.01359	0.01729	0.01724	0.01781	0.01390	0.00583	0.01643	0.02207
16570	0.40938	0.35768	0.28645	1.29575	0.94169	0.65767	7.78078	4.43675	2.09153	0.13043	0.09575	0.01781	1.57941	1.20482	0.91958	7.10697	3.97820	1.78103
16740	0.41072	0.35911	0.28699	1.29379	0.93932	0.65569	7.78763	4.43751	2.09210	0.12852	0.09354	0.01551	1.58185	1.20637	0.92294	7.10759	3.98106	1.78422
16910	0.41199	0.36454	0.28927	1.29610	0.94152	0.65851	7.79286	4.43857	2.09487	0.13099	0.09598	0.01794	1.58037	1.20778	0.92439	7.10868	3.98093	1.78320
17070	0.41278	0.36065	0.28871	1.29558	0.94093	0.65786	7.79515	4.44071	2.09648	0.13099	0.09607	0.01770	1.58063	1.20663	0.92266	7.10798	3.97910	1.78162
17240	0.41037	0.35949	0.28783	1.29519	0.94153	0.65835	7.78977	4.44104	2.09478	0.13114	0.09670	0.01808	1.57789	1.20274	0.91908	7.10587	3.97874	1.78086
17400	0.41003	0.35878	0.28942	1.29872	0.94521	0.66268	7.79236	4.44229	2.09570	0.13381	0.10003	0.02164	1.58069	1.20661	0.92221	7.11439	3.98351	1.78508
17570	0.41229	0.35942	0.28911	1.29918	0.94414	0.66072	7.79088	4.43804	2.09376	0.13307	0.09885	0.02012	1.57663	1.20434	0.91957	7.10939	3.98131	1.78341
17740	0.40793	0.35815	0.28705	1.29616	0.94126	0.65803	7.78657	4.43156	2.08840	0.13024	0.09526	0.01802	1.57370	1.20161	0.91664	7.10380	3.97688	1.77967
17900	0.40635	0.35649	0.28378	1.29390	0.94022	0.65698	7.78520	4.43048	2.08920	0.12937	0.09570	0.01605	1.57526	1.20378	0.92032	7.10587	3.98094	1.78315
18070	0.40864	0.35920	0.28748	1.29720	0.94303	0.65948	7.78225	4.43285	2.09151	0.13123	0.09723	0.01870	1.57660	1.20310	0.92084	7.10742	3.98065	1.78335	31.02	6.0	0.00	-2.04	0.01751	0.01212	0.01533	0.01885	0.01938	0.01516	0.00553	0.01529	0.02029	0.01929	0.01359	0.01729	0.01724	0.01781	0.01390	0.00583	0.01643	0.02207
18230	0.40949	0.35802	0.28706	1.29787	0.94362	0.66030	7.77489	4.43492	2.09400	0.13277	0.09824	0.01963	1.57793	1.20196	0.92102	7.10785	3.98134	1.78377
18400	0.40876	0.35823	0.28765	1.29819	0.94269	0.65875	7.78311	4.43590	2.09217	0.13187	0.09730	0.01809	1.58019	1.20683	0.92546	7.11207	3.98475	1.78733
18570	0.41481	0.36043	0.28759	1.29977	0.94449	0.66111	7.79860	4.43999	2.09398	0.13384	0.09895	0.01956	1.58310	1.20918	0.92256	7.11019	3.98291	1.78466
18730	0.41223	0.36069	0.28907	1.29829	0.94294	0.65949	7.77895	4.43858	2.09236	0.13234	0.09778	0.01866	1.57870	1.20488	0.91997	7.10589	3.97891	1.78148
18900	0.40921	0.35875	0.28651	1.29542	0.94140	0.65864	7.78377	4.43635	2.09258	0.13071	0.09643	0.01746	1.57736	1.20269	0.91793	7.10543	3.97672	1.77982
19060	0.40859	0.36157	0.28916	1.29724	0.94413	0.66162	7.80251	4.43998	2.09444	0.13362	0.09885	0.02057	1.58092	1.20483	0.92300	7.10656	3.98099	1.78353
19230	0.40886	0.35770	0.28673	1.29667	0.94243	0.65924	7.78661	4.43661	2.09373	0.13149	0.09675	0.01825	1.57738	1.20545	0.91942	7.10808	3.97840	1.78093
19390	0.40793	0.35731	0.28448	1.29481	0.94010	0.65637	7.78915	4.43451	2.09099	0.12934	0.09496	0.01574	1.57844	1.20604	0.92255	7.10847	3.98085	1.78380
19560	0.40929	0.36053	0.28785	1.29765	0.94264	0.65925	7.79895	4.43729	2.09151	0.13161	0.09721	0.01825	1.57811	1.20504	0.92283	7.10859	3.97889	1.78141
19730	0.40938	0.36030	0.28644	1.29634	0.94159	0.65861	7.79181	4.43660	2.09242	0.13149	0.09698	0.01843	1.57662	1.20248	0.91879	7.10535	3.97864	1.78081	31.08	5.9	0.00	-2.04	0.01751	0.01212	0.01533	0.01885	0.01938	0.01515	0.00553	0.01529	0.02029	0.01929	0.01359	0.01729	0.01724	0.01781	0.01390	0.00583	0.01643	0.02207
19890	0.40920	0.35854	0.29030	1.29938	0.94621	0.66302	7.79287	4.44018	2.09548	0.13541	0.10107	0.02201	1.58164	1.20609	0.92227	7.11433	3.98322	1.78585
20060	0.40822	0.35745	0.28711	1.30017	0.94537	0.66071	7.79409	4.43717	2.09057	0.13356	0.09887	0.02068	1.57890	1.20212	0.91896	7.11015	3.98074	1.78399
20220	0.40511	0.35451	0.28254	1.29814	0.94307	0.65982	7.77537	4.43462	2.08846	0.13198	0.09736	0.01905	1.57333	1.19901	0.91644	7.10499	3.97956	1.78226
20390	0.40588	0.35358	0.28545	1.29727	0.94296	0.65999	7.77765	4.43214	2.08692	0.13168	0.09799	0.01961	1.57533	1.20037	0.91947	7.10839	3.98078	1.78377
20550	0.40632	0.35597	0.28434	1.29840	0.94295	0.65877	7.77907	4.43062	2.08728	0.13209	0.09755	0.01933	1.57586	1.20406	0.92134	7.10949	3.98353	1.78651
20720	0.40939	0.35692	0.28594	1.30129	0.94569	0.66154	7.79668	4.43418	2.08993	0.13368	0.09928	0.02056	1.57575	1.20148	0.91723	7.10972	3.98079	1.78365
20880	0.40722	0.35533	0.28445	1.29829	0.94419	0.65961	7.78404	4.42742	2.09071	0.13243	0.09850	0.01920	1.57507	1.20068	0.91906	7.10632	3.97968	1.78223
21050	0.40856	0.35843	0.28538	1.30078	0.94679	0.66287	7.79232	4.43555	2.09238	0.13522	0.10072	0.02111	1.57779	1.20304	0.91911	7.11062	3.98378	1.78535
21210	0.40646	0.35552	0.28294	1.29930	0.94397	0.65863	7.78917	4.43208	2.08765	0.13232	0.09752	0.01774	1.57436	1.20166	0.91737	7.10617	3.97957	1.78277
21380	0.40604	0.35492	0.28301	1.29680	0.94207	0.65718	7.77245	4.42948	2.08613	0.13086	0.09669	0.01653	1.57639	1.20081	0.92165	7.11070	3.98166	1.78468	31.02	6.1	0.00	-2.04	0.01751	0.01212	0.01533	0.01885	0.01938	0.01515	0.00553	0.01529	0.02029	0.01929	0.01359	0.01729	0.01724	0.01781	0.01390	0.00583	0.01643	0.02207
21550	0.40813	0.35550	0.28387	1.29905	0.94357	0.65909	7.78853	4.43196	2.08826	0.13180	0.09700	0.01767	1.57483	1.19962	0.91752	7.10832	3.97993	1.78310
21710	0.40758	0.35743	0.28509	1.29827	0.94378	0.66066	7.78127	4.43465	2.08905	0.13269	0.09861	0.01854	1.57345	1.20107	0.91832	7.10753	3.97822	1.78151
21880	0.40681	0.35841	0.28809	1.30081	0.94670	0.66259	7.78706	4.43693	2.09252	0.13540	0.10018	0.02115	1.57860	1.20142	0.92057	7.11019	3.98190	1.78451
22040	0.40676	0.35632	0.28478	1.29873	0.94458	0.66047	7.77645	4.43387	2.09069	0.13285	0.09810	0.01853	1.57583	1.20159	0.91923	7.10718	3.98056	1.78346
22210	0.40684	0.35618	0.28445	1.29768	0.94245	0.65853	7.77534	4.43024	2.08706	0.13070	0.09603	0.01663	1.57664	1.20236	0.92159	7.11011	3.98171	1.78611
22370	0.40830	0.35890	0.28602	1.29948	0.94506	0.65985	7.78437	4.43309	2.08866	0.13283	0.09783	0.01867	1.57604	1.20118	0.91802	7.10980	3.98131	1.78438
22540	0.40547	0.35775	0.28683	1.29915	0.94538	0.66117	7.78294	4.43354	2.09095	0.13400	0.09945	0.01916	1.57483	1.20229	0.91981	7.11035	3.98074	1.78425
22710	0.40748	0.35751	0.28614	1.29915	0.94417	0.65991	7.78315	4.43442	2.08640	0.13256	0.09817	0.01888	1.57757	1.20449	0.92111	7.11125	3.98481	1.78752
22870	0.41006	0.35960	0.28641	1.30259	0.94802	0.66284	7.79757	4.43504	2.09035	0.13534	0.10053	0.02113	1.57825	1.20520	0.91907	7.11074	3.98339	1.78601
23040	0.40929	0.35760	0.28476	1.29970	0.94480	0.66137	7.78888	4.43435	2.08889	0.13288	0.09813	0.01899	1.57477	1.20091	0.91734	7.10960	3.98016	1.78279	31.02	6.1	0.00	-2.04	0.01751	0.01212	0.01533	0.01885	0.01938	0.01515	0.00553	0.01529	0.02030	0.01929	0.01359	0.01729	0.01724	0.01781	0.01390	0.00583	0.01643	0.02207
23200	0.40782	0.35519	0.28607	1.29739	0.94357	0.66011	7.78579	4.43344	2.09030	0.13195	0.09736	0.01834	1.57592	1.20067	0.91753	7.10547	3.97882	1.78139
23370	0.40669	0.35790	0.28673	1.29905	0.94520	0.66120	7.79335	4.43514	2.09208	0.13330	0.09953	0.02067	1.57598	1.20150	0.91947	7.10933	3.98124	1.78431
23530	0.40770	0.35597	0.28361	1.29795	0.94406	0.66000	7.77965	4.43363	2.08864	0.13269	0.09718	0.01975	1.57456	1.20237	0.91856	7.10742	3.98029	1.78313
23700	0.40706	0.35631	0.28252	1.29656	0.94157	0.65764	7.78502	4.42788	2.08658	0.13009	0.09533	0.01756	1.57707	1.20218	0.92156	7.10839	3.98252	1.78531
23870	0.40782	0.35702	0.28729	1.29906	0.94404	0.65930	7.78340	4.43354	2.09116	0.13207	0.09759	0.01852	1.57564	1.20392	0.92031	7.10718	3.98074	1.78444
24030	0.40885	0.35672	0.28492	1.29757	0.94340	0.66001	7.78797	4.43477	2.08840	0.13219	0.09829	0.01868	1.57536	1.20251	0.91958	7.10625	3.98049	1.78409
24200	0.40596	0.35569	0.28429	1.29795	0.94397	0.66054	7.78878	4.43269	2.09149	0.13291	0.09808	0.01849	1.57491	1.20136	0.91824	7.10683	3.97868	1.78172
24360	0.40925	0.35895	0.28771	1.30002	0.94647	0.66246	7.78797	4.43683	2.09379	0.13515	0.10053	0.02135	1.57758	1.20408	0.91962	7.11218	3.98336	1.78527
24530	0.40844	0.35625	0.28493	1.29995	0.94582	0.66223	7.79046	4.43450	2.09023	0.13434	0.09973	0.02026	1.57480	1.20079	0.91547	7.10937	3.98116	1.78403
24700	0.40560	0.35539	0.28214	1.29743	0.94241	0.65926	7.77754	4.43104	2.08765	0.13045	0.09616	0.01771	1.57300	1.20161	0.91774	7.10235	3.97765	1.78093	31.02	6.1	0.00	-2.04	0.01751	0.01212	0.01533	0.01884	0.01938	0.01515	0.00553	0.01529	0.02030	0.01929	0.01359	0.01729	0.01724	0.01781	0.01390	0.00583	0.01643	0.02207
24860	0.40425	0.35601	0.28293	1.29534	0.94161	0.65826	7.78941	4.43406	2.08825	0.13108	0.09623	0.01782	1.57449	1.20241	0.91990	7.10805	3.98069	1.78338
25030	0.40643	0.35671	0.28588	1.29867	0.94458	0.66035	7.78332	4.43328	2.08944	0.13271	0.09828	0.01962	1.57819	1.20439	0.91771	7.10762	3.97983	1.78358
25190	0.40704	0.35559	0.28419	1.29844	0.94361	0.66023	7.78910	4.43203	2.09006	0.13181	0.09774	0.01877	1.57875	1.20641	0.92188	7.11227	3.98455	1.78768
25360	0.41031	0.36270	0.29003	1.30237	0.94827	0.66377	7.79530	4.43753	2.09295	0.13499	0.10016	0.02162	1.57848	1.20388	0.92127	7.11040	3.98249	1.78588
25520	0.40733	0.35665	0.28720	1.29952	0.94451	0.66087	7.79124	4.43457	2.08988	0.13282	0.09863	0.02007	1.57742	1.20100	0.91827	7.10747	3.98022	1.78332
25690	0.40649	0.35597	0.28687	1.29775	0.94353	0.65972	7.78789	4.42946	2.08950	0.13223	0.09820	0.01983	1.57427	1.19867	0.91678	7.10801	3.97875	1.78136
25860	0.40727	0.35802	0.28508	1.29953	0.94599	0.66188	7.78687	4.43523	2.09325	0.13412	0.09935	0.02141	1.57691	1.20322	0.91795	7.10895	3.98146	1.78455
26020	0.40692	0.35696	0.28476	1.29781	0.94377	0.65972	7.78053	4.43022	2.08949	0.13211	0.09748	0.02000	1.57459	1.20163	0.91713	7.10626	3.98177	1.78300
26190	0.40721	0.35742	0.28429	1.29762	0.94267	0.65911	7.78312	4.42940	2.08689	0.13072	0.09639	0.01842	1.57586	1.20179	0.92036	7.10610	3.98293	1.78656
26350	0.40864	0.35893	0.28713	1.29960	0.94550	0.66104	7.78632	4.43166	2.09097	0.13259	0.09802	0.02047	1.57582	1.20399	0.91884	7.10967	3.98184	1.78413	31.02	6.0	0.00	-2.04	0.01751	0.01212	0.01533	0.01884	0.01937	0.01515	0.00553	0.01530	0.02030	0.01929	0.01359	0.01729	0.01724	0.01781	0.01390	0.00583	0.01643	0.02207
26520	0.40629	0.35673	0.28538	1.29802	0.94446	0.66022	7.78607	4.43286	2.08982	0.13290	0.09861	0.01938	1.57713	1.20476	0.91883	7.10706	3.98015	1.78390
26690	0.40751	0.35837	0.28623	1.29807	0.94423	0.66081	7.78246	4.43139	2.08939	0.13272	0.09869	0.01969	1.57415	1.20129	0.91808	7.10624	3.97892	1.78182
26850	0.41100	0.35868	0.28827	1.30093	0.94860	0.66373	7.78282	4.43822	2.09298	0.13595	0.10078	0.02247	1.58063	1.20516	0.92002	7.11077	3.98346	1.78644
27020	0.40871	0.35950	0.28739	1.30035	0.94694	0.66229	7.79216	4.43508	2.09202	0.13451	0.09882	0.01998	1.57768	1.20200	0.91860	7.10967	3.98027	1.78337
27180	0.40629	0.35735	0.28529	1.29736	0.94353	0.66034	7.77983	4.43257	2.08963	0.13225	0.09758	0.01865	1.57485	1.19979	0.91620	7.10546	3.97724	1.78039
27350	0.40525	0.35442	0.28654	1.29652	0.94383	0.66155	7.79068	4.43382	2.09035	0.13282	0.09815	0.01974	1.57657	1.20065	0.91961	7.10862	3.97964	1.78354
27510	0.40884	0.35686	0.28515	1.29774	0.94399	0.65990	7.78297	4.43391	2.08771	0.13164	0.09714	0.01844	1.57756	1.20522	0.91947	7.10893	3.98248	1.78611
27680	0.40966	0.35846	0.28634	1.30052	0.94714	0.66275	7.77983	4.43577	2.09195	0.13448	0.09956	0.02110	1.57771	1.20058	0.91858	7.10698	3.98145	1.78420
27840	0.40599	0.35646	0.28482	1.29925	0.94506	0.66068	7.78708	4.43122	2.08723	0.13246	0.09748	0.01855	1.57317	1.20035	0.91780	7.10569	3.97856	1.78178
28010	0.40685	0.35921	0.28742	1.30021	0.94655	0.66361	7.79063	4.43557	2.09359	0.13564	0.09994	0.02147	1.57915	1.20551	0.91827	7.11253	3.98198	1.78502	31.02	6.1	0.00	-2.04	0.01751	0.01212	0.01533	0.01884	0.01937	0.01515	0.00553	0.01530	0.02030	0.01929	0.01359	0.01729	0.01724	0.01781	0.01390	0.00583	0.01643	0.02207
28170	0.40737	0.35647	0.28514	1.29895	0.94443	0.66000	7.77546	4.43329	2.08740	0.13248	0.09783	0.01923	1.57552	1.20154	0.91707	7.10890	3.97932	1.78306
28340	0.40663	0.35624	0.28540	1.29728	0.94308	0.65822	7.78129	4.43068	2.08790	0.13084	0.09655	0.01752	1.57523	1.20247	0.91915	7.10870	3.98144	1.78512
28510	0.40724	0.35752	0.28572	1.29911	0.94494	0.66077	7.78682	4.43104	2.08846	0.13313	0.09873	0.01956	1.57649	1.20143	0.91799	7.10597	3.97879	1.78310
28670	0.40648	0.35762	0.28541	1.29843	0.94478	0.66045	7.78124	4.43256	2.09028	0.13262	0.09792	0.01945	1.57679	1.20063	0.91660	7.10640	3.97812	1.78173
28840	0.40630	0.35831	0.28657	1.30042	0.94753	0.66354	7.79525	4.43387	2.09226	0.13548	0.10100	0.02194	1.57883	1.20120	0.91890	7.10995	3.98176	1.78542
29000	0.40596	0.35707	0.28602	1.29990	0.94594	0.66251	7.78474	4.43211	2.08990	0.13419	0.09891	0.02078	1.57414	1.20235	0.91606	7.10905	3.97974	1.78342
29170	0.40472	0.35612	0.28429	1.29753	0.94230	0.65798	7.78515	4.43143	2.08659	0.13010	0.09589	0.01741	1.57589	1.20234	0.92180	7.10866	3.98267	1.78641
29330	0.40942	0.35626	0.28361	1.30047	0.94579	0.66158	7.77952	4.43042	2.08907	0.13319	0.09846	0.01944	1.57388	1.20118	0.91637	7.10948	3.98016	1.78305
29500	0.40640	0.35625	0.28471	1.29856	0.94489	0.66061	7.78652	4.43143	2.08963	0.13255	0.09774	0.01900	1.57456	1.20202	0.91701	7.10984	3.98003	1.78308
29670	0.40854	0.35684	0.28626	1.29767	0.94350	0.65864	7.78322	4.42923	2.08931	0.13095	0.09675	0.01719	1.57691	1.20363	0.91794	7.10776	3.98152	1.78490	30.96	6.1	0.00	-2.04	0.01752	0.01212	0.01533	0.01884	0.01937	0.01515	0.00553	0.01530	0.02030	0.01928	0.01359	0.01728	0.01724	0.01782	0.01391	0.00583	0.01643	0.02207
29830	0.41034	0.35955	0.28758	1.30131	0.94611	0.66143	7.78368	4.43432	2.09002	0.13383	0.09932	0.01982	1.57564	1.20054	0.91792	7.10628	3.97906	1.78278
30000	0.40740	0.35729	0.28437	1.29798	0.94407	0.65993	7.78160	4.43049	2.08864	0.13241	0.09722	0.01859	1.57370	1.19817	0.91646	7.10093	3.97687	1.78057
30160	0.40464	0.35407	0.28603	1.29681	0.94518	0.66200	7.78429	4.43189	2.09052	0.13425	0.09921	0.02023	1.57586	1.20146	0.91887	7.10936	3.98021	1.78369
30330	0.40715	0.35586	0.28390	1.29898	0.94492	0.66113	7.78307	4.43166	2.08980	0.13260	0.09809	0.01917	1.57492	1.20142	0.91610	7.10780	3.98077	1.78345
30490	0.40630	0.35516	0.28395	1.29874	0.94421	0.66020	7.78322	4.42933	2.08525	0.13158	0.09729	0.01800	1.57647	1.20262	0.91946	7.10917	3.98278	1.78657
30660	0.40917	0.35708	0.28709	1.30065	0.94706	0.66200	7.78515	4.43408	2.08957	0.13359	0.09936	0.01973	1.57587	1.20191	0.92007	7.11284	3.98186	1.78596
30830	0.40717	0.35698	0.28427	1.30057	0.94581	0.66084	7.77749	4.43130	2.08852	0.13194	0.09803	0.01878	1.57506	1.20122	0.91638	7.10815	3.97914	1.78385
30990	0.40613	0.35510	0.28494	1.29942	0.94590	0.66148	7.77683	4.43265	2.08903	0.13317	0.09819	0.01913	1.57390	1.20132	0.91681	7.10429	3.97818	1.78242
31160	0.40769	0.35714	0.28755	1.30046	0.94728	0.66331	7.78084	4.43326	2.09189	0.13492	0.10088	0.02167	1.57753	1.20449	0.91935	7.10964	3.98092	1.78507
31320	0.40715	0.35565	0.28595	1.29955	0.94543	0.66156	7.78137	4.43230	2.08812	0.13415	0.09955	0.02063	1.57550	1.20174	0.91580	7.10860	3.97974	1.78334	31.02	6.2	0.00	-2.04	0.01752	0.01212	0.01533	0.01884	0.01937	0.01515	0.00553	0.01530	0.02030	0.01928	0.01359	0.01729	0.01724	0.01782	0.01391	0.00583	0.01643	0.02207
31490	0.40643	0.35431	0.28397	1.29750	0.94310	0.65876	7.77594	4.43061	2.08579	0.13138	0.09707	0.01820	1.57461	1.20380	0.91860	7.11001	3.98287	1.78719
31650	0.41037	0.35794	0.28662	1.30130	0.94667	0.66215	7.78350	4.43357	2.08948	0.13384	0.09935	0.02094	1.57658	1.20291	0.91843	7.10731	3.98015	1.78364
31820	0.40753	0.35778	0.28628	1.29900	0.94508	0.66133	7.78299	4.43042	2.08849	0.13346	0.09987	0.02060	1.57562	1.20267	0.91955	7.10629	3.98086	1.78451
31990	0.40859	0.35591	0.28457	1.29936	0.94497	0.66075	7.79608	4.42831	2.08855	0.13283	0.09870	0.01930	1.57563	1.20311	0.91960	7.10747	3.98401	1.78805
32150	0.41002	0.35934	0.28689	1.30301	0.94846	0.66376	7.78664	4.43307	2.09076	0.13554	0.10162	0.02260	1.57537	1.20032	0.91694	7.10833	3.98138	1.78561
32320	0.40684	0.35689	0.28420	1.29949	0.94488	0.66017	7.77311	4.42902	2.08851	0.13299	0.09828	0.01894	1.57306	1.20044	0.91583	7.10743	3.97819	1.78199
32480	0.40464	0.35786	0.28558	1.29688	0.94654	0.66291	7.77711	4.43250	2.09460	0.13560	0.10171	0.02182	1.57683	1.20358	0.92096	7.11223	3.98274	1.78557
32650	0.40776	0.35770	0.28552	1.29940	0.94575	0.66112	7.77387	4.43043	2.08740	0.13358	0.09869	0.01952	1.57380	1.20120	0.91742	7.10669	3.97905	1.78185
32810	0.40703	0.35702	0.28358	1.29620	0.94239	0.65793	7.77579	4.43244	2.09010	0.13065	0.09678	0.01662	1.57913	1.20480	0.92322	7.10786	3.97995	1.78411
32980	0.41008	0.36038	0.28876	1.29780	0.94354	0.66014	7.77866	4.43571	2.09265	0.13163	0.09738	0.01846	1.57816	1.20651	0.91895	7.10754	3.97799	1.78156	31.08	6.1	0.00	-2.04	0.01752	0.01212	0.01533	0.01884	0.01937	0.01515	0.00553	0.01530	0.02030	0.01928	0.01359	0.01729	0.01724	0.01782	0.01391	0.00583	0.01643	0.02207
33140	0.40808	0.35920	0.28626	1.29667	0.94264	0.65985	7.78490	4.43266	2.09027	0.13176	0.09670	0.01806	1.57582	1.20197	0.91693	7.10234	3.97636	1.77975
33310	0.41190	0.36115	0.29021	1.29826	0.94577	0.66313	7.77628	4.44022	2.09395	0.13460	0.10004	0.02041	1.57970	1.20411	0.92264	7.10340	3.97990	1.78333
33480	0.41002	0.35814	0.28795	1.29664	0.94383	0.66034	7.78125	4.43489	2.09081	0.13225	0.09773	0.01853	1.57765	1.20272	0.91834	7.10437	3.97880	1.78210
33640	0.40985	0.35968	0.28581	1.29639	0.94228	0.65804	7.77136	4.43072	2.08798	0.13034	0.09563	0.01685	1.57733	1.20433	0.92184	7.10933	3.98020	1.78474
33810	0.41107	0.36077	0.28813	1.29918	0.94441	0.66057	7.78611	4.43255	2.09128	0.13209	0.09784	0.01882	1.57850	1.20666	0.92097	7.10730	3.97984	1.78363
33970	0.41239	0.36026	0.28803	1.29808	0.94401	0.66032	7.78383	4.43270	2.09064	0.13236	0.09890	0.01913	1.57590	1.20321	0.92047	7.10711	3.97824	1.78253
34140	0.40896	0.36028	0.28757	1.29811	0.94436	0.66086	7.77602	4.43307	2.09239	0.13263	0.09805	0.01947	1.57765	1.20529	0.92385	7.11262	3.98231	1.78619
34310	0.41170	0.36101	0.28761	1.30173	0.94741	0.66335	7.78576	4.43660	2.09212	0.13482	0.10000	0.02156	1.57840	1.20349	0.92101	7.11070	3.98089	1.78520
34470	0.40955	0.35800	0.28522	1.30044	0.94535	0.66209	7.77688	4.43252	2.09027	0.13299	0.09960	0.02015	1.57713	1.20161	0.91767	7.10617	3.97902	1.78296
34640	0.40895	0.35845	0.28614	1.29826	0.94403	0.66038	7.77847	4.43059	2.08813	0.13225	0.09688	0.01847	1.57290	1.19977	0.91668	7.10379	3.97608	1.77989	31.08	6.0	0.00	-2.04	0.01752	0.01212	0.01533	0.01884	0.01937	0.01515	0.00553	0.01530	0.02030	0.01928	0.01359	0.01728	0.01724	0.01782	0.01391	0.00583	0.01643	0.02207
34800	0.40770	0.35739	0.28730	1.29706	0.94447	0.66079	7.77553	4.43407	2.09201	0.13332	0.09935	0.02061	1.57685	1.20099	0.91873	7.10457	3.97953	1.78356
34970	0.40709	0.35718	0.28643	1.29766	0.94399	0.66000	7.77361	4.43060	2.08816	0.13196	0.09758	0.01921	1.57535	1.20315	0.91892	7.10496	3.97880	1.78331
35130	0.40699	0.35800	0.28421	1.29773	0.94274	0.65917	7.77898	4.42951	2.08695	0.13129	0.09636	0.01808	1.57694	1.20410	0.92372	7.10808	3.98107	1.78589
35300	0.40919	0.35838	0.28755	1.29988	0.94558	0.66105	7.78071	4.43345	2.08904	0.13267	0.09841	0.02033	1.57630	1.20409	0.92185	7.10582	3.98029	1.78411
35470	0.40820	0.35764	0.28634	1.29915	0.94419	0.66008	7.78735	4.43302	2.08981	0.13283	0.09748	0.02028	1.57500	1.20439	0.91862	7.10633	3.97960	1.78377
35630	0.40973	0.35907	0.28846	1.29942	0.94490	0.66116	7.77731	4.43473	2.09264	0.13355	0.09854	0.02094	1.57479	1.20358	0.91968	7.10855	3.97763	1.78205
35800	0.41146	0.35978	0.28833	1.30154	0.94832	0.66407	7.78375	4.43690	2.09425	0.13620	0.10149	0.02386	1.57775	1.20423	0.92187	7.11297	3.98250	1.78527
35960	0.40862	0.35933	0.28849	1.30103	0.94616	0.66245	7.78289	4.43775	2.09247	0.13477	0.09944	0.02056	1.57635	1.20387	0.91812	7.10629	3.97932	1.78328
36130	0.40820	0.35671	0.28702	1.29814	0.94341	0.65959	7.78213	4.43300	2.09060	0.13172	0.09732	0.01799	1.57785	1.20273	0.91817	7.10102	3.97792	1.78121
36290	0.41016	0.35852	0.28705	1.29695	0.94273	0.65900	7.77843	4.43133	2.09104	0.13129	0.09659	0.01755	1.57615	1.20266	0.92231	7.10506	3.97761	1.78239	31.08	6.0	0.00	-2.04	0.01752	0.01212	0.01533	0.01884	0.01937	0.01515	0.00553	0.01530	0.02030	0.01928	0.01359	0.01728	0.01724	0.01782	0.01391	0.00583	0.01643	0.02207
36460	0.40700	0.35751	0.28604	1.29822	0.94482	0.66028	7.78594	4.42934	2.09210	0.13301	0.09771	0.02001	1.57815	1.20600	0.92178	7.10690	3.98361	1.78616
36620	0.41084	0.35928	0.28654	1.30230	0.94764	0.66194	7.78188	4.43383	2.09092	0.13495	0.09947	0.02109	1.57612	1.20227	0.91917	7.10596	3.97999	1.78355
36790	0.40842	0.35759	0.28555	1.30002	0.94471	0.66083	7.78117	4.42931	2.09022	0.13259	0.09779	0.01942	1.57220	1.19955	0.91637	7.10436	3.97729	1.78105
36950	0.40583	0.35602	0.28626	1.29743	0.94519	0.66244	7.78152	4.43310	2.08906	0.13429	0.09938	0.02097	1.57487	1.20268	0.91764	7.10475	3.97900	1.78356
37120	0.40823	0.35681	0.28447	1.29918	0.94525	0.66110	7.77498	4.43144	2.08805	0.13298	0.09813	0.01938	1.57596	1.20273	0.91856	7.10514	3.98000	1.78338
37290	0.40634	0.35671	0.28312	1.29771	0.94325	0.65954	7.78305	4.43110	2.08608	0.13160	0.09687	0.01784	1.57541	1.20408	0.91851	7.10518	3.98124	1.78506
37450	0.40893	0.35561	0.28706	1.30034	0.94628	0.66175	7.79644	4.42896	2.08928	0.13341	0.09857	0.02034	1.57549	1.20181	0.91861	7.10463	3.98030	1.78374
37620	0.40878	0.35878	0.28490	1.29913	0.94577	0.66127	7.78467	4.43134	2.08968	0.13329	0.09817	0.02015	1.57604	1.20110	0.91814	7.10295	3.97763	1.78160
37780	0.40949	0.35992	0.28889	1.30229	0.94822	0.66434	7.78817	4.43724	2.09209	0.13642	0.10152	0.02301	1.57714	1.20266	0.92056	7.10830	3.98348	1.78680
37950	0.40833	0.35765	0.28519	1.30236	0.94845	0.66381	7.77295	4.42841	2.08946	0.13550	0.10078	0.02192	1.57339	1.19814	0.91844	7.11101	3.98171	1.78507	31.08	6.2	0.00	-2.04	0.01752	0.01212	0.01533	0.01884	0.01937	0.01515	0.00553	0.01530	0.02030	0.01928	0.01359	0.01728	0.01724	0.01782	0.01391	0.00583	0.01643	0.02207
38120	0.40754	0.35575	0.28228	1.29935	0.94447	0.66036	7.77508	4.42735	2.08549	0.13223	0.09689	0.01849	1.57621	1.20320	0.92187	7.10914	3.98319	1.78773
38280	0.41176	0.35953	0.28746	1.30121	0.94673	0.66220	7.77984	4.43410	2.09262	0.13403	0.09808	0.02059	1.57966	1.20494	0.91898	7.10676	3.97983	1.78374
38450	0.40869	0.35762	0.28606	1.29787	0.94383	0.65897	7.78121	4.43225	2.09025	0.13199	0.09702	0.01900	1.57681	1.20020	0.91899	7.10277	3.97537	1.77993
38610	0.41035	0.36042	0.28818	1.29903	0.94640	0.66281	7.79055	4.43921	2.09317	0.13509	0.10021	0.02182	1.58104	1.20723	0.92414	7.10683	3.98037	1.78433
38780	0.40965	0.35866	0.28694	1.29757	0.94371	0.65985	7.77158	4.43245	2.09052	0.13172	0.09714	0.01805	1.57625	1.20246	0.92003	7.10195	3.97459	1.78004
38940	0.40909	0.35579	0.28517	1.29416	0.94046	0.65696	7.77858	4.43064	2.08793	0.12970	0.09524	0.01677	1.57566	1.20292	0.92105	7.10461	3.97707	1.78229
39110	0.40960	0.36051	0.28735	1.29724	0.94282	0.65855	7.78081	4.43264	2.09137	0.13122	0.09665	0.01756	1.58085	1.20601	0.92510	7.10847	3.98220	1.78625
39270	0.41298	0.36144	0.29026	1.30124	0.94684	0.66250	7.78208	4.43731	2.09350	0.13500	0.09901	0.02052	1.58050	1.20646	0.92108	7.10769	3.97980	1.78343
39440	0.40828	0.35934	0.28841	1.29831	0.94377	0.65978	7.77913	4.43400	2.09138	0.13258	0.09709	0.01750	1.57633	1.20187	0.91875	7.10402	3.97600	1.78002
39600	0.40782	0.35852	0.28636	1.29590	0.94468	0.66148	7.78756	4.43570	2.09369	0.13479	0.09983	0.02053	1.58208	1.20458	0.92335	7.10875	3.97950	1.78405	31.02	6.1	0.00	-2.04	0.01752	0.01212	0.01533	0.01884	0.01937	0.01515	0.00553	0.01530	0.02030	0.01928	0.01359	0.01728	0.01724	0.01782	0.01391	0.00583	0.01643	0.02207
39770	0.40870	0.35707	0.28741	1.29828	0.94359	0.66007	7.77832	4.43191	2.09108	0.13242	0.09707	0.01818	1.57794	1.20377	0.92066	7.10426	3.97800	1.78167
39930	0.40754	0.35475	0.28488	1.29618	0.94247	0.65950	7.77098	4.42977	2.08885	0.13152	0.09656	0.01730	1.57895	1.20417	0.92197	7.10652	3.97884	1.78408
40100	0.40936	0.36057	0.28743	1.29757	0.94503	0.66033	7.78720	4.43235	2.09117	0.13274	0.09822	0.01860	1.57752	1.20342	0.92044	7.10891	3.97832	1.78283
40260	0.40816	0.35861	0.28698	1.29795	0.94448	0.66008	7.77792	4.42999	2.09034	0.13279	0.09715	0.01859	1.57442	1.20074	0.91878	7.10184	3.97683	1.78105
40430	0.41085	0.36093	0.28972	1.30100	0.94782	0.66339	7.78847	4.43740	2.09287	0.13514	0.10029	0.02137	1.58210	1.20498	0.92268	7.10922	3.98184	1.78577
40600	0.41120	0.35906	0.28915	1.30043	0.94649	0.66197	7.79040	4.43364	2.09317	0.13422	0.09949	0.02017	1.57643	1.20332	0.91987	7.10883	3.97892	1.78351
40760	0.40821	0.36111	0.28692	1.29874	0.94441	0.65966	7.77280	4.42974	2.08927	0.13214	0.09768	0.01922	1.57751	1.20452	0.92001	7.10289	3.97834	1.78344
40930	0.40969	0.35799	0.28552	1.29777	0.94336	0.65950	7.77042	4.42877	2.08778	0.13150	0.09688	0.01772	1.57702	1.20387	0.92194	7.10652	3.98043	1.78512
41090	0.41039	0.35875	0.28984	1.29957	0.94577	0.66112	7.77979	4.43247	2.09322	0.13404	0.09878	0.02013	1.57890	1.20535	0.92085	7.11012	3.97967	1.78452
41260	0.40977	0.35857	0.28958	1.29933	0.94474	0.66136	7.77944	4.43272	2.09068	0.13341	0.09852	0.01971	1.57806	1.20529	0.92106	7.10488	3.97988	1.78470	31.02	6.0	0.00	-2.04	0.01752	0.01212	0.01533	0.01884	0.01937	0.01515	0.00553	0.01530	0.02030	0.01928	0.01359	0.01728	0.01724	0.01782	0.01391	0.00583	0.01643	0.02207
41430	0.40922	0.35872	0.28677	1.29912	0.94426	0.66029	7.77442	4.43211	2.08953	0.13309	0.09792	0.01934	1.57846	1.20713	0.92415	7.10930	3.98327	1.78856
41590	0.41418	0.36216	0.28959	1.30282	0.94813	0.66349	7.78938	4.43655	2.09207	0.13594	0.10086	0.02203	1.58026	1.20478	0.92253	7.10895	3.98178	1.78571
41760	0.41020	0.35872	0.28442	1.29978	0.94542	0.66083	7.78035	4.43325	2.09007	0.13310	0.09812	0.01875	1.57502	1.20194	0.91747	7.10195	3.97784	1.78198
41920	0.40569	0.35839	0.28734	1.29676	0.94539	0.66244	7.78086	4.43550	2.09132	0.13514	0.10016	0.02072	1.57964	1.20431	0.92060	7.10809	3.98006	1.78439
42090	0.40703	0.35712	0.28514	1.29929	0.94483	0.65956	7.77665	4.43154	2.09040	0.13285	0.09713	0.01812	1.57686	1.20327	0.91882	7.10645	3.97848	1.78254
42250	0.40603	0.35561	0.28369	1.29708	0.94233	0.65877	7.78426	4.42734	2.08826	0.13187	0.09677	0.01734	1.57489	1.20216	0.91968	7.10500	3.97919	1.78345
42420	0.40859	0.35794	0.28733	1.29883	0.94461	0.66110	7.78588	4.43017	2.08871	0.13357	0.09808	0.01914	1.57659	1.20362	0.91927	7.10449	3.97732	1.78185
42580	0.40960	0.36017	0.28881	1.30087	0.94836	0.66428	7.78426	4.43688	2.09405	0.13613	0.10036	0.02193	1.58011	1.20625	0.92079	7.11117	3.98170	1.78591
42750	0.40900	0.35807	0.28599	1.30051	0.94617	0.66237	7.77163	4.43088	2.09018	0.13448	0.09886	0.02035	1.57595	1.20079	0.91956	7.10078	3.97842	1.78312
42910	0.40665	0.35668	0.28420	1.29657	0.94250	0.65853	7.77649	4.42732	2.08660	0.13076	0.09555	0.01746	1.57758	1.20330	0.92059	7.10587	3.98016	1.78542	31.02	6.0	0.00	-2.04	0.01752	0.01212	0.01533	0.01884	0.01937	0.01515	0.00553	0.01530	0.02030	0.01928	0.01359	0.01728	0.01724	0.01782	0.01391	0.00583	0.01643	0.02207
43080	0.40907	0.35640	0.28550	1.30036	0.94513	0.66132	7.78385	4.43099	2.09010	0.13293	0.09802	0.01953	1.57620	1.20439	0.92036	7.10532	3.97895	1.78389
43250	0.40808	0.35747	0.28639	1.29966	0.94514	0.66091	7.77751	4.43230	2.09025	0.13334	0.09811	0.01963	1.57599	1.20284	0.91967	7.10357	3.97805	1.78280
43410	0.40838	0.35939	0.28859	1.30192	0.94834	0.66379	7.79273	4.43528	2.09335	0.13679	0.10152	0.02230	1.57938	1.20661	0.92071	7.10806	3.98249	1.78663
43580	0.41070	0.36000	0.28798	1.30144	0.94709	0.66263	7.78202	4.43501	2.09197	0.13488	0.09971	0.02109	1.57656	1.20299	0.92170	7.10833	3.98066	1.78540
43740	0.40858	0.35606	0.28597	1.29896	0.94474	0.66044	7.77984	4.42997	2.08750	0.13306	0.09882	0.01983	1.57573	1.19985	0.91894	7.10486	3.97667	1.78189
43910	0.40607	0.35666	0.28482	1.29694	0.94407	0.66115	7.77994	4.43121	2.08948	0.13417	0.09956	0.02064	1.57912	1.20191	0.91808	7.10407	3.98070	1.78458
44070	0.40867	0.35862	0.28847	1.29963	0.94501	0.66040	7.77847	4.43018	2.08960	0.13290	0.09792	0.01967	1.57902	1.20558	0.92365	7.10735	3.98265	1.78829
44240	0.41182	0.36060	0.28895	1.30273	0.94848	0.66377	7.78638	4.43498	2.09008	0.13581	0.10106	0.02222	1.57912	1.20460	0.92003	7.10997	3.98133	1.78560
44400	0.40701	0.36016	0.28707	1.30090	0.94618	0.66152	7.78527	4.43065	2.09019	0.13375	0.09834	0.02012	1.57549	1.20235	0.91948	7.10458	3.97842	1.78273
44570	0.40919	0.35879	0.28779	1.30071	0.94775	0.66297	7.79092	4.43220	2.09219	0.13580	0.10099	0.02187	1.57883	1.20512	0.91985	7.10820	3.98073	1.78551	31.02	6.3	0.00	-2.04	0.01752	0.01212	0.01533	0.01884	0.01937	0.01515	0.00553	0.01530	0.02030	0.01928	0.01359	0.01728	0.01724	0.01782	0.01391	0.00583	0.01643	0.02207
44730	0.40923	0.35626	0.28502	1.29912	0.94441	0.66037	7.78128	4.42953	2.08798	0.13236	0.09711	0.01795	1.57912	1.20658	0.92202	7.10546	3.98243	1.78717
44900	0.40863	0.35824	0.28639	1.30170	0.94696	0.66286	7.77773	4.43397	2.08929	0.13512	0.09951	0.02021	1.57729	1.20193	0.92076	7.10523	3.97950	1.78359
45060	0.40777	0.35539	0.28698	1.29772	0.94367	0.66011	7.77819	4.42887	2.08930	0.13317	0.09751	0.01829	1.57615	1.20122	0.91625	7.10265	3.97788	1.78282
45230	0.40804	0.35488	0.28639	1.29852	0.94369	0.66083	7.78133	4.43328	2.08778	0.13292	0.09788	0.01823	1.57547	1.20358	0.91811	7.10429	3.97877	1.78338
45390	0.40792	0.35590	0.28720	1.29779	0.94358	0.66038	7.77879	4.43032	2.09048	0.13283	0.09748	0.01829	1.57741	1.20206	0.91986	7.10296	3.98074	1.78510
45560	0.40835	0.35880	0.28783	1.30000	0.94632	0.66198	7.78488	4.43395	2.09171	0.13468	0.09933	0.02062	1.57655	1.20343	0.91944	7.10511	3.97861	1.78303
45720	0.40984	0.36285	0.28818	1.30236	0.94965	0.66595	7.77935	4.43776	2.09498	0.13749	0.10158	0.02337	1.58055	1.20609	0.92321	7.10808	3.98267	1.78766
45890	0.40998	0.36004	0.28794	1.30278	0.94807	0.66401	7.78660	4.43603	2.09121	0.13616	0.10022	0.02143	1.57834	1.20367	0.91950	7.10730	3.98055	1.78465
46050	0.40851	0.35660	0.28456	1.29933	0.94427	0.66024	7.77494	4.42999	2.08732	0.13222	0.09683	0.01855	1.57639	1.20135	0.91875	7.10363	3.97823	1.78220
46220	0.40802	0.35782	0.28589	1.29832	0.94431	0.66064	7.78272	4.43066	2.08820	0.13313	0.09784	0.01975	1.57734	1.20412	0.92019	7.10461	3.97938	1.78424	31.08	6.0	0.00	-2.04	0.01752	0.01212	0.01533	0.01884	0.01937	0.01515	0.00553	0.01530	0.02030	0.01928	0.01359	0.01728	0.01724	0.01782	0.01391	0.00583	0.01643	0.02207
46390	0.40865	0.35781	0.28647	1.29927	0.94469	0.66014	7.77653	4.42939	2.08874	0.13305	0.09781	0.01995	1.57923	1.20723	0.92385	7.10961	3.98280	1.78886
46550	0.41332	0.36172	0.28989	1.30376	0.94915	0.66451	7.77851	4.43676	2.09364	0.13704	0.10138	0.02316	1.57723	1.20464	0.92173	7.10828	3.98145	1.78603
46720	0.40997	0.35939	0.28662	1.30090	0.94629	0.66230	7.78261	4.42929	2.08977	0.13406	0.09912	0.02117	1.57738	1.20281	0.91964	7.10379	3.97799	1.78312
46880	0.40790	0.36038	0.28948	1.29899	0.94705	0.66375	7.78216	4.43788	2.09342	0.13719	0.10147	0.02368	1.57948	1.20382	0.92112	7.11121	3.98193	1.78681
47050	0.40745	0.36021	0.28868	1.30170	0.94656	0.66232	7.78124	4.43256	2.09252	0.13533	0.09996	0.02132	1.57635	1.20281	0.91900	7.10719	3.97927	1.78363
47210	0.40863	0.35719	0.28620	1.29778	0.94288	0.65851	7.77846	4.42785	2.08836	0.13187	0.09680	0.01797	1.57525	1.20318	0.92268	7.10512	3.98045	1.78634
47380	0.40892	0.35974	0.28871	1.30080	0.94664	0.66209	7.78409	4.43243	2.08887	0.13468	0.09936	0.02051	1.57804	1.20519	0.92126	7.10766	3.98049	1.78410
47540	0.40823	0.35613	0.28663	1.29982	0.94588	0.66107	7.77810	4.43302	2.08796	0.13437	0.09857	0.02062	1.57590	1.20167	0.91854	7.10364	3.97843	1.78190
47710	0.40876	0.36049	0.28813	1.30221	0.94853	0.66446	7.77714	4.43476	2.09322	0.13767	0.10177	0.02239	1.58046	1.20625	0.92086	7.10977	3.98253	1.78620
47880	0.40835	0.35968	0.28767	1.30129	0.94685	0.66191	7.78984	4.43222	2.09030	0.13502	0.09981	0.02091	1.57605	1.20152	0.91917	7.10697	3.97935	1.78304	31.02	6.2	0.00	-2.04	0.01752	0.01212	0.01533	0.01884	0.01937	0.01515	0.00553	0.01530	0.02030	0.01928	0.01359	0.01728	0.01724	0.01781	0.01391	0.00583	0.01643	0.02207
48040	0.40684	0.35544	0.28584	1.29818	0.94343	0.65952	7.78243	4.42507	2.08655	0.13168	0.09666	0.01810	1.57686	1.20505	0.92216	7.10810	3.98217	1.78677
48210	0.40901	0.35659	0.28652	1.30143	0.94684	0.66194	7.78959	4.43074	2.08961	0.13449	0.09940	0.02114	1.57621	1.20384	0.91948	7.10705	3.98026	1.78499
48370	0.40866	0.35635	0.28637	1.30035	0.94669	0.66258	7.77645	4.43021	2.08981	0.13470	0.09974	0.02087	1.57731	1.20214	0.91990	7.10685	3.98064	1.78391
48540	0.40980	0.35970	0.28725	1.30061	0.94704	0.66270	7.77609	4.43121	2.09106	0.13506	0.09953	0.02096	1.57950	1.20748	0.92466	7.10978	3.98249	1.78750
48700	0.40959	0.35926	0.28734	1.30335	0.94884	0.66355	7.78745	4.43480	2.09188	0.13591	0.09974	0.02234	1.57939	1.20435	0.92070	7.10674	3.98053	1.78418
48870	0.40989	0.35673	0.28667	1.30103	0.94569	0.66142	7.77934	4.42886	2.09054	0.13372	0.09797	0.01972	1.57574	1.20136	0.91916	7.10514	3.97734	1.78190
49040	0.40707	0.35624	0.28790	1.29807	0.94636	0.66335	7.79466	4.43704	2.09250	0.13676	0.10100	0.02245	1.57780	1.20334	0.92058	7.10846	3.98134	1.78561
49200	0.40760	0.35736	0.28729	1.30004	0.94558	0.66152	7.78421	4.43384	2.08981	0.13370	0.09906	0.02049	1.57573	1.20333	0.91958	7.10615	3.97931	1.78370
49370	0.40884	0.35682	0.28544	1.29812	0.94363	0.65926	7.77467	4.42921	2.08749	0.13156	0.09658	0.01856	1.57810	1.20373	0.92370	7.10939	3.98209	1.78773
49530	0.40972	0.35913	0.28878	1.30178	0.94712	0.66232	7.78583	4.43207	2.09098	0.13450	0.09875	0.02115	1.57759	1.20177	0.92036	7.10820	3.97990	1.78448	31.02	6.1	0.00	-2.04	0.01751	0.01212	0.01533	0.01884	0.01937	0.01515	0.00553	0.01530	0.02030	0.01928	0.01359	0.01728	0.01724	0.01781	0.01391	0.00583	0.01643	0.02207
49700	0.40707	0.35521	0.28653	1.30011	0.94552	0.66104	7.77741	4.42987	2.08921	0.13312	0.09824	0.02068	1.57488	1.20173	0.91840	7.10355	3.97858	1.78197
49860	0.41010	0.35938	0.28985	1.30202	0.94920	0.66385	7.77868	4.43580	2.09454	0.13653	0.10071	0.02327	1.58034	1.20684	0.92187	7.11027	3.98314	1.78727
50030	0.40836	0.35911	0.28719	1.30264	0.94826	0.66376	7.77467	4.43317	2.09113	0.13543	0.10006	0.02218	1.57690	1.20298	0.91834	7.11023	3.98060	1.78518
50190	0.40736	0.35626	0.28534	1.30001	0.94527	0.66022	7.77077	4.42974	2.08879	0.13205	0.09779	0.01889	1.57746	1.20564	0.92257	7.10781	3.98351	1.78711
50360	0.40848	0.35726	0.28802	1.30254	0.94758	0.66284	7.78061	4.43535	2.09135	0.13476	0.09894	0.02070	1.57754	1.20149	0.91945	7.10527	3.97976	1.78359
50520	0.40515	0.35815	0.28501	1.30011	0.94564	0.66124	7.77929	4.42925	2.08994	0.13373	0.09842	0.02001	1.57550	1.20044	0.91676	7.10566	3.97898	1.78228
50690	0.40791	0.35642	0.28699	1.30031	0.94641	0.66214	7.77417	4.42905	2.08957	0.13446	0.09865	0.02025	1.57679	1.20251	0.91854	7.11007	3.97883	1.78371
50850	0.40683	0.35586	0.28535	1.29840	0.94456	0.66009	7.77817	4.42864	2.08574	0.13310	0.09740	0.01901	1.57579	1.20143	0.91871	7.10574	3.97881	1.78391
51020	0.40792	0.35580	0.28594	1.29970	0.94585	0.66182	7.77782	4.42917	2.08885	0.13380	0.09877	0.02016	1.57639	1.20381	0.92052	7.10788	3.98045	1.78493
51190	0.40896	0.35933	0.28724	1.30109	0.94754	0.66243	7.76243	4.42943	2.09114	0.13473	0.09841	0.02018	1.57627	1.20433	0.92043	7.10414	3.98120	1.78512	31.08	6.1	0.00	-2.04	0.01751	0.01212	0.01533	0.01884	0.01937	0.01515	0.00553	0.01530	0.02030	0.01928	0.01359	0.01728	0.01724	0.01781	0.01391	0.00583	0.01643	0.02207
51350	0.40964	0.35753	0.28894	1.29992	0.94654	0.66176	7.77357	4.43083	2.09098	0.13353	0.09834	0.01983	1.57801	1.20586	0.92254	7.10804	3.98351	1.78747
51520	0.41065	0.36003	0.28899	1.30289	0.94865	0.66359	7.77164	4.43224	2.09052	0.13622	0.09986	0.02147	1.58002	1.20336	0.92029	7.10828	3.98303	1.78693
51680	0.40884	0.35816	0.28681	1.30225	0.94742	0.66342	7.76729	4.43030	2.08929	0.13447	0.09914	0.02057	1.57713	1.20310	0.91925	7.10726	3.97983	1.78468
51850	0.40787	0.35791	0.28887	1.30041	0.94642	0.66215	7.77991	4.43037	2.09024	0.13447	0.09947	0.02129	1.57598	1.20028	0.91822	7.10707	3.97832	1.78322
52020	0.40929	0.35798	0.28912	1.30178	0.94798	0.66384	7.77205	4.43127	2.09077	0.13598	0.10054	0.02270	1.57637	1.20108	0.92071	7.10746	3.98097	1.78513
52180	0.40763	0.35861	0.28740	1.30036	0.94638	0.66232	7.77560	4.43049	2.09055	0.13445	0.09998	0.02134	1.57450	1.20329	0.91771	7.10929	3.97994	1.78501
52350	0.40833	0.35547	0.28532	1.29950	0.94471	0.66029	7.78204	4.42778	2.08823	0.13207	0.09657	0.01886	1.57609	1.20336	0.92166	7.11070	3.98244	1.78794
52510	0.40918	0.35811	0.28799	1.30209	0.94746	0.66243	7.79000	4.43167	2.09088	0.13523	0.09971	0.02118	1.57647	1.20249	0.92033	7.10941	3.98094	1.78581
52680	0.40809	0.35911	0.28704	1.30131	0.94635	0.66180	7.77099	4.43160	2.08850	0.13450	0.09882	0.02128	1.57545	1.20228	0.91851	7.10472	3.98024	1.78445
52850	0.40891	0.35952	0.28710	1.30121	0.94739	0.66274	7.77740	4.43154	2.09029	0.13480	0.09852	0.02144	1.57538	1.20351	0.91882	7.10656	3.97915	1.78385	31.08	5.9	0.00	-2.04	0.01751	0.01212	0.01533	0.01884	0.01937	0.01515	0.00553	0.01530	0.02030	0.01928	0.01359	0.01728	0.01724	0.01781	0.01391	0.00583	0.01643	0.02207
53010	0.41078	0.36201	0.28854	1.30321	0.95014	0.66502	7.78308	4.43440	2.09357	0.13803	0.10235	0.02438	1.57895	1.20291	0.92006	7.11218	3.98355	1.78788
53180	0.41098	0.35987	0.28931	1.30209	0.94775	0.66299	7.79368	4.43396	2.08878	0.13554	0.10018	0.02218	1.57728	1.20200	0.91810	7.10917	3.98058	1.78465
53340	0.40698	0.35607	0.28750	1.29981	0.94609	0.66202	7.77623	4.43357	2.08738	0.13360	0.09840	0.02072	1.57505	1.20208	0.91806	7.10753	3.97879	1.78348
53510	0.40623	0.35679	0.28611	1.29910	0.94540	0.66155	7.79130	4.43273	2.08913	0.13392	0.09868	0.02037	1.57567	1.20175	0.91791	7.10656	3.98043	1.78431
53670	0.40778	0.35827	0.28511	1.30001	0.94580	0.66105	7.78292	4.43116	2.08979	0.13376	0.09849	0.01943	1.57686	1.20337	0.91954	7.10664	3.98089	1.78583
53840	0.40911	0.36155	0.28886	1.30200	0.94742	0.66229	7.77998	4.43195	2.09197	0.13508	0.09935	0.02150	1.57667	1.20246	0.91860	7.10789	3.97954	1.78451
54000	0.40881	0.35693	0.28649	1.30015	0.94573	0.66114	7.78262	4.42909	2.08993	0.13442	0.09835	0.02091	1.57590	1.19932	0.91862	7.10340	3.97793	1.78185
54170	0.40976	0.35892	0.29030	1.30166	0.94894	0.66438	7.79373	4.43765	2.09281	0.13752	0.10206	0.02253	1.57806	1.20363	0.92180	7.10804	3.98109	1.78562
54330	0.40845	0.35802	0.28877	1.30066	0.94683	0.66191	7.78698	4.43086	2.08993	0.13482	0.09913	0.02108	1.57739	1.20272	0.92060	7.10808	3.98055	1.78464
54500	0.40723	0.35851	0.28845	1.29856	0.94406	0.66011	7.77968	4.42747	2.08787	0.13268	0.09684	0.01935	1.57805	1.20467	0.92283	7.10662	3.98331	1.78723	31.08	6.1	0.00	-2.04	0.01751	0.01212	0.01533	0.01884	0.01937	0.01515	0.00553	0.01530	0.02030	0.01928	0.01359	0.01728	0.01724	0.01781	0.01391	0.00583	0.01643	0.02207
54670	0.40825	0.35878	0.28915	1.30264	0.94755	0.66388	7.78394	4.43427	2.09265	0.13551	0.09948	0.02148	1.57815	1.20364	0.92154	7.10709	3.98087	1.78475
54830	0.40864	0.35866	0.28714	1.30087	0.94619	0.66225	7.77557	4.42761	2.09213	0.13483	0.09941	0.02141	1.57453	1.20266	0.91969	7.10447	3.97842	1.78299
55000	0.40975	0.36046	0.28944	1.30267	0.95022	0.66544	7.79084	4.43600	2.09530	0.13790	0.10241	0.02383	1.57961	1.20589	0.92206	7.11146	3.98163	1.78651
55160	0.40990	0.35883	0.28790	1.30173	0.94767	0.66348	7.77821	4.43438	2.09131	0.13621	0.09934	0.02169	1.57752	1.20265	0.91997	7.10502	3.97968	1.78408
55330	0.40670	0.35715	0.28521	1.29925	0.94472	0.66015	7.77309	4.42843	2.08824	0.13254	0.09709	0.01933	1.57731	1.20195	0.92009	7.10724	3.98022	1.78590
55490	0.40774	0.35788	0.28713	1.30102	0.94715	0.66214	7.78815	4.43254	2.08911	0.13501	0.09895	0.02162	1.57603	1.20246	0.91838	7.10287	3.97848	1.78363
55660	0.40606	0.35657	0.28614	1.29941	0.94628	0.66237	7.77562	4.43199	2.08830	0.13488	0.09977	0.02059	1.57816	1.20377	0.92020	7.10939	3.98187	1.78734
55820	0.41063	0.35733	0.28805	1.30292	0.94817	0.66362	7.77922	4.43435	2.09189	0.13634	0.10021	0.02244	1.57701	1.20079	0.91914	7.10791	3.98001	1.78417
55990	0.40633	0.35691	0.28683	1.30005	0.94549	0.66158	7.77466	4.43115	2.08713	0.13407	0.09883	0.02116	1.57641	1.19970	0.91765	7.10474	3.97680	1.78200
56160	0.40542	0.35586	0.28765	1.29790	0.94604	0.66254	7.77957	4.43088	2.09128	0.13596	0.09987	0.02231	1.57674	1.20437	0.92138	7.10759	3.98024	1.78514	31.02	6.0	0.00	-2.04	0.01751	0.01212	0.01533	0.01884	0.01937	0.01515	0.00553	0.01530	0.02030	0.01928	0.01359	0.01728	0.01724	0.01781	0.01391	0.00583	0.01643	0.02207
56320	0.40732	0.35753	0.28755	1.30024	0.94654	0.66234	7.77612	4.43051	2.08952	0.13413	0.09968	0.02199	1.57605	1.20328	0.91888	7.10770	3.97915	1.78441
56490	0.40720	0.35816	0.28512	1.29921	0.94451	0.65988	7.77187	4.42701	2.08678	0.13219	0.09647	0.02002	1.57916	1.20552	0.92298	7.10970	3.98335	1.78857
56650	0.41079	0.35916	0.28923	1.30234	0.94858	0.66344	7.76781	4.42971	2.09126	0.13576	0.09986	0.02267	1.57923	1.20459	0.92090	7.10782	3.98177	1.78674
