WetView ver 7.1	07-20-2019	16:48:48
AC9 Absorption and Attenuation Meter
00000311		; Serial number
2	; structure version number
Reserved
0.000000	0.000000		; Depth calibration
19200			; Baud rate
0.100000			; Path length (meters)
23			; number of temperature calibration bins
				12.61517	13.44096	14.46844	15.49904	16.50682	17.50108	18.49752	19.51783	20.49177	21.49009	22.48286	23.50673	24.54012	25.54812	26.49986	27.49321	28.50960	29.48671	30.47471	31.49432	32.50437	33.48679	34.49133	; temperature bins
a650	Blue	18.61587		0.01156	0.01096	0.01010	0.00930	0.00851	0.00774	0.00661	0.00573	0.00499	0.00402	0.00285	0.00203	0.00096	0.00000	-0.00110	-0.00152	-0.00210	-0.00247	-0.00259	-0.00317	-0.00346	-0.00380	-0.00403		; offset and temperature correction info
a676	Green	18.78942		0.00964	0.00899	0.00863	0.00813	0.00730	0.00639	0.00545	0.00448	0.00385	0.00301	0.00233	0.00165	0.00046	0.00000	-0.00106	-0.00167	-0.00251	-0.00280	-0.00316	-0.00329	-0.00377	-0.00392	-0.00441		; offset and temperature correction info
a715	Brown	18.59217		0.01171	0.01109	0.01043	0.00975	0.00878	0.00789	0.00685	0.00572	0.00469	0.00356	0.00255	0.00160	0.00061	0.00000	-0.00063	-0.00113	-0.00152	-0.00183	-0.00226	-0.00293	-0.00364	-0.00404	-0.00473		; offset and temperature correction info
c510	Red	18.18396		-0.00549	-0.00480	-0.00383	-0.00272	-0.00202	-0.00118	-0.00044	-0.00038	-0.00015	-0.00021	0.00013	0.00007	-0.00007	0.00000	-0.00007	-0.00065	-0.00045	-0.00018	0.00007	0.00039	-0.00001	-0.00002	-0.00045		; offset and temperature correction info
c532	Magenta	18.26528		-0.00721	-0.00645	-0.00581	-0.00518	-0.00465	-0.00345	-0.00281	-0.00270	-0.00182	-0.00141	-0.00108	-0.00072	-0.00022	0.00000	0.00044	0.00030	0.00031	-0.00006	-0.00052	-0.00089	-0.00142	-0.00149	-0.00154		; offset and temperature correction info
c555	Black	18.37125		-0.00430	-0.00419	-0.00381	-0.00319	-0.00286	-0.00254	-0.00205	-0.00196	-0.00138	-0.00137	-0.00067	-0.00051	-0.00030	0.00000	0.00067	0.00087	0.00057	0.00027	-0.00015	-0.00089	-0.00127	-0.00137	-0.00150		; offset and temperature correction info
a412	LtBlue	15.33566		-0.06011	-0.05567	-0.05012	-0.04441	-0.03922	-0.03412	-0.02941	-0.02503	-0.02049	-0.01588	-0.01121	-0.00784	-0.00311	0.00000	0.00273	0.00611	0.00757	0.00871	0.01066	0.01299	0.01539	0.01781	0.02175		; offset and temperature correction info
a440	LtGreen	16.05925		-0.01380	-0.01214	-0.01039	-0.00858	-0.00690	-0.00532	-0.00426	-0.00322	-0.00230	-0.00158	-0.00055	0.00006	0.00001	0.00000	0.00017	0.00016	-0.00094	-0.00222	-0.00363	-0.00486	-0.00567	-0.00651	-0.00782		; offset and temperature correction info
a488	Yellow	16.82827		0.00255	0.00293	0.00331	0.00354	0.00373	0.00378	0.00363	0.00350	0.00291	0.00225	0.00215	0.00142	0.00099	0.00000	-0.00092	-0.00169	-0.00295	-0.00396	-0.00479	-0.00542	-0.00582	-0.00604	-0.00663		; offset and temperature correction info
c650	Blue	18.49287		-0.00570	-0.00516	-0.00456	-0.00403	-0.00346	-0.00232	-0.00132	-0.00122	-0.00073	-0.00066	-0.00035	-0.00016	0.00003	0.00000	0.00044	0.00078	0.00108	0.00057	0.00040	-0.00042	-0.00033	-0.00029	-0.00034		; offset and temperature correction info
c676	Green	18.50570		0.00299	0.00293	0.00287	0.00293	0.00278	0.00294	0.00317	0.00251	0.00243	0.00215	0.00139	0.00123	0.00068	0.00000	-0.00041	-0.00106	-0.00205	-0.00268	-0.00325	-0.00413	-0.00495	-0.00610	-0.00674		; offset and temperature correction info
c715	Brown	17.88888		0.00826	0.00812	0.00773	0.00790	0.00766	0.00758	0.00753	0.00650	0.00571	0.00461	0.00359	0.00222	0.00101	0.00000	-0.00146	-0.00284	-0.00385	-0.00448	-0.00463	-0.00513	-0.00623	-0.00715	-0.00838		; offset and temperature correction info
a510	Red	17.18050		0.00353	0.00364	0.00354	0.00361	0.00381	0.00381	0.00356	0.00332	0.00277	0.00229	0.00176	0.00116	0.00036	0.00000	-0.00014	-0.00069	-0.00088	-0.00147	-0.00150	-0.00129	-0.00120	-0.00134	-0.00091		; offset and temperature correction info
a532	Magenta	17.40228		0.00550	0.00548	0.00526	0.00479	0.00464	0.00422	0.00393	0.00328	0.00253	0.00212	0.00136	0.00085	0.00039	0.00000	-0.00059	-0.00146	-0.00188	-0.00262	-0.00330	-0.00393	-0.00491	-0.00540	-0.00605		; offset and temperature correction info
a555	Black	17.72308		0.00849	0.00832	0.00800	0.00760	0.00724	0.00655	0.00580	0.00495	0.00435	0.00347	0.00252	0.00153	0.00049	0.00000	-0.00050	-0.00155	-0.00214	-0.00306	-0.00350	-0.00411	-0.00470	-0.00539	-0.00570		; offset and temperature correction info
c412	LtBlue	16.72802		-0.05949	-0.05458	-0.04744	-0.04134	-0.03547	-0.03064	-0.02511	-0.02047	-0.01574	-0.01163	-0.00761	-0.00442	-0.00204	0.00000	0.00100	0.00051	-0.00043	-0.00239	-0.00475	-0.00629	-0.00827	-0.00955	-0.01337		; offset and temperature correction info
c440	LtGreen	17.42637		-0.02723	-0.02503	-0.02216	-0.01930	-0.01691	-0.01394	-0.01125	-0.00926	-0.00732	-0.00582	-0.00401	-0.00226	-0.00093	0.00000	0.00082	0.00123	0.00133	0.00097	0.00038	-0.00003	-0.00022	-0.00023	-0.00125		; offset and temperature correction info
c488	Yellow	18.03666		-0.00640	-0.00554	-0.00465	-0.00357	-0.00276	-0.00154	-0.00067	-0.00031	-0.00014	-0.00012	0.00046	0.00032	0.00020	0.00000	0.00001	-0.00024	-0.00060	-0.00084	-0.00126	-0.00180	-0.00276	-0.00304	-0.00427		; offset and temperature correction info
0.003500	0.004000	0.015000	0.020000	0.015000	0.020000	2500.000000	2000.000000	1000.000000	; maxANoise	maxCNoise	maxADifference	maxCDifference	minACounts	minCCounts	minRCounts	maxTempSdev	maxDepthSdev
0			; auxilliary capabilities
1			; acquisition binsize
0	0.74027	0.72295	0.65711	5.10126	4.91811	4.71833	4.09781	2.68204	1.62614	4.43303	4.43072	4.34623	1.36677	1.16972	1.01587	7.56907	6.29748	5.33900	33.79	6.0	0.00	-2.04	0.01737	0.01203	0.01522	0.01828	0.01889	0.01477	0.00547	0.01518	0.02013	0.01864	0.01297	0.01651	0.01712	0.01769	0.01382	0.00568	0.01604	0.02146
160	0.74417	0.72216	0.65504	5.10245	4.91713	4.71812	4.09763	2.68233	1.62378	4.43253	4.43051	4.34516	1.36613	1.16873	1.01504	7.56949	6.29669	5.33917
330	0.74280	0.72019	0.65355	5.10130	4.91485	4.71555	4.09358	2.67917	1.61754	4.43061	4.42846	4.34381	1.36401	1.16911	1.01746	7.56899	6.30144	5.34111
490	0.74540	0.72388	0.65565	5.10297	4.91929	4.71894	4.09408	2.67974	1.62235	4.43409	4.43125	4.34572	1.36350	1.16420	1.01417	7.56446	6.29742	5.33840
660	0.74378	0.72265	0.65478	5.10178	4.91890	4.71789	4.09632	2.67824	1.62181	4.43305	4.43090	4.34606	1.36342	1.16855	1.01387	7.57314	6.30199	5.34197
820	0.74499	0.72326	0.65749	5.10610	4.92146	4.72121	4.09866	2.68337	1.62312	4.43545	4.43347	4.34823	1.36356	1.16737	1.01442	7.57318	6.30075	5.34060
990	0.74457	0.72130	0.65318	5.10392	4.91895	4.71738	4.09305	2.67771	1.61953	4.43184	4.43097	4.34558	1.36033	1.16165	1.01058	7.56773	6.29692	5.33844
1150	0.74227	0.72085	0.65397	5.10094	4.91661	4.71595	4.09674	2.67666	1.61854	4.43195	4.42909	4.34455	1.36117	1.16518	1.01573	7.57150	6.30061	5.34156
1320	0.74359	0.72203	0.65575	5.10533	4.91924	4.71871	4.10324	2.67744	1.62085	4.43378	4.43200	4.34563	1.36076	1.16321	1.00989	7.56673	6.29732	5.33837
1480	0.74158	0.72009	0.65496	5.10215	4.91707	4.71755	4.10331	2.67922	1.62116	4.43329	4.43069	4.34597	1.36128	1.16277	1.01087	7.56580	6.29761	5.33825
1640	0.74222	0.72070	0.65455	5.09914	4.91441	4.71466	4.10234	2.67920	1.62117	4.42880	4.42646	4.34247	1.36124	1.16498	1.01301	7.56281	6.29566	5.33624	33.74	6.1	0.00	-2.04	0.01738	0.01203	0.01522	0.01828	0.01889	0.01477	0.00547	0.01518	0.02014	0.01864	0.01296	0.01651	0.01712	0.01770	0.01382	0.00568	0.01604	0.02146
1810	0.74421	0.72191	0.65404	5.09965	4.91548	4.71631	4.09975	2.67701	1.62009	4.43017	4.42790	4.34273	1.36356	1.16434	1.01195	7.56490	6.29536	5.33525
1970	0.74204	0.71973	0.65428	5.09870	4.91351	4.71410	4.10206	2.67928	1.62178	4.42907	4.42706	4.34289	1.36295	1.16882	1.01518	7.56578	6.29874	5.34076
2140	0.74638	0.72481	0.65617	5.10292	4.91725	4.71831	4.10895	2.68373	1.62293	4.43272	4.43056	4.34572	1.36379	1.16796	1.01220	7.56733	6.29533	5.33714
2300	0.74304	0.72229	0.65387	5.09915	4.91514	4.71630	4.10092	2.68277	1.62055	4.43136	4.42887	4.34354	1.36177	1.16280	1.01075	7.56524	6.29381	5.33497
2470	0.74026	0.71859	0.65192	5.09601	4.91086	4.71238	4.09652	2.67688	1.61943	4.42802	4.42449	4.34128	1.36392	1.16976	1.01611	7.56939	6.29631	5.33829
2630	0.74610	0.72171	0.65581	5.10083	4.91617	4.71701	4.10309	2.68294	1.62331	4.43160	4.42909	4.34349	1.36310	1.16685	1.01330	7.56360	6.29306	5.33431
2800	0.74617	0.72338	0.65747	5.10101	4.91710	4.71927	4.11421	2.68416	1.62674	4.43421	4.43107	4.34736	1.36640	1.16793	1.01523	7.56675	6.29710	5.33842
2960	0.74399	0.72124	0.65397	5.10010	4.91436	4.71602	4.10408	2.68194	1.62333	4.43058	4.42792	4.34345	1.36380	1.16679	1.01361	7.56536	6.29656	5.33742
3120	0.74440	0.72202	0.65476	5.09945	4.91451	4.71607	4.10621	2.67959	1.62278	4.43016	4.42826	4.34360	1.36023	1.16468	1.01076	7.56105	6.29274	5.33347
3290	0.74150	0.72114	0.65729	5.09683	4.91315	4.71515	4.10772	2.68692	1.62652	4.43057	4.42661	4.34256	1.36546	1.16615	1.01312	7.56214	6.29196	5.33324	33.74	6.1	0.00	-2.04	0.01738	0.01203	0.01522	0.01828	0.01889	0.01477	0.00547	0.01519	0.02014	0.01864	0.01296	0.01651	0.01713	0.01770	0.01382	0.00568	0.01604	0.02146
3450	0.74505	0.71935	0.65461	5.09594	4.91151	4.71269	4.10815	2.68110	1.62273	4.42896	4.42534	4.34094	1.36266	1.16432	1.01116	7.56092	6.29039	5.33133
3610	0.74424	0.72154	0.65654	5.09610	4.91292	4.71489	4.11376	2.68630	1.62783	4.43074	4.42749	4.34278	1.36613	1.16688	1.01294	7.56218	6.29215	5.33355
3780	0.74328	0.72048	0.65547	5.09481	4.91075	4.71229	4.10122	2.68111	1.62239	4.42833	4.42491	4.34132	1.36601	1.16722	1.01614	7.56511	6.29587	5.33587
3940	0.74626	0.72528	0.65862	5.09853	4.91498	4.71586	4.11017	2.68659	1.62568	4.43196	4.42931	4.34474	1.36681	1.16692	1.01599	7.56691	6.29302	5.33490
4100	0.74541	0.72316	0.65542	5.09572	4.91178	4.71368	4.11042	2.68202	1.62446	4.42992	4.42682	4.34103	1.36468	1.16541	1.01327	7.55807	6.29025	5.33101
4270	0.74336	0.72267	0.65516	5.09355	4.90966	4.71090	4.10119	2.68169	1.62164	4.42813	4.42490	4.34044	1.36257	1.16346	1.01092	7.55677	6.28666	5.32904
4430	0.74152	0.72152	0.65490	5.09318	4.91071	4.71337	4.09810	2.68540	1.62551	4.42970	4.42571	4.34218	1.36585	1.16684	1.01350	7.56494	6.29047	5.33165
4600	0.74421	0.72148	0.65281	5.09392	4.90971	4.71148	4.10591	2.67893	1.62320	4.42825	4.42460	4.34107	1.36428	1.16770	1.01407	7.56151	6.29146	5.33307
4760	0.74607	0.72269	0.65549	5.09566	4.91155	4.71276	4.10137	2.68280	1.62413	4.42826	4.42487	4.34075	1.36498	1.16870	1.01548	7.55769	6.29233	5.33257
4930	0.74563	0.72495	0.65821	5.09314	4.90990	4.71094	4.11154	2.68412	1.62416	4.42761	4.42493	4.33985	1.36433	1.16748	1.01554	7.55993	6.29004	5.33205	33.74	6.1	0.00	-2.04	0.01738	0.01203	0.01522	0.01828	0.01888	0.01477	0.00547	0.01519	0.02015	0.01864	0.01296	0.01651	0.01713	0.01770	0.01383	0.00568	0.01604	0.02146
5090	0.74465	0.72319	0.65595	5.09359	4.90990	4.71137	4.11452	2.68412	1.62406	4.42768	4.42459	4.34046	1.36583	1.17034	1.01483	7.56195	6.28924	5.33244
5260	0.74731	0.72415	0.65593	5.09411	4.91058	4.71184	4.10266	2.68585	1.62463	4.42830	4.42619	4.34045	1.36499	1.16938	1.01768	7.56014	6.28729	5.32948
5420	0.74620	0.72575	0.65761	5.09349	4.90998	4.71116	4.10919	2.68543	1.62545	4.42865	4.42528	4.34108	1.36665	1.16928	1.01450	7.56182	6.29008	5.33079
5590	0.74573	0.72223	0.65602	5.09256	4.90715	4.70929	4.10018	2.68048	1.62272	4.42606	4.42268	4.33869	1.36604	1.17116	1.01748	7.56065	6.29159	5.33341
5750	0.74903	0.72437	0.65785	5.09417	4.90954	4.71166	4.10472	2.68328	1.62619	4.42851	4.42436	4.34048	1.36584	1.16688	1.01541	7.56031	6.28747	5.33003
5920	0.74749	0.72501	0.65912	5.09559	4.91301	4.71407	4.10383	2.68972	1.63189	4.43163	4.42822	4.34396	1.36974	1.17199	1.01734	7.56392	6.29342	5.33427
6080	0.74698	0.72532	0.65617	5.09501	4.90976	4.71212	4.10078	2.68344	1.62531	4.42790	4.42452	4.34074	1.36453	1.16676	1.01440	7.55809	6.28881	5.33016
6240	0.74397	0.72232	0.65611	5.09161	4.90802	4.70994	4.10146	2.68231	1.62373	4.42637	4.42377	4.33964	1.36398	1.16703	1.01385	7.55541	6.28873	5.32976
6410	0.74286	0.72351	0.65719	5.09218	4.90792	4.71076	4.10231	2.68168	1.62396	4.42730	4.42390	4.33969	1.36395	1.16882	1.01279	7.55486	6.28810	5.33051
6580	0.74463	0.72253	0.65589	5.09009	4.90552	4.70791	4.10041	2.68001	1.62353	4.42448	4.42011	4.33687	1.36448	1.16808	1.01529	7.55352	6.28655	5.32905	33.74	6.1	0.00	-2.04	0.01738	0.01203	0.01522	0.01828	0.01888	0.01477	0.00547	0.01519	0.02015	0.01864	0.01296	0.01651	0.01713	0.01771	0.01383	0.00568	0.01604	0.02146
6740	0.74515	0.72520	0.65547	5.09067	4.90700	4.70930	4.10730	2.68516	1.62653	4.42635	4.42256	4.33924	1.36559	1.17076	1.01616	7.55733	6.28782	5.32961
6910	0.74513	0.72424	0.65726	5.09169	4.90722	4.70886	4.10648	2.68294	1.62512	4.42632	4.42236	4.33859	1.36716	1.17133	1.01827	7.55876	6.29021	5.33174
7070	0.74749	0.72536	0.65784	5.09352	4.90963	4.71133	4.10829	2.68711	1.62788	4.42889	4.42526	4.33990	1.36660	1.17043	1.01573	7.55721	6.28743	5.32915
7240	0.74579	0.72303	0.65800	5.09145	4.90729	4.70977	4.10506	2.68530	1.62604	4.42722	4.42404	4.33969	1.36544	1.16910	1.01646	7.55855	6.28739	5.32920
7400	0.74530	0.72529	0.65751	5.09059	4.90856	4.70965	4.10609	2.68437	1.62548	4.42680	4.42314	4.33966	1.36577	1.16946	1.01366	7.56102	6.28766	5.32897
7570	0.74514	0.72185	0.65641	5.09137	4.90585	4.70731	4.10435	2.68197	1.62272	4.42527	4.42078	4.33755	1.36689	1.17132	1.01787	7.55888	6.29105	5.33221
7730	0.74853	0.72397	0.65944	5.09195	4.90850	4.70951	4.11031	2.68431	1.62750	4.42697	4.42324	4.33940	1.36443	1.16914	1.01377	7.55633	6.28640	5.32927
7900	0.74815	0.72607	0.65893	5.09284	4.90969	4.71196	4.10826	2.68874	1.62942	4.42972	4.42544	4.34195	1.36837	1.17004	1.01650	7.55834	6.28848	5.33115
8060	0.74576	0.72177	0.65653	5.09100	4.90743	4.70925	4.10705	2.68333	1.62428	4.42646	4.42215	4.33869	1.36789	1.16999	1.01627	7.56442	6.29141	5.33171
8220	0.74983	0.72301	0.65938	5.09284	4.90915	4.71027	4.10553	2.68659	1.62856	4.42814	4.42283	4.34019	1.36732	1.16978	1.01496	7.55711	6.28667	5.32864	33.74	6.0	0.00	-2.04	0.01738	0.01203	0.01522	0.01828	0.01888	0.01477	0.00548	0.01519	0.02015	0.01864	0.01296	0.01651	0.01713	0.01771	0.01383	0.00568	0.01604	0.02146
8390	0.74728	0.72436	0.65741	5.09203	4.90904	4.71174	4.11320	2.69086	1.62808	4.42932	4.42503	4.34072	1.36747	1.17004	1.01677	7.56092	6.28844	5.32994
8550	0.74606	0.72231	0.65661	5.08936	4.90531	4.70749	4.11245	2.68721	1.62515	4.42513	4.42126	4.33683	1.36741	1.16992	1.01327	7.55803	6.28628	5.32784
8710	0.74615	0.72180	0.65500	5.08803	4.90416	4.70720	4.10876	2.68310	1.62422	4.42476	4.42051	4.33656	1.36305	1.16828	1.01464	7.55258	6.28445	5.32722
8880	0.74342	0.72026	0.65415	5.08644	4.90278	4.70573	4.11004	2.68153	1.62436	4.42362	4.42010	4.33672	1.36648	1.17113	1.01730	7.55945	6.28717	5.32815
9040	0.74520	0.72210	0.65803	5.09041	4.90514	4.70728	4.11369	2.68695	1.62727	4.42573	4.42099	4.33770	1.36583	1.16729	1.01414	7.55355	6.28384	5.32586
9210	0.74709	0.72480	0.65636	5.08935	4.90659	4.71010	4.11391	2.68698	1.62759	4.42680	4.42274	4.33941	1.36659	1.17113	1.01807	7.55903	6.28648	5.32811
9370	0.74640	0.72097	0.65633	5.08790	4.90488	4.70740	4.10585	2.68475	1.62695	4.42508	4.42047	4.33715	1.36610	1.16956	1.01562	7.55920	6.28598	5.32807
9540	0.74704	0.72352	0.65685	5.08935	4.90634	4.70849	4.10979	2.68796	1.62713	4.42633	4.42151	4.33812	1.36792	1.17187	1.01707	7.55790	6.28877	5.32984
9700	0.74851	0.72700	0.66041	5.09156	4.90894	4.71133	4.11263	2.68973	1.62876	4.42780	4.42423	4.33982	1.36888	1.16968	1.01688	7.55690	6.28842	5.32943
9870	0.74667	0.72478	0.65771	5.08921	4.90788	4.71026	4.11726	2.68902	1.62969	4.42772	4.42227	4.33875	1.36718	1.16798	1.01759	7.55817	6.28706	5.32762	33.74	6.2	0.00	-2.04	0.01738	0.01203	0.01522	0.01828	0.01888	0.01477	0.00548	0.01519	0.02015	0.01864	0.01296	0.01651	0.01713	0.01771	0.01383	0.00568	0.01604	0.02146
10030	0.74407	0.72199	0.65532	5.08836	4.90475	4.70609	4.10200	2.68483	1.62355	4.42389	4.41931	4.33619	1.36668	1.17094	1.01664	7.55943	6.28488	5.32699
10190	0.74543	0.72311	0.65588	5.08901	4.90609	4.70827	4.10590	2.68598	1.62391	4.42539	4.42090	4.33729	1.36490	1.16692	1.01425	7.55708	6.28374	5.32494
10360	0.74379	0.72080	0.65525	5.08669	4.90244	4.70443	4.10547	2.68346	1.62377	4.42322	4.41897	4.33578	1.36760	1.17178	1.01978	7.55830	6.28823	5.33006
10520	0.74760	0.72411	0.66028	5.09134	4.90793	4.71026	4.11378	2.68703	1.63050	4.42703	4.42273	4.33981	1.36979	1.16935	1.01830	7.55625	6.28633	5.32775
10690	0.74709	0.72490	0.65808	5.09039	4.90766	4.70995	4.11822	2.68730	1.62978	4.42696	4.42387	4.33922	1.36816	1.17134	1.01602	7.55859	6.28696	5.32812
10850	0.74405	0.72343	0.65661	5.08742	4.90451	4.70643	4.11115	2.68262	1.62525	4.42389	4.42011	4.33609	1.36333	1.16717	1.01350	7.54804	6.28215	5.32322
11010	0.74493	0.72453	0.65846	5.08927	4.90752	4.70902	4.10906	2.68997	1.62883	4.42685	4.42299	4.33959	1.36841	1.17178	1.01449	7.56056	6.28628	5.32826
11180	0.74652	0.72208	0.65585	5.08851	4.90538	4.70649	4.10547	2.68268	1.62570	4.42400	4.41924	4.33621	1.36424	1.16570	1.01276	7.55390	6.28106	5.32220
11340	0.74616	0.72415	0.65808	5.08943	4.90662	4.70844	4.11602	2.68926	1.62794	4.42666	4.42318	4.33767	1.36822	1.16978	1.01657	7.55365	6.28633	5.32690
11500	0.74660	0.72131	0.65413	5.08771	4.90357	4.70534	4.10582	2.68769	1.62617	4.42332	4.41889	4.33680	1.36469	1.16748	1.01424	7.55053	6.28124	5.32265	33.74	6.0	0.00	-2.04	0.01738	0.01203	0.01522	0.01828	0.01888	0.01477	0.00548	0.01519	0.02015	0.01864	0.01296	0.01651	0.01713	0.01771	0.01383	0.00568	0.01604	0.02146
11670	0.74512	0.72408	0.65694	5.08874	4.90653	4.70883	4.11097	2.69262	1.62970	4.42593	4.42231	4.33771	1.36906	1.16988	1.01741	7.55288	6.28519	5.32691
11830	0.74527	0.72135	0.65358	5.08770	4.90359	4.70619	4.10199	2.68609	1.62355	4.42286	4.41968	4.33535	1.36538	1.16639	1.01159	7.55082	6.28028	5.32254
11990	0.74443	0.72406	0.65459	5.08794	4.90557	4.70733	4.11132	2.68407	1.62652	4.42506	4.42076	4.33774	1.36629	1.16765	1.01582	7.55543	6.28175	5.32464
12160	0.74394	0.72114	0.65525	5.08654	4.90387	4.70537	4.10802	2.68614	1.62640	4.42359	4.41935	4.33572	1.36571	1.16923	1.01301	7.55141	6.28093	5.32221
12320	0.74537	0.72366	0.65724	5.08713	4.90469	4.70682	4.11122	2.68598	1.62645	4.42468	4.42199	4.33660	1.36898	1.16909	1.01600	7.55124	6.28251	5.32501
12480	0.74521	0.72364	0.65577	5.08693	4.90323	4.70409	4.10416	2.68324	1.62472	4.42215	4.41851	4.33568	1.36509	1.16699	1.01537	7.55459	6.28307	5.32528
12650	0.74597	0.72259	0.65813	5.08750	4.90352	4.70534	4.10838	2.68517	1.62436	4.42268	4.41955	4.33593	1.36412	1.16800	1.01535	7.55530	6.28145	5.32526
12810	0.74339	0.72082	0.65655	5.08670	4.90163	4.70418	4.10490	2.68230	1.62400	4.42163	4.41807	4.33414	1.36568	1.17162	1.01549	7.55543	6.28658	5.32796
12980	0.74532	0.72341	0.65698	5.08964	4.90634	4.70759	4.10760	2.68932	1.62957	4.42417	4.42105	4.33705	1.37006	1.17282	1.01686	7.55757	6.28794	5.32963
13140	0.74829	0.72634	0.65861	5.09255	4.90919	4.71103	4.11526	2.68973	1.62992	4.42636	4.42282	4.33930	1.36982	1.17188	1.01764	7.56207	6.28664	5.32868	33.79	6.3	0.00	-2.04	0.01738	0.01203	0.01522	0.01828	0.01888	0.01477	0.00548	0.01519	0.02015	0.01864	0.01296	0.01651	0.01713	0.01771	0.01383	0.00568	0.01604	0.02146
13310	0.74734	0.72469	0.65867	5.09103	4.90756	4.71014	4.11363	2.69511	1.63142	4.42529	4.42085	4.33801	1.36980	1.17182	1.01663	7.55805	6.28549	5.32768
13470	0.74524	0.72127	0.65317	5.08877	4.90527	4.70690	4.10660	2.68362	1.62463	4.42330	4.41963	4.33578	1.36485	1.16829	1.01486	7.54770	6.27896	5.32123
13630	0.74628	0.72528	0.66073	5.08363	4.90417	4.70689	4.12084	2.69638	1.63333	4.42518	4.42038	4.33724	1.37421	1.17335	1.01984	7.55486	6.28367	5.32729
13800	0.74624	0.72266	0.65537	5.08856	4.90474	4.70584	4.11090	2.68723	1.62569	4.42329	4.41944	4.33549	1.36688	1.16806	1.01375	7.55419	6.28106	5.32452
13960	0.74359	0.72301	0.65902	5.08819	4.90579	4.70954	4.12198	2.68565	1.62835	4.42516	4.42312	4.33967	1.36988	1.17082	1.01621	7.55700	6.28547	5.32769
14120	0.74632	0.72222	0.65590	5.08957	4.90499	4.70623	4.10036	2.68365	1.62376	4.42312	4.41922	4.33597	1.36469	1.16768	1.01344	7.54950	6.27984	5.32304
14290	0.74798	0.72482	0.65713	5.08984	4.90773	4.70986	4.11235	2.68814	1.63002	4.42599	4.42149	4.33890	1.36965	1.17167	1.01603	7.55645	6.28545	5.32704
14450	0.74618	0.72427	0.65531	5.08802	4.90472	4.70573	4.10951	2.68600	1.62477	4.42232	4.41849	4.33576	1.36640	1.16695	1.01401	7.54842	6.28038	5.32270
14610	0.74670	0.72510	0.65825	5.08869	4.90695	4.70833	4.11011	2.68907	1.62649	4.42401	4.42246	4.33731	1.36955	1.16962	1.01756	7.55348	6.28381	5.32683
14780	0.74721	0.72308	0.65782	5.08833	4.90405	4.70479	4.11197	2.68407	1.62346	4.42171	4.41867	4.33549	1.36619	1.16520	1.01381	7.55126	6.28027	5.32340	33.74	6.0	0.00	-2.04	0.01738	0.01204	0.01522	0.01828	0.01888	0.01477	0.00548	0.01520	0.02015	0.01864	0.01296	0.01651	0.01713	0.01771	0.01383	0.00568	0.01604	0.02146
14940	0.74706	0.72428	0.65668	5.09034	4.90712	4.70884	4.11670	2.68723	1.62813	4.42491	4.42141	4.33825	1.37008	1.16993	1.01553	7.55474	6.28489	5.32754
15100	0.74617	0.72305	0.65464	5.08908	4.90381	4.70500	4.09984	2.68392	1.62481	4.42174	4.41802	4.33526	1.36811	1.16797	1.01808	7.55440	6.28375	5.32642
15270	0.74486	0.72210	0.65601	5.08835	4.90426	4.70543	4.10303	2.68565	1.62541	4.42205	4.41883	4.33496	1.36636	1.16930	1.01441	7.55361	6.28195	5.32558
15430	0.74481	0.72243	0.65516	5.08791	4.90356	4.70421	4.10615	2.68430	1.62367	4.42127	4.41780	4.33517	1.36897	1.17080	1.01646	7.55466	6.28573	5.32842
15600	0.74554	0.72353	0.65701	5.08924	4.90580	4.70775	4.11034	2.68639	1.62639	4.42380	4.42076	4.33626	1.36713	1.16860	1.01533	7.55495	6.28251	5.32501
15760	0.74813	0.72492	0.65986	5.08983	4.90610	4.70750	4.10587	2.68582	1.62954	4.42519	4.42055	4.33770	1.36893	1.17037	1.01699	7.55629	6.28419	5.32687
15930	0.74518	0.72313	0.65493	5.08822	4.90362	4.70489	4.10715	2.68158	1.62426	4.42171	4.41865	4.33558	1.36767	1.17075	1.01810	7.55633	6.28647	5.32824
16090	0.74623	0.72688	0.65807	5.09002	4.90607	4.70785	4.10970	2.68568	1.62637	4.42470	4.41965	4.33613	1.36596	1.16765	1.01478	7.55566	6.28384	5.32642
16260	0.74578	0.72599	0.65940	5.09096	4.90790	4.70959	4.10718	2.68921	1.62949	4.42655	4.42225	4.33871	1.36973	1.17049	1.01678	7.55918	6.28653	5.32813
16420	0.74635	0.72490	0.65555	5.08959	4.90554	4.70752	4.10614	2.68578	1.62633	4.42392	4.42053	4.33603	1.36813	1.16904	1.01410	7.55432	6.28290	5.32523	33.74	6.1	0.00	-2.04	0.01738	0.01204	0.01522	0.01828	0.01888	0.01477	0.00548	0.01520	0.02015	0.01864	0.01296	0.01651	0.01713	0.01771	0.01383	0.00568	0.01604	0.02146
16580	0.74557	0.72266	0.65706	5.08781	4.90399	4.70574	4.10887	2.68351	1.62462	4.42294	4.41865	4.33618	1.36762	1.17218	1.01621	7.55910	6.28801	5.32885
16750	0.74901	0.72534	0.65877	5.09188	4.90776	4.70949	4.11601	2.68965	1.63021	4.42558	4.42192	4.33848	1.36733	1.16954	1.01450	7.55637	6.28581	5.32763
16910	0.74606	0.72450	0.65602	5.08993	4.90715	4.70939	4.10511	2.68585	1.62850	4.42487	4.42135	4.33811	1.36696	1.16834	1.01508	7.55332	6.28515	5.32649
17080	0.74562	0.72326	0.65604	5.08831	4.90406	4.70558	4.10479	2.68304	1.62280	4.42193	4.41765	4.33501	1.36502	1.16783	1.01527	7.55478	6.28353	5.32625
17240	0.74656	0.72458	0.65658	5.08853	4.90544	4.70637	4.10412	2.68431	1.62402	4.42262	4.41954	4.33620	1.36391	1.16863	1.01617	7.55478	6.28431	5.32625
17410	0.74541	0.72277	0.65479	5.08764	4.90271	4.70549	4.10029	2.68221	1.62390	4.42192	4.41803	4.33457	1.36754	1.17244	1.01855	7.55654	6.28966	5.33007
17570	0.74907	0.72434	0.65867	5.09197	4.90816	4.70923	4.10220	2.68701	1.62689	4.42540	4.42128	4.33781	1.36767	1.16755	1.01642	7.55419	6.28385	5.32664
17730	0.74948	0.72573	0.66024	5.09133	4.90940	4.71189	4.11629	2.69134	1.62828	4.42732	4.42418	4.34021	1.36933	1.17026	1.01644	7.55830	6.28626	5.32841
17900	0.74827	0.72538	0.65648	5.08981	4.90646	4.70808	4.10923	2.68386	1.62634	4.42372	4.42001	4.33723	1.36825	1.16834	1.01479	7.55612	6.28635	5.32842
18060	0.74641	0.72214	0.65647	5.08967	4.90549	4.70750	4.10530	2.68140	1.62419	4.42317	4.42004	4.33611	1.36497	1.16638	1.01444	7.55195	6.28176	5.32436	33.74	6.3	0.00	-2.04	0.01738	0.01203	0.01523	0.01827	0.01888	0.01477	0.00548	0.01520	0.02015	0.01864	0.01296	0.01651	0.01713	0.01771	0.01383	0.00568	0.01604	0.02146
18230	0.74359	0.71900	0.65378	5.08530	4.90159	4.70332	4.10229	2.67960	1.62136	4.42041	4.41613	4.33425	1.36535	1.16789	1.01512	7.55589	6.28543	5.32879
18390	0.74608	0.72320	0.65658	5.08980	4.90577	4.70727	4.10254	2.68544	1.62302	4.42366	4.41966	4.33699	1.36447	1.16751	1.01332	7.55216	6.28166	5.32424
18550	0.74562	0.72238	0.65613	5.08799	4.90520	4.70654	4.10587	2.68508	1.62619	4.42435	4.41998	4.33757	1.36553	1.16957	1.01329	7.55534	6.28253	5.32543
18720	0.74481	0.72291	0.65557	5.08699	4.90400	4.70690	4.10562	2.68489	1.62647	4.42283	4.41887	4.33565	1.36571	1.16974	1.01525	7.55141	6.28353	5.32575
18880	0.74574	0.72499	0.65764	5.08903	4.90496	4.70604	4.10484	2.68325	1.62484	4.42356	4.41987	4.33636	1.36589	1.16606	1.01455	7.55262	6.28253	5.32417
19050	0.74594	0.72510	0.65792	5.08791	4.90559	4.70740	4.10764	2.68527	1.62552	4.42401	4.42041	4.33729	1.36765	1.16802	1.01428	7.55279	6.28405	5.32676
19210	0.74434	0.72274	0.65716	5.08817	4.90434	4.70617	4.10395	2.68226	1.62404	4.42191	4.41849	4.33550	1.36457	1.16859	1.01426	7.55560	6.28480	5.32659
19380	0.74590	0.72474	0.65733	5.08765	4.90495	4.70620	4.10995	2.68514	1.62465	4.42267	4.41946	4.33634	1.36915	1.17076	1.01799	7.55614	6.28727	5.33017
19540	0.74760	0.72694	0.65693	5.09059	4.90812	4.70982	4.10896	2.68957	1.62757	4.42631	4.42322	4.33992	1.36919	1.17059	1.01542	7.55522	6.28665	5.32799
19710	0.74529	0.72337	0.65741	5.08860	4.90554	4.70886	4.10711	2.68484	1.62768	4.42435	4.42070	4.33686	1.36781	1.16863	1.01447	7.55270	6.28370	5.32555	33.79	6.1	0.00	-2.04	0.01738	0.01203	0.01523	0.01827	0.01888	0.01477	0.00548	0.01519	0.02015	0.01864	0.01296	0.01651	0.01713	0.01771	0.01383	0.00568	0.01604	0.02146
19870	0.74452	0.72299	0.65517	5.08713	4.90308	4.70417	4.10970	2.68276	1.62266	4.42133	4.41801	4.33437	1.36295	1.16351	1.01102	7.55136	6.28032	5.32231
20030	0.74194	0.72229	0.65771	5.08416	4.90445	4.70817	4.10580	2.68596	1.62863	4.42424	4.42057	4.33746	1.36982	1.16901	1.01580	7.55656	6.28501	5.32711
20200	0.74632	0.72150	0.65651	5.08817	4.90402	4.70588	4.10839	2.68118	1.62242	4.42160	4.41855	4.33584	1.36639	1.16844	1.01673	7.55622	6.28532	5.32801
20360	0.74675	0.72348	0.65673	5.08967	4.90593	4.70834	4.10544	2.68520	1.62576	4.42399	4.42022	4.33672	1.36559	1.16624	1.01477	7.55166	6.28179	5.32459
20530	0.74445	0.71911	0.65457	5.08584	4.90227	4.70501	4.11126	2.68233	1.62314	4.41938	4.41615	4.33303	1.36611	1.17177	1.01562	7.55584	6.28797	5.32923
20690	0.74560	0.72351	0.65662	5.08989	4.90609	4.70756	4.11535	2.68517	1.62573	4.42306	4.42022	4.33665	1.36778	1.16717	1.01510	7.55354	6.28265	5.32551
20850	0.74550	0.72348	0.65665	5.08838	4.90530	4.70800	4.10892	2.68745	1.62595	4.42344	4.42063	4.33705	1.36597	1.16848	1.01453	7.55459	6.28339	5.32548
21020	0.74304	0.72150	0.65491	5.08628	4.90236	4.70509	4.10899	2.68256	1.62398	4.42113	4.41776	4.33498	1.36446	1.16505	1.01267	7.54822	6.27815	5.32221
21180	0.74600	0.72426	0.65667	5.08847	4.90685	4.70906	4.11002	2.68865	1.62822	4.42456	4.42109	4.33905	1.36828	1.17063	1.01662	7.55375	6.28498	5.32692
21350	0.74539	0.72370	0.65497	5.08744	4.90325	4.70596	4.11127	2.68551	1.62441	4.42067	4.41724	4.33478	1.36568	1.16794	1.01484	7.55294	6.28280	5.32565	33.74	6.1	0.00	-2.04	0.01738	0.01204	0.01523	0.01828	0.01888	0.01477	0.00548	0.01520	0.02015	0.01864	0.01296	0.01651	0.01713	0.01771	0.01383	0.00568	0.01604	0.02146
21510	0.74373	0.72212	0.65534	5.08696	4.90273	4.70566	4.11663	2.68345	1.62621	4.42142	4.41734	4.33442	1.36629	1.16711	1.01471	7.55457	6.28175	5.32337
21670	0.74461	0.72164	0.65464	5.08347	4.90026	4.70178	4.10365	2.68161	1.62197	4.41923	4.41572	4.33214	1.36575	1.16941	1.01600	7.55386	6.28556	5.32739
21840	0.74599	0.72672	0.65792	5.08773	4.90400	4.70559	4.10804	2.68484	1.62557	4.42225	4.41778	4.33564	1.36414	1.16847	1.01558	7.55386	6.28124	5.32292
22000	0.74535	0.72520	0.65734	5.08715	4.90499	4.70792	4.11202	2.68820	1.62786	4.42353	4.41962	4.33607	1.36772	1.16922	1.01642	7.55352	6.28363	5.32527
22170	0.74632	0.72382	0.65504	5.08568	4.90091	4.70279	4.09585	2.68364	1.62380	4.41980	4.41525	4.33388	1.36734	1.17082	1.01753	7.55273	6.28369	5.32603
22330	0.74543	0.72428	0.65778	5.08702	4.90274	4.70478	4.10811	2.68362	1.62502	4.42077	4.41703	4.33422	1.36511	1.16547	1.01377	7.55005	6.27931	5.32198
22500	0.74599	0.72411	0.65917	5.08643	4.90336	4.70722	4.11071	2.68753	1.62876	4.42174	4.41896	4.33489	1.36730	1.16697	1.01544	7.55340	6.28274	5.32487
22660	0.74391	0.72113	0.65478	5.08506	4.90017	4.70325	4.10684	2.68365	1.62375	4.41908	4.41610	4.33229	1.36611	1.16825	1.01393	7.55156	6.28074	5.32325
22830	0.74344	0.72398	0.65721	5.08588	4.90163	4.70430	4.10655	2.68693	1.62570	4.42041	4.41751	4.33344	1.36677	1.17056	1.01896	7.55260	6.28406	5.32592
22990	0.74744	0.72399	0.65673	5.08833	4.90467	4.70753	4.11112	2.68782	1.62648	4.42195	4.41794	4.33603	1.36686	1.16916	1.01528	7.55419	6.28248	5.32375	33.79	5.9	0.00	-2.04	0.01738	0.01203	0.01522	0.01828	0.01888	0.01477	0.00548	0.01519	0.02015	0.01864	0.01296	0.01651	0.01713	0.01771	0.01383	0.00568	0.01604	0.02146
23150	0.74487	0.72207	0.65794	5.08565	4.90376	4.70585	4.11780	2.68527	1.62897	4.42343	4.41978	4.33702	1.36855	1.16991	1.01494	7.55532	6.28468	5.32560
23320	0.74394	0.72194	0.65528	5.08653	4.90239	4.70458	4.10924	2.68353	1.62438	4.42032	4.41636	4.33351	1.36723	1.16869	1.01674	7.55315	6.28379	5.32591
23480	0.74491	0.72184	0.65647	5.08738	4.90270	4.70438	4.10924	2.68521	1.62389	4.42093	4.41826	4.33485	1.36671	1.16989	1.01428	7.55227	6.28130	5.32321
23650	0.74427	0.72026	0.65701	5.08541	4.90240	4.70415	4.09680	2.68290	1.62432	4.42104	4.41705	4.33425	1.36614	1.16638	1.01334	7.55147	6.28082	5.32246
23810	0.74232	0.72094	0.65368	5.08417	4.90010	4.70192	4.10999	2.68016	1.62255	4.41854	4.41580	4.33188	1.36275	1.16587	1.01251	7.54934	6.27680	5.32000
23970	0.74363	0.72405	0.65654	5.08584	4.90330	4.70607	4.10743	2.68409	1.62535	4.42168	4.41781	4.33584	1.36737	1.16820	1.01554	7.55072	6.28231	5.32339
24140	0.74506	0.72104	0.65458	5.08412	4.90042	4.70095	4.10499	2.68299	1.62317	4.41778	4.41510	4.33142	1.36417	1.16991	1.01550	7.55470	6.28284	5.32463
24300	0.74558	0.72078	0.65560	5.08476	4.90162	4.70370	4.09995	2.68364	1.62270	4.41923	4.41618	4.33255	1.36418	1.16684	1.01264	7.55310	6.28025	5.32233
24470	0.74507	0.72143	0.65687	5.08489	4.90212	4.70524	4.11602	2.68230	1.62531	4.42126	4.41648	4.33400	1.36520	1.16743	1.01490	7.55068	6.28173	5.32356
24630	0.74467	0.72244	0.65653	5.08424	4.90111	4.70298	4.10678	2.68270	1.62441	4.42002	4.41648	4.33297	1.36546	1.16781	1.01488	7.55158	6.28135	5.32350	33.74	6.1	0.00	-2.04	0.01738	0.01203	0.01522	0.01828	0.01888	0.01477	0.00548	0.01519	0.02015	0.01864	0.01296	0.01651	0.01713	0.01771	0.01383	0.00568	0.01604	0.02146
24800	0.74445	0.72175	0.65382	5.08497	4.90147	4.70266	4.10973	2.68517	1.62504	4.42092	4.41638	4.33413	1.36483	1.16683	1.01490	7.55015	6.27893	5.32125
24960	0.74581	0.72360	0.65635	5.08665	4.90394	4.70565	4.10001	2.68730	1.62608	4.42175	4.41756	4.33516	1.36610	1.17034	1.01574	7.55380	6.28279	5.32384
25130	0.74501	0.72230	0.65682	5.08446	4.90043	4.70184	4.10852	2.68175	1.62272	4.41833	4.41509	4.33219	1.36558	1.16906	1.01754	7.55442	6.28275	5.32444
25290	0.74589	0.72354	0.65501	5.08628	4.90258	4.70436	4.10991	2.68434	1.62577	4.42063	4.41601	4.33396	1.36537	1.16611	1.01467	7.54660	6.27899	5.32051
25460	0.74436	0.72255	0.65940	5.08650	4.90391	4.70506	4.10852	2.68916	1.62676	4.42326	4.41889	4.33582	1.36827	1.16820	1.01597	7.55463	6.28299	5.32421
25620	0.74591	0.72138	0.65607	5.08633	4.90158	4.70204	4.10671	2.68388	1.62428	4.41951	4.41564	4.33379	1.36379	1.16468	1.01389	7.54848	6.27926	5.32114
25790	0.74453	0.71962	0.65580	5.08405	4.90040	4.70145	4.10444	2.68233	1.62290	4.41833	4.41470	4.33252	1.36631	1.16984	1.01648	7.55053	6.28311	5.32678
25950	0.74761	0.72368	0.65704	5.08912	4.90570	4.70586	4.10852	2.68556	1.62550	4.42273	4.41931	4.33583	1.36383	1.16816	1.01341	7.55304	6.28255	5.32482
26110	0.74502	0.71992	0.65389	5.08581	4.90319	4.70488	4.10941	2.68535	1.62423	4.42200	4.41675	4.33501	1.36438	1.16628	1.01199	7.55007	6.28133	5.32344
26280	0.74441	0.71857	0.65374	5.08461	4.90065	4.70209	4.10676	2.68028	1.62135	4.41860	4.41416	4.33266	1.36160	1.16274	1.01000	7.54877	6.27656	5.31761	33.74	6.0	0.00	-2.04	0.01738	0.01203	0.01522	0.01828	0.01888	0.01477	0.00548	0.01519	0.02015	0.01864	0.01296	0.01651	0.01713	0.01771	0.01383	0.00568	0.01604	0.02146
26440	0.73780	0.72003	0.65570	5.08195	4.90251	4.70503	4.10485	2.68460	1.62474	4.42313	4.41882	4.33640	1.36526	1.16696	1.01511	7.55204	6.28205	5.32401
26600	0.74423	0.72056	0.65404	5.08541	4.90132	4.70253	4.10545	2.67998	1.62278	4.41979	4.41490	4.33251	1.36372	1.16873	1.01414	7.55321	6.28275	5.32542
26770	0.74409	0.71946	0.65338	5.08585	4.90240	4.70321	4.10910	2.68013	1.62271	4.41978	4.41650	4.33383	1.36327	1.16522	1.01119	7.54772	6.27839	5.32182
26930	0.74012	0.71687	0.65166	5.08374	4.89901	4.70002	4.10102	2.67480	1.61839	4.41755	4.41358	4.33069	1.36459	1.16915	1.01702	7.55689	6.28380	5.32610
27100	0.74501	0.72201	0.65533	5.08795	4.90443	4.70507	4.11322	2.68154	1.62485	4.42159	4.41769	4.33542	1.36387	1.16497	1.01320	7.55095	6.28024	5.32240
27260	0.74411	0.72200	0.65683	5.08823	4.90489	4.70708	4.11272	2.68628	1.62573	4.42348	4.41919	4.33641	1.36662	1.16840	1.01135	7.55321	6.28348	5.32457
27420	0.74285	0.72006	0.65383	5.08555	4.90274	4.70311	4.10478	2.68584	1.62052	4.41972	4.41528	4.33391	1.36342	1.16501	1.01170	7.55091	6.28036	5.32308
27590	0.74197	0.72177	0.65201	5.08465	4.90113	4.70206	4.10907	2.67924	1.62127	4.41882	4.41493	4.33237	1.36238	1.16331	1.00986	7.54647	6.27704	5.32038
27750	0.73973	0.71863	0.65107	5.08239	4.89814	4.69854	4.09896	2.67549	1.61786	4.41586	4.41236	4.33015	1.36198	1.16664	1.01560	7.55174	6.28181	5.32346
27920	0.74289	0.72019	0.65403	5.08559	4.90145	4.70327	4.10957	2.68318	1.62090	4.41894	4.41498	4.33281	1.36006	1.16527	1.01179	7.54831	6.27757	5.31929	33.74	6.0	0.00	-2.04	0.01738	0.01203	0.01522	0.01828	0.01888	0.01477	0.00548	0.01520	0.02015	0.01864	0.01296	0.01651	0.01713	0.01771	0.01383	0.00568	0.01604	0.02146
28080	0.74157	0.72008	0.65396	5.08536	4.90242	4.70375	4.11515	2.68498	1.62360	4.42127	4.41736	4.33451	1.36449	1.16744	1.01152	7.55354	6.28079	5.32234
28250	0.74075	0.71845	0.65143	5.08397	4.90100	4.70026	4.10340	2.68010	1.62084	4.41826	4.41378	4.33190	1.36187	1.16396	1.01373	7.55388	6.28126	5.32262
28410	0.74268	0.71997	0.65454	5.08607	4.90198	4.70376	4.10677	2.68208	1.62380	4.42024	4.41686	4.33347	1.35951	1.16316	1.01115	7.55158	6.27974	5.32149
28580	0.74217	0.71918	0.65467	5.08581	4.90196	4.70385	4.10826	2.68633	1.62569	4.41987	4.41609	4.33365	1.36300	1.16548	1.01115	7.55120	6.28015	5.32239
28740	0.74069	0.71873	0.65028	5.08389	4.89988	4.70148	4.10570	2.67894	1.62027	4.41731	4.41383	4.33017	1.36207	1.16530	1.01446	7.55174	6.28071	5.32187
28910	0.74287	0.72049	0.65248	5.08550	4.90152	4.70356	4.10585	2.67908	1.62192	4.41887	4.41549	4.33260	1.36335	1.16792	1.01268	7.55606	6.28482	5.32535
29070	0.74331	0.72223	0.65652	5.08766	4.90439	4.70515	4.10730	2.68247	1.62319	4.42105	4.41729	4.33421	1.36165	1.16598	1.01085	7.55254	6.28316	5.32314
29230	0.74234	0.72012	0.65570	5.08539	4.90447	4.70626	4.11408	2.68547	1.62508	4.42157	4.41863	4.33558	1.36389	1.16727	1.01303	7.55928	6.28394	5.32469
29400	0.74459	0.72004	0.65221	5.08593	4.90287	4.70443	4.09822	2.68135	1.62177	4.41861	4.41470	4.33320	1.36441	1.16720	1.01016	7.55568	6.28465	5.32713
29560	0.74274	0.71871	0.65386	5.09035	4.90667	4.70826	4.10410	2.68150	1.62332	4.42211	4.41741	4.33491	1.36303	1.16203	1.00927	7.55261	6.28251	5.32494	33.74	6.0	0.00	-2.04	0.01738	0.01203	0.01522	0.01828	0.01888	0.01477	0.00547	0.01519	0.02015	0.01864	0.01296	0.01651	0.01713	0.01770	0.01383	0.00568	0.01604	0.02146
29730	0.74084	0.71841	0.65095	5.08822	4.90506	4.70613	4.10045	2.68107	1.62085	4.42143	4.41764	4.33404	1.36183	1.16082	1.00956	7.55227	6.28307	5.32390
29890	0.73876	0.71776	0.65142	5.08542	4.90113	4.70321	4.10268	2.67884	1.61846	4.41800	4.41430	4.33026	1.35810	1.15961	1.00675	7.54737	6.27731	5.31966
30050	0.74014	0.71672	0.65168	5.08484	4.90188	4.70366	4.10662	2.68055	1.62100	4.41944	4.41727	4.33231	1.35999	1.16132	1.00947	7.55261	6.28060	5.32245
30220	0.74005	0.71677	0.64976	5.08286	4.90030	4.70061	4.10088	2.67718	1.61888	4.41696	4.41419	4.33113	1.35811	1.16156	1.00888	7.55072	6.27772	5.32014
30380	0.74138	0.71750	0.65395	5.08680	4.90351	4.70586	4.10290	2.67876	1.62021	4.42042	4.41806	4.33465	1.36010	1.16283	1.00977	7.55512	6.28266	5.32388
30550	0.73982	0.71707	0.65087	5.08379	4.90059	4.70193	4.09651	2.67446	1.61666	4.41689	4.41395	4.33086	1.35837	1.16271	1.01054	7.55106	6.28183	5.32226
30710	0.74553	0.72404	0.65847	5.08173	4.89839	4.69928	4.11092	2.69026	1.63404	4.41727	4.41282	4.32891	1.37387	1.17697	1.02524	7.54009	6.26962	5.31036
30880	0.75932	0.74208	0.67417	5.07432	4.89269	4.69466	4.13545	2.71649	1.65466	4.41161	4.40853	4.32555	1.39135	1.19294	1.03626	7.53763	6.26681	5.31023
31040	0.76406	0.74219	0.67459	5.06939	4.88777	4.69081	4.13516	2.72147	1.65731	4.40832	4.40325	4.32109	1.39487	1.19869	1.04351	7.52831	6.25917	5.30233
31210	0.75830	0.73588	0.67116	5.06825	4.88538	4.68890	4.12343	2.71355	1.65378	4.40588	4.40040	4.31807	1.39907	1.20490	1.04938	7.52878	6.25784	5.29951	33.79	6.1	0.00	-2.04	0.01736	0.01202	0.01521	0.01829	0.01890	0.01478	0.00546	0.01516	0.02011	0.01865	0.01297	0.01652	0.01710	0.01768	0.01380	0.00569	0.01606	0.02148
31370	0.77599	0.75163	0.68512	5.05772	4.87598	4.68008	4.16541	2.73896	1.67359	4.40052	4.39385	4.31178	1.41466	1.21703	1.05983	7.51835	6.24409	5.28758
31530	0.78793	0.76257	0.69475	5.04650	4.86732	4.67342	4.17504	2.74672	1.68103	4.39471	4.38805	4.30798	1.41853	1.21901	1.06481	7.51027	6.24039	5.28420
31700	0.78871	0.76210	0.69520	5.04078	4.86009	4.66676	4.18059	2.75019	1.68260	4.38937	4.38396	4.30373	1.42547	1.22697	1.07390	7.50914	6.23958	5.28475
31860	0.79636	0.77242	0.70279	5.04435	4.86564	4.67199	4.18331	2.75841	1.68867	4.39359	4.38826	4.30721	1.42788	1.22394	1.06693	7.51173	6.24143	5.28620
32020	0.78871	0.75805	0.68972	5.04631	4.86633	4.67317	4.17089	2.73896	1.67008	4.39350	4.39007	4.30940	1.40725	1.20463	1.04758	7.51289	6.24418	5.28803
32180	0.77443	0.74956	0.68223	5.04763	4.86772	4.67409	4.15726	2.72342	1.66028	4.39541	4.39120	4.30985	1.39762	1.19762	1.04054	7.51739	6.24647	5.29104
32340	0.76862	0.74021	0.67451	5.05250	4.87177	4.67706	4.13391	2.71314	1.65223	4.39788	4.39378	4.31236	1.39461	1.19975	1.04267	7.52494	6.25909	5.30190
32510	0.77201	0.74430	0.67741	5.06427	4.88332	4.68595	4.14529	2.71742	1.65358	4.40613	4.40185	4.32000	1.39089	1.19325	1.03729	7.52949	6.26119	5.30274
32670	0.76612	0.74153	0.67607	5.06389	4.88279	4.68660	4.13819	2.71621	1.65165	4.40577	4.40202	4.32032	1.39078	1.19214	1.03704	7.52836	6.26033	5.30359
32840	0.75577	0.73088	0.66376	5.06980	4.88677	4.68961	4.12316	2.69872	1.63694	4.40770	4.40407	4.32123	1.37654	1.18066	1.02695	7.53594	6.26901	5.31057	33.79	6.1	0.00	-2.04	0.01734	0.01201	0.01519	0.01830	0.01891	0.01479	0.00546	0.01514	0.02009	0.01866	0.01298	0.01653	0.01708	0.01766	0.01379	0.00569	0.01607	0.02149
33000	0.75693	0.73216	0.66538	5.07269	4.89055	4.69231	4.12395	2.70141	1.64005	4.40962	4.40484	4.32333	1.37895	1.18224	1.02689	7.53440	6.26496	5.30712
33170	0.75731	0.73597	0.66862	5.07110	4.89068	4.69315	4.13027	2.70423	1.64173	4.41197	4.40778	4.32472	1.38086	1.18422	1.02980	7.53732	6.26878	5.30921
33330	0.76032	0.73565	0.66842	5.06782	4.88666	4.68822	4.13394	2.70782	1.64231	4.40644	4.40267	4.32023	1.38791	1.18928	1.03591	7.53277	6.26531	5.30683
33500	0.76451	0.74143	0.67269	5.06659	4.88489	4.68698	4.12738	2.71065	1.64977	4.40560	4.40113	4.31962	1.38842	1.19306	1.03692	7.53160	6.25929	5.30106
33660	0.76745	0.74470	0.67847	5.06393	4.88288	4.68671	4.14616	2.72180	1.65962	4.40604	4.40097	4.31942	1.39907	1.20017	1.04757	7.53064	6.25828	5.30024
33820	0.76324	0.73115	0.66590	5.06017	4.87902	4.68199	4.10552	2.71919	1.65929	4.40137	4.39629	4.31439	1.40156	1.20466	1.04983	7.52327	6.25546	5.29718
33990	0.77638	0.75260	0.68650	5.05718	4.87474	4.67964	4.15278	2.73005	1.66542	4.39900	4.39517	4.31159	1.40474	1.20807	1.05143	7.51918	6.24868	5.29239
34150	0.77906	0.75502	0.68560	5.05209	4.87024	4.67380	4.15371	2.73143	1.66827	4.39412	4.39055	4.30912	1.40911	1.21269	1.05807	7.51856	6.25146	5.29480
34320	0.78394	0.75772	0.69162	5.05440	4.87308	4.67741	4.16646	2.73988	1.67444	4.39630	4.39209	4.31156	1.41279	1.21379	1.05660	7.51793	6.24671	5.28921
34480	0.77835	0.75553	0.68860	5.05719	4.87583	4.68110	4.16038	2.73458	1.66792	4.39952	4.39604	4.31433	1.40551	1.20754	1.05085	7.52262	6.25086	5.29444	33.74	6.1	0.00	-2.04	0.01733	0.01200	0.01519	0.01831	0.01892	0.01479	0.00545	0.01513	0.02007	0.01867	0.01298	0.01653	0.01707	0.01765	0.01378	0.00569	0.01607	0.02150
34640	0.77563	0.75280	0.68370	5.05436	4.87417	4.67890	4.15396	2.72768	1.66635	4.39778	4.39391	4.31289	1.40206	1.20548	1.04881	7.51838	6.24762	5.29211
34810	0.77805	0.75411	0.68726	5.05787	4.87749	4.68160	4.15604	2.73274	1.66650	4.40016	4.39696	4.31561	1.40301	1.20460	1.04756	7.52654	6.25389	5.29647
34970	0.77513	0.74798	0.68058	5.05810	4.87611	4.68070	4.14917	2.72150	1.65561	4.39977	4.39708	4.31396	1.39255	1.19083	1.03540	7.52466	6.25303	5.29697
35130	0.76128	0.73631	0.66761	5.06003	4.87881	4.68336	4.12718	2.70073	1.63664	4.40131	4.39827	4.31779	1.37967	1.17829	1.02449	7.52958	6.26318	5.30625
35290	0.75379	0.72641	0.65961	5.07135	4.88906	4.68930	4.10745	2.69119	1.62781	4.40689	4.40618	4.32371	1.36208	1.16205	1.00797	7.53700	6.26828	5.31103
35460	0.73892	0.71455	0.64617	5.07777	4.89532	4.69682	4.09099	2.66860	1.61297	4.41295	4.41078	4.32835	1.35643	1.16281	1.01238	7.55149	6.28142	5.32413
35630	0.74191	0.72242	0.65477	5.08805	4.90439	4.70419	4.10463	2.68438	1.62178	4.42015	4.41610	4.33350	1.36237	1.16759	1.01242	7.55136	6.28426	5.32478
35790	0.74201	0.72081	0.65350	5.08788	4.90429	4.70525	4.09840	2.68128	1.62083	4.42068	4.41568	4.33343	1.35984	1.16362	1.00892	7.54748	6.28071	5.32188
35960	0.74100	0.71927	0.65174	5.08413	4.90054	4.70126	4.09626	2.67933	1.61959	4.41657	4.41319	4.32985	1.35807	1.16195	1.00731	7.54610	6.27788	5.31928
36120	0.73967	0.71920	0.65538	5.08084	4.89983	4.70174	4.10013	2.68267	1.62197	4.41859	4.41402	4.33149	1.36157	1.16350	1.01019	7.55094	6.27802	5.32047	33.79	6.2	0.00	-2.04	0.01734	0.01201	0.01519	0.01831	0.01891	0.01479	0.00545	0.01514	0.02008	0.01866	0.01298	0.01653	0.01708	0.01765	0.01379	0.00569	0.01607	0.02149
36290	0.74084	0.71792	0.65068	5.08224	4.89922	4.69835	4.10081	2.67641	1.61785	4.41535	4.41195	4.32903	1.36043	1.16784	1.01398	7.54839	6.27934	5.32239
36450	0.74277	0.71818	0.65256	5.08471	4.90092	4.70122	4.10462	2.67973	1.61916	4.41710	4.41340	4.33111	1.35935	1.15967	1.00643	7.54897	6.27764	5.32034
36610	0.73854	0.71698	0.64950	5.08690	4.90311	4.70382	4.10694	2.67540	1.61686	4.41917	4.41664	4.33334	1.35486	1.15988	1.00539	7.55039	6.28078	5.32283
36780	0.73468	0.71226	0.64789	5.08610	4.90126	4.70097	4.09213	2.66835	1.60906	4.41757	4.41460	4.33156	1.35414	1.15715	1.00312	7.55173	6.28348	5.32537
36940	0.73562	0.71379	0.64791	5.08859	4.90424	4.70420	4.09131	2.66917	1.61204	4.42001	4.41735	4.33277	1.34848	1.15428	1.00056	7.55181	6.28088	5.32340
37110	0.73371	0.71162	0.64676	5.08906	4.90577	4.70542	4.08590	2.66573	1.60925	4.42116	4.41694	4.33412	1.34886	1.15197	1.00149	7.55604	6.28544	5.32594
37270	0.73123	0.70783	0.64354	5.08935	4.90448	4.70293	4.07776	2.66431	1.60530	4.41947	4.41618	4.33209	1.35090	1.15408	0.99961	7.55432	6.28574	5.32757
37440	0.73145	0.70925	0.64454	5.09062	4.90720	4.70735	4.08153	2.66419	1.60495	4.42258	4.42042	4.33537	1.34601	1.14941	0.99597	7.55512	6.28539	5.32778
37600	0.73083	0.70823	0.64347	5.09265	4.91042	4.71032	4.08263	2.66085	1.60392	4.42473	4.42191	4.33771	1.34477	1.14911	0.99516	7.56226	6.28946	5.33023
37770	0.73170	0.71011	0.64219	5.08942	4.90677	4.70520	4.09118	2.66054	1.60464	4.41971	4.41760	4.33333	1.34932	1.15258	1.00256	7.55890	6.28840	5.32916	33.74	6.1	0.00	-2.04	0.01735	0.01201	0.01520	0.01830	0.01891	0.01479	0.00546	0.01515	0.02009	0.01866	0.01298	0.01653	0.01709	0.01766	0.01379	0.00569	0.01606	0.02149
37930	0.73317	0.71005	0.64229	5.09195	4.90725	4.70733	4.09239	2.66532	1.60599	4.42278	4.41880	4.33550	1.34608	1.15137	0.99791	7.55823	6.28518	5.32667
38100	0.73367	0.71413	0.64686	5.09284	4.90961	4.70969	4.09161	2.66809	1.60849	4.42491	4.42065	4.33788	1.35042	1.15455	0.99893	7.55990	6.28963	5.33069
38260	0.73098	0.71167	0.64406	5.09284	4.90699	4.70783	4.07943	2.66354	1.60737	4.42254	4.41925	4.33533	1.34569	1.14906	0.99735	7.55668	6.28560	5.32651
38430	0.72923	0.70871	0.64374	5.09016	4.90571	4.70735	4.09023	2.66567	1.60824	4.42204	4.41870	4.33515	1.34667	1.15197	1.00027	7.55660	6.28711	5.32830
38590	0.73250	0.71056	0.64264	5.09120	4.90671	4.70733	4.09044	2.66156	1.60486	4.42126	4.41825	4.33478	1.34533	1.15107	0.99773	7.55701	6.28670	5.32795
38750	0.73117	0.70858	0.64307	5.09031	4.90563	4.70632	4.08855	2.66318	1.60598	4.42193	4.41725	4.33393	1.34744	1.15287	0.99618	7.55459	6.28578	5.32646
38920	0.72833	0.70860	0.64333	5.08922	4.90565	4.70708	4.08383	2.66251	1.60511	4.42165	4.41846	4.33441	1.34763	1.15074	0.99950	7.55915	6.28575	5.32807
39090	0.73010	0.70867	0.64333	5.08828	4.90411	4.70540	4.08518	2.66096	1.60676	4.42046	4.41615	4.33373	1.34773	1.15301	0.99816	7.55831	6.28704	5.32787
39250	0.73130	0.70865	0.64374	5.08857	4.90472	4.70517	4.08546	2.66206	1.60474	4.42128	4.41756	4.33422	1.34541	1.14956	0.99757	7.55672	6.28364	5.32456
39420	0.73367	0.71154	0.64658	5.08794	4.90494	4.70709	4.09414	2.66720	1.61150	4.42210	4.41742	4.33408	1.35110	1.15549	0.99905	7.55636	6.28431	5.32607	33.79	6.3	0.00	-2.04	0.01735	0.01201	0.01520	0.01830	0.01890	0.01479	0.00546	0.01515	0.02010	0.01866	0.01297	0.01652	0.01709	0.01767	0.01380	0.00569	0.01606	0.02148
39580	0.73182	0.70994	0.64292	5.08624	4.90191	4.70356	4.07709	2.66256	1.60767	4.41850	4.41546	4.33107	1.35144	1.15553	1.00222	7.55854	6.28833	5.33017
39740	0.73445	0.71464	0.64699	5.08968	4.90530	4.70649	4.08988	2.67013	1.61048	4.42202	4.41825	4.33380	1.34956	1.15238	0.99945	7.55644	6.28614	5.32652
39910	0.73136	0.70775	0.64451	5.08641	4.90245	4.70443	4.08661	2.66271	1.60610	4.41969	4.41511	4.33214	1.34615	1.15049	0.99621	7.55289	6.28327	5.32410
40070	0.72911	0.70603	0.64370	5.08347	4.90008	4.70204	4.08242	2.65980	1.60399	4.41737	4.41326	4.32967	1.34851	1.15507	1.00055	7.55862	6.28838	5.32976
40240	0.73479	0.71116	0.64498	5.09000	4.90613	4.70765	4.08419	2.66422	1.60722	4.42128	4.41758	4.33348	1.34696	1.15183	0.99793	7.55766	6.28547	5.32665
40400	0.73154	0.70949	0.64344	5.08684	4.90352	4.70511	4.09098	2.66799	1.60640	4.42016	4.41599	4.33245	1.34527	1.14988	0.99848	7.55607	6.28363	5.32414
40570	0.73185	0.71223	0.64432	5.08573	4.90077	4.70335	4.09201	2.67262	1.61673	4.41855	4.41272	4.32969	1.35592	1.16221	1.01100	7.54729	6.27727	5.31924
40740	0.74277	0.71902	0.65357	5.07864	4.89460	4.69704	4.10132	2.68459	1.62300	4.41348	4.40831	4.32445	1.36368	1.16684	1.01658	7.53994	6.26995	5.31078
40900	0.74609	0.72503	0.65682	5.07168	4.88923	4.69387	4.10566	2.68737	1.62904	4.41058	4.40612	4.32257	1.36925	1.17542	1.02260	7.53894	6.26794	5.30917
41070	0.74193	0.71975	0.65537	5.07606	4.89462	4.69633	4.11088	2.68528	1.62722	4.41401	4.40735	4.32532	1.36684	1.17198	1.02164	7.54269	6.27015	5.30977	33.74	6.0	0.00	-2.04	0.01733	0.01200	0.01518	0.01831	0.01892	0.01480	0.00545	0.01512	0.02006	0.01867	0.01298	0.01653	0.01706	0.01764	0.01377	0.00570	0.01608	0.02150
41240	0.75221	0.73436	0.66836	5.06730	4.88553	4.68915	4.13113	2.70486	1.64619	4.40787	4.40115	4.31943	1.38255	1.18816	1.03583	7.53297	6.25923	5.30125
41400	0.76485	0.74344	0.67801	5.05866	4.87794	4.68284	4.14276	2.72242	1.65807	4.40268	4.39425	4.31319	1.39743	1.20355	1.05039	7.52527	6.25064	5.29265
41570	0.78139	0.75721	0.69036	5.04968	4.86883	4.67446	4.16806	2.74812	1.68055	4.39677	4.38779	4.30800	1.41585	1.21471	1.05841	7.51548	6.24302	5.28571
41730	0.78190	0.75763	0.68977	5.04282	4.86291	4.66996	4.16092	2.73558	1.67093	4.39297	4.38471	4.30427	1.40965	1.20930	1.04774	7.50638	6.23699	5.28053
41890	0.77461	0.74976	0.68039	5.04407	4.86598	4.67337	4.01575	2.70856	1.65807	4.39601	4.38748	4.30742	1.39840	1.20512	1.04387	7.51420	6.24290	5.28594
42060	0.78469	0.76218	0.69351	5.04244	4.86244	4.67003	4.17391	2.74214	1.67579	4.39301	4.38386	4.30381	1.41189	1.21090	1.05745	7.50792	6.23697	5.28057
42220	0.78664	0.76489	0.69625	5.04420	4.86496	4.67209	4.18347	2.74752	1.68114	4.39499	4.38676	4.30664	1.41802	1.21843	1.06114	7.51711	6.24232	5.28549
42380	0.78525	0.76477	0.69386	5.04377	4.86249	4.66801	4.17492	2.74236	1.67699	4.39096	4.38246	4.30330	1.41366	1.21644	1.06111	7.50908	6.23991	5.28326
42550	0.78575	0.76309	0.69258	5.04082	4.86145	4.66762	4.17786	2.74248	1.67618	4.38986	4.38361	4.30231	1.41282	1.21400	1.05785	7.50542	6.23766	5.28184
42710	0.77202	0.74877	0.68135	5.04669	4.86767	4.67209	4.15803	2.72268	1.65906	4.39429	4.38656	4.30626	1.39836	1.20294	1.04675	7.51604	6.24794	5.29167	33.74	6.1	0.00	-2.04	0.01731	0.01198	0.01516	0.01833	0.01893	0.01480	0.00544	0.01510	0.02003	0.01868	0.01299	0.01654	0.01703	0.01761	0.01376	0.00570	0.01609	0.02152
42880	0.77350	0.75362	0.68318	5.04996	4.87007	4.67471	4.15584	2.72726	1.66176	4.39588	4.39002	4.30803	1.40026	1.20208	1.04630	7.51891	6.24643	5.28883
43040	0.77372	0.75060	0.68235	5.04929	4.87038	4.67554	4.15497	2.72806	1.66249	4.39671	4.39072	4.30973	1.40176	1.20221	1.04629	7.51945	6.24798	5.28945
43210	0.77189	0.74997	0.68162	5.04944	4.86954	4.67325	4.15181	2.72722	1.66160	4.39593	4.38976	4.30832	1.39866	1.20355	1.04557	7.52061	6.24925	5.29108
43370	0.77137	0.75185	0.68193	5.05100	4.86984	4.67589	4.15189	2.72557	1.66323	4.39609	4.39016	4.30934	1.39822	1.20175	1.04309	7.52007	6.24688	5.28926
43540	0.77291	0.75111	0.68060	5.05108	4.87106	4.67714	4.15634	2.72719	1.66330	4.39795	4.39218	4.31055	1.40078	1.20225	1.04655	7.52211	6.24855	5.29160
43700	0.77448	0.74953	0.68073	5.04904	4.86827	4.67333	4.15171	2.72269	1.65956	4.39453	4.38850	4.30780	1.40094	1.20332	1.04808	7.52016	6.24838	5.29127
43870	0.77385	0.75026	0.68240	5.05133	4.87081	4.67666	4.15655	2.72602	1.66229	4.39660	4.39140	4.30981	1.39953	1.20202	1.04568	7.52186	6.25019	5.29217
44030	0.77349	0.75141	0.68035	5.05249	4.87055	4.67609	4.15515	2.72290	1.66060	4.39698	4.39101	4.30944	1.40022	1.20045	1.04519	7.52336	6.25000	5.29339
44200	0.77354	0.74946	0.68127	5.05336	4.87108	4.67733	4.14453	2.72456	1.66185	4.39712	4.39147	4.31087	1.40009	1.20068	1.04503	7.51958	6.24750	5.29075
44360	0.76280	0.74049	0.67447	5.05656	4.87730	4.68375	4.14823	2.71852	1.65470	4.40289	4.39825	4.31573	1.39085	1.19430	1.03778	7.53489	6.25782	5.30028	33.79	6.1	0.00	-2.04	0.01729	0.01197	0.01515	0.01833	0.01894	0.01481	0.00543	0.01508	0.02001	0.01868	0.01299	0.01654	0.01702	0.01759	0.01374	0.00571	0.01610	0.02153
44530	0.76441	0.73993	0.67241	5.05867	4.87604	4.68115	4.12576	2.70779	1.64771	4.40047	4.39475	4.31433	1.38542	1.18827	1.03176	7.52483	6.25438	5.29654
44690	0.76064	0.73828	0.67123	5.05603	4.87482	4.67918	4.12727	2.70808	1.64801	4.39917	4.39352	4.31184	1.38789	1.19048	1.03621	7.52815	6.25474	5.29607
44860	0.76296	0.73910	0.67204	5.05656	4.87524	4.67942	4.13886	2.71110	1.64888	4.39982	4.39445	4.31314	1.38852	1.19149	1.03430	7.52603	6.25346	5.29564
45020	0.76200	0.74142	0.67279	5.05570	4.87578	4.68016	4.13552	2.71023	1.64758	4.39937	4.39502	4.31266	1.38851	1.19305	1.03456	7.52603	6.25401	5.29616
45190	0.76221	0.73936	0.67185	5.05629	4.87395	4.67770	4.13369	2.70976	1.64745	4.39772	4.39276	4.31116	1.38902	1.19238	1.03594	7.52516	6.25578	5.29707
45350	0.76628	0.74304	0.67501	5.05779	4.87655	4.68035	4.14198	2.71344	1.64894	4.40064	4.39603	4.31303	1.38886	1.19174	1.03547	7.52296	6.25216	5.29393
45520	0.76642	0.74234	0.67612	5.05922	4.87788	4.68237	4.14769	2.71561	1.65228	4.40194	4.39650	4.31424	1.39078	1.19321	1.03834	7.53065	6.25487	5.29733
45680	0.76453	0.73977	0.67371	5.05741	4.87552	4.67944	4.14449	2.71326	1.64647	4.39882	4.39293	4.31183	1.38874	1.19445	1.03761	7.52678	6.25691	5.29897
45850	0.76568	0.74354	0.67274	5.06028	4.87760	4.68106	4.13021	2.71042	1.64959	4.39969	4.39540	4.31371	1.38413	1.18710	1.02992	7.52761	6.25285	5.29499
46010	0.75433	0.73054	0.66464	5.06114	4.87932	4.68272	4.11342	2.70030	1.63653	4.40109	4.39592	4.31494	1.37882	1.18069	1.02758	7.53106	6.25681	5.29871	33.74	6.2	0.00	-2.04	0.01728	0.01197	0.01514	0.01834	0.01895	0.01482	0.00542	0.01506	0.01999	0.01869	0.01300	0.01655	0.01700	0.01758	0.01373	0.00571	0.01611	0.02154
46170	0.75456	0.73177	0.66534	5.05952	4.87782	4.68150	4.12159	2.69907	1.63615	4.39920	4.39412	4.31277	1.37754	1.18097	1.02803	7.52487	6.25469	5.29704
46340	0.75575	0.73417	0.66786	5.05987	4.87841	4.68198	4.13125	2.69993	1.63815	4.40070	4.39676	4.31390	1.38035	1.18298	1.03044	7.52790	6.25887	5.29955
46510	0.75825	0.73532	0.66726	5.06210	4.87881	4.68262	4.12353	2.70226	1.63994	4.40135	4.39607	4.31444	1.38304	1.18522	1.03325	7.53327	6.26121	5.30313
46670	0.76095	0.73709	0.66833	5.06590	4.88318	4.68544	4.13128	2.70538	1.64252	4.40317	4.39949	4.31724	1.38127	1.18414	1.02886	7.53248	6.26006	5.30158
46840	0.75592	0.73398	0.66549	5.06235	4.88003	4.68245	4.11109	2.69755	1.63730	4.40076	4.39579	4.31446	1.37598	1.18030	1.02569	7.53102	6.25482	5.29683
47000	0.75328	0.73292	0.66689	5.05995	4.87965	4.68441	4.12798	2.70419	1.64080	4.40194	4.39825	4.31635	1.38013	1.18401	1.02636	7.53036	6.25786	5.29939
47170	0.75443	0.73319	0.66560	5.06019	4.87700	4.68052	4.12138	2.69944	1.63926	4.39885	4.39372	4.31215	1.38009	1.18350	1.03001	7.53235	6.26020	5.30133
47330	0.75649	0.73406	0.66684	5.06349	4.87969	4.68345	4.12802	2.70054	1.63848	4.40099	4.39567	4.31441	1.37666	1.18134	1.02687	7.53115	6.25574	5.29735
47500	0.75905	0.73487	0.66798	5.06322	4.88108	4.68661	4.12443	2.70446	1.64407	4.40430	4.39847	4.31687	1.38120	1.18234	1.02870	7.53285	6.26101	5.30219
47660	0.75342	0.72855	0.66266	5.06389	4.88128	4.68491	4.11319	2.69213	1.63152	4.40212	4.39680	4.31521	1.37256	1.17660	1.02168	7.52971	6.26056	5.30065	33.74	6.1	0.00	-2.04	0.01727	0.01196	0.01514	0.01835	0.01895	0.01482	0.00542	0.01505	0.01998	0.01869	0.01300	0.01655	0.01699	0.01757	0.01373	0.00571	0.01611	0.02154
47820	0.74863	0.72677	0.66082	5.06110	4.87944	4.68354	4.10473	2.69102	1.63281	4.40067	4.39695	4.31387	1.37243	1.17523	1.02094	7.53133	6.26068	5.30072
47990	0.75006	0.72854	0.66191	5.06191	4.87960	4.68438	4.12151	2.69242	1.63150	4.40190	4.39689	4.31428	1.37173	1.17552	1.02100	7.53178	6.26000	5.30095
48150	0.74874	0.72596	0.65886	5.06036	4.87753	4.68192	4.10767	2.69001	1.62852	4.39881	4.39378	4.31180	1.37433	1.17735	1.02564	7.53594	6.26299	5.30506
48320	0.75233	0.73063	0.66343	5.06450	4.88185	4.68552	4.11706	2.69485	1.63575	4.40225	4.39696	4.31525	1.37245	1.17568	1.02034	7.53428	6.25956	5.30033
48480	0.75154	0.72762	0.66228	5.06121	4.88086	4.68439	4.11132	2.69421	1.63208	4.40141	4.39622	4.31374	1.37242	1.17443	1.02020	7.53174	6.25841	5.29980
48650	0.75060	0.72804	0.66148	5.06181	4.88033	4.68391	4.11459	2.69315	1.63516	4.40302	4.39672	4.31510	1.37286	1.17558	1.02057	7.53187	6.26019	5.30062
48810	0.75077	0.72582	0.65988	5.05991	4.87828	4.68180	4.10620	2.69213	1.63224	4.40039	4.39457	4.31237	1.37265	1.17499	1.02164	7.53062	6.25929	5.30017
48980	0.75134	0.72811	0.66320	5.06158	4.87986	4.68209	4.10957	2.69220	1.63242	4.40094	4.39554	4.31485	1.37363	1.17516	1.02342	7.53332	6.26221	5.30242
49140	0.75320	0.72997	0.66250	5.06323	4.88162	4.68565	4.11552	2.69335	1.63391	4.40340	4.39724	4.31650	1.37311	1.17628	1.02374	7.53636	6.26176	5.30126
49310	0.74724	0.72700	0.65926	5.06240	4.88166	4.68685	4.11040	2.69108	1.62943	4.40387	4.39853	4.31686	1.37085	1.17083	1.01821	7.53668	6.26340	5.30409	33.74	6.2	0.00	-2.04	0.01727	0.01196	0.01513	0.01835	0.01895	0.01482	0.00542	0.01505	0.01997	0.01869	0.01300	0.01655	0.01699	0.01756	0.01372	0.00571	0.01611	0.02155
49470	0.74742	0.72385	0.65674	5.06295	4.88068	4.68519	4.11492	2.68672	1.62579	4.40203	4.39578	4.31340	1.36942	1.17063	1.01692	7.53314	6.26317	5.30320
49630	0.74650	0.72414	0.65820	5.06349	4.88077	4.68509	4.10746	2.68622	1.62714	4.40265	4.39690	4.31473	1.36837	1.17022	1.01724	7.53148	6.25886	5.30047
49800	0.74448	0.72267	0.65577	5.05979	4.87780	4.68205	4.10922	2.68322	1.62445	4.40010	4.39483	4.31185	1.36923	1.17629	1.02065	7.53377	6.26324	5.30419
49960	0.74868	0.72590	0.66055	5.06439	4.88186	4.68737	4.11514	2.69126	1.62842	4.40368	4.39903	4.31603	1.36841	1.17287	1.01770	7.53672	6.26198	5.30227
50130	0.74778	0.72483	0.65875	5.06246	4.88080	4.68501	4.11980	2.69026	1.62935	4.40269	4.39701	4.31473	1.36920	1.16770	1.01604	7.53423	6.26064	5.30036
50290	0.74535	0.72341	0.65621	5.05893	4.87754	4.68202	4.11341	2.68538	1.62514	4.39974	4.39443	4.31272	1.36425	1.16792	1.01271	7.52953	6.25577	5.29725
50450	0.74632	0.72597	0.65981	5.06047	4.88138	4.68521	4.11248	2.69188	1.63131	4.40391	4.39847	4.31739	1.37170	1.17318	1.02059	7.53576	6.26128	5.30226
50620	0.74653	0.72376	0.65855	5.06012	4.87803	4.68280	4.10706	2.68669	1.62438	4.40047	4.39463	4.31255	1.36913	1.16974	1.01804	7.53327	6.26158	5.30080
50780	0.74611	0.72233	0.65571	5.05995	4.87776	4.68190	4.11234	2.68543	1.62594	4.40070	4.39450	4.31225	1.36724	1.17056	1.01559	7.53181	6.25685	5.29760
50950	0.74070	0.71733	0.65113	5.05736	4.87514	4.68009	4.10014	2.67837	1.62064	4.39919	4.39170	4.31062	1.36440	1.16985	1.01635	7.53433	6.26357	5.30338	33.79	6.1	0.00	-2.04	0.01727	0.01195	0.01513	0.01835	0.01896	0.01482	0.00542	0.01504	0.01996	0.01870	0.01300	0.01655	0.01698	0.01756	0.01372	0.00571	0.01612	0.02155
51110	0.74667	0.72403	0.65598	5.06243	4.88008	4.68450	4.10785	2.68605	1.62478	4.40270	4.39694	4.31368	1.36507	1.16969	1.01620	7.53130	6.25918	5.29939
51270	0.74669	0.72215	0.65614	5.06095	4.87959	4.68540	4.11058	2.68705	1.62501	4.40391	4.39657	4.31488	1.36567	1.16861	1.01477	7.53475	6.26027	5.30116
51440	0.74481	0.72080	0.65514	5.05923	4.87749	4.68297	4.10695	2.67963	1.62266	4.40131	4.39364	4.31261	1.36390	1.16693	1.01357	7.53092	6.26146	5.30141
51600	0.74349	0.72219	0.65326	5.05939	4.87871	4.68322	4.10735	2.68280	1.62368	4.40025	4.39374	4.31317	1.36224	1.16464	1.01150	7.52810	6.25690	5.29780
51770	0.74522	0.72404	0.65696	5.05975	4.87867	4.68434	4.10817	2.68253	1.62598	4.40226	4.39533	4.31491	1.36502	1.16763	1.01568	7.52835	6.26075	5.30018
51930	0.74384	0.72057	0.65405	5.05874	4.87720	4.68180	4.10721	2.68344	1.62385	4.40176	4.39449	4.31223	1.36461	1.16640	1.01279	7.52947	6.25957	5.29967
52100	0.74627	0.72098	0.65535	5.05840	4.87657	4.68199	4.10459	2.68335	1.62267	4.40190	4.39469	4.31251	1.36589	1.16826	1.01645	7.53113	6.26110	5.30120
52260	0.74447	0.72046	0.65552	5.06039	4.87920	4.68448	4.10505	2.68548	1.62576	4.40267	4.39606	4.31334	1.36479	1.16767	1.01227	7.53080	6.25980	5.29933
52430	0.74362	0.72088	0.65630	5.05817	4.87790	4.68470	4.11101	2.68658	1.62674	4.40319	4.39601	4.31436	1.36536	1.16871	1.01647	7.53234	6.26139	5.30060
52590	0.74087	0.71913	0.65262	5.05837	4.87749	4.68285	4.10332	2.67860	1.62048	4.40115	4.39236	4.31157	1.36163	1.16532	1.01346	7.53436	6.26027	5.30107	33.79	6.1	0.00	-2.04	0.01726	0.01195	0.01513	0.01835	0.01896	0.01482	0.00541	0.01504	0.01996	0.01870	0.01300	0.01656	0.01698	0.01756	0.01372	0.00571	0.01612	0.02155
52760	0.74168	0.71813	0.65438	5.06088	4.87824	4.68371	4.10041	2.68007	1.62128	4.40126	4.39287	4.31238	1.36216	1.16366	1.01049	7.53154	6.25749	5.29795
52920	0.73985	0.71745	0.65365	5.05648	4.87702	4.68390	4.10540	2.68131	1.62268	4.40229	4.39497	4.31378	1.36260	1.16629	1.00924	7.53432	6.26046	5.29971
53090	0.74116	0.71739	0.65309	5.05754	4.87569	4.68190	4.10328	2.67839	1.61983	4.40057	4.39259	4.31169	1.36189	1.16578	1.01156	7.53337	6.26220	5.30146
53250	0.74317	0.71951	0.65536	5.05904	4.87767	4.68367	4.10178	2.68238	1.62131	4.40183	4.39301	4.31208	1.36090	1.16612	1.01049	7.53212	6.25922	5.29835
53420	0.74431	0.71916	0.65479	5.05973	4.87823	4.68429	4.10698	2.68339	1.62462	4.40306	4.39530	4.31452	1.36430	1.16671	1.01559	7.53212	6.26163	5.30118
53580	0.74131	0.71828	0.65205	5.05740	4.87646	4.68184	4.09977	2.68052	1.62024	4.40052	4.39267	4.31176	1.36116	1.16409	1.01127	7.53357	6.25961	5.29729
53740	0.74119	0.71754	0.65256	5.05500	4.87515	4.68096	4.10052	2.68180	1.62026	4.39979	4.39223	4.31031	1.36174	1.16409	1.01182	7.53162	6.25886	5.29854
53910	0.74038	0.71920	0.65392	5.05601	4.87487	4.68074	4.09615	2.67824	1.62229	4.40039	4.39177	4.31100	1.36046	1.16372	1.01124	7.52988	6.25834	5.29772
54070	0.74230	0.71925	0.65181	5.05666	4.87581	4.68096	4.10511	2.67956	1.62093	4.40066	4.39153	4.31087	1.36307	1.16555	1.01277	7.53050	6.25866	5.29822
54240	0.74075	0.71691	0.65140	5.05598	4.87461	4.67973	4.10783	2.67837	1.61860	4.39825	4.39082	4.30925	1.35955	1.16512	1.01260	7.53412	6.26035	5.30006	33.79	6.0	0.00	-2.04	0.01726	0.01195	0.01513	0.01835	0.01896	0.01483	0.00541	0.01503	0.01996	0.01870	0.01300	0.01656	0.01698	0.01755	0.01371	0.00571	0.01612	0.02155
54410	0.74118	0.71911	0.65415	5.05852	4.87705	4.68266	4.11458	2.68258	1.62205	4.40144	4.39328	4.31198	1.36102	1.16300	1.00927	7.53424	6.25880	5.29853
54570	0.74164	0.71867	0.65437	5.06078	4.88017	4.68499	4.10891	2.68298	1.62436	4.40240	4.39515	4.31371	1.36227	1.16548	1.01383	7.53536	6.26206	5.30169
54730	0.74180	0.71659	0.65163	5.05849	4.87765	4.68283	4.10622	2.68005	1.62065	4.40001	4.39256	4.31116	1.36050	1.16288	1.00939	7.52867	6.25781	5.29767
54900	0.73977	0.71610	0.65057	5.05667	4.87595	4.68201	4.10356	2.67695	1.61854	4.39916	4.39086	4.30975	1.35790	1.16268	1.00758	7.53295	6.25758	5.29882
55060	0.74061	0.71662	0.65237	5.05654	4.87543	4.68025	4.09854	2.67694	1.61839	4.39863	4.39128	4.30945	1.36005	1.16425	1.00902	7.53096	6.25871	5.29976
55230	0.74011	0.71767	0.65265	5.05821	4.87536	4.67974	4.10277	2.67882	1.61919	4.39967	4.39168	4.30920	1.35881	1.16311	1.01146	7.52988	6.25725	5.29731
55390	0.74069	0.71575	0.65516	5.05620	4.87630	4.68002	4.10166	2.67835	1.61967	4.40025	4.39120	4.31076	1.36068	1.16309	1.00930	7.53303	6.25887	5.29822
55560	0.73971	0.71884	0.65220	5.05629	4.87560	4.68012	4.09969	2.67993	1.61834	4.39916	4.39044	4.30922	1.36176	1.16310	1.01031	7.53270	6.25971	5.29989
55720	0.74360	0.71776	0.65334	5.05995	4.87713	4.68235	4.10417	2.67865	1.62139	4.40087	4.39251	4.31084	1.35813	1.16418	1.00795	7.52884	6.25739	5.29764
55890	0.73761	0.71609	0.65202	5.05979	4.87929	4.68383	4.09926	2.68160	1.62145	4.40244	4.39418	4.31194	1.36182	1.16439	1.00908	7.53576	6.26060	5.29958	33.74	6.2	0.00	-2.04	0.01726	0.01195	0.01513	0.01835	0.01896	0.01483	0.00541	0.01503	0.01996	0.01870	0.01300	0.01656	0.01697	0.01755	0.01371	0.00571	0.01612	0.02155
56050	0.73860	0.71681	0.65045	5.05834	4.87737	4.68160	4.09460	2.67438	1.61752	4.39897	4.39079	4.30968	1.35983	1.16327	1.00912	7.53643	6.26300	5.30139
56220	0.73925	0.71919	0.65002	5.05919	4.87808	4.68309	4.10005	2.67735	1.62024	4.40008	4.39165	4.31073	1.35790	1.16081	1.00686	7.53314	6.25757	5.29697
56380	0.73876	0.71622	0.65021	5.05735	4.87730	4.68254	4.09682	2.67993	1.62042	4.40074	4.39210	4.31074	1.35934	1.16228	1.00746	7.53094	6.25858	5.29641
56540	0.73928	0.71487	0.64933	5.05528	4.87388	4.67890	4.09177	2.67379	1.61500	4.39699	4.38831	4.30774	1.35662	1.16068	1.00803	7.52928	6.25726	5.29733
56710	0.73765	0.71346	0.65005	5.05580	4.87514	4.67976	4.09058	2.67820	1.61696	4.39790	4.39023	4.30841	1.35666	1.16176	1.00899	7.52878	6.25642	5.29613
56870	0.73779	0.71321	0.64834	5.05442	4.87296	4.67705	4.09460	2.67443	1.61472	4.39626	4.38788	4.30708	1.35718	1.16300	1.00996	7.53318	6.26093	5.30057
57040	0.74217	0.71839	0.65258	5.05821	4.87612	4.68040	4.10550	2.68001	1.61785	4.39983	4.39092	4.30966	1.35757	1.15870	1.00443	7.52903	6.25775	5.29677
57200	0.73987	0.71658	0.65370	5.05892	4.87924	4.68312	4.10188	2.68163	1.62111	4.40090	4.39300	4.31127	1.36068	1.16505	1.00980	7.53152	6.25903	5.29901
57370	0.73925	0.71503	0.64816	5.05727	4.87560	4.68114	4.10012	2.67961	1.61765	4.39809	4.38923	4.30819	1.35861	1.16230	1.00936	7.53173	6.26020	5.29961
57530	0.73869	0.71318	0.64874	5.05801	4.87767	4.68180	4.09869	2.67693	1.61665	4.39870	4.39027	4.30831	1.35633	1.15957	1.00545	7.52876	6.25620	5.29605	33.74	6.1	0.00	-2.04	0.01726	0.01195	0.01512	0.01836	0.01896	0.01483	0.00541	0.01503	0.01995	0.01870	0.01300	0.01656	0.01697	0.01755	0.01371	0.00571	0.01612	0.02155
57690	0.73645	0.71209	0.65091	5.05622	4.87606	4.68033	4.10242	2.67575	1.61545	4.39892	4.39011	4.30951	1.35550	1.15663	1.00483	7.52951	6.25551	5.29578
57860	0.73564	0.71456	0.64873	5.05432	4.87457	4.67966	4.09138	2.67314	1.61345	4.39652	4.38923	4.30692	1.35824	1.16212	1.00875	7.53292	6.26115	5.30060
58020	0.73985	0.71717	0.65042	5.05932	4.87903	4.68372	4.10095	2.67930	1.61977	4.40082	4.39304	4.31080	1.35945	1.16280	1.00900	7.53395	6.25980	5.29879
58190	0.73938	0.71407	0.64918	5.05838	4.87861	4.68263	4.09998	2.67733	1.61600	4.39908	4.39099	4.30982	1.35723	1.16000	1.00568	7.53022	6.25906	5.29805
58350	0.73797	0.71204	0.65002	5.05591	4.87455	4.67931	4.10163	2.67258	1.61262	4.39639	4.38863	4.30696	1.35394	1.15561	1.00245	7.52860	6.25365	5.29294
58510	0.73358	0.71272	0.64850	5.05276	4.87421	4.68042	4.09837	2.67772	1.61665	4.39903	4.39100	4.30909	1.35606	1.15919	1.00730	7.52947	6.25661	5.29657
58680	0.73599	0.71331	0.64846	5.05650	4.87460	4.67853	4.10085	2.67236	1.61479	4.39579	4.38792	4.30681	1.35317	1.15626	1.00041	7.52789	6.25249	5.29294
58840	0.73564	0.71274	0.65039	5.05348	4.87591	4.68190	4.10422	2.68236	1.61886	4.40135	4.39381	4.31248	1.35824	1.16412	1.00786	7.53458	6.26018	5.30062
59010	0.73884	0.71426	0.64877	5.05760	4.87588	4.68201	4.09457	2.67453	1.61580	4.39876	4.39020	4.30941	1.35899	1.16134	1.00618	7.53549	6.26089	5.30095
59170	0.73870	0.71609	0.65133	5.05860	4.87798	4.68204	4.10159	2.67667	1.61909	4.39912	4.39203	4.30969	1.35569	1.15934	1.00571	7.53109	6.25743	5.29741	33.79	6.1	0.00	-2.04	0.01726	0.01195	0.01512	0.01836	0.01896	0.01483	0.00541	0.01503	0.01995	0.01870	0.01300	0.01656	0.01697	0.01755	0.01371	0.00571	0.01612	0.02155
59330	0.73545	0.71362	0.64966	5.05440	4.87481	4.68106	4.10202	2.67536	1.61566	4.39886	4.39109	4.30970	1.35342	1.15724	1.00382	7.52822	6.25642	5.29551
59500	0.73543	0.71348	0.64852	5.05381	4.87299	4.67948	4.09416	2.67322	1.61387	4.39705	4.38943	4.30841	1.35236	1.15643	1.00428	7.52610	6.25519	5.29465
59660	0.73760	0.71689	0.65048	5.05621	4.87712	4.68332	4.10500	2.67819	1.61768	4.40066	4.39220	4.31189	1.35868	1.15894	1.00658	7.53287	6.25961	5.29915
59820	0.73759	0.71284	0.64873	5.05454	4.87333	4.67981	4.09761	2.67407	1.61440	4.39728	4.38794	4.30792	1.35637	1.15950	1.00778	7.53046	6.25765	5.29731
59990	0.73693	0.71308	0.64716	5.05404	4.87255	4.67864	4.09621	2.67564	1.61389	4.39679	4.38859	4.30762	1.35539	1.15769	1.00518	7.53001	6.25506	5.29584
60150	0.73789	0.71115	0.64759	5.05247	4.87082	4.67665	4.10015	2.66870	1.61077	4.39469	4.38636	4.30607	1.35580	1.15957	1.00712	7.53250	6.25818	5.29860
60320	0.73856	0.71493	0.64899	5.05564	4.87492	4.67994	4.09897	2.67419	1.61553	4.39755	4.38874	4.30829	1.35568	1.15828	1.00483	7.52635	6.25622	5.29455
60480	0.73694	0.71315	0.65207	5.05582	4.87543	4.68182	4.10535	2.67702	1.61707	4.39964	4.39080	4.31020	1.35732	1.15902	1.00643	7.53292	6.25844	5.29709
60650	0.73711	0.71360	0.64898	5.05468	4.87240	4.67783	4.09183	2.67083	1.61455	4.39654	4.38804	4.30758	1.35635	1.15877	1.00759	7.52992	6.25776	5.29870
60810	0.73622	0.71229	0.64847	5.05531	4.87380	4.67844	4.09531	2.67040	1.61375	4.39745	4.38742	4.30719	1.35315	1.15813	1.00350	7.52538	6.25401	5.29435	33.79	6.0	0.00	-2.04	0.01726	0.01195	0.01512	0.01836	0.01896	0.01483	0.00541	0.01503	0.01995	0.01870	0.01300	0.01656	0.01697	0.01755	0.01371	0.00571	0.01612	0.02155
60980	0.73673	0.71620	0.65028	5.05441	4.87468	4.67993	4.09836	2.67594	1.61654	4.39776	4.38884	4.30853	1.35575	1.15823	1.00573	7.53049	6.25610	5.29572
61140	0.73643	0.71317	0.64596	5.05214	4.87010	4.67725	4.08689	2.66921	1.60963	4.39452	4.38603	4.30579	1.35208	1.15648	1.00666	7.53011	6.25648	5.29558
61300	0.73618	0.71596	0.64757	5.05339	4.87209	4.67713	4.09614	2.67449	1.61289	4.39637	4.38739	4.30627	1.35410	1.15814	1.00664	7.52986	6.25792	5.29712
61470	0.73842	0.71487	0.65039	5.05390	4.87329	4.67868	4.09649	2.67441	1.61505	4.39671	4.38726	4.30825	1.35526	1.15943	1.00347	7.53028	6.25464	5.29445
61630	0.73454	0.71518	0.64897	5.05100	4.87330	4.67864	4.09775	2.67583	1.61641	4.39725	4.38814	4.30812	1.35552	1.16077	1.00436	7.53261	6.25667	5.29513
61800	0.73555	0.71361	0.64667	5.05226	4.87221	4.67725	4.09746	2.67147	1.61321	4.39534	4.38531	4.30536	1.35746	1.16250	1.01067	7.52957	6.25977	5.29838
61960	0.73933	0.71858	0.65119	5.05580	4.87432	4.68153	4.10159	2.67690	1.61584	4.39883	4.38902	4.30851	1.35643	1.16015	1.00502	7.52986	6.25646	5.29477
62130	0.73619	0.71215	0.65071	5.05107	4.87072	4.67649	4.09578	2.67272	1.61130	4.39598	4.38663	4.30573	1.35371	1.15987	1.00367	7.52841	6.25446	5.29403
62290	0.73671	0.71144	0.64763	5.04975	4.86899	4.67429	4.08653	2.66995	1.61130	4.39325	4.38336	4.30428	1.35728	1.16023	1.00936	7.53053	6.25961	5.29863
62460	0.73916	0.71694	0.65193	5.05454	4.87378	4.68041	4.09442	2.67486	1.61741	4.39731	4.38807	4.30719	1.35474	1.15920	1.00494	7.52999	6.25515	5.29409	33.85	6.1	0.00	-2.04	0.01726	0.01195	0.01512	0.01836	0.01896	0.01483	0.00541	0.01503	0.01995	0.01870	0.01300	0.01656	0.01697	0.01755	0.01371	0.00571	0.01612	0.02155
62620	0.73756	0.71414	0.64658	5.05121	4.87135	4.67597	4.10891	2.67306	1.61438	4.39475	4.38612	4.30464	1.35434	1.15732	1.00410	7.52737	6.25485	5.29277
62790	0.73533	0.71416	0.64787	5.05151	4.87095	4.67599	4.09987	2.67420	1.61645	4.39531	4.38623	4.30508	1.35564	1.15924	1.00471	7.52584	6.25521	5.29289
62950	0.73408	0.71227	0.64779	5.04937	4.86866	4.67448	4.09696	2.67299	1.61170	4.39380	4.38469	4.30368	1.35513	1.15943	1.00604	7.52567	6.25563	5.29404
63120	0.73674	0.71423	0.64861	5.05102	4.87010	4.67675	4.09449	2.67666	1.61515	4.39518	4.38584	4.30539	1.35413	1.15876	1.00331	7.52621	6.25286	5.29119
63280	0.73595	0.71649	0.64905	5.05095	4.87196	4.67731	4.09736	2.67594	1.61671	4.39656	4.38693	4.30691	1.35609	1.16178	1.00387	7.53049	6.25453	5.29354
63450	0.73477	0.71253	0.64703	5.04934	4.86934	4.67358	4.09026	2.67066	1.61348	4.39303	4.38317	4.30383	1.35545	1.15991	1.00785	7.53211	6.25763	5.29586
63610	0.73910	0.71595	0.64777	5.05225	4.87242	4.67623	4.09166	2.67210	1.61440	4.39577	4.38571	4.30509	1.35380	1.15819	1.00385	7.52887	6.25375	5.29225
63780	0.73682	0.71283	0.64953	5.04888	4.86961	4.67486	4.09743	2.67443	1.61558	4.39454	4.38532	4.30527	1.35419	1.15934	1.00494	7.52542	6.25503	5.29352
63940	0.73852	0.71565	0.64942	5.05056	4.87023	4.67423	4.09435	2.67635	1.61588	4.39454	4.38441	4.30579	1.35359	1.15666	1.00276	7.52833	6.25244	5.29140
64110	0.73472	0.71128	0.64808	5.04880	4.87010	4.67509	4.10489	2.67811	1.61760	4.39596	4.38629	4.30535	1.35437	1.15827	1.00391	7.52372	6.25453	5.29195	33.79	6.2	0.00	-2.04	0.01726	0.01195	0.01512	0.01836	0.01896	0.01483	0.00541	0.01503	0.01995	0.01870	0.01300	0.01656	0.01697	0.01755	0.01371	0.00571	0.01612	0.02155
64270	0.73515	0.71249	0.64684	5.04886	4.86768	4.67170	4.09692	2.66904	1.61115	4.39215	4.38335	4.30191	1.35440	1.15804	1.00741	7.52895	6.25391	5.29398
64440	0.73565	0.71395	0.64775	5.05160	4.87078	4.67601	4.09369	2.67391	1.61306	4.39483	4.38569	4.30457	1.35290	1.15729	1.00202	7.52496	6.25294	5.29118
64600	0.73307	0.71064	0.64521	5.04849	4.86991	4.67604	4.09735	2.67162	1.61460	4.39456	4.38610	4.30532	1.35430	1.15729	1.00436	7.52409	6.25199	5.29102
64770	0.73493	0.71312	0.64593	5.04775	4.86662	4.67223	4.08807	2.66980	1.61040	4.39202	4.38300	4.30147	1.35228	1.15649	1.00425	7.52467	6.25363	5.29206
64930	0.73663	0.71362	0.64882	5.04919	4.86910	4.67392	4.10270	2.67260	1.61316	4.39352	4.38464	4.30379	1.35324	1.15585	1.00233	7.52347	6.25047	5.28954
65090	0.73728	0.71518	0.64968	5.04948	4.87121	4.67555	4.09735	2.67827	1.61644	4.39584	4.38573	4.30520	1.35421	1.15877	1.00267	7.52488	6.25286	5.29203
65260	0.73480	0.71267	0.64641	5.04882	4.86719	4.67242	4.08617	2.66975	1.61116	4.39246	4.38280	4.30218	1.35564	1.16263	1.00678	7.52816	6.25614	5.29465
65420	0.73865	0.71289	0.64775	5.05132	4.87049	4.67485	4.09592	2.67533	1.61365	4.39468	4.38508	4.30454	1.34736	1.15328	0.99797	7.52571	6.25288	5.29040
65590	0.73250	0.70971	0.64596	5.04778	4.86822	4.67308	4.09298	2.67115	1.61306	4.39281	4.38421	4.30313	1.35057	1.15582	1.00213	7.52313	6.25105	5.28994
65750	0.73296	0.71139	0.64572	5.04574	4.86538	4.67044	4.09453	2.66657	1.60912	4.38999	4.38125	4.30032	1.35379	1.15820	1.00248	7.52565	6.25345	5.29392	33.79	6.1	0.00	-2.04	0.01726	0.01195	0.01512	0.01836	0.01896	0.01483	0.00541	0.01503	0.01995	0.01870	0.01300	0.01656	0.01697	0.01755	0.01371	0.00571	0.01612	0.02155
65920	0.73420	0.70766	0.64433	5.05081	4.86960	4.67488	4.08278	2.67048	1.61052	4.39355	4.38515	4.30358	1.35124	1.15564	1.00051	7.52170	6.25169	5.29058
66080	0.73468	0.70908	0.64538	5.04778	4.86902	4.67210	4.07759	2.66447	1.60794	4.39273	4.38245	4.30194	1.34572	1.15070	0.99582	7.52195	6.24928	5.28860
66250	0.72856	0.70764	0.64419	5.04787	4.86782	4.67229	4.07834	2.66705	1.61081	4.39325	4.38398	4.30281	1.35153	1.15622	1.00158	7.52345	6.25167	5.29036
66410	0.73497	0.71219	0.64702	5.04718	4.86705	4.67177	4.09475	2.67093	1.61075	4.39254	4.38252	4.30190	1.35425	1.15809	1.00317	7.52349	6.25125	5.29064
66580	0.73609	0.71601	0.65045	5.04916	4.86879	4.67320	4.10673	2.67477	1.61407	4.39305	4.38350	4.30297	1.35653	1.16012	1.00670	7.52183	6.25262	5.29167
66740	0.73963	0.71532	0.65085	5.04926	4.86996	4.67596	4.10486	2.67447	1.61349	4.39419	4.38506	4.30422	1.35535	1.15792	1.00329	7.52366	6.25279	5.29030
66910	0.73560	0.71267	0.64949	5.04815	4.86860	4.67507	4.10745	2.67702	1.61516	4.39473	4.38390	4.30416	1.35322	1.15905	1.00377	7.52718	6.25143	5.29046
67070	0.73557	0.71248	0.64565	5.04808	4.86740	4.67156	4.10027	2.67103	1.61365	4.39171	4.38121	4.30023	1.35326	1.15730	1.00223	7.52166	6.25171	5.29046
67240	0.73542	0.71326	0.64644	5.04913	4.86776	4.67228	4.09607	2.67314	1.61224	4.39118	4.38227	4.30110	1.35211	1.15629	1.00195	7.52399	6.24950	5.28754
67400	0.73283	0.71119	0.64800	5.04536	4.86714	4.67286	4.11252	2.67480	1.61166	4.39236	4.38270	4.30250	1.35363	1.15831	1.00442	7.52299	6.25141	5.28915	33.79	6.2	0.00	-2.04	0.01726	0.01195	0.01512	0.01836	0.01896	0.01483	0.00541	0.01503	0.01995	0.01870	0.01300	0.01656	0.01697	0.01755	0.01371	0.00571	0.01612	0.02155
67560	0.73522	0.71245	0.64585	5.04643	4.86571	4.66973	4.09497	2.66870	1.61286	4.39045	4.38057	4.30019	1.35351	1.15887	1.00362	7.52303	6.25244	5.29110
67730	0.73700	0.71300	0.64740	5.04764	4.86667	4.67184	4.10401	2.67125	1.61249	4.39244	4.38228	4.30105	1.35142	1.15612	1.00193	7.52593	6.25021	5.28861
67890	0.73477	0.71251	0.64833	5.04778	4.86723	4.67238	4.10021	2.67295	1.61465	4.39275	4.38332	4.30258	1.35223	1.15559	1.00082	7.52290	6.25019	5.28949
68060	0.73351	0.71189	0.64712	5.04572	4.86620	4.67070	4.10308	2.67108	1.60980	4.39048	4.37962	4.30035	1.35243	1.15633	1.00410	7.52365	6.25285	5.29174
68220	0.73766	0.71247	0.64610	5.04852	4.86742	4.67156	4.09361	2.67106	1.61181	4.39120	4.38185	4.30207	1.35126	1.15524	0.99951	7.52340	6.24796	5.28693
68390	0.73419	0.71554	0.64968	5.04992	4.87072	4.67475	4.10082	2.67447	1.61631	4.39533	4.38512	4.30537	1.35598	1.15924	1.00695	7.52784	6.25348	5.29255
68550	0.73475	0.71318	0.64579	5.04799	4.86781	4.67171	4.09720	2.66810	1.61201	4.39113	4.38127	4.30120	1.35095	1.15649	1.00204	7.52054	6.24878	5.28775
68720	0.73335	0.71108	0.64425	5.04651	4.86633	4.67069	4.09347	2.66905	1.61178	4.39124	4.38040	4.30042	1.35181	1.15500	1.00118	7.52282	6.24844	5.28742
68880	0.73467	0.71206	0.64761	5.04687	4.86625	4.67109	4.09684	2.66889	1.61232	4.39070	4.38191	4.30117	1.34970	1.15614	1.00183	7.51913	6.24856	5.28659
69050	0.73517	0.71502	0.64946	5.04667	4.86773	4.67104	4.09197	2.67337	1.61154	4.39173	4.38217	4.30177	1.35226	1.15531	1.00293	7.52162	6.25078	5.28835	33.79	6.1	0.00	-2.04	0.01726	0.01195	0.01512	0.01836	0.01896	0.01483	0.00541	0.01503	0.01995	0.01870	0.01300	0.01656	0.01697	0.01755	0.01371	0.00571	0.01612	0.02156
69210	0.73300	0.71223	0.64887	5.04600	4.86656	4.66932	4.10111	2.67045	1.61022	4.38988	4.38021	4.30079	1.35068	1.15573	1.00244	7.52170	6.25024	5.28887
69380	0.73507	0.71287	0.64783	5.04688	4.86741	4.67202	4.09427	2.66829	1.61239	4.39069	4.38179	4.30066	1.35207	1.15643	1.00360	7.52560	6.25234	5.29014
69540	0.73466	0.71210	0.64704	5.04839	4.86836	4.67206	4.10653	2.67397	1.61392	4.39161	4.38230	4.30140	1.35046	1.15649	1.00044	7.51925	6.25033	5.28869
69710	0.73206	0.71403	0.64808	5.04575	4.86791	4.67293	4.09305	2.67161	1.61448	4.39240	4.38285	4.30145	1.35375	1.15819	1.00355	7.52444	6.25167	5.29038
69870	0.73485	0.70974	0.64555	5.04659	4.86582	4.66889	4.09882	2.66832	1.61013	4.38830	4.37952	4.29899	1.35151	1.15529	1.00139	7.52315	6.25052	5.28930
70040	0.73417	0.71151	0.64626	5.04736	4.86642	4.67068	4.09312	2.67177	1.61105	4.38901	4.37967	4.29945	1.35199	1.15484	1.00236	7.52045	6.24876	5.28682
70200	0.73381	0.71008	0.64537	5.04573	4.86568	4.66989	4.09416	2.67099	1.61235	4.39029	4.38040	4.29937	1.35036	1.15697	0.99931	7.51867	6.24914	5.28719
70360	0.73385	0.70738	0.64425	5.04507	4.86427	4.66782	4.09412	2.66932	1.60940	4.38747	4.37815	4.29827	1.35424	1.15556	1.00240	7.52108	6.25008	5.28759
70530	0.73253	0.71282	0.64671	5.04610	4.86547	4.66893	4.09878	2.66915	1.61077	4.38849	4.38017	4.29770	1.35111	1.15477	1.00199	7.52091	6.24819	5.28652
70690	0.73200	0.71219	0.64559	5.04601	4.86618	4.66912	4.10347	2.67098	1.61053	4.38882	4.37948	4.29943	1.34985	1.15537	1.00236	7.52243	6.24888	5.28700	33.79	6.2	0.00	-2.04	0.01726	0.01195	0.01512	0.01836	0.01896	0.01483	0.00541	0.01503	0.01995	0.01870	0.01300	0.01656	0.01697	0.01755	0.01371	0.00571	0.01612	0.02156
70860	0.73158	0.71144	0.64320	5.04366	4.86294	4.66733	4.08666	2.66789	1.60977	4.38691	4.37771	4.29577	1.35306	1.15708	1.00406	7.52102	6.25103	5.28893
71020	0.73522	0.71187	0.64527	5.04708	4.86630	4.66942	4.09985	2.67095	1.61165	4.38966	4.37930	4.29872	1.34924	1.15505	1.00172	7.51704	6.24661	5.28578
71190	0.73329	0.71265	0.64762	5.04798	4.86839	4.67315	4.10297	2.67672	1.61557	4.39207	4.38229	4.30101	1.35353	1.15947	1.00389	7.52492	6.25159	5.29083
71350	0.73336	0.71197	0.64505	5.04676	4.86518	4.66934	4.08852	2.66809	1.61106	4.38887	4.37954	4.29787	1.35096	1.15541	0.99996	7.51973	6.24604	5.28566
71520	0.73306	0.70768	0.64334	5.04419	4.86390	4.66750	4.08892	2.66700	1.61079	4.38703	4.37808	4.29792	1.35135	1.15575	1.00147	7.51753	6.24680	5.28563
71680	0.73277	0.70887	0.64527	5.04467	4.86403	4.66806	4.09831	2.66909	1.61090	4.38741	4.37861	4.29652	1.34952	1.15492	1.00022	7.51699	6.24633	5.28516
71850	0.73170	0.71059	0.64675	5.04430	4.86402	4.66795	4.09193	2.67097	1.61031	4.38808	4.37852	4.29782	1.34972	1.15390	0.99845	7.51840	6.24685	5.28595
72010	0.73084	0.71179	0.64442	5.04393	4.86303	4.66750	4.09146	2.67108	1.60931	4.38797	4.37812	4.29710	1.34895	1.15529	1.00218	7.52629	6.24629	5.28561
72180	0.73302	0.70949	0.64535	5.04436	4.86377	4.66806	4.09375	2.66968	1.61162	4.38741	4.37768	4.29792	1.35131	1.15509	1.00267	7.52102	6.24848	5.28784
72340	0.73176	0.71091	0.64654	5.04677	4.86597	4.66964	4.09626	2.67079	1.61202	4.38903	4.37869	4.29759	1.35061	1.15490	1.00068	7.51918	6.24810	5.28649	33.79	6.2	0.00	-2.04	0.01726	0.01195	0.01512	0.01836	0.01896	0.01483	0.00541	0.01503	0.01995	0.01870	0.01300	0.01656	0.01697	0.01755	0.01371	0.00571	0.01612	0.02156
72510	0.73243	0.70914	0.64570	5.04506	4.86461	4.66892	4.09464	2.67047	1.61125	4.38952	4.37772	4.29813	1.35114	1.15315	0.99824	7.52142	6.24755	5.28687
72670	0.73446	0.70841	0.64246	5.04371	4.86329	4.66595	4.08984	2.66824	1.60888	4.38640	4.37640	4.29504	1.34928	1.15317	0.99989	7.51872	6.24810	5.28716
72840	0.73170	0.70992	0.64501	5.04556	4.86494	4.66873	4.08995	2.67077	1.61028	4.38775	4.37741	4.29666	1.34905	1.15258	0.99690	7.51698	6.24605	5.28360
73000	0.72964	0.70897	0.64388	5.04256	4.86292	4.66769	4.09203	2.66975	1.61177	4.38663	4.37658	4.29636	1.35016	1.15302	1.00133	7.51851	6.24468	5.28502
73160	0.73283	0.70935	0.64328	5.04233	4.86143	4.66541	4.09335	2.66679	1.60833	4.38494	4.37485	4.29460	1.35106	1.15501	1.00160	7.51773	6.24636	5.28600
73330	0.73133	0.70984	0.64452	5.04438	4.86365	4.66699	4.09224	2.67044	1.61046	4.38765	4.37701	4.29674	1.34793	1.15156	1.00029	7.51706	6.24546	5.28502
73490	0.73213	0.70990	0.64411	5.04411	4.86386	4.66734	4.09045	2.67058	1.60996	4.38743	4.37728	4.29731	1.34826	1.15421	1.00060	7.51822	6.24656	5.28542
73660	0.73280	0.70861	0.64411	5.04255	4.86183	4.66511	4.09002	2.66474	1.61057	4.38567	4.37494	4.29521	1.34922	1.15653	1.00167	7.52063	6.24914	5.28761
73820	0.73239	0.70968	0.64427	5.04543	4.86398	4.66853	4.09884	2.66986	1.61123	4.38711	4.37821	4.29620	1.34860	1.15131	0.99798	7.51785	6.24510	5.28475
73990	0.73143	0.71296	0.64683	5.04695	4.86665	4.67107	4.09364	2.67304	1.61233	4.38934	4.38017	4.29862	1.35261	1.15492	1.00089	7.52328	6.24938	5.28791	33.79	6.1	0.00	-2.04	0.01726	0.01195	0.01512	0.01836	0.01896	0.01483	0.00541	0.01503	0.01995	0.01870	0.01300	0.01656	0.01697	0.01755	0.01371	0.00571	0.01612	0.02156
74150	0.73206	0.71040	0.64459	5.04600	4.86404	4.66801	4.08457	2.66775	1.60891	4.38674	4.37712	4.29644	1.34850	1.15078	0.99816	7.52050	6.24556	5.28412
74320	0.73225	0.70846	0.64417	5.04303	4.86312	4.66741	4.09181	2.66652	1.60882	4.38620	4.37614	4.29510	1.34745	1.15309	0.99700	7.51934	6.24521	5.28473
74480	0.73130	0.70863	0.64588	5.04355	4.86289	4.66773	4.08923	2.66907	1.60855	4.38739	4.37669	4.29534	1.34935	1.15281	0.99883	7.51656	6.24580	5.28562
74650	0.73275	0.71012	0.64652	5.04397	4.86294	4.66706	4.09557	2.66712	1.60919	4.38671	4.37659	4.29636	1.34746	1.15255	1.00084	7.51718	6.24579	5.28526
74810	0.73112	0.70934	0.64392	5.04358	4.86308	4.66683	4.09475	2.66686	1.60912	4.38654	4.37590	4.29521	1.34736	1.15411	0.99859	7.51681	6.24719	5.28579
74980	0.73123	0.70997	0.64393	5.04381	4.86323	4.66644	4.09077	2.66750	1.61043	4.38733	4.37679	4.29594	1.35110	1.15445	0.99931	7.52021	6.24851	5.28699
75140	0.73418	0.70889	0.64476	5.04466	4.86466	4.66894	4.09536	2.67058	1.61185	4.38763	4.37895	4.29694	1.35142	1.15227	0.99951	7.52117	6.24765	5.28610
75310	0.73123	0.70982	0.64699	5.04333	4.86429	4.67061	4.09507	2.67430	1.61325	4.38942	4.37903	4.29740	1.35119	1.15515	0.99726	7.52171	6.24997	5.28786
75470	0.73180	0.70523	0.64263	5.04321	4.86205	4.66683	4.08443	2.66522	1.60818	4.38520	4.37672	4.29396	1.34941	1.15533	0.99973	7.51938	6.24711	5.28615
75640	0.73272	0.70790	0.64326	5.04337	4.86276	4.66675	4.09266	2.66798	1.60939	4.38605	4.37646	4.29496	1.34802	1.15141	0.99757	7.51901	6.24492	5.28367	33.79	6.3	0.00	-2.04	0.01725	0.01195	0.01512	0.01836	0.01896	0.01483	0.00541	0.01503	0.01995	0.01870	0.01300	0.01656	0.01697	0.01755	0.01371	0.00571	0.01612	0.02156
75800	0.72967	0.70662	0.64392	5.03996	4.85910	4.66531	4.08879	2.66373	1.60475	4.38283	4.37397	4.29281	1.34926	1.15402	1.00247	7.51967	6.24933	5.28717
75960	0.73124	0.71017	0.64507	5.04428	4.86395	4.66943	4.09610	2.67016	1.61309	4.38632	4.37587	4.29589	1.35032	1.15250	0.99887	7.51880	6.24665	5.28525
76130	0.73183	0.70899	0.64620	5.04260	4.86237	4.66763	4.09395	2.66746	1.61039	4.38571	4.37655	4.29559	1.34777	1.15380	0.99814	7.51897	6.24558	5.28418
76290	0.72832	0.70728	0.64287	5.04074	4.86081	4.66562	4.08954	2.66604	1.60711	4.38384	4.37399	4.29303	1.34780	1.14904	0.99519	7.51623	6.24229	5.28166
76450	0.73071	0.71041	0.64578	5.04204	4.86339	4.66783	4.08632	2.67217	1.60988	4.38690	4.37690	4.29641	1.34967	1.15254	0.99962	7.51690	6.24671	5.28363
76620	0.73072	0.70563	0.64131	5.04116	4.86002	4.66430	4.09513	2.66674	1.60775	4.38472	4.37365	4.29222	1.34683	1.15185	0.99675	7.51909	6.24531	5.28376
76780	0.73043	0.70557	0.64216	5.04036	4.85998	4.66515	4.09133	2.66795	1.60812	4.38456	4.37425	4.29351	1.34830	1.15318	0.99741	7.51785	6.24448	5.28249
76950	0.72872	0.70535	0.64046	5.03913	4.85860	4.66298	4.08535	2.65997	1.60351	4.38164	4.37186	4.29133	1.34799	1.15519	1.00133	7.52183	6.24868	5.28693
77110	0.73350	0.70895	0.64349	5.04389	4.86199	4.66630	4.09022	2.67016	1.61016	4.38610	4.37533	4.29507	1.34754	1.15135	0.99936	7.52221	6.24504	5.28393
77280	0.73227	0.71071	0.64563	5.04308	4.86386	4.66828	4.09722	2.67057	1.61205	4.38679	4.37649	4.29556	1.34974	1.15404	1.00101	7.51953	6.24677	5.28559	33.79	6.2	0.00	-2.04	0.01725	0.01195	0.01512	0.01836	0.01896	0.01483	0.00541	0.01503	0.01995	0.01870	0.01300	0.01656	0.01697	0.01755	0.01371	0.00571	0.01612	0.02156
77440	0.72970	0.70788	0.64118	5.04258	4.86004	4.66497	4.08669	2.66603	1.60742	4.38350	4.37369	4.29363	1.34801	1.15401	0.99924	7.52003	6.24728	5.28552
77600	0.73153	0.70704	0.64114	5.04170	4.86029	4.66516	4.08368	2.66434	1.60693	4.38436	4.37391	4.29356	1.34578	1.15069	0.99596	7.51841	6.24143	5.28141
77770	0.72901	0.71055	0.64408	5.04246	4.86194	4.66734	4.08919	2.66840	1.60933	4.38693	4.37714	4.29565	1.34792	1.15225	0.99824	7.52036	6.24625	5.28421
77930	0.72980	0.70442	0.64423	5.04020	4.86004	4.66523	4.07956	2.66375	1.60716	4.38358	4.37351	4.29223	1.34652	1.14975	0.99611	7.51455	6.24438	5.28163
78100	0.72961	0.70672	0.64352	5.03947	4.85978	4.66499	4.08970	2.66312	1.60783	4.38460	4.37429	4.29355	1.34663	1.15059	0.99676	7.51766	6.24420	5.28377
78260	0.72964	0.70950	0.64353	5.04233	4.86132	4.66591	4.08898	2.66954	1.60948	4.38460	4.37448	4.29324	1.34801	1.15085	0.99741	7.51849	6.24511	5.28330
78420	0.73049	0.70772	0.64325	5.04058	4.85952	4.66392	4.09052	2.66616	1.60587	4.38371	4.37348	4.29308	1.34839	1.15417	0.99893	7.52069	6.24744	5.28641
78590	0.73252	0.70950	0.64342	5.04458	4.86372	4.66740	4.08798	2.67103	1.60797	4.38632	4.37655	4.29409	1.34759	1.15170	0.99556	7.51787	6.24589	5.28528
78750	0.72970	0.70760	0.64430	5.04199	4.86203	4.66786	4.08919	2.66739	1.60934	4.38570	4.37532	4.29536	1.34743	1.15281	0.99606	7.51795	6.24560	5.28498
78920	0.72915	0.70626	0.64053	5.04090	4.85987	4.66340	4.08912	2.66342	1.60571	4.38242	4.37250	4.29249	1.34620	1.15150	0.99807	7.51845	6.24525	5.28437	33.74	6.1	0.00	-2.04	0.01725	0.01195	0.01512	0.01836	0.01896	0.01483	0.00541	0.01503	0.01995	0.01870	0.01300	0.01656	0.01697	0.01755	0.01371	0.00571	0.01612	0.02156
79080	0.73062	0.70499	0.64255	5.04062	4.86087	4.66420	4.08492	2.66687	1.60813	4.38384	4.37358	4.29310	1.34538	1.15172	0.99599	7.51488	6.24188	5.28240
79250	0.72922	0.70666	0.64179	5.03973	4.85960	4.66405	4.08449	2.66304	1.60544	4.38360	4.37409	4.29192	1.34589	1.15119	0.99616	7.51807	6.24331	5.28257
79410	0.72896	0.70915	0.64378	5.03971	4.85959	4.66403	4.08790	2.66543	1.60712	4.38384	4.37390	4.29158	1.34714	1.15202	0.99733	7.51803	6.24403	5.28326
79580	0.73070	0.70532	0.64333	5.03922	4.86006	4.66294	4.08303	2.66254	1.60806	4.38235	4.37298	4.29181	1.34502	1.15165	0.99696	7.51613	6.24292	5.28223
79740	0.73101	0.70859	0.64301	5.04033	4.85984	4.66379	4.09381	2.66513	1.60772	4.38264	4.37309	4.29140	1.34593	1.15049	0.99660	7.51895	6.24439	5.28278
