WetView ver 7.1	07-17-2019	11:15:11
AC9 Absorption and Attenuation Meter
00000311		; Serial number
2	; structure version number
Reserved
0.000000	0.000000		; Depth calibration
19200			; Baud rate
0.100000			; Path length (meters)
23			; number of temperature calibration bins
				12.61517	13.44096	14.46844	15.49904	16.50682	17.50108	18.49752	19.51783	20.49177	21.49009	22.48286	23.50673	24.54012	25.54812	26.49986	27.49321	28.50960	29.48671	30.47471	31.49432	32.50437	33.48679	34.49133	; temperature bins
a650	Blue	18.61587		0.01156	0.01096	0.01010	0.00930	0.00851	0.00774	0.00661	0.00573	0.00499	0.00402	0.00285	0.00203	0.00096	0.00000	-0.00110	-0.00152	-0.00210	-0.00247	-0.00259	-0.00317	-0.00346	-0.00380	-0.00403		; offset and temperature correction info
a676	Green	18.78942		0.00964	0.00899	0.00863	0.00813	0.00730	0.00639	0.00545	0.00448	0.00385	0.00301	0.00233	0.00165	0.00046	0.00000	-0.00106	-0.00167	-0.00251	-0.00280	-0.00316	-0.00329	-0.00377	-0.00392	-0.00441		; offset and temperature correction info
a715	Brown	18.59217		0.01171	0.01109	0.01043	0.00975	0.00878	0.00789	0.00685	0.00572	0.00469	0.00356	0.00255	0.00160	0.00061	0.00000	-0.00063	-0.00113	-0.00152	-0.00183	-0.00226	-0.00293	-0.00364	-0.00404	-0.00473		; offset and temperature correction info
c510	Red	18.18396		-0.00549	-0.00480	-0.00383	-0.00272	-0.00202	-0.00118	-0.00044	-0.00038	-0.00015	-0.00021	0.00013	0.00007	-0.00007	0.00000	-0.00007	-0.00065	-0.00045	-0.00018	0.00007	0.00039	-0.00001	-0.00002	-0.00045		; offset and temperature correction info
c532	Magenta	18.26528		-0.00721	-0.00645	-0.00581	-0.00518	-0.00465	-0.00345	-0.00281	-0.00270	-0.00182	-0.00141	-0.00108	-0.00072	-0.00022	0.00000	0.00044	0.00030	0.00031	-0.00006	-0.00052	-0.00089	-0.00142	-0.00149	-0.00154		; offset and temperature correction info
c555	Black	18.37125		-0.00430	-0.00419	-0.00381	-0.00319	-0.00286	-0.00254	-0.00205	-0.00196	-0.00138	-0.00137	-0.00067	-0.00051	-0.00030	0.00000	0.00067	0.00087	0.00057	0.00027	-0.00015	-0.00089	-0.00127	-0.00137	-0.00150		; offset and temperature correction info
a412	LtBlue	15.33566		-0.06011	-0.05567	-0.05012	-0.04441	-0.03922	-0.03412	-0.02941	-0.02503	-0.02049	-0.01588	-0.01121	-0.00784	-0.00311	0.00000	0.00273	0.00611	0.00757	0.00871	0.01066	0.01299	0.01539	0.01781	0.02175		; offset and temperature correction info
a440	LtGreen	16.05925		-0.01380	-0.01214	-0.01039	-0.00858	-0.00690	-0.00532	-0.00426	-0.00322	-0.00230	-0.00158	-0.00055	0.00006	0.00001	0.00000	0.00017	0.00016	-0.00094	-0.00222	-0.00363	-0.00486	-0.00567	-0.00651	-0.00782		; offset and temperature correction info
a488	Yellow	16.82827		0.00255	0.00293	0.00331	0.00354	0.00373	0.00378	0.00363	0.00350	0.00291	0.00225	0.00215	0.00142	0.00099	0.00000	-0.00092	-0.00169	-0.00295	-0.00396	-0.00479	-0.00542	-0.00582	-0.00604	-0.00663		; offset and temperature correction info
c650	Blue	18.49287		-0.00570	-0.00516	-0.00456	-0.00403	-0.00346	-0.00232	-0.00132	-0.00122	-0.00073	-0.00066	-0.00035	-0.00016	0.00003	0.00000	0.00044	0.00078	0.00108	0.00057	0.00040	-0.00042	-0.00033	-0.00029	-0.00034		; offset and temperature correction info
c676	Green	18.50570		0.00299	0.00293	0.00287	0.00293	0.00278	0.00294	0.00317	0.00251	0.00243	0.00215	0.00139	0.00123	0.00068	0.00000	-0.00041	-0.00106	-0.00205	-0.00268	-0.00325	-0.00413	-0.00495	-0.00610	-0.00674		; offset and temperature correction info
c715	Brown	17.88888		0.00826	0.00812	0.00773	0.00790	0.00766	0.00758	0.00753	0.00650	0.00571	0.00461	0.00359	0.00222	0.00101	0.00000	-0.00146	-0.00284	-0.00385	-0.00448	-0.00463	-0.00513	-0.00623	-0.00715	-0.00838		; offset and temperature correction info
a510	Red	17.18050		0.00353	0.00364	0.00354	0.00361	0.00381	0.00381	0.00356	0.00332	0.00277	0.00229	0.00176	0.00116	0.00036	0.00000	-0.00014	-0.00069	-0.00088	-0.00147	-0.00150	-0.00129	-0.00120	-0.00134	-0.00091		; offset and temperature correction info
a532	Magenta	17.40228		0.00550	0.00548	0.00526	0.00479	0.00464	0.00422	0.00393	0.00328	0.00253	0.00212	0.00136	0.00085	0.00039	0.00000	-0.00059	-0.00146	-0.00188	-0.00262	-0.00330	-0.00393	-0.00491	-0.00540	-0.00605		; offset and temperature correction info
a555	Black	17.72308		0.00849	0.00832	0.00800	0.00760	0.00724	0.00655	0.00580	0.00495	0.00435	0.00347	0.00252	0.00153	0.00049	0.00000	-0.00050	-0.00155	-0.00214	-0.00306	-0.00350	-0.00411	-0.00470	-0.00539	-0.00570		; offset and temperature correction info
c412	LtBlue	16.72802		-0.05949	-0.05458	-0.04744	-0.04134	-0.03547	-0.03064	-0.02511	-0.02047	-0.01574	-0.01163	-0.00761	-0.00442	-0.00204	0.00000	0.00100	0.00051	-0.00043	-0.00239	-0.00475	-0.00629	-0.00827	-0.00955	-0.01337		; offset and temperature correction info
c440	LtGreen	17.42637		-0.02723	-0.02503	-0.02216	-0.01930	-0.01691	-0.01394	-0.01125	-0.00926	-0.00732	-0.00582	-0.00401	-0.00226	-0.00093	0.00000	0.00082	0.00123	0.00133	0.00097	0.00038	-0.00003	-0.00022	-0.00023	-0.00125		; offset and temperature correction info
c488	Yellow	18.03666		-0.00640	-0.00554	-0.00465	-0.00357	-0.00276	-0.00154	-0.00067	-0.00031	-0.00014	-0.00012	0.00046	0.00032	0.00020	0.00000	0.00001	-0.00024	-0.00060	-0.00084	-0.00126	-0.00180	-0.00276	-0.00304	-0.00427		; offset and temperature correction info
0.003500	0.004000	0.015000	0.020000	0.015000	0.020000	2500.000000	2000.000000	1000.000000	; maxANoise	maxCNoise	maxADifference	maxCDifference	minACounts	minCCounts	minRCounts	maxTempSdev	maxDepthSdev
0			; auxilliary capabilities
1			; acquisition binsize
0	1.72749	1.72847	1.64731	6.68734	6.66432	6.49753	4.13075	3.18287	2.41103	6.41128	6.35476	6.36156	2.22719	2.07917	1.96909	8.14225	7.35828	6.76538	35.15	6.3	0.00	-2.04	0.01731	0.01199	0.01517	0.01833	0.01893	0.01480	0.00547	0.01516	0.02006	0.01863	0.01294	0.01648	0.01706	0.01763	0.01378	0.00575	0.01616	0.02153
150	1.76981	1.76008	1.66839	6.69621	6.65956	6.45635	4.15247	3.19482	2.41321	6.46384	6.37704	6.31847	2.21963	2.06370	1.95014	8.15604	7.40318	6.79703
310	1.74659	1.73766	1.64889	6.68428	6.67331	6.48832	4.13218	3.17570	2.40017	6.45648	6.36468	6.32888	2.21414	2.06185	1.94988	8.15301	7.39451	6.78898
470	1.75124	1.74443	1.65464	6.69680	6.67304	6.47769	4.13699	3.18193	2.40499	6.45056	6.37446	6.32600	2.22033	2.07122	1.95894	8.13716	7.37721	6.78722
630	1.75599	1.74563	1.65469	6.74903	6.72448	6.49733	4.13706	3.17811	2.39863	6.49098	6.41389	6.34598	2.20877	2.05736	1.94560	8.14357	7.40932	6.82463
790	1.74385	1.73662	1.64599	6.69666	6.67895	6.50612	4.12163	3.16452	2.38843	6.48671	6.37458	6.34996	2.20257	2.05012	1.94185	8.16299	7.39392	6.78133
950	1.74032	1.73658	1.64491	6.68515	6.68128	6.50279	4.12031	3.15757	2.37924	6.50092	6.40263	6.38037	2.18966	2.03624	1.92531	8.17949	7.41699	6.80853
1110	1.72374	1.71803	1.62908	6.70188	6.69641	6.51976	4.08315	3.13507	2.36052	6.51355	6.39358	6.36927	2.17859	2.03290	1.92106	8.18954	7.42946	6.82205
1280	1.72533	1.71762	1.62682	6.70920	6.69337	6.51398	4.08985	3.12817	2.35585	6.51956	6.40393	6.38980	2.16641	2.01608	1.90426	8.22762	7.45348	6.83534
1440	1.70557	1.69871	1.60750	6.72511	6.71987	6.55502	4.04061	3.09617	2.32552	6.60125	6.44770	6.44795	2.13202	1.98514	1.87519	8.28287	7.50118	6.87340
1610	1.68402	1.68765	1.60014	6.74244	6.74298	6.57302	4.03329	3.08980	2.32512	6.61852	6.46343	6.44535	2.14054	1.99912	1.89368	8.25277	7.47330	6.85060	35.21	5.9	0.00	-2.04	0.01730	0.01198	0.01517	0.01833	0.01893	0.01480	0.00546	0.01514	0.02005	0.01863	0.01294	0.01648	0.01705	0.01762	0.01377	0.00575	0.01617	0.02153
1780	1.70922	1.71064	1.62628	6.71327	6.70294	6.52544	4.08410	3.14605	2.38096	6.51221	6.41041	6.36479	2.20080	2.06007	1.95160	8.18522	7.42851	6.82553
1950	1.75363	1.75058	1.65991	6.70318	6.68942	6.50948	4.13567	3.18146	2.40690	6.48627	6.40258	6.36615	2.21431	2.06656	1.95274	8.18183	7.42116	6.82055
2110	1.75272	1.74788	1.65429	6.72493	6.70744	6.51650	4.12935	3.17555	2.40133	6.49768	6.40293	6.36797	2.20783	2.05920	1.94590	8.17589	7.41078	6.81108
2270	1.74712	1.73867	1.64900	6.71713	6.70561	6.51677	4.12540	3.16609	2.39118	6.50349	6.41071	6.37673	2.20321	2.05279	1.94111	8.17717	7.41084	6.80342
2430	1.74387	1.73811	1.64664	6.70207	6.69829	6.51545	4.11674	3.16373	2.38734	6.51101	6.41567	6.38126	2.19827	2.05111	1.93961	8.17897	7.40810	6.80544
2590	1.74507	1.73778	1.65074	6.70655	6.69720	6.51136	4.11702	3.17178	2.39327	6.51194	6.42293	6.39122	2.20308	2.05498	1.94350	8.18571	7.42157	6.81236
2760	1.74444	1.73849	1.64914	6.70355	6.69669	6.51103	4.12173	3.16576	2.38903	6.51441	6.41911	6.38849	2.19858	2.05266	1.94000	8.18972	7.42043	6.81337
2920	1.74191	1.73422	1.64765	6.70584	6.69732	6.51235	4.11510	3.16219	2.38781	6.51180	6.41713	6.38525	2.20087	2.05400	1.94407	8.19064	7.42506	6.81938
3090	1.74468	1.73958	1.64840	6.71177	6.70272	6.51570	4.11834	3.16596	2.39491	6.51073	6.41978	6.39193	2.20125	2.05146	1.94226	8.18932	7.42116	6.81375
3250	1.73900	1.73812	1.64501	6.71646	6.71057	6.52284	4.11288	3.16340	2.38764	6.51503	6.42164	6.39012	2.19671	2.04890	1.93903	8.19352	7.42689	6.82113	35.15	6.2	0.00	-2.04	0.01730	0.01198	0.01516	0.01834	0.01894	0.01481	0.00546	0.01513	0.02003	0.01864	0.01294	0.01648	0.01704	0.01761	0.01376	0.00575	0.01617	0.02154
3420	1.74046	1.73422	1.64296	6.72000	6.70686	6.51759	4.11520	3.15783	2.38330	6.51131	6.41444	6.38507	2.19588	2.04789	1.94002	8.18727	7.42536	6.82271
3580	1.74161	1.73612	1.64594	6.72065	6.71177	6.52205	4.11783	3.16271	2.38579	6.52168	6.43224	6.40332	2.19380	2.04812	1.93437	8.19590	7.42195	6.81316
3750	1.74177	1.73706	1.64776	6.71042	6.71820	6.54931	4.11010	3.16364	2.39078	6.54727	6.43340	6.40161	2.19722	2.05093	1.93960	8.19793	7.41890	6.80900
3910	1.73996	1.73506	1.64348	6.73260	6.73970	6.54497	4.11487	3.16027	2.38396	6.52971	6.43351	6.39937	2.19403	2.04424	1.93411	8.18916	7.42741	6.82847
4080	1.73884	1.73191	1.64275	6.72446	6.71513	6.52500	4.10626	3.15930	2.38703	6.51238	6.42080	6.39856	2.19659	2.05336	1.93984	8.21174	7.43887	6.82543
4240	1.74058	1.73921	1.64571	6.72633	6.71364	6.52380	4.11719	3.16679	2.39056	6.53800	6.44296	6.40682	2.19843	2.05023	1.94166	8.20234	7.42970	6.82082
4400	1.74137	1.73258	1.64407	6.72931	6.72625	6.53269	4.11284	3.16051	2.38740	6.52585	6.43128	6.39793	2.19491	2.04954	1.93626	8.20098	7.44154	6.83631
4570	1.73853	1.73289	1.64068	6.72514	6.71683	6.52900	4.10982	3.15804	2.38480	6.51812	6.43136	6.40918	2.19003	2.04352	1.93262	8.19926	7.42963	6.82387
4730	1.73654	1.73293	1.64443	6.71797	6.71341	6.53212	4.11046	3.16325	2.38866	6.53267	6.44247	6.41747	2.19675	2.04664	1.93694	8.20592	7.43421	6.82891
4900	1.73545	1.72927	1.63986	6.72996	6.71493	6.52700	4.10880	3.15313	2.38103	6.53479	6.44457	6.41748	2.18919	2.04296	1.93151	8.21270	7.44079	6.83221	35.15	6.1	0.00	-2.04	0.01729	0.01197	0.01515	0.01834	0.01894	0.01481	0.00546	0.01513	0.02002	0.01864	0.01295	0.01649	0.01703	0.01760	0.01376	0.00575	0.01618	0.02155
5060	1.73687	1.72781	1.63871	6.72467	6.71706	6.53517	4.10802	3.15221	2.37924	6.54618	6.44436	6.41215	2.18773	2.04200	1.93083	8.20369	7.43498	6.82657
5220	1.73394	1.72769	1.63839	6.72703	6.72254	6.53592	4.10029	3.14905	2.37838	6.53931	6.43695	6.40500	2.19063	2.04485	1.93329	8.20586	7.43933	6.83372
5390	1.73642	1.73206	1.64249	6.73483	6.73474	6.54916	4.11578	3.15711	2.38296	6.54520	6.44320	6.41225	2.19052	2.04248	1.93237	8.20705	7.43676	6.82727
5550	1.73715	1.73020	1.63987	6.73137	6.72728	6.53920	4.10873	3.15548	2.38166	6.54973	6.45542	6.42771	2.18750	2.03915	1.93109	8.20806	7.44038	6.83485
5720	1.73510	1.72936	1.64069	6.72393	6.72455	6.55299	4.10769	3.15513	2.37857	6.55608	6.44425	6.41445	2.18897	2.04211	1.93151	8.21292	7.43973	6.83052
5880	1.73613	1.73051	1.64095	6.73760	6.73254	6.53803	4.11015	3.15172	2.37998	6.53429	6.44258	6.41868	2.19003	2.04264	1.93231	8.22887	7.45945	6.84682
6050	1.73453	1.73072	1.64013	6.73730	6.73129	6.53625	4.11283	3.15502	2.38148	6.53763	6.45285	6.42992	2.18909	2.03967	1.92963	8.22100	7.45772	6.84871
6210	1.73683	1.73314	1.64213	6.74006	6.73122	6.54205	4.11297	3.15665	2.38406	6.53694	6.44585	6.42256	2.18926	2.04230	1.93077	8.21919	7.44919	6.84161
6380	1.73405	1.72838	1.64069	6.74718	6.74263	6.55090	4.10752	3.15236	2.37956	6.54141	6.43987	6.40649	2.18902	2.04408	1.93358	8.21389	7.45094	6.84928
6540	1.73453	1.73167	1.63932	6.75558	6.74916	6.55324	4.10598	3.14877	2.38094	6.54368	6.44230	6.40869	2.18621	2.03923	1.92811	8.22308	7.45584	6.84760	35.21	6.0	0.00	-2.04	0.01729	0.01197	0.01515	0.01834	0.01894	0.01481	0.00546	0.01512	0.02002	0.01864	0.01295	0.01649	0.01703	0.01760	0.01375	0.00575	0.01618	0.02155
6710	1.73458	1.72884	1.63974	6.74604	6.74119	6.54953	4.10017	3.15471	2.37973	6.54777	6.45102	6.42391	2.18879	2.04311	1.93295	8.22238	7.45232	6.84190
6870	1.73561	1.73076	1.63931	6.74202	6.74073	6.55510	4.10605	3.15563	2.38104	6.55870	6.45739	6.42812	2.18797	2.03923	1.93058	8.22450	7.45380	6.84029
7040	1.73440	1.72738	1.63730	6.74009	6.73494	6.54860	4.10779	3.14768	2.37738	6.56103	6.45816	6.42557	2.18522	2.03794	1.92826	8.22543	7.45388	6.84304
7200	1.73296	1.72636	1.63536	6.74290	6.73798	6.54626	4.10099	3.15026	2.37751	6.54389	6.44912	6.42461	2.18649	2.04166	1.93059	8.23803	7.46860	6.85306
7370	1.73577	1.72997	1.64026	6.74786	6.74038	6.54777	4.11264	3.15581	2.38126	6.55543	6.46230	6.44011	2.18692	2.03969	1.92805	8.24131	7.46713	6.85365
7530	1.73166	1.72694	1.63828	6.74513	6.73525	6.54503	4.10252	3.15128	2.37652	6.55548	6.45748	6.43083	2.18366	2.03696	1.92526	8.23170	7.46416	6.85168
7700	1.73120	1.72694	1.63985	6.75017	6.74548	6.55363	4.10199	3.15296	2.37875	6.54729	6.44974	6.42111	2.18566	2.04055	1.92850	8.23210	7.46601	6.85689
7860	1.73175	1.72622	1.63849	6.75477	6.74620	6.55365	4.10252	3.15218	2.37987	6.55211	6.45471	6.42952	2.18614	2.03991	1.92870	8.22910	7.45723	6.84753
8030	1.73297	1.72727	1.63613	6.75023	6.75460	6.56981	4.10341	3.14949	2.37817	6.57069	6.46144	6.42845	2.18442	2.03974	1.92779	8.22795	7.45407	6.84517
8190	1.73369	1.72670	1.63657	6.75873	6.75883	6.56571	4.09912	3.14936	2.37898	6.56636	6.46331	6.43283	2.18435	2.03906	1.93127	8.23357	7.46533	6.85495	35.15	6.2	0.00	-2.04	0.01728	0.01197	0.01515	0.01834	0.01894	0.01481	0.00546	0.01512	0.02002	0.01864	0.01295	0.01649	0.01703	0.01760	0.01375	0.00575	0.01618	0.02155
8360	1.73093	1.72621	1.63496	6.75176	6.75079	6.55944	4.10300	3.14397	2.37205	6.55956	6.45588	6.42971	2.18403	2.03823	1.92708	8.23910	7.47156	6.86344
8520	1.72968	1.72439	1.63549	6.76477	6.75873	6.56283	4.09385	3.14672	2.37394	6.56401	6.45800	6.43094	2.18167	2.03483	1.92222	8.24485	7.47253	6.85679
8690	1.73128	1.72697	1.63945	6.75993	6.75969	6.57135	4.10432	3.14912	2.37649	6.58208	6.47509	6.44689	2.18497	2.03659	1.92913	8.24352	7.47201	6.86010
8850	1.72981	1.72663	1.63695	6.76196	6.76535	6.57884	4.10101	3.14508	2.37330	6.58746	6.47335	6.44374	2.18089	2.03561	1.92345	8.24494	7.47004	6.85680
9020	1.72753	1.72324	1.63322	6.76187	6.76374	6.57517	4.09061	3.14159	2.36957	6.58427	6.47633	6.44428	2.18034	2.03396	1.92412	8.24543	7.47406	6.86076
9180	1.73020	1.72300	1.63450	6.76317	6.76112	6.57299	4.10222	3.14277	2.37184	6.58426	6.47965	6.45239	2.17939	2.03547	1.92399	8.25105	7.47588	6.86302
9350	1.72930	1.72511	1.63650	6.76367	6.76239	6.57466	4.10407	3.14680	2.37686	6.58114	6.47479	6.44795	2.18107	2.03272	1.92508	8.25522	7.48198	6.86975
9510	1.72748	1.72171	1.63341	6.77060	6.76845	6.57493	4.09111	3.14067	2.37112	6.57254	6.46523	6.43916	2.17928	2.03336	1.92413	8.26507	7.49720	6.88076
9680	1.72768	1.72245	1.63448	6.77259	6.76949	6.57587	4.09595	3.14183	2.37247	6.56926	6.46683	6.44861	2.18233	2.03840	1.92805	8.27039	7.49707	6.88368
9840	1.73089	1.72484	1.63752	6.78075	6.77615	6.58311	4.09974	3.14329	2.37442	6.58226	6.47427	6.44795	2.18266	2.03569	1.92506	8.26660	7.49677	6.88202	35.21	6.1	0.00	-2.04	0.01728	0.01197	0.01515	0.01834	0.01894	0.01481	0.00545	0.01512	0.02002	0.01864	0.01295	0.01649	0.01703	0.01760	0.01375	0.00575	0.01618	0.02155
10010	1.72792	1.72074	1.63197	6.78090	6.77668	6.58448	4.10202	3.14192	2.36891	6.58334	6.47402	6.44938	2.17723	2.03218	1.91792	8.26035	7.48644	6.87430
10170	1.72559	1.72165	1.63410	6.77332	6.77477	6.58690	4.09145	3.14138	2.37215	6.59655	6.48465	6.46033	2.17988	2.03338	1.92104	8.27153	7.49192	6.87583
10340	1.72710	1.72252	1.63134	6.77528	6.77761	6.59134	4.08167	3.13955	2.36843	6.59532	6.48349	6.45518	2.18113	2.03541	1.92534	8.26576	7.49428	6.88121
10500	1.72819	1.72287	1.63551	6.78590	6.78572	6.59051	4.09672	3.14287	2.37132	6.58961	6.48171	6.45205	2.17973	2.03496	1.92024	8.27157	7.50357	6.88872
10670	1.73077	1.72283	1.63557	6.78587	6.78409	6.59099	4.09761	3.14562	2.37412	6.59001	6.48168	6.46117	2.18151	2.03261	1.92488	8.27948	7.50260	6.88840
10830	1.72916	1.72158	1.63355	6.78611	6.78392	6.59144	4.08224	3.14045	2.36924	6.59924	6.48773	6.45790	2.18197	2.03941	1.92686	8.27708	7.50503	6.89248
10990	1.72901	1.72493	1.63453	6.79215	6.78803	6.59363	4.09846	3.14333	2.37107	6.59411	6.48574	6.45902	2.17923	2.03413	1.92231	8.27970	7.50708	6.89361
11160	1.72644	1.72324	1.63357	6.78708	6.78481	6.59290	4.09209	3.14008	2.36855	6.59376	6.48721	6.46020	2.17814	2.03255	1.92291	8.27779	7.50409	6.88924
11320	1.72784	1.72138	1.63357	6.79053	6.79250	6.59939	4.09657	3.14065	2.37142	6.60004	6.48982	6.46058	2.17887	2.03212	1.92487	8.27912	7.50324	6.89139
11490	1.72839	1.72215	1.63284	6.79664	6.79756	6.60661	4.09239	3.14083	2.36936	6.60352	6.49084	6.46124	2.17620	2.03330	1.92354	8.27886	7.50628	6.89298	35.15	6.1	0.00	-2.04	0.01728	0.01197	0.01515	0.01834	0.01894	0.01481	0.00545	0.01512	0.02001	0.01864	0.01295	0.01649	0.01702	0.01760	0.01375	0.00575	0.01618	0.02155
11650	1.72796	1.72388	1.63370	6.79635	6.79423	6.60258	4.09107	3.14130	2.37051	6.60446	6.49218	6.46323	2.17727	2.03123	1.92389	8.28246	7.50555	6.89250
11820	1.72839	1.72530	1.63602	6.79482	6.79409	6.60163	4.10528	3.14611	2.37385	6.60389	6.49480	6.47116	2.17975	2.03364	1.92333	8.29131	7.51321	6.89516
11980	1.72729	1.72366	1.63337	6.78840	6.78616	6.59707	4.09150	3.13973	2.37036	6.60657	6.50102	6.47452	2.17823	2.03198	1.92230	8.28815	7.51362	6.89462
12150	1.72829	1.72295	1.63599	6.78978	6.78736	6.59631	4.09873	3.14533	2.37064	6.60413	6.50053	6.47880	2.17832	2.03314	1.92374	8.29683	7.51705	6.89804
12310	1.72938	1.72278	1.63318	6.78803	6.78465	6.59614	4.09784	3.13934	2.36757	6.61621	6.50318	6.47268	2.17727	2.03586	1.92592	8.29456	7.51652	6.89786
12480	1.73011	1.72366	1.63543	6.79691	6.79958	6.60968	4.08826	3.14341	2.37137	6.60858	6.49685	6.47155	2.17858	2.03524	1.92281	8.28593	7.51247	6.90143
12650	1.72654	1.72390	1.63600	6.80544	6.80569	6.61175	4.09883	3.14650	2.37562	6.60747	6.49679	6.46758	2.18470	2.03598	1.92359	8.30221	7.53010	6.91579
12810	1.72797	1.72369	1.63462	6.80348	6.80186	6.60679	4.10411	3.14663	2.37272	6.60133	6.49445	6.47306	2.18066	2.03225	1.92205	8.29447	7.52131	6.90765
12980	1.72598	1.72194	1.63301	6.80465	6.80050	6.60717	4.08969	3.13915	2.36826	6.60330	6.49552	6.47251	2.17913	2.03319	1.92436	8.30337	7.52875	6.91086
13140	1.72793	1.72494	1.63306	6.80166	6.79509	6.60611	4.08611	3.14142	2.37089	6.61504	6.50973	6.48621	2.17790	2.03210	1.92058	8.30144	7.52499	6.90674	35.21	6.0	0.00	-2.04	0.01728	0.01197	0.01515	0.01834	0.01894	0.01481	0.00545	0.01512	0.02001	0.01864	0.01295	0.01649	0.01702	0.01760	0.01375	0.00575	0.01618	0.02155
13300	1.72836	1.72298	1.63474	6.79830	6.79463	6.60897	4.09971	3.14582	2.37165	6.61144	6.50514	6.48313	2.18039	2.03122	1.92139	8.30451	7.52908	6.91214
13470	1.72650	1.72146	1.63396	6.79993	6.79470	6.60645	4.08999	3.13989	2.36911	6.60987	6.49798	6.47279	2.17991	2.03369	1.92520	8.30010	7.52792	6.91499
13630	1.73009	1.72198	1.63415	6.81632	6.81500	6.61909	4.09177	3.14307	2.37073	6.60979	6.49790	6.46958	2.17944	2.03266	1.92396	8.29708	7.53134	6.91985
13800	1.72922	1.72329	1.63567	6.81147	6.80869	6.62122	4.10202	3.14371	2.37221	6.61376	6.50495	6.48420	2.17885	2.03240	1.92268	8.30264	7.52647	6.90938
13960	1.72688	1.72176	1.63145	6.80373	6.80460	6.62132	4.08729	3.13764	2.36851	6.62315	6.50699	6.48058	2.17779	2.03356	1.92168	8.30554	7.52601	6.91009
14130	1.72777	1.72208	1.63275	6.80617	6.80568	6.61918	4.09334	3.13711	2.36802	6.62020	6.50751	6.48442	2.17623	2.02945	1.91779	8.30496	7.52939	6.91147
14290	1.72273	1.72206	1.63013	6.80286	6.80096	6.61501	4.09455	3.13332	2.36555	6.62240	6.51110	6.48574	2.17872	2.03580	1.92488	8.31383	7.53737	6.91826
14460	1.73009	1.72275	1.63387	6.81055	6.81025	6.62045	4.09526	3.14187	2.36998	6.62123	6.51101	6.49032	2.17826	2.03127	1.92311	8.32056	7.53610	6.91695
14620	1.72709	1.72301	1.63444	6.80418	6.80134	6.62161	4.08995	3.13905	2.36680	6.63473	6.51748	6.48908	2.17714	2.03298	1.92082	8.31771	7.53740	6.91611
14790	1.73153	1.72671	1.63681	6.80376	6.80649	6.62405	4.09327	3.14349	2.37397	6.63641	6.52092	6.49378	2.18078	2.03476	1.92452	8.31088	7.53134	6.91196	35.21	6.2	0.00	-2.04	0.01729	0.01197	0.01515	0.01834	0.01894	0.01481	0.00546	0.01513	0.02002	0.01864	0.01294	0.01648	0.01703	0.01760	0.01375	0.00575	0.01618	0.02154
14950	1.72948	1.72340	1.63486	6.80198	6.80580	6.62267	4.08826	3.13997	2.36990	6.62957	6.51664	6.49111	2.17898	2.03766	1.92476	8.30990	7.53387	6.91788
15120	1.73036	1.72671	1.63475	6.81268	6.81006	6.61597	4.08715	3.14395	2.37360	6.61081	6.50523	6.49027	2.18461	2.03792	1.92884	8.34366	7.55863	6.92989
15280	1.73571	1.72995	1.63838	6.81921	6.81147	6.61726	4.09968	3.14635	2.37350	6.62572	6.51854	6.51059	2.18054	2.03041	1.92114	8.33780	7.55198	6.93306
15440	1.72336	1.71752	1.62592	6.83276	6.82514	6.63918	4.08001	3.12888	2.36072	6.67037	6.55279	6.53111	2.17002	2.02271	1.91259	8.35781	7.59205	6.98014
15610	1.71931	1.71318	1.62525	6.85049	6.84976	6.66391	4.08044	3.12652	2.35433	6.66219	6.52966	6.51767	2.16808	2.02000	1.90721	8.35884	7.58324	6.97546
15770	1.71028	1.70327	1.61295	6.92408	6.97390	6.76784	4.05028	3.10515	2.34100	6.72369	6.58764	6.56957	2.15356	2.01399	1.90506	8.34496	7.56930	6.95828
15940	1.71870	1.72008	1.63063	6.86049	6.85141	6.66140	4.08929	3.13518	2.36297	6.69106	6.55694	6.54677	2.16965	2.02033	1.90523	8.39461	7.60656	6.97584
16100	1.71324	1.70604	1.61569	6.86044	6.87078	6.68650	4.06173	3.10641	2.33492	6.72367	6.58850	6.58997	2.14567	2.00171	1.89112	8.40180	7.60591	6.95744
16270	1.70235	1.70197	1.61569	6.86576	6.88182	6.68750	4.06286	3.11294	2.34521	6.66508	6.55218	6.55792	2.15282	2.00616	1.89833	8.39348	7.60748	6.98085
16440	1.70851	1.70436	1.61760	6.85817	6.85895	6.66722	4.06069	3.11580	2.34971	6.68695	6.55999	6.55621	2.16043	2.01732	1.90998	8.36369	7.57627	6.95223	35.21	6.0	0.00	-2.04	0.01729	0.01198	0.01515	0.01834	0.01894	0.01481	0.00546	0.01513	0.02003	0.01864	0.01294	0.01648	0.01703	0.01761	0.01376	0.00575	0.01618	0.02154
16600	1.72061	1.71667	1.62909	6.83950	6.84217	6.65590	4.07524	3.13661	2.36705	6.67241	6.54425	6.51756	2.17561	2.02987	1.92244	8.34546	7.57387	6.95931
16760	1.72515	1.72052	1.63183	6.84758	6.84766	6.65493	4.09010	3.13870	2.36532	6.66431	6.53797	6.52161	2.17352	2.02439	1.91276	8.35563	7.58375	6.96162
16930	1.72076	1.71563	1.62734	6.83835	6.83900	6.66121	4.07226	3.12892	2.35846	6.68861	6.55658	6.54018	2.16465	2.02200	1.91132	8.35271	7.56549	6.94876
17090	1.72111	1.71820	1.63189	6.84122	6.84201	6.65946	4.09077	3.13927	2.36850	6.68172	6.55002	6.52555	2.18041	2.03651	1.92466	8.34528	7.56640	6.94303
17260	1.73012	1.72123	1.63407	6.84020	6.84329	6.65426	4.08743	3.14329	2.37254	6.67006	6.54684	6.52742	2.18102	2.03466	1.92072	8.34345	7.56644	6.94656
17420	1.72632	1.72213	1.63218	6.83549	6.84140	6.65615	4.08526	3.13685	2.36399	6.66232	6.53811	6.52180	2.17509	2.02968	1.91904	8.34792	7.56806	6.95615
17590	1.72510	1.71782	1.63248	6.84693	6.84459	6.65529	4.08395	3.13045	2.36004	6.67213	6.54463	6.53301	2.16954	2.02483	1.91524	8.34734	7.56869	6.95146
17750	1.71873	1.71502	1.62581	6.84721	6.85348	6.66242	4.08089	3.12834	2.35967	6.66816	6.54304	6.52085	2.17309	2.02924	1.92276	8.35092	7.57882	6.96848
17920	1.72650	1.72222	1.63276	6.85629	6.85658	6.66508	4.08700	3.13721	2.36463	6.67204	6.53991	6.52342	2.17511	2.03050	1.91924	8.36764	7.58556	6.95761
18080	1.72601	1.72151	1.63223	6.85150	6.85460	6.66177	4.08120	3.13585	2.36478	6.68062	6.55507	6.53580	2.17691	2.03095	1.92289	8.35317	7.57616	6.95979	35.21	6.1	0.00	-2.04	0.01729	0.01198	0.01516	0.01834	0.01894	0.01481	0.00546	0.01513	0.02003	0.01863	0.01294	0.01648	0.01704	0.01761	0.01376	0.00575	0.01617	0.02154
18250	1.72868	1.72222	1.63199	6.85608	6.86772	6.68086	4.08543	3.13807	2.36563	6.69314	6.55999	6.54163	2.17499	2.02933	1.92017	8.35729	7.57415	6.95953
18410	1.72377	1.71922	1.63110	6.86467	6.86844	6.67206	4.08167	3.13245	2.36654	6.68840	6.55800	6.53339	2.17305	2.02728	1.91571	8.34811	7.57851	6.96609
18580	1.72586	1.71922	1.63142	6.85694	6.86013	6.67241	4.09205	3.13608	2.36739	6.67892	6.55118	6.53495	2.17481	2.02995	1.91909	8.35631	7.58268	6.96572
18740	1.72742	1.71917	1.62982	6.85362	6.85892	6.66894	4.07605	3.13523	2.36260	6.67994	6.55187	6.53437	2.17656	2.03303	1.92074	8.36119	7.58413	6.96515
18910	1.72554	1.72004	1.63273	6.85640	6.86261	6.67922	4.08060	3.13183	2.36395	6.69908	6.56582	6.54755	2.17341	2.02850	1.91463	8.36402	7.58201	6.96263
19070	1.72069	1.71803	1.63118	6.85722	6.86350	6.67542	4.08472	3.13127	2.36238	6.69204	6.56435	6.54360	2.17415	2.02813	1.91711	8.36056	7.58433	6.96693
19240	1.72328	1.72196	1.63060	6.85518	6.86040	6.67534	4.07609	3.13306	2.36332	6.68796	6.56027	6.54576	2.17273	2.02526	1.91772	8.36662	7.58855	6.97150
19400	1.72135	1.71992	1.63078	6.85659	6.85660	6.66844	4.08195	3.13060	2.36081	6.68729	6.56530	6.55015	2.17269	2.02795	1.91795	8.37164	7.59097	6.97316
19570	1.72278	1.72104	1.63012	6.85601	6.86001	6.67656	4.08294	3.13138	2.36259	6.69780	6.56421	6.54576	2.17191	2.02636	1.91770	8.36146	7.58530	6.96959
19730	1.72650	1.72088	1.63413	6.87028	6.87309	6.68149	4.09428	3.14085	2.36651	6.69159	6.56313	6.54564	2.17487	2.03098	1.91934	8.36925	7.59476	6.97667	35.21	6.1	0.00	-2.04	0.01729	0.01198	0.01516	0.01834	0.01894	0.01481	0.00546	0.01513	0.02003	0.01863	0.01294	0.01648	0.01704	0.01761	0.01376	0.00575	0.01617	0.02154
19900	1.72484	1.71935	1.63194	6.86261	6.86665	6.67981	4.07879	3.13671	2.36341	6.69324	6.56776	6.55244	2.17295	2.02790	1.91622	8.36992	7.58992	6.97440
20060	1.72316	1.71733	1.63101	6.86358	6.86892	6.68390	4.08493	3.13227	2.36359	6.69730	6.56666	6.54918	2.17215	2.02649	1.91627	8.36588	7.59141	6.97586
20230	1.72320	1.71877	1.63004	6.86721	6.87104	6.68423	4.08216	3.13220	2.36165	6.70009	6.57170	6.55493	2.17654	2.02876	1.92124	8.37373	7.59379	6.97781
20390	1.72445	1.72010	1.63103	6.86702	6.87200	6.68534	4.08369	3.13271	2.36340	6.70478	6.57864	6.56544	2.17345	2.02804	1.91787	8.37319	7.59264	6.97443
20560	1.72393	1.71952	1.63256	6.86295	6.87049	6.68977	4.09162	3.13608	2.36504	6.70717	6.57746	6.55987	2.17448	2.02896	1.91759	8.38074	7.59604	6.97971
20720	1.72491	1.71885	1.62921	6.86590	6.86771	6.68119	4.08415	3.13111	2.36217	6.69908	6.57333	6.55905	2.17463	2.02982	1.91766	8.38119	7.59797	6.98168
20890	1.72660	1.71925	1.63098	6.86962	6.87107	6.68299	4.08767	3.13633	2.36238	6.69750	6.57210	6.56113	2.17260	2.02572	1.91641	8.38330	7.60012	6.97977
21050	1.72377	1.71652	1.63217	6.86631	6.86879	6.68272	4.08515	3.13341	2.36378	6.69964	6.57485	6.55987	2.17194	2.02553	1.91429	8.38083	7.59894	6.98145
21210	1.72553	1.71672	1.62972	6.86915	6.87271	6.68592	4.08994	3.12928	2.36140	6.70153	6.57251	6.55344	2.17107	2.02588	1.91407	8.37598	7.59843	6.98550
21380	1.72197	1.71697	1.63110	6.87521	6.87321	6.68617	4.09096	3.13307	2.36180	6.69902	6.57234	6.55768	2.17198	2.02790	1.91607	8.37956	7.59736	6.97855	35.21	6.2	0.00	-2.04	0.01729	0.01198	0.01516	0.01834	0.01894	0.01480	0.00546	0.01513	0.02003	0.01863	0.01294	0.01648	0.01704	0.01761	0.01376	0.00575	0.01617	0.02154
21540	1.72389	1.71724	1.62947	6.86650	6.86899	6.68546	4.07316	3.13098	2.35909	6.70883	6.57863	6.55966	2.17452	2.03032	1.91875	8.38319	7.59961	6.98045
21710	1.72556	1.71789	1.63173	6.87374	6.87637	6.68838	4.08417	3.13225	2.36310	6.69871	6.57342	6.55670	2.17211	2.02795	1.91691	8.37623	7.59918	6.98274
21870	1.72332	1.71736	1.63034	6.87315	6.87494	6.68402	4.08318	3.13175	2.36119	6.69495	6.57301	6.56011	2.17086	2.02479	1.91578	8.38050	7.59884	6.98208
22040	1.72499	1.72017	1.63077	6.87239	6.87571	6.68826	4.08421	3.13274	2.36262	6.70016	6.57571	6.56122	2.17112	2.02692	1.91658	8.37569	7.59914	6.98283
22200	1.72280	1.71690	1.62932	6.87187	6.87481	6.68732	4.08083	3.12694	2.36157	6.69897	6.57227	6.55536	2.17010	2.02895	1.91923	8.37794	7.60076	6.98731
22370	1.72485	1.71983	1.63176	6.87950	6.88168	6.69255	4.08947	3.13141	2.36276	6.70074	6.57224	6.55394	2.17190	2.02657	1.91389	8.37812	7.60229	6.98832
22530	1.72466	1.72067	1.63135	6.87839	6.88125	6.69001	4.07710	3.13253	2.36106	6.69836	6.57689	6.56146	2.17105	2.02465	1.91760	8.37861	7.59946	6.98398
22700	1.72495	1.71916	1.63362	6.87616	6.88021	6.68917	4.08574	3.13381	2.36313	6.70429	6.58028	6.56746	2.17272	2.02719	1.91512	8.38688	7.60499	6.98678
22860	1.72319	1.71518	1.62904	6.87210	6.87307	6.69012	4.08751	3.12983	2.35859	6.71188	6.58759	6.56965	2.17027	2.02455	1.91554	8.38562	7.60459	6.98293
23030	1.72127	1.71686	1.63212	6.86996	6.87726	6.69408	4.08065	3.13102	2.36320	6.71001	6.58693	6.57085	2.17337	2.02902	1.91920	8.38122	7.59892	6.98033	35.21	6.0	0.00	-2.04	0.01729	0.01198	0.01516	0.01833	0.01893	0.01480	0.00546	0.01513	0.02003	0.01863	0.01294	0.01648	0.01704	0.01761	0.01376	0.00575	0.01617	0.02154
23200	1.72370	1.72031	1.63028	6.87558	6.87926	6.69196	4.07472	3.12937	2.35987	6.70641	6.58092	6.56698	2.17378	2.03225	1.92015	8.38653	7.60466	6.98835
23360	1.72685	1.71951	1.63157	6.87954	6.88352	6.69487	4.09131	3.13277	2.36391	6.70497	6.58146	6.56851	2.17468	2.02755	1.91690	8.38307	7.60473	6.98965
23530	1.72583	1.71613	1.63017	6.87877	6.88068	6.69127	4.08565	3.12829	2.36071	6.70161	6.57778	6.56509	2.17023	2.02459	1.91273	8.38473	7.60507	6.98693
23690	1.72112	1.71721	1.63144	6.87517	6.88011	6.69150	4.07951	3.12994	2.36040	6.71457	6.59076	6.57540	2.17196	2.02519	1.91682	8.38060	7.60027	6.98399
23860	1.72186	1.71481	1.62766	6.87596	6.88777	6.70833	4.07326	3.12806	2.35631	6.71356	6.58452	6.57102	2.17107	2.02902	1.91798	8.37453	7.59656	6.98835
24020	1.72317	1.71751	1.62966	6.88522	6.88141	6.69228	4.08104	3.12921	2.36240	6.71488	6.59077	6.57608	2.17026	2.02377	1.91398	8.38653	7.60467	6.98492
24190	1.72634	1.72217	1.63176	6.87836	6.87844	6.69548	4.08470	3.13437	2.36291	6.72872	6.60269	6.58211	2.17170	2.02750	1.91524	8.38464	7.60368	6.98468
24350	1.72443	1.71639	1.63147	6.87788	6.88802	6.70264	4.08605	3.13067	2.35910	6.71608	6.58866	6.57442	2.16880	2.02567	1.91622	8.37530	7.59743	6.98497
24510	1.72074	1.71527	1.62893	6.88446	6.88745	6.69801	4.07983	3.13128	2.35809	6.71267	6.58783	6.57079	2.17088	2.02625	1.91693	8.38046	7.60378	6.98908
24680	1.72382	1.71816	1.62933	6.87986	6.88351	6.69770	4.08476	3.12763	2.35934	6.72025	6.59443	6.57854	2.16833	2.02481	1.91760	8.38044	7.59965	6.98564	35.15	6.0	0.00	-2.04	0.01730	0.01198	0.01516	0.01833	0.01893	0.01480	0.00546	0.01513	0.02003	0.01863	0.01294	0.01648	0.01704	0.01761	0.01376	0.00575	0.01617	0.02154
24850	1.72445	1.71591	1.63178	6.88006	6.88668	6.70045	4.08419	3.13131	2.36266	6.72032	6.59355	6.58113	2.17126	2.02807	1.91712	8.38018	7.60419	6.98714
25010	1.72258	1.71762	1.63122	6.88090	6.88744	6.69989	4.08078	3.13045	2.35973	6.71718	6.59486	6.57841	2.17177	2.02882	1.91794	8.38265	7.60532	6.99289
25180	1.72529	1.71981	1.63093	6.88641	6.89176	6.70320	4.07780	3.13350	2.36224	6.72004	6.59467	6.57960	2.17102	2.02724	1.91743	8.38898	7.60876	6.99131
25340	1.72513	1.71845	1.63165	6.88446	6.88813	6.70057	4.07762	3.13143	2.36104	6.72398	6.59884	6.58418	2.17087	2.02714	1.91372	8.38355	7.60310	6.99067
25510	1.72491	1.72100	1.63399	6.88688	6.89323	6.70465	4.08273	3.13547	2.36469	6.72210	6.59710	6.58194	2.17359	2.02746	1.91973	8.38889	7.61080	6.99309
25670	1.72351	1.71817	1.63017	6.88693	6.89236	6.70503	4.08731	3.13014	2.35978	6.72561	6.60319	6.58817	2.17060	2.02810	1.91405	8.38597	7.60850	6.99345
25840	1.72171	1.71708	1.62980	6.88966	6.89549	6.70939	4.08746	3.13143	2.36217	6.72294	6.59910	6.58400	2.17197	2.02821	1.91806	8.38777	7.61471	6.99824
26000	1.72375	1.71697	1.63029	6.89029	6.89367	6.70731	4.08103	3.13078	2.36402	6.72173	6.59926	6.58512	2.17256	2.02716	1.91876	8.38768	7.61253	6.99722
26170	1.72434	1.72047	1.63209	6.89152	6.89451	6.70918	4.08174	3.13248	2.36155	6.72294	6.59828	6.58429	2.17182	2.02683	1.91651	8.38710	7.61337	6.99978
26330	1.72302	1.71955	1.63163	6.88894	6.89472	6.70754	4.08662	3.13389	2.36423	6.72446	6.60567	6.59348	2.17309	2.02862	1.91689	8.39501	7.61299	6.99642	35.15	6.1	0.00	-2.04	0.01730	0.01198	0.01516	0.01833	0.01893	0.01480	0.00546	0.01513	0.02003	0.01863	0.01294	0.01648	0.01704	0.01761	0.01376	0.00575	0.01617	0.02154
26500	1.72623	1.71713	1.63018	6.88824	6.89426	6.71022	4.07767	3.13047	2.36301	6.73138	6.60496	6.58859	2.17044	2.02638	1.91772	8.38871	7.60878	6.99631
26660	1.72573	1.72004	1.63100	6.89320	6.89691	6.70581	4.07700	3.12940	2.35985	6.72469	6.60241	6.59083	2.17170	2.02675	1.91682	8.39357	7.61483	6.99932
26830	1.72516	1.71763	1.63101	6.88983	6.89326	6.70773	4.08058	3.13047	2.36190	6.73337	6.61021	6.59607	2.17133	2.02690	1.91501	8.39064	7.61464	6.99964
26990	1.72563	1.71817	1.63217	6.89242	6.89784	6.71255	4.08427	3.13469	2.36276	6.73336	6.61066	6.59955	2.17371	2.02899	1.91799	8.39978	7.61990	7.00441
27160	1.72529	1.71774	1.62993	6.89341	6.89495	6.70754	4.07827	3.13116	2.35977	6.73350	6.61202	6.59984	2.17306	2.02945	1.91980	8.40108	7.62148	7.00782
27320	1.72755	1.71998	1.63454	6.89959	6.90303	6.71426	4.08079	3.13146	2.36576	6.72939	6.60685	6.59479	2.17374	2.02732	1.91630	8.39789	7.61951	7.00435
27490	1.72568	1.71848	1.63076	6.89802	6.90214	6.71324	4.07565	3.13262	2.36180	6.73064	6.60505	6.59062	2.17311	2.02626	1.91544	8.39685	7.61472	7.00166
27650	1.72525	1.71890	1.63168	6.90101	6.90359	6.71505	4.08466	3.13242	2.36117	6.73232	6.60801	6.59202	2.17192	2.02731	1.91627	8.39312	7.61537	7.00013
27820	1.72398	1.71860	1.62988	6.89609	6.90147	6.71229	4.08150	3.13069	2.35999	6.73153	6.60745	6.59398	2.17179	2.02852	1.91651	8.39802	7.61692	7.00378
27980	1.72714	1.71832	1.63065	6.89744	6.90220	6.71246	4.08254	3.13207	2.36289	6.72972	6.60541	6.59333	2.16969	2.02510	1.91404	8.40056	7.61980	7.00190	35.21	5.9	0.00	-2.04	0.01730	0.01198	0.01516	0.01833	0.01893	0.01480	0.00546	0.01514	0.02004	0.01863	0.01294	0.01648	0.01704	0.01761	0.01376	0.00575	0.01617	0.02154
28150	1.72657	1.71963	1.63397	6.89754	6.90096	6.71302	4.07849	3.13709	2.36789	6.73086	6.61111	6.59954	2.17513	2.02792	1.92090	8.40474	7.62545	7.00848
28310	1.72526	1.71813	1.63007	6.89723	6.89776	6.71004	4.08659	3.13328	2.36210	6.72335	6.60616	6.59610	2.17252	2.02675	1.91655	8.40051	7.62112	7.00556
28480	1.72240	1.71711	1.62979	6.89538	6.89760	6.70965	4.08051	3.13351	2.36345	6.72792	6.60877	6.59922	2.17169	2.02650	1.91391	8.40164	7.61822	7.00311
28640	1.72394	1.71668	1.63099	6.89185	6.89332	6.70981	4.07909	3.12966	2.36087	6.73523	6.60915	6.59247	2.17162	2.02821	1.91819	8.39763	7.61555	6.99960
28810	1.72532	1.71957	1.62850	6.89615	6.90145	6.71662	4.07672	3.13302	2.36337	6.73339	6.60793	6.59285	2.17018	2.02655	1.91487	8.39354	7.61393	7.00043
28970	1.72228	1.71927	1.63165	6.89463	6.89900	6.71464	4.07647	3.13519	2.36488	6.73253	6.60957	6.59740	2.17510	2.02857	1.92010	8.39916	7.61911	7.00115
29140	1.72352	1.71997	1.62831	6.89003	6.89330	6.71120	4.08101	3.12917	2.36249	6.73465	6.60965	6.59513	2.17497	2.03372	1.92125	8.40083	7.62045	7.00382
29300	1.72928	1.72118	1.63149	6.89635	6.90120	6.71605	4.08332	3.13701	2.36587	6.73260	6.60748	6.59362	2.17352	2.02680	1.91890	8.39565	7.61940	7.00484
29470	1.72348	1.71887	1.62925	6.89402	6.89683	6.71095	4.08236	3.13379	2.36330	6.73001	6.60859	6.59598	2.17339	2.02796	1.91991	8.39606	7.62070	7.00404
29630	1.72492	1.71906	1.63264	6.89293	6.89447	6.71077	4.08148	3.13270	2.36553	6.73340	6.60757	6.59587	2.17281	2.02967	1.91976	8.39981	7.62204	7.00359	35.15	6.2	0.00	-2.04	0.01730	0.01198	0.01516	0.01833	0.01893	0.01480	0.00546	0.01514	0.02004	0.01863	0.01294	0.01647	0.01704	0.01761	0.01376	0.00575	0.01617	0.02154
29800	1.72432	1.71780	1.63003	6.89084	6.89569	6.70900	4.08020	3.13336	2.36253	6.72942	6.60722	6.59799	2.17185	2.03199	1.92057	8.39774	7.62074	7.00364
29960	1.72597	1.71949	1.63162	6.89377	6.89772	6.71440	4.08169	3.13479	2.36486	6.73817	6.61320	6.60364	2.17308	2.02814	1.91900	8.39940	7.61916	7.00118
30130	1.72659	1.71886	1.63238	6.89366	6.89937	6.71678	4.08361	3.13912	2.36992	6.73954	6.61308	6.59928	2.17558	2.03044	1.91924	8.40201	7.62060	7.00201
30290	1.72521	1.71896	1.63138	6.89445	6.90018	6.71590	4.08648	3.13385	2.36457	6.73501	6.60974	6.59802	2.17362	2.02860	1.92131	8.39666	7.61835	7.00235
30460	1.72636	1.71884	1.63055	6.89219	6.89843	6.71182	4.08755	3.13330	2.36496	6.73316	6.60660	6.59549	2.17729	2.03288	1.92091	8.40183	7.62298	7.00547
30620	1.72579	1.71981	1.63127	6.89577	6.90174	6.71472	4.08883	3.13787	2.36670	6.73339	6.60750	6.59687	2.17372	2.02838	1.91782	8.39621	7.61918	7.00446
30790	1.72643	1.72397	1.63473	6.90120	6.90396	6.71600	4.08549	3.13915	2.36902	6.73462	6.61044	6.60007	2.17692	2.03156	1.92199	8.40467	7.62411	7.00519
30950	1.72701	1.72142	1.63170	6.89543	6.89817	6.71319	4.08315	3.13691	2.36539	6.74392	6.61497	6.60064	2.17327	2.02717	1.91789	8.40066	7.61898	6.99783
31120	1.72572	1.72066	1.63313	6.89434	6.90670	6.72188	4.09018	3.13661	2.36700	6.73766	6.61099	6.60014	2.17541	2.03057	1.91996	8.39886	7.61722	7.00048
31280	1.72737	1.72193	1.63205	6.89907	6.90432	6.71499	4.08795	3.13515	2.36437	6.73298	6.60749	6.59530	2.17500	2.03299	1.92235	8.39866	7.62393	7.00544	35.21	6.1	0.00	-2.04	0.01730	0.01198	0.01516	0.01833	0.01893	0.01480	0.00546	0.01514	0.02004	0.01863	0.01294	0.01647	0.01704	0.01761	0.01376	0.00575	0.01617	0.02154
31450	1.72908	1.72338	1.63306	6.89515	6.89787	6.71401	4.09062	3.13878	2.36714	6.73376	6.60938	6.60048	2.17579	2.03049	1.91802	8.39943	7.62343	7.00690
31610	1.72454	1.72194	1.63491	6.89397	6.89758	6.71008	4.09613	3.14169	2.37129	6.73094	6.61276	6.61116	2.17762	2.03142	1.92043	8.41244	7.62845	7.00684
31780	1.72944	1.72083	1.63300	6.89420	6.89331	6.70820	4.08419	3.13623	2.36630	6.74003	6.61314	6.59901	2.17584	2.02925	1.91903	8.40515	7.62722	7.00929
31940	1.72664	1.72099	1.63203	6.89751	6.90079	6.71392	4.09343	3.13783	2.36784	6.73308	6.60912	6.60006	2.17587	2.02871	1.91906	8.40325	7.62345	7.00633
32110	1.72647	1.72250	1.63291	6.90180	6.91070	6.72545	4.08859	3.13599	2.37025	6.73608	6.61010	6.59659	2.17723	2.03143	1.92256	8.39340	7.62127	7.01405
32270	1.72926	1.72417	1.63446	6.91086	6.91183	6.72101	4.08700	3.14065	2.36982	6.73614	6.60794	6.59290	2.17792	2.03275	1.92065	8.40713	7.62667	7.00802
32440	1.72866	1.71966	1.63194	6.89815	6.90417	6.71600	4.08316	3.13459	2.36485	6.73819	6.61427	6.60021	2.17849	2.03432	1.92450	8.40380	7.62410	7.00797
32600	1.72969	1.72357	1.63484	6.90374	6.91153	6.72157	4.09172	3.14069	2.37088	6.73846	6.61548	6.60022	2.17844	2.03485	1.92100	8.40307	7.62701	7.01199
32770	1.72926	1.72485	1.63308	6.90184	6.90332	6.71491	4.08206	3.13807	2.37130	6.73708	6.61621	6.60388	2.17658	2.03088	1.91952	8.40411	7.62748	7.01179
32930	1.72954	1.72344	1.63307	6.90587	6.90730	6.71783	4.09763	3.13972	2.37170	6.73138	6.60967	6.60015	2.17692	2.03254	1.92076	8.41557	7.63975	7.01898	35.21	6.2	0.00	-2.04	0.01730	0.01198	0.01516	0.01833	0.01893	0.01480	0.00546	0.01514	0.02004	0.01863	0.01294	0.01647	0.01704	0.01761	0.01376	0.00575	0.01617	0.02154
33100	1.72934	1.72317	1.63250	6.90377	6.90712	6.71447	4.09471	3.13618	2.36924	6.72963	6.61475	6.60878	2.17787	2.03219	1.92468	8.40913	7.63269	7.01771
33260	1.73129	1.72448	1.63439	6.90436	6.90544	6.72052	4.08960	3.13930	2.37256	6.74371	6.61668	6.60399	2.17864	2.03522	1.92070	8.40426	7.62779	7.02019
33430	1.72794	1.72499	1.63457	6.90504	6.91135	6.72698	4.09066	3.14239	2.37152	6.73419	6.61770	6.60649	2.17970	2.03517	1.92382	8.41269	7.63417	7.01144
33590	1.73187	1.72457	1.63509	6.91271	6.91973	6.72805	4.09671	3.14679	2.37482	6.75461	6.62183	6.60507	2.17877	2.03308	1.92530	8.40534	7.62266	7.01364
33760	1.73047	1.72516	1.63477	6.90492	6.91343	6.73570	4.09479	3.14274	2.37400	6.75698	6.62430	6.61129	2.18110	2.03437	1.92264	8.40341	7.62513	7.01137
33920	1.73089	1.72307	1.63128	6.91545	6.92198	6.72887	4.08693	3.14123	2.37027	6.74420	6.61786	6.60423	2.17997	2.03482	1.92207	8.40629	7.63065	7.01752
34090	1.73000	1.72240	1.63428	6.90883	6.91270	6.72560	4.08871	3.14130	2.37265	6.74310	6.61707	6.60781	2.17802	2.03174	1.92051	8.41490	7.62979	7.01353
34250	1.72748	1.72390	1.63294	6.90518	6.90879	6.72430	4.08857	3.14285	2.37106	6.74957	6.62360	6.61460	2.17822	2.03171	1.91948	8.40958	7.63022	7.01616
34410	1.72725	1.72358	1.63111	6.90486	6.90922	6.72412	4.09674	3.13896	2.36972	6.74584	6.61657	6.60620	2.17997	2.03309	1.92280	8.41188	7.63414	7.02021
34580	1.73150	1.72493	1.63280	6.90752	6.91136	6.72302	4.09504	3.14218	2.36939	6.74394	6.61941	6.61587	2.18037	2.03260	1.92224	8.41298	7.63263	7.01608	35.15	6.1	0.00	-2.04	0.01730	0.01198	0.01516	0.01833	0.01893	0.01480	0.00546	0.01514	0.02004	0.01863	0.01294	0.01647	0.01704	0.01761	0.01376	0.00575	0.01617	0.02153
34740	1.72945	1.72538	1.63414	6.90589	6.91109	6.72389	4.09806	3.14530	2.37179	6.74265	6.61731	6.60936	2.17887	2.03257	1.92287	8.41266	7.63263	7.01912
34910	1.72852	1.72625	1.63240	6.90728	6.90986	6.72227	4.09280	3.13866	2.36975	6.74532	6.61954	6.60982	2.17941	2.03560	1.92504	8.41401	7.63656	7.02238
35070	1.73057	1.72697	1.63431	6.91012	6.91568	6.72966	4.09849	3.14554	2.37485	6.74985	6.62161	6.61167	2.18062	2.03082	1.92053	8.41465	7.63180	7.01762
35240	1.73055	1.72806	1.63698	6.91552	6.92259	6.73187	4.10262	3.15178	2.37681	6.75466	6.62762	6.61382	2.18389	2.03761	1.92486	8.41081	7.63425	7.02223
35400	1.73017	1.72381	1.63228	6.91641	6.92194	6.73332	4.09110	3.14686	2.37274	6.74697	6.61870	6.60908	2.18192	2.03471	1.92365	8.41383	7.63368	7.01833
35570	1.73059	1.72402	1.63431	6.90975	6.91358	6.72534	4.10212	3.14613	2.37216	6.75171	6.62655	6.61791	2.18008	2.03302	1.92289	8.41519	7.63373	7.01975
35730	1.72750	1.72468	1.63488	6.90816	6.91327	6.72521	4.10048	3.14620	2.37302	6.75337	6.62777	6.61670	2.17965	2.03603	1.92356	8.41329	7.63539	7.02127
35900	1.73014	1.72702	1.63473	6.91665	6.91995	6.72931	4.11009	3.14831	2.37689	6.74790	6.62104	6.61078	2.18144	2.03474	1.92530	8.41564	7.64075	7.02639
36060	1.72870	1.72604	1.63401	6.91786	6.92029	6.72985	4.10642	3.14341	2.37437	6.74573	6.61935	6.60678	2.18292	2.03604	1.92395	8.41361	7.63974	7.03331
36230	1.73027	1.72652	1.63462	6.92304	6.92346	6.73203	4.10437	3.14811	2.37877	6.74505	6.62148	6.60958	2.18488	2.04040	1.92950	8.41917	7.64263	7.03173	35.15	5.9	0.00	-2.04	0.01730	0.01198	0.01516	0.01833	0.01893	0.01480	0.00546	0.01514	0.02004	0.01863	0.01294	0.01647	0.01704	0.01761	0.01376	0.00575	0.01617	0.02153
36390	1.73294	1.72877	1.63706	6.92371	6.92659	6.73679	4.10337	3.15255	2.38034	6.75302	6.62588	6.61220	2.18449	2.03738	1.92418	8.42061	7.63896	7.02282
36560	1.73019	1.72505	1.63483	6.91749	6.92758	6.74264	4.09647	3.14500	2.37241	6.75426	6.62491	6.61171	2.18251	2.03365	1.92241	8.41141	7.63144	7.02176
36720	1.72861	1.72427	1.63059	6.91931	6.92132	6.73182	4.09707	3.14261	2.37298	6.75337	6.62349	6.60850	2.18451	2.03653	1.92735	8.42178	7.64209	7.02901
36890	1.73303	1.72704	1.63617	6.92063	6.92496	6.73705	4.09366	3.14819	2.37698	6.75341	6.62991	6.61958	2.18568	2.03795	1.92319	8.42016	7.63890	7.02527
37050	1.72899	1.72503	1.63348	6.91588	6.91724	6.73201	4.09256	3.14271	2.37226	6.75978	6.62991	6.61724	2.17909	2.03404	1.92335	8.41768	7.63725	7.02292
37210	1.72651	1.72276	1.63092	6.91250	6.91698	6.73152	4.08943	3.14098	2.36997	6.75095	6.62428	6.61556	2.18189	2.03822	1.92528	8.42228	7.64792	7.03349
37380	1.72764	1.72390	1.63200	6.91556	6.91766	6.73021	4.09395	3.14290	2.37276	6.74807	6.62998	6.62445	2.18195	2.03521	1.92062	8.42494	7.64101	7.02712
37540	1.73038	1.72552	1.63406	6.91510	6.91560	6.72902	4.09523	3.14418	2.37452	6.74963	6.62825	6.62444	2.18182	2.03769	1.92494	8.42715	7.64552	7.03107
37710	1.72762	1.72323	1.63358	6.91414	6.91392	6.72824	4.09807	3.14159	2.37010	6.74734	6.62150	6.61226	2.18214	2.03806	1.92479	8.42490	7.64751	7.03287
37880	1.72984	1.72336	1.63446	6.91937	6.92206	6.73252	4.09535	3.14311	2.37291	6.74959	6.62021	6.60975	2.18211	2.03705	1.92091	8.42098	7.64386	7.03118	35.21	5.9	0.00	-2.04	0.01730	0.01198	0.01516	0.01833	0.01893	0.01480	0.00546	0.01514	0.02004	0.01863	0.01294	0.01647	0.01704	0.01761	0.01376	0.00575	0.01617	0.02153
38040	1.73192	1.72769	1.63614	6.92251	6.92696	6.73981	4.10151	3.14964	2.37638	6.75481	6.62475	6.61533	2.18450	2.03876	1.92696	8.42008	7.64072	7.02844
38200	1.72859	1.72367	1.63458	6.92559	6.93414	6.74609	4.09706	3.14172	2.37113	6.75838	6.62573	6.61226	2.18019	2.03536	1.92220	8.41088	7.63635	7.02646
38370	1.72804	1.72436	1.63206	6.92345	6.92916	6.74154	4.09549	3.14249	2.37214	6.75857	6.62602	6.61220	2.17858	2.03503	1.92243	8.41760	7.63832	7.02683
38530	1.72866	1.72730	1.63525	6.91748	6.92198	6.73759	4.09606	3.14056	2.37204	6.75998	6.62673	6.61688	2.17951	2.03458	1.92323	8.42243	7.64151	7.02655
38700	1.72967	1.72578	1.63642	6.91682	6.92076	6.73581	4.08863	3.13935	2.37156	6.76177	6.63443	6.62578	2.17677	2.03364	1.92021	8.42464	7.64267	7.02662
38860	1.72762	1.72193	1.63360	6.91359	6.92113	6.73745	4.09141	3.13927	2.36960	6.76219	6.63242	6.62333	2.17769	2.03657	1.92373	8.42324	7.64047	7.02486
39030	1.73021	1.72403	1.63327	6.91416	6.92493	6.74326	4.09514	3.13782	2.36824	6.75922	6.62828	6.61917	2.18008	2.03800	1.92258	8.42649	7.64545	7.03217
39190	1.73239	1.72518	1.63516	6.92265	6.92735	6.74248	4.09421	3.14278	2.36866	6.76514	6.63004	6.61886	2.17824	2.03516	1.92036	8.42974	7.64928	7.03383
39360	1.73107	1.72438	1.63443	6.92082	6.92584	6.73891	4.09279	3.14168	2.37016	6.76331	6.63242	6.62456	2.17775	2.03259	1.91869	8.42906	7.64758	7.03089
39520	1.72808	1.72140	1.62963	6.91876	6.92621	6.74287	4.09216	3.13729	2.36601	6.76217	6.62953	6.61662	2.17978	2.03262	1.91957	8.42778	7.64413	7.02969	35.21	6.1	0.00	-2.04	0.01730	0.01198	0.01516	0.01833	0.01893	0.01480	0.00546	0.01514	0.02004	0.01863	0.01294	0.01647	0.01704	0.01761	0.01376	0.00575	0.01617	0.02153
39680	1.72862	1.71946	1.63289	6.92374	6.93034	6.73971	4.08807	3.13575	2.36526	6.75563	6.62822	6.61879	2.17473	2.03096	1.91848	8.42675	7.64434	7.02921
39850	1.72771	1.72116	1.63066	6.91993	6.92332	6.73526	4.08942	3.13335	2.36298	6.75305	6.62332	6.61306	2.17806	2.03129	1.91904	8.42923	7.64980	7.03425
40010	1.72876	1.72259	1.63492	6.92473	6.93290	6.74264	4.09617	3.13811	2.36854	6.75669	6.62741	6.61950	2.17666	2.03113	1.91610	8.42724	7.64454	7.02999
40180	1.72704	1.72066	1.63254	6.92341	6.93105	6.74630	4.08924	3.13945	2.36807	6.76945	6.63773	6.62331	2.17875	2.03113	1.91819	8.42589	7.64499	7.02953
40340	1.72661	1.71936	1.63022	6.92307	6.93549	6.74970	4.08942	3.13263	2.36338	6.76688	6.63195	6.62101	2.17592	2.02795	1.91620	8.42670	7.64469	7.03098
40500	1.72612	1.72001	1.63084	6.92832	6.93537	6.74537	4.09315	3.13396	2.36545	6.76635	6.63530	6.62404	2.17508	2.03020	1.91670	8.43094	7.64871	7.03461
40670	1.72542	1.72286	1.63007	6.92633	6.93287	6.74401	4.08260	3.13096	2.36289	6.76400	6.63351	6.62098	2.17633	2.03244	1.91984	8.43194	7.65448	7.04182
40830	1.72716	1.72384	1.63430	6.93302	6.93690	6.74580	4.08551	3.13395	2.36731	6.76426	6.63881	6.62940	2.17520	2.02928	1.91815	8.42833	7.64885	7.03446
41000	1.72568	1.72241	1.63330	6.93132	6.93957	6.75096	4.08530	3.13838	2.36972	6.76915	6.63882	6.62702	2.17971	2.03205	1.91868	8.42932	7.65169	7.03830
41160	1.72590	1.72250	1.63237	6.93314	6.93949	6.74912	4.08540	3.13269	2.36465	6.76067	6.63373	6.62329	2.17719	2.03051	1.92038	8.43312	7.65250	7.04013	35.21	6.1	0.00	-2.04	0.01730	0.01198	0.01516	0.01833	0.01893	0.01480	0.00546	0.01514	0.02004	0.01863	0.01294	0.01647	0.01704	0.01762	0.01376	0.00575	0.01617	0.02153
41330	1.72532	1.72284	1.63292	6.93651	6.94293	6.74999	4.08426	3.13526	2.36491	6.76229	6.63348	6.62081	2.17454	2.02823	1.91642	8.42955	7.65057	7.03955
41490	1.72424	1.72137	1.63320	6.93531	6.94179	6.75005	4.08422	3.13829	2.36573	6.76294	6.63365	6.62716	2.17608	2.02865	1.91651	8.43669	7.65240	7.03775
41650	1.72379	1.71850	1.63018	6.92846	6.93425	6.75043	4.07975	3.12853	2.35966	6.78207	6.64769	6.62625	2.17223	2.02819	1.91528	8.43113	7.64735	7.03497
41820	1.72164	1.71846	1.63114	6.93986	6.94689	6.75145	4.08508	3.13023	2.36314	6.76809	6.64032	6.62892	2.17341	2.02876	1.91462	8.43276	7.65150	7.03742
41980	1.72113	1.71745	1.62902	6.92825	6.93817	6.75221	4.08575	3.12527	2.36006	6.77555	6.63999	6.62482	2.17080	2.02772	1.91697	8.42950	7.65170	7.03931
42150	1.72072	1.71573	1.62858	6.94109	6.94991	6.75737	4.08089	3.13189	2.36164	6.77332	6.64073	6.62466	2.17190	2.02767	1.91642	8.42960	7.65233	7.04412
42320	1.72067	1.71718	1.62858	6.93862	6.94246	6.75285	4.08607	3.13049	2.36112	6.77404	6.64616	6.63571	2.17226	2.02952	1.91863	8.43592	7.65724	7.04307
42480	1.72354	1.72125	1.63163	6.93477	6.94580	6.76515	4.08373	3.13220	2.36212	6.78461	6.65207	6.64054	2.17137	2.02696	1.91769	8.44030	7.65449	7.04248
42650	1.72050	1.71644	1.63055	6.93550	6.94143	6.75415	4.07627	3.12732	2.36108	6.77973	6.65005	6.63811	2.16791	2.02382	1.91144	8.44026	7.65828	7.04492
42810	1.71883	1.71754	1.62772	6.93961	6.94544	6.75487	4.07840	3.12964	2.36333	6.76969	6.64235	6.63682	2.16936	2.02487	1.91217	8.45219	7.66669	7.04947	35.21	6.2	0.00	-2.04	0.01730	0.01198	0.01516	0.01833	0.01893	0.01480	0.00546	0.01514	0.02004	0.01863	0.01294	0.01647	0.01704	0.01762	0.01376	0.00575	0.01617	0.02153
42980	1.71899	1.71621	1.62609	6.94216	6.94227	6.74968	4.08043	3.12517	2.35543	6.77435	6.64673	6.63454	2.17021	2.02739	1.91692	8.44780	7.66695	7.05547
43140	1.72124	1.71653	1.62893	6.94663	6.95114	6.76128	4.08422	3.12859	2.36108	6.77446	6.64748	6.63840	2.17034	2.02502	1.91198	8.44979	7.66627	7.05125
43310	1.72022	1.71358	1.62925	6.94489	6.94652	6.75710	4.07929	3.12653	2.35952	6.78178	6.65075	6.63530	2.16607	2.02295	1.91036	8.44604	7.66580	7.05451
43470	1.71797	1.71304	1.62823	6.94717	6.95169	6.76224	4.07847	3.12466	2.35851	6.77550	6.65019	6.64801	2.16738	2.02186	1.90860	8.45052	7.66345	7.05077
43640	1.71752	1.71148	1.62743	6.94281	6.94590	6.76084	4.07237	3.12290	2.35217	6.77954	6.64694	6.63240	2.16729	2.02289	1.91245	8.44531	7.66599	7.05298
43800	1.72212	1.71566	1.62763	6.94779	6.95540	6.76597	4.07290	3.12665	2.35685	6.78563	6.65134	6.63622	2.16696	2.02166	1.90912	8.44360	7.66003	7.05097
43970	1.71935	1.71073	1.62755	6.94947	6.95377	6.76161	4.07350	3.12567	2.35655	6.78095	6.64857	6.63960	2.16488	2.02218	1.91104	8.44730	7.66467	7.04864
44130	1.71743	1.71297	1.62774	6.94201	6.95088	6.76905	4.08224	3.12792	2.35652	6.78486	6.65293	6.64291	2.16624	2.01963	1.91037	8.45033	7.66662	7.05207
44300	1.71726	1.71000	1.62433	6.94087	6.94382	6.75797	4.07067	3.12215	2.35072	6.78999	6.65835	6.64266	2.16627	2.02309	1.91449	8.44857	7.66926	7.05363
44460	1.71977	1.71212	1.62784	6.94400	6.95240	6.76847	4.07376	3.12608	2.35597	6.78652	6.65225	6.64114	2.16412	2.01851	1.90960	8.44913	7.66580	7.05215	35.21	5.9	0.00	-2.04	0.01730	0.01198	0.01516	0.01833	0.01893	0.01480	0.00546	0.01514	0.02004	0.01863	0.01294	0.01647	0.01704	0.01762	0.01376	0.00575	0.01617	0.02153
44630	1.72032	1.71489	1.62926	6.94972	6.95901	6.77368	4.07667	3.12925	2.35856	6.78835	6.65488	6.63922	2.16965	2.02549	1.91074	8.45452	7.67140	7.06240
44790	1.71808	1.71221	1.62630	6.96038	6.96336	6.76784	4.07557	3.12629	2.35860	6.78021	6.64623	6.63099	2.16592	2.01946	1.90878	8.45809	7.67460	7.05652
44960	1.71729	1.70983	1.62573	6.94742	6.95579	6.76718	4.07979	3.12424	2.35713	6.78132	6.65157	6.63999	2.16697	2.02135	1.91056	8.45135	7.67234	7.05644
45120	1.71742	1.71058	1.62735	6.94775	6.95192	6.76309	4.07898	3.12386	2.35463	6.78559	6.65426	6.64187	2.16597	2.02266	1.91097	8.45189	7.67094	7.05440
45290	1.71738	1.71160	1.62780	6.95086	6.95930	6.77016	4.07841	3.12290	2.35604	6.78632	6.65416	6.64191	2.16198	2.01888	1.90617	8.45379	7.66911	7.05359
45450	1.71508	1.70929	1.62705	6.94969	6.95843	6.76798	4.08057	3.12702	2.35605	6.78385	6.65480	6.64235	2.16545	2.02100	1.90939	8.45782	7.67426	7.05837
45620	1.71866	1.71023	1.62767	6.94716	6.95143	6.76178	4.07514	3.12227	2.35391	6.78191	6.65305	6.64286	2.16515	2.02247	1.91083	8.45592	7.67478	7.05749
45780	1.72012	1.71135	1.62754	6.94986	6.95654	6.76746	4.08359	3.12798	2.35794	6.78419	6.65452	6.64458	2.16442	2.01934	1.90864	8.45728	7.67093	7.05466
45950	1.71622	1.71058	1.62558	6.94690	6.95170	6.76395	4.07291	3.12418	2.35585	6.78939	6.65778	6.64410	2.16407	2.02073	1.90953	8.45678	7.67002	7.05310
46110	1.71677	1.70840	1.62541	6.94906	6.95872	6.76968	4.07875	3.12693	2.35788	6.78470	6.65222	6.63929	2.16465	2.02038	1.90802	8.45713	7.67391	7.06004	35.21	6.2	0.00	-2.04	0.01730	0.01198	0.01516	0.01833	0.01893	0.01480	0.00546	0.01514	0.02004	0.01863	0.01294	0.01647	0.01704	0.01762	0.01376	0.00575	0.01617	0.02153
46280	1.71718	1.71019	1.62212	6.95176	6.95356	6.76259	4.07942	3.12104	2.35286	6.77605	6.64733	6.63606	2.16416	2.02251	1.91111	8.46383	7.68283	7.06312
46440	1.71819	1.70846	1.62625	6.95422	6.95851	6.76260	4.08134	3.12524	2.35563	6.77670	6.65182	6.64471	2.16409	2.01935	1.90634	8.45826	7.67478	7.05824
46610	1.71770	1.71305	1.62971	6.95294	6.95637	6.76343	4.07751	3.12829	2.35973	6.78213	6.65585	6.64487	2.16790	2.02298	1.91069	8.46107	7.67560	7.06146
46770	1.71690	1.71099	1.62452	6.95369	6.95685	6.76705	4.07467	3.12476	2.35723	6.78021	6.65164	6.64007	2.16403	2.01919	1.90986	8.45903	7.67287	7.05745
46940	1.71637	1.71027	1.62388	6.95189	6.95845	6.76723	4.07765	3.12279	2.35298	6.78502	6.65314	6.63897	2.16304	2.01965	1.90768	8.45387	7.67201	7.05681
47100	1.71803	1.71008	1.62526	6.95572	6.96254	6.77025	4.07626	3.12502	2.35589	6.78330	6.65327	6.64052	2.16324	2.01919	1.90817	8.45392	7.67354	7.05672
47270	1.71726	1.71215	1.62714	6.94808	6.95357	6.76684	4.07563	3.12745	2.35519	6.78812	6.65913	6.64480	2.16742	2.02055	1.91209	8.45677	7.67344	7.05891
47430	1.71512	1.70944	1.62362	6.95307	6.95547	6.76488	4.07882	3.12236	2.35099	6.77850	6.64928	6.63515	2.16239	2.02091	1.91116	8.45595	7.67696	7.06191
47600	1.71704	1.71085	1.62621	6.95579	6.96074	6.76960	4.07701	3.12530	2.35435	6.78347	6.65109	6.63841	2.16553	2.02128	1.91040	8.45899	7.67676	7.06116
47760	1.71566	1.71188	1.62653	6.95686	6.96230	6.77324	4.07883	3.12486	2.35524	6.78425	6.65286	6.63775	2.16742	2.02473	1.91249	8.45869	7.67522	7.06148	35.21	6.1	0.00	-2.04	0.01730	0.01198	0.01516	0.01833	0.01893	0.01480	0.00546	0.01514	0.02004	0.01863	0.01294	0.01647	0.01704	0.01762	0.01376	0.00575	0.01617	0.02153
47930	1.71845	1.71145	1.62836	6.95640	6.95850	6.76873	4.08302	3.12811	2.35973	6.78495	6.65843	6.64764	2.16571	2.02271	1.91112	8.46286	7.67366	7.05625
48090	1.71690	1.71108	1.62578	6.94537	6.94977	6.76738	4.07972	3.12216	2.35497	6.79393	6.65938	6.64463	2.16579	2.01830	1.91092	8.45647	7.67006	7.05030
48260	1.71650	1.71145	1.62658	6.94554	6.95481	6.76921	4.07688	3.12521	2.35726	6.79162	6.66116	6.64771	2.16449	2.02323	1.91229	8.46218	7.67220	7.05458
48420	1.71824	1.71066	1.62613	6.94855	6.95528	6.76624	4.07837	3.12028	2.35494	6.78443	6.65439	6.64031	2.16541	2.02343	1.91336	8.46354	7.68099	7.06210
48590	1.72063	1.71244	1.62940	6.95130	6.95473	6.76819	4.07947	3.12426	2.35878	6.78942	6.65825	6.64350	2.16430	2.01981	1.90873	8.45978	7.67447	7.05848
48750	1.71693	1.71170	1.62676	6.95301	6.95796	6.76818	4.07752	3.12430	2.35438	6.78705	6.65773	6.64392	2.16304	2.01910	1.90796	8.45828	7.67358	7.05677
48920	1.71692	1.71085	1.62734	6.95614	6.96560	6.77547	4.07919	3.12584	2.35759	6.78802	6.65767	6.64310	2.16448	2.02058	1.91092	8.46417	7.67862	7.05984
49080	1.71424	1.70946	1.62412	6.95227	6.96057	6.77030	4.07085	3.12310	2.35543	6.78532	6.65611	6.64307	2.16390	2.02029	1.91141	8.46277	7.68018	7.06373
49250	1.71791	1.71156	1.62569	6.95343	6.95699	6.76960	4.07794	3.12646	2.35596	6.78935	6.66170	6.64952	2.16491	2.02005	1.91168	8.46449	7.67726	7.05901
49420	1.71762	1.71330	1.62717	6.95225	6.95885	6.77149	4.08049	3.12315	2.35534	6.78882	6.65788	6.64526	2.16333	2.02020	1.91032	8.46074	7.67809	7.06037	35.21	6.0	0.00	-2.04	0.01730	0.01198	0.01516	0.01833	0.01893	0.01480	0.00546	0.01514	0.02004	0.01863	0.01294	0.01647	0.01704	0.01762	0.01376	0.00575	0.01617	0.02153
49580	1.71802	1.71228	1.62641	6.95632	6.96399	6.77557	4.08695	3.12811	2.35799	6.78978	6.65719	6.64063	2.16575	2.02126	1.90953	8.46219	7.68406	7.06902
49740	1.71589	1.71021	1.62668	6.95107	6.95819	6.77159	4.07066	3.12350	2.35568	6.78915	6.65801	6.64342	2.16441	2.01974	1.90759	8.46346	7.67395	7.06006
49910	1.71544	1.71101	1.62536	6.95725	6.96126	6.76956	4.07733	3.12469	2.35582	6.78764	6.66202	6.65278	2.16449	2.02047	1.91085	8.46853	7.67952	7.06168
50080	1.71749	1.71201	1.62765	6.94674	6.95303	6.77101	4.07740	3.12393	2.35560	6.79801	6.66683	6.65408	2.16686	2.02250	1.91121	8.47366	7.68631	7.06426
50240	1.71943	1.71283	1.62815	6.95235	6.95559	6.76954	4.07616	3.12504	2.35592	6.79486	6.67034	6.66240	2.16555	2.02135	1.91043	8.47379	7.68645	7.06414
50410	1.71619	1.71003	1.62816	6.94900	6.95213	6.76851	4.07346	3.12550	2.35545	6.79189	6.66119	6.64644	2.16224	2.01807	1.90859	8.46224	7.68072	7.06633
50570	1.71634	1.71064	1.62697	6.95907	6.96275	6.77520	4.07637	3.12742	2.35716	6.78663	6.65691	6.64168	2.16692	2.02074	1.90860	8.46436	7.68439	7.06807
50740	1.71579	1.70721	1.62529	6.95939	6.96434	6.77597	4.07027	3.12234	2.35288	6.78567	6.65736	6.64422	2.16738	2.02299	1.91330	8.46264	7.68169	7.06366
50900	1.71954	1.71332	1.62808	6.95761	6.96433	6.77735	4.07850	3.12227	2.35534	6.79549	6.66488	6.64949	2.16376	2.02031	1.91093	8.45821	7.67596	7.05922
51070	1.71695	1.71137	1.62674	6.95587	6.96201	6.77356	4.07418	3.12439	2.35383	6.79084	6.66555	6.65209	2.16293	2.01904	1.90787	8.46156	7.67535	7.05785	35.21	6.0	0.00	-2.04	0.01730	0.01198	0.01516	0.01833	0.01893	0.01480	0.00546	0.01514	0.02004	0.01863	0.01294	0.01647	0.01704	0.01762	0.01376	0.00575	0.01617	0.02153
51230	1.71663	1.71377	1.62841	6.95004	6.95587	6.77334	4.07826	3.12592	2.35754	6.80015	6.66982	6.65494	2.16465	2.02086	1.90981	8.45966	7.67894	7.05773
51400	1.71785	1.71148	1.62523	6.95001	6.96072	6.77516	4.06571	3.12224	2.35423	6.79265	6.66104	6.64734	2.16644	2.02511	1.91427	8.45867	7.68303	7.06604
51560	1.71982	1.71408	1.62751	6.95465	6.95736	6.77198	4.07830	3.12504	2.35636	6.79101	6.66285	6.65098	2.16580	2.02221	1.91114	8.46188	7.67926	7.06299
51730	1.71707	1.70983	1.62637	6.95243	6.95651	6.77111	4.07997	3.12538	2.35640	6.79190	6.66533	6.65250	2.16321	2.02140	1.90935	8.46270	7.67625	7.06020
51890	1.71507	1.71035	1.62923	6.95303	6.96000	6.77572	4.07727	3.12496	2.35731	6.79712	6.66637	6.65308	2.16746	2.02144	1.91170	8.46609	7.67888	7.06029
52060	1.71759	1.71015	1.62592	6.95347	6.96116	6.77844	4.06833	3.12302	2.35300	6.79813	6.66578	6.65055	2.16513	2.02469	1.91267	8.45980	7.67816	7.06183
52220	1.71912	1.71202	1.62839	6.95816	6.96438	6.77865	4.07653	3.12437	2.35656	6.80054	6.66829	6.65293	2.16608	2.02126	1.90873	8.45984	7.67695	7.05960
52390	1.71770	1.71113	1.62578	6.95263	6.96041	6.77423	4.07695	3.12299	2.35566	6.79145	6.66385	6.65507	2.16389	2.01840	1.90948	8.46297	7.68038	7.06302
52550	1.71596	1.71305	1.62823	6.95452	6.95809	6.77158	4.08036	3.12829	2.35515	6.79466	6.66796	6.65423	2.16563	2.02050	1.90839	8.46351	7.67997	7.06396
52720	1.71752	1.70948	1.62862	6.95321	6.95867	6.77525	4.08220	3.12628	2.35648	6.79408	6.66783	6.65441	2.16649	2.02174	1.90867	8.46790	7.68091	7.06418	35.21	6.2	0.00	-2.04	0.01730	0.01198	0.01516	0.01833	0.01893	0.01480	0.00546	0.01514	0.02004	0.01863	0.01294	0.01647	0.01704	0.01761	0.01376	0.00575	0.01617	0.02153
52880	1.71788	1.71284	1.62579	6.95465	6.95943	6.77352	4.07538	3.12241	2.35385	6.79518	6.66618	6.65440	2.16453	2.02147	1.91030	8.46659	7.68388	7.06608
53050	1.71789	1.71406	1.62585	6.95531	6.95891	6.77198	4.07631	3.12440	2.35453	6.79904	6.67199	6.66105	2.16366	2.01820	1.90853	8.46360	7.68078	7.06188
53210	1.71443	1.71170	1.62617	6.95401	6.95920	6.77533	4.07900	3.12832	2.35686	6.79957	6.67647	6.66803	2.16548	2.02086	1.91018	8.47180	7.68622	7.06699
53380	1.71525	1.70961	1.62580	6.95226	6.95840	6.77603	4.07776	3.12374	2.35139	6.80375	6.67297	6.66169	2.16696	2.02239	1.91197	8.47252	7.68857	7.06712
53540	1.71747	1.71121	1.62735	6.95868	6.96603	6.77937	4.07698	3.12344	2.35499	6.80141	6.67352	6.66092	2.16353	2.01835	1.90915	8.46840	7.68450	7.06993
53700	1.71545	1.70896	1.62569	6.96392	6.96509	6.77592	4.07648	3.12515	2.35490	6.79243	6.66649	6.66071	2.16422	2.01840	1.90640	8.47910	7.69150	7.07021
53870	1.71299	1.70754	1.62299	6.96054	6.96229	6.76770	4.07567	3.12054	2.35092	6.78958	6.66960	6.66022	2.16162	2.01613	1.90692	8.47198	7.68767	7.06846
54030	1.71368	1.70985	1.62478	6.95643	6.96057	6.77305	4.07712	3.12104	2.35149	6.79575	6.67430	6.66178	2.16365	2.01794	1.90830	8.46690	7.68149	7.06286
54200	1.71133	1.70787	1.62210	6.95558	6.96509	6.78274	4.07698	3.11940	2.35125	6.79781	6.66967	6.65360	2.16449	2.02173	1.91248	8.46572	7.68116	7.06539
54360	1.71871	1.70961	1.62522	6.96486	6.97132	6.78084	4.08303	3.12432	2.35255	6.80042	6.67262	6.65761	2.16195	2.01552	1.90911	8.46614	7.68416	7.06539	35.21	5.9	0.00	-2.04	0.01730	0.01198	0.01516	0.01833	0.01893	0.01480	0.00546	0.01514	0.02004	0.01863	0.01293	0.01647	0.01704	0.01761	0.01376	0.00575	0.01617	0.02153
54530	1.71792	1.71285	1.62692	6.96111	6.96753	6.78015	4.07941	3.12580	2.35533	6.80337	6.67808	6.66468	2.16566	2.02147	1.90735	8.47131	7.68725	7.06872
54690	1.71606	1.71092	1.62480	6.96091	6.96754	6.78007	4.07310	3.12193	2.35111	6.79758	6.67313	6.65918	2.16343	2.02274	1.90903	8.47316	7.68846	7.07110
54850	1.71684	1.70719	1.62330	6.96090	6.96425	6.77725	4.07065	3.12282	2.35479	6.80441	6.68014	6.66433	2.16181	2.02016	1.90931	8.46569	7.68339	7.06382
55020	1.71621	1.71152	1.62509	6.95818	6.96743	6.78345	4.07090	3.12227	2.35377	6.80393	6.67537	6.66167	2.16581	2.02007	1.91000	8.46745	7.68444	7.06624
55180	1.71371	1.70899	1.62259	6.95888	6.96368	6.77548	4.07302	3.12077	2.35068	6.79667	6.67385	6.66511	2.16341	2.01808	1.90943	8.47094	7.68645	7.06949
55350	1.71586	1.70837	1.62605	6.95759	6.96212	6.77750	4.07650	3.12242	2.35459	6.80593	6.67885	6.66342	2.16232	2.02050	1.90765	8.47171	7.68658	7.06695
55510	1.71784	1.71172	1.62751	6.96264	6.96893	6.78153	4.07657	3.12503	2.35419	6.79908	6.67634	6.66451	2.16316	2.01760	1.90673	8.46840	7.68587	7.06824
55680	1.71422	1.71100	1.62857	6.96062	6.96930	6.78197	4.07746	3.12668	2.35582	6.80130	6.67469	6.66109	2.16518	2.01825	1.91006	8.46750	7.68423	7.06934
55840	1.71601	1.70993	1.62444	6.96466	6.97113	6.78060	4.07742	3.12250	2.35196	6.79706	6.67074	6.65480	2.16527	2.02153	1.90647	8.46795	7.68697	7.07158
56010	1.71584	1.71006	1.62599	6.96250	6.96865	6.78088	4.07472	3.12269	2.35388	6.79797	6.67161	6.65840	2.16351	2.01746	1.91081	8.46347	7.68613	7.06834	35.21	5.9	0.00	-2.04	0.01730	0.01198	0.01516	0.01833	0.01893	0.01480	0.00546	0.01514	0.02004	0.01863	0.01293	0.01647	0.01704	0.01761	0.01376	0.00575	0.01617	0.02153
56170	1.71455	1.71058	1.62677	6.95806	6.96410	6.77880	4.07965	3.12865	2.35784	6.80016	6.67573	6.66233	2.16649	2.02212	1.90997	8.46650	7.68571	7.06956
56340	1.71773	1.71046	1.62453	6.96165	6.96382	6.77396	4.07958	3.12318	2.35394	6.79339	6.67046	6.66260	2.16608	2.02418	1.91413	8.47099	7.68862	7.07192
56500	1.71835	1.71168	1.62721	6.96104	6.96410	6.77599	4.08061	3.12601	2.35480	6.80172	6.67578	6.66219	2.16510	2.01909	1.90902	8.46791	7.68632	7.06949
56660	1.71879	1.71112	1.62779	6.96516	6.97090	6.78401	4.08033	3.12829	2.35491	6.80052	6.67535	6.66052	2.16577	2.01964	1.91010	8.47194	7.68985	7.07406
56830	1.71729	1.71034	1.62478	6.96382	6.96729	6.77820	4.07855	3.12303	2.35159	6.79714	6.67171	6.65943	2.16471	2.02001	1.91033	8.47040	7.68986	7.07131
56990	1.71506	1.70975	1.62376	6.96325	6.96919	6.78078	4.07972	3.12203	2.35450	6.79907	6.67531	6.66112	2.16358	2.01792	1.90752	8.46537	7.68415	7.06660
57160	1.71631	1.71098	1.62348	6.96445	6.97099	6.78337	4.08384	3.12488	2.35464	6.79907	6.67383	6.65935	2.16506	2.01963	1.90980	8.46859	7.68702	7.06989
57320	1.71689	1.70865	1.62562	6.95854	6.96243	6.77571	4.07337	3.12452	2.35398	6.80196	6.67534	6.66271	2.16350	2.01808	1.90610	8.46469	7.68548	7.06381
57490	1.71867	1.71310	1.62840	6.96378	6.97127	6.78548	4.07976	3.12639	2.35887	6.79897	6.67642	6.66149	2.16763	2.02205	1.91228	8.47162	7.69054	7.07844
57650	1.71826	1.70980	1.62388	6.96723	6.97243	6.78074	4.07510	3.12295	2.35367	6.79694	6.66824	6.65378	2.16607	2.02123	1.91166	8.47616	7.69682	7.07903	35.15	6.1	0.00	-2.04	0.01730	0.01198	0.01516	0.01833	0.01893	0.01480	0.00546	0.01514	0.02004	0.01863	0.01293	0.01647	0.01704	0.01761	0.01376	0.00575	0.01617	0.02153
57810	1.71870	1.71005	1.62633	6.96708	6.97177	6.78296	4.08195	3.12658	2.35546	6.80013	6.67626	6.66188	2.16479	2.02187	1.90872	8.46813	7.68549	7.06803
57980	1.71739	1.71269	1.62713	6.96800	6.97621	6.78749	4.09015	3.13057	2.35803	6.80659	6.68024	6.66420	2.16726	2.02000	1.91034	8.47548	7.69014	7.07492
58140	1.71693	1.70968	1.62319	6.96798	6.97365	6.78529	4.08486	3.12422	2.35289	6.80089	6.67471	6.65946	2.16370	2.01781	1.90676	8.47321	7.69353	7.07754
58310	1.71509	1.71089	1.62441	6.96228	6.96883	6.78117	4.07542	3.12208	2.35152	6.80144	6.67718	6.66566	2.16226	2.01651	1.90527	8.47375	7.68883	7.07256
58470	1.71382	1.70600	1.62264	6.96512	6.96900	6.77852	4.07538	3.11798	2.35024	6.79629	6.66908	6.65990	2.16272	2.01813	1.91074	8.47747	7.69763	7.07732
58640	1.71737	1.71227	1.62513	6.96716	6.97199	6.78078	4.07620	3.12434	2.35273	6.79786	6.67640	6.66625	2.16601	2.02299	1.91106	8.47493	7.69748	7.08216
58800	1.71932	1.71294	1.62757	6.97135	6.97416	6.78397	4.07797	3.12814	2.35818	6.80800	6.68315	6.67226	2.16563	2.02045	1.91219	8.47625	7.69425	7.07467
58970	1.71806	1.71084	1.62507	6.96851	6.97665	6.78824	4.07701	3.12304	2.35179	6.80733	6.67958	6.66420	2.16266	2.01874	1.90616	8.47122	7.69340	7.08187
59130	1.71418	1.71041	1.62409	6.97131	6.97492	6.78532	4.07921	3.12602	2.35815	6.80556	6.67520	6.66674	2.16518	2.01871	1.90963	8.47620	7.69607	7.07652
59300	1.71438	1.70980	1.62524	6.97045	6.97453	6.78615	4.07188	3.12258	2.35381	6.80652	6.68059	6.66489	2.16598	2.02177	1.91169	8.47231	7.69599	7.08200	35.21	6.1	0.00	-2.04	0.01730	0.01198	0.01516	0.01833	0.01893	0.01480	0.00546	0.01514	0.02004	0.01863	0.01293	0.01647	0.01704	0.01761	0.01376	0.00575	0.01617	0.02153
59460	1.71754	1.71224	1.62691	6.96894	6.97572	6.78667	4.07390	3.12490	2.35615	6.81327	6.68398	6.66927	2.16398	2.01862	1.90611	8.47517	7.68730	7.07152
59630	1.71518	1.71233	1.62521	6.97380	6.98802	6.80356	4.08121	3.12811	2.35789	6.82741	6.68989	6.67366	2.16911	2.02570	1.91408	8.47371	7.68656	7.06952
59790	1.71809	1.70851	1.62338	6.98607	7.00733	6.80790	4.07681	3.12550	2.35478	6.80921	6.69288	6.67683	2.16475	2.01918	1.90801	8.45903	7.68979	7.08977
59960	1.71541	1.71003	1.62432	6.97730	6.97066	6.78501	4.07504	3.12196	2.35392	6.81038	6.67221	6.66022	2.16377	2.01852	1.90977	8.48619	7.70337	7.07948
