WetView ver 7.1	07-20-2019	15:12:47
AC9 Absorption and Attenuation Meter
00000311		; Serial number
2	; structure version number
Reserved
0.000000	0.000000		; Depth calibration
19200			; Baud rate
0.100000			; Path length (meters)
23			; number of temperature calibration bins
				12.61517	13.44096	14.46844	15.49904	16.50682	17.50108	18.49752	19.51783	20.49177	21.49009	22.48286	23.50673	24.54012	25.54812	26.49986	27.49321	28.50960	29.48671	30.47471	31.49432	32.50437	33.48679	34.49133	; temperature bins
a650	Blue	18.61587		0.01156	0.01096	0.01010	0.00930	0.00851	0.00774	0.00661	0.00573	0.00499	0.00402	0.00285	0.00203	0.00096	0.00000	-0.00110	-0.00152	-0.00210	-0.00247	-0.00259	-0.00317	-0.00346	-0.00380	-0.00403		; offset and temperature correction info
a676	Green	18.78942		0.00964	0.00899	0.00863	0.00813	0.00730	0.00639	0.00545	0.00448	0.00385	0.00301	0.00233	0.00165	0.00046	0.00000	-0.00106	-0.00167	-0.00251	-0.00280	-0.00316	-0.00329	-0.00377	-0.00392	-0.00441		; offset and temperature correction info
a715	Brown	18.59217		0.01171	0.01109	0.01043	0.00975	0.00878	0.00789	0.00685	0.00572	0.00469	0.00356	0.00255	0.00160	0.00061	0.00000	-0.00063	-0.00113	-0.00152	-0.00183	-0.00226	-0.00293	-0.00364	-0.00404	-0.00473		; offset and temperature correction info
c510	Red	18.18396		-0.00549	-0.00480	-0.00383	-0.00272	-0.00202	-0.00118	-0.00044	-0.00038	-0.00015	-0.00021	0.00013	0.00007	-0.00007	0.00000	-0.00007	-0.00065	-0.00045	-0.00018	0.00007	0.00039	-0.00001	-0.00002	-0.00045		; offset and temperature correction info
c532	Magenta	18.26528		-0.00721	-0.00645	-0.00581	-0.00518	-0.00465	-0.00345	-0.00281	-0.00270	-0.00182	-0.00141	-0.00108	-0.00072	-0.00022	0.00000	0.00044	0.00030	0.00031	-0.00006	-0.00052	-0.00089	-0.00142	-0.00149	-0.00154		; offset and temperature correction info
c555	Black	18.37125		-0.00430	-0.00419	-0.00381	-0.00319	-0.00286	-0.00254	-0.00205	-0.00196	-0.00138	-0.00137	-0.00067	-0.00051	-0.00030	0.00000	0.00067	0.00087	0.00057	0.00027	-0.00015	-0.00089	-0.00127	-0.00137	-0.00150		; offset and temperature correction info
a412	LtBlue	15.33566		-0.06011	-0.05567	-0.05012	-0.04441	-0.03922	-0.03412	-0.02941	-0.02503	-0.02049	-0.01588	-0.01121	-0.00784	-0.00311	0.00000	0.00273	0.00611	0.00757	0.00871	0.01066	0.01299	0.01539	0.01781	0.02175		; offset and temperature correction info
a440	LtGreen	16.05925		-0.01380	-0.01214	-0.01039	-0.00858	-0.00690	-0.00532	-0.00426	-0.00322	-0.00230	-0.00158	-0.00055	0.00006	0.00001	0.00000	0.00017	0.00016	-0.00094	-0.00222	-0.00363	-0.00486	-0.00567	-0.00651	-0.00782		; offset and temperature correction info
a488	Yellow	16.82827		0.00255	0.00293	0.00331	0.00354	0.00373	0.00378	0.00363	0.00350	0.00291	0.00225	0.00215	0.00142	0.00099	0.00000	-0.00092	-0.00169	-0.00295	-0.00396	-0.00479	-0.00542	-0.00582	-0.00604	-0.00663		; offset and temperature correction info
c650	Blue	18.49287		-0.00570	-0.00516	-0.00456	-0.00403	-0.00346	-0.00232	-0.00132	-0.00122	-0.00073	-0.00066	-0.00035	-0.00016	0.00003	0.00000	0.00044	0.00078	0.00108	0.00057	0.00040	-0.00042	-0.00033	-0.00029	-0.00034		; offset and temperature correction info
c676	Green	18.50570		0.00299	0.00293	0.00287	0.00293	0.00278	0.00294	0.00317	0.00251	0.00243	0.00215	0.00139	0.00123	0.00068	0.00000	-0.00041	-0.00106	-0.00205	-0.00268	-0.00325	-0.00413	-0.00495	-0.00610	-0.00674		; offset and temperature correction info
c715	Brown	17.88888		0.00826	0.00812	0.00773	0.00790	0.00766	0.00758	0.00753	0.00650	0.00571	0.00461	0.00359	0.00222	0.00101	0.00000	-0.00146	-0.00284	-0.00385	-0.00448	-0.00463	-0.00513	-0.00623	-0.00715	-0.00838		; offset and temperature correction info
a510	Red	17.18050		0.00353	0.00364	0.00354	0.00361	0.00381	0.00381	0.00356	0.00332	0.00277	0.00229	0.00176	0.00116	0.00036	0.00000	-0.00014	-0.00069	-0.00088	-0.00147	-0.00150	-0.00129	-0.00120	-0.00134	-0.00091		; offset and temperature correction info
a532	Magenta	17.40228		0.00550	0.00548	0.00526	0.00479	0.00464	0.00422	0.00393	0.00328	0.00253	0.00212	0.00136	0.00085	0.00039	0.00000	-0.00059	-0.00146	-0.00188	-0.00262	-0.00330	-0.00393	-0.00491	-0.00540	-0.00605		; offset and temperature correction info
a555	Black	17.72308		0.00849	0.00832	0.00800	0.00760	0.00724	0.00655	0.00580	0.00495	0.00435	0.00347	0.00252	0.00153	0.00049	0.00000	-0.00050	-0.00155	-0.00214	-0.00306	-0.00350	-0.00411	-0.00470	-0.00539	-0.00570		; offset and temperature correction info
c412	LtBlue	16.72802		-0.05949	-0.05458	-0.04744	-0.04134	-0.03547	-0.03064	-0.02511	-0.02047	-0.01574	-0.01163	-0.00761	-0.00442	-0.00204	0.00000	0.00100	0.00051	-0.00043	-0.00239	-0.00475	-0.00629	-0.00827	-0.00955	-0.01337		; offset and temperature correction info
c440	LtGreen	17.42637		-0.02723	-0.02503	-0.02216	-0.01930	-0.01691	-0.01394	-0.01125	-0.00926	-0.00732	-0.00582	-0.00401	-0.00226	-0.00093	0.00000	0.00082	0.00123	0.00133	0.00097	0.00038	-0.00003	-0.00022	-0.00023	-0.00125		; offset and temperature correction info
c488	Yellow	18.03666		-0.00640	-0.00554	-0.00465	-0.00357	-0.00276	-0.00154	-0.00067	-0.00031	-0.00014	-0.00012	0.00046	0.00032	0.00020	0.00000	0.00001	-0.00024	-0.00060	-0.00084	-0.00126	-0.00180	-0.00276	-0.00304	-0.00427		; offset and temperature correction info
0.003500	0.004000	0.015000	0.020000	0.015000	0.020000	2500.000000	2000.000000	1000.000000	; maxANoise	maxCNoise	maxADifference	maxCDifference	minACounts	minCCounts	minRCounts	maxTempSdev	maxDepthSdev
0			; auxilliary capabilities
1			; acquisition binsize
0	1.09994	1.10034	1.02029	4.40529	4.33151	4.23502	2.34584	1.87051	1.46595	4.08811	4.14561	4.03404	1.35848	1.27241	1.21048	4.96524	4.71802	4.45934	32.75	6.0	0.00	-2.04	0.01743	0.01206	0.01526	0.01841	0.01899	0.01485	0.00549	0.01522	0.02020	0.01877	0.01307	0.01664	0.01716	0.01774	0.01385	0.00573	0.01616	0.02161
160	1.10031	1.09944	1.02097	4.40590	4.33272	4.23671	2.35531	1.87390	1.46446	4.09068	4.14697	4.03641	1.35776	1.27332	1.20778	4.96915	4.72186	4.46344
330	2.30902	0.50817	-1.52304	4.40430	4.33166	4.23482	-18.85051	-7.90660	-4.30793	4.08909	4.14574	4.03398	-5.34958	-4.79351	-6.94709	4.97108	4.72595	4.46702
500	-3.25790	-6.76546	-4.61224	4.40774	4.33496	4.23889	-12.29355	-2.59476	0.00094	4.09156	4.14797	4.03625	2.58734	2.85293	3.63246	4.97072	4.72180	4.46366
660	4.34039	7.08902	5.68980	4.40655	4.33373	4.23752	129.62532	6.40120	4.26433	4.09186	4.14841	4.03710	4.62480	4.30259	5.10082	4.96800	4.72167	4.46337
830	4.29900	6.02420	4.74645	4.40716	4.33507	4.23840	32.57434	5.49183	3.74273	4.09337	4.14873	4.03762	4.00658	3.73405	4.33962	4.96854	4.72368	4.46451
990	3.68977	5.01563	4.01688	4.40653	4.33302	4.23717	18.04355	4.78253	3.32110	4.09129	4.14763	4.03659	3.51401	3.28302	3.75194	4.97326	4.72499	4.46645
1170	3.21436	4.25123	3.45821	4.40793	4.33429	4.23781	13.13739	4.24454	2.99896	4.09244	4.14917	4.03573	3.13915	2.94536	3.31048	4.96492	4.71166	4.45492
1340	2.86598	3.69789	3.05360	4.39198	4.31895	4.22240	10.49858	3.90917	2.81715	4.07970	4.13457	4.02202	2.91087	2.73056	3.01118	4.93404	4.68636	4.43313
1490	2.61328	3.27463	2.73499	4.37270	4.30091	4.21012	8.72145	3.59668	2.61088	4.06932	4.12602	4.01797	2.66175	2.47219	2.68348	4.92915	4.68708	4.43619
1640	2.32601	2.84767	2.39096	4.38324	4.31412	4.22304	7.22234	3.21115	2.33854	4.08301	4.14216	4.03351	2.36452	2.20429	2.36635	4.95789	4.71605	4.46041	32.75	6.5	0.00	-2.04	0.01743	0.01206	0.01526	0.01841	0.01899	0.01485	0.00549	0.01522	0.02020	0.01877	0.01307	0.01664	0.01717	0.01775	0.01386	0.00573	0.01616	0.02161
1800	2.06961	2.50084	2.12121	4.40482	4.33288	4.23747	6.18681	2.94028	2.16622	4.09281	4.15166	4.04110	2.16697	2.02810	2.14762	4.97202	4.72446	4.46813
1970	1.89168	2.24603	1.92376	4.40897	4.33581	4.23834	5.42559	2.75818	2.05127	4.09390	4.15121	4.04033	2.04028	1.90977	1.99862	4.97032	4.72593	4.46978
2130	1.75903	2.04933	1.77242	4.41499	4.34078	4.24579	4.84589	2.60670	1.95246	4.09968	4.15838	4.04731	1.91986	1.79819	1.86078	4.97343	4.72889	4.46988
2290	1.64542	1.88487	1.64384	4.41262	4.34012	4.24459	4.37597	2.47861	1.86883	4.09984	4.15654	4.04535	1.82227	1.70523	1.74638	4.97376	4.72698	4.46856
2450	1.55239	1.74868	1.53850	4.41372	4.34205	4.24624	4.01643	2.37852	1.80583	4.10309	4.16118	4.05080	1.74691	1.63700	1.65828	4.97908	4.73160	4.47343
2620	1.47754	1.63953	1.44928	4.41767	4.34449	4.24858	3.71766	2.29198	1.74693	4.10346	4.16132	4.05047	1.68041	1.57669	1.58297	4.98059	4.73171	4.47360
2780	1.41220	1.54763	1.37977	4.41807	4.34791	4.25138	3.48191	2.22850	1.70741	4.10754	4.16566	4.05547	1.63111	1.52899	1.52335	4.98448	4.73625	4.47891
2950	1.36311	1.47467	1.31674	4.42171	4.34830	4.25124	3.27608	2.16329	1.66064	4.10620	4.16428	4.05339	1.58682	1.48713	1.47400	4.98409	4.73870	4.48079
3110	1.32056	1.41233	1.26772	4.42579	4.35191	4.25497	3.12849	2.11816	1.63231	4.10964	4.16767	4.05593	1.54961	1.44962	1.43062	4.98435	4.73810	4.47966
3280	1.28769	1.36190	1.22950	4.42433	4.35135	4.25528	2.99255	2.07913	1.60858	4.10915	4.16727	4.05671	1.52156	1.42573	1.39524	4.98132	4.73733	4.47976	32.69	6.1	0.00	-2.04	0.01744	0.01207	0.01526	0.01841	0.01899	0.01485	0.00549	0.01523	0.02021	0.01876	0.01307	0.01664	0.01717	0.01775	0.01386	0.00573	0.01615	0.02161
3440	1.25315	1.31508	1.19415	4.42276	4.34935	4.25338	2.88433	2.04475	1.58455	4.10785	4.16550	4.05568	1.49631	1.40343	1.36663	4.98302	4.73876	4.48223
3610	1.23088	1.28257	1.16499	4.42533	4.35181	4.25528	2.79103	2.01519	1.56596	4.11039	4.16783	4.05762	1.47431	1.38064	1.34244	4.98553	4.73843	4.48258
3770	1.20955	1.25391	1.14508	4.42758	4.35438	4.25889	2.72052	1.99748	1.55209	4.11256	4.17203	4.06103	1.45906	1.36700	1.32181	4.98945	4.74301	4.48535
3940	1.19170	1.22753	1.12264	4.42731	4.35290	4.25722	2.65759	1.97519	1.53797	4.11118	4.16902	4.06024	1.44446	1.35581	1.31125	4.99363	4.74754	4.48937
4100	1.18257	1.21034	1.10866	4.43180	4.35726	4.26063	2.60711	1.96250	1.53084	4.11609	4.17322	4.06336	1.43146	1.34182	1.29368	4.99038	4.74466	4.48743
4270	1.16782	1.18989	1.09303	4.43115	4.35729	4.26128	2.56316	1.94626	1.52082	4.11560	4.17455	4.06385	1.41916	1.33105	1.27870	4.99134	4.74512	4.48712
4430	1.15779	1.17806	1.08483	4.43248	4.35887	4.26247	2.52682	1.93835	1.51544	4.11753	4.17654	4.06591	1.41287	1.32487	1.27196	4.99421	4.74673	4.48960
4600	1.14877	1.16411	1.07441	4.43239	4.35690	4.26001	2.49914	1.92600	1.50416	4.11500	4.17369	4.06338	1.40535	1.31767	1.26435	4.99498	4.74898	4.49233
4760	1.14329	1.15672	1.06770	4.43576	4.36093	4.26379	2.48238	1.92226	1.50396	4.11917	4.17793	4.06774	1.39817	1.31143	1.25649	4.99649	4.74799	4.49100
4930	1.13705	1.14907	1.06042	4.43518	4.36027	4.26400	2.45931	1.91627	1.49810	4.11900	4.17833	4.06834	1.39824	1.31017	1.25432	4.99869	4.75016	4.49368	32.75	6.0	0.00	-2.04	0.01744	0.01207	0.01526	0.01841	0.01899	0.01485	0.00549	0.01523	0.02021	0.01876	0.01307	0.01664	0.01717	0.01775	0.01386	0.00573	0.01615	0.02161
5090	1.13461	1.14209	1.05671	4.43814	4.36290	4.26611	2.44286	1.91661	1.49790	4.12191	4.18052	4.07055	1.39348	1.30716	1.24883	4.99873	4.75029	4.49388
5260	1.12796	1.13542	1.04958	4.43713	4.36163	4.26456	2.42888	1.90317	1.48962	4.12018	4.17755	4.06875	1.38769	1.30105	1.24188	4.99326	4.75057	4.49332
5420	1.12422	1.12894	1.04621	4.43703	4.36236	4.26514	2.41433	1.90224	1.48948	4.12060	4.17977	4.07016	1.38714	1.30158	1.24195	4.99905	4.75398	4.49798
5590	1.12415	1.12783	1.04552	4.44230	4.36622	4.27130	2.41194	1.90217	1.49010	4.12505	4.18322	4.07334	1.38629	1.29748	1.23673	4.99956	4.75279	4.49625
5750	1.12211	1.12311	1.04020	4.44002	4.36434	4.26785	2.39411	1.89418	1.48516	4.12307	4.18242	4.07261	1.38024	1.29364	1.23393	4.99628	4.75237	4.49556
5920	1.11534	1.11803	1.03889	4.43874	4.36343	4.26676	2.38005	1.89066	1.48059	4.12151	4.18161	4.07191	1.38162	1.29451	1.23561	5.00458	4.75803	4.50222
6080	1.11914	1.12013	1.03680	4.44461	4.36953	4.27316	2.38279	1.89407	1.48615	4.12821	4.18752	4.07749	1.37975	1.29289	1.22872	5.00285	4.75612	4.49925
6240	1.11661	1.11825	1.03880	4.44525	4.37132	4.27510	2.37907	1.89475	1.48463	4.12941	4.18913	4.07984	1.38052	1.29086	1.23283	5.00500	4.75822	4.50160
6410	1.11415	1.11561	1.03369	4.44374	4.36924	4.27264	2.37386	1.88820	1.48004	4.12723	4.18682	4.07786	1.37801	1.29098	1.22947	5.00375	4.75907	4.50231
6570	1.11371	1.11547	1.03655	4.44499	4.37009	4.27421	2.37955	1.89041	1.48167	4.12756	4.18716	4.07814	1.37537	1.28794	1.22543	5.00083	4.75501	4.49926	32.75	6.0	0.00	-2.04	0.01744	0.01207	0.01527	0.01840	0.01899	0.01485	0.00549	0.01523	0.02021	0.01876	0.01307	0.01664	0.01718	0.01775	0.01386	0.00573	0.01615	0.02161
6740	1.11347	1.11340	1.03545	4.44557	4.37138	4.27505	2.37458	1.89057	1.48374	4.13133	4.19027	4.08030	1.37636	1.28921	1.22667	5.00473	4.75797	4.50140
6900	1.11215	1.11315	1.03290	4.44529	4.37120	4.27451	2.37042	1.89010	1.48313	4.12965	4.18990	4.07934	1.37460	1.28872	1.22475	5.00624	4.75496	4.49975
7070	1.11508	1.11487	1.03684	4.45007	4.37628	4.28094	2.37381	1.89541	1.48500	4.13527	4.19518	4.08521	1.38042	1.29114	1.23024	5.01027	4.76400	4.50681
7230	1.11383	1.11150	1.03272	4.45043	4.37499	4.27858	2.37205	1.88888	1.48356	4.13235	4.19245	4.08279	1.37840	1.29071	1.23002	5.01001	4.76382	4.50694
7390	1.11176	1.11067	1.03169	4.45066	4.37559	4.27878	2.36834	1.88972	1.48289	4.13240	4.19343	4.08378	1.37742	1.28882	1.22665	5.00695	4.75915	4.50331
7560	1.11090	1.10991	1.03037	4.45069	4.37648	4.28010	2.36587	1.88664	1.48249	4.13562	4.19547	4.08595	1.37503	1.28778	1.22733	5.01114	4.76196	4.50565
7720	1.11188	1.11045	1.03424	4.45015	4.37699	4.28044	2.36056	1.88785	1.48144	4.13484	4.19538	4.08610	1.37537	1.28661	1.22495	5.01133	4.76317	4.50621
7890	1.10941	1.11034	1.03324	4.45442	4.38061	4.28459	2.36531	1.89330	1.48466	4.13871	4.19967	4.08915	1.37828	1.29287	1.22907	5.01375	4.76539	4.51028
8050	1.11237	1.11026	1.03027	4.45331	4.37867	4.28207	2.35925	1.88456	1.47879	4.13605	4.19694	4.08755	1.37593	1.28926	1.22617	5.01310	4.76730	4.50951
8220	1.11050	1.11164	1.03160	4.45431	4.37932	4.28204	2.36545	1.88674	1.48187	4.13711	4.19804	4.08799	1.37634	1.29100	1.22881	5.01586	4.76923	4.51271	32.75	6.0	0.00	-2.04	0.01744	0.01207	0.01527	0.01840	0.01899	0.01485	0.00549	0.01523	0.02022	0.01876	0.01307	0.01664	0.01718	0.01775	0.01386	0.00573	0.01615	0.02161
8380	1.11383	1.11376	1.03379	4.45723	4.38291	4.28526	2.36619	1.88876	1.48378	4.13941	4.20088	4.09102	1.37581	1.28840	1.22740	5.01548	4.76663	4.51127
8540	1.11033	1.11180	1.03320	4.45617	4.38430	4.28744	2.36005	1.89397	1.48461	4.14243	4.20241	4.09313	1.37963	1.29186	1.22695	5.01867	4.77077	4.51443
8710	1.11303	1.11244	1.03243	4.45912	4.38486	4.28672	2.36314	1.88683	1.48199	4.14105	4.20142	4.09305	1.37967	1.29462	1.22837	5.02015	4.77558	4.51927
8870	1.11297	1.11249	1.03425	4.46353	4.38725	4.29000	2.36406	1.89103	1.48399	4.14358	4.20429	4.09514	1.37687	1.28931	1.22712	5.01957	4.77237	4.51574
9040	1.11242	1.11368	1.03184	4.46123	4.38667	4.28863	2.36192	1.88907	1.48186	4.14345	4.20425	4.09546	1.37681	1.29053	1.22625	5.02044	4.77332	4.51709
9200	1.11261	1.11250	1.03198	4.46214	4.38748	4.28912	2.36239	1.88859	1.48528	4.14456	4.20592	4.09654	1.37645	1.29034	1.22773	5.02215	4.77425	4.51829
9370	1.11194	1.11282	1.03183	4.46160	4.38691	4.28979	2.36129	1.88677	1.48108	4.14423	4.20503	4.09505	1.38034	1.29426	1.23000	5.02222	4.77726	4.52107
9530	1.11548	1.11430	1.03400	4.46478	4.38994	4.29238	2.36331	1.89135	1.48333	4.14665	4.20749	4.09898	1.37643	1.29108	1.22836	5.02286	4.77642	4.51906
9700	1.11598	1.11560	1.03485	4.46776	4.39376	4.29658	2.36370	1.89743	1.49033	4.15157	4.21236	4.10344	1.38057	1.29453	1.23133	5.02932	4.78144	4.52482
9860	1.11473	1.11361	1.03481	4.46731	4.39255	4.29499	2.36158	1.88959	1.48574	4.14887	4.20978	4.10061	1.37755	1.29112	1.22701	5.02317	4.77853	4.52203	32.75	6.1	0.00	-2.04	0.01744	0.01207	0.01527	0.01840	0.01899	0.01484	0.00549	0.01523	0.02022	0.01876	0.01306	0.01664	0.01718	0.01776	0.01386	0.00573	0.01615	0.02160
10030	1.11248	1.11202	1.03384	4.46773	4.39303	4.29468	2.36452	1.89051	1.48455	4.14911	4.21050	4.10099	1.37885	1.29130	1.22721	5.02546	4.77908	4.52323
10190	1.11366	1.11224	1.03389	4.46807	4.39362	4.29636	2.36051	1.89123	1.48609	4.15049	4.21189	4.10217	1.37765	1.29304	1.22618	5.02453	4.78096	4.52323
10360	1.11446	1.11264	1.03428	4.47040	4.39673	4.29947	2.36363	1.89333	1.48645	4.15313	4.21416	4.10460	1.37958	1.29363	1.22977	5.02714	4.78236	4.52623
10520	1.11433	1.10937	1.03268	4.47044	4.39598	4.29774	2.36677	1.88957	1.48156	4.15133	4.21255	4.10360	1.37666	1.29249	1.22982	5.03037	4.78497	4.52898
10690	1.11337	1.11398	1.03525	4.47255	4.39794	4.30104	2.36775	1.89087	1.48579	4.15531	4.21512	4.10688	1.37980	1.29529	1.23107	5.03434	4.78847	4.53226
10850	1.11689	1.11517	1.03627	4.47703	4.40153	4.30502	2.36963	1.89104	1.48661	4.15886	4.21897	4.11001	1.37949	1.29517	1.23177	5.03596	4.78844	4.53129
11020	1.11275	1.11334	1.03339	4.47696	4.40192	4.30611	2.37188	1.89451	1.48752	4.15927	4.22026	4.11022	1.38127	1.29278	1.23071	5.03344	4.78879	4.53248
11180	1.11458	1.11307	1.03402	4.47731	4.40074	4.30375	2.36389	1.88849	1.48222	4.15823	4.21803	4.10982	1.37974	1.29198	1.22828	5.03237	4.78908	4.53191
11340	1.11473	1.11243	1.03324	4.47648	4.40082	4.30494	2.36360	1.89044	1.48328	4.15870	4.21958	4.10986	1.37707	1.29006	1.22606	5.03163	4.78783	4.53076
11510	1.11247	1.11125	1.03132	4.47553	4.39971	4.30413	2.36967	1.88736	1.47984	4.15767	4.21749	4.11017	1.37828	1.29323	1.22854	5.03455	4.79162	4.53567	32.69	6.1	0.00	-2.04	0.01744	0.01207	0.01527	0.01840	0.01899	0.01484	0.00549	0.01524	0.02022	0.01876	0.01306	0.01663	0.01718	0.01776	0.01386	0.00573	0.01615	0.02160
11670	1.11395	1.11450	1.03538	4.47992	4.40446	4.30943	2.36851	1.89253	1.48487	4.16264	4.22252	4.11353	1.37703	1.29062	1.22877	5.03478	4.79071	4.53472
11840	1.11387	1.11258	1.03430	4.47970	4.40404	4.30886	2.36783	1.89221	1.48440	4.16252	4.22252	4.11471	1.37893	1.29051	1.22931	5.03539	4.79162	4.53578
12000	1.11428	1.11305	1.03256	4.47945	4.40417	4.30834	2.36617	1.89065	1.48505	4.16325	4.22363	4.11397	1.37875	1.29036	1.22766	5.03494	4.79040	4.53469
12170	1.11621	1.11453	1.03694	4.48466	4.40973	4.31392	2.36646	1.89492	1.48746	4.16757	4.22887	4.11917	1.38111	1.29583	1.22946	5.04088	4.79628	4.54076
12330	1.11451	1.11359	1.03421	4.48400	4.40812	4.31179	2.36548	1.88956	1.48340	4.16544	4.22688	4.11752	1.38003	1.29594	1.23129	5.04596	4.79954	4.54310
12490	1.11827	1.11376	1.03761	4.48710	4.41057	4.31486	2.37157	1.89162	1.48442	4.16832	4.22888	4.11988	1.37963	1.29271	1.22821	5.04231	4.79718	4.54072
12660	1.11544	1.11489	1.03801	4.48796	4.41340	4.31700	2.37639	1.89462	1.48761	4.17047	4.23099	4.12267	1.38212	1.29420	1.22990	5.04308	4.79949	4.54321
12820	1.11537	1.11289	1.03388	4.48743	4.41091	4.31393	2.36569	1.89111	1.48319	4.16867	4.22945	4.12086	1.37983	1.29342	1.22748	5.04328	4.79823	4.54237
12990	1.11387	1.11332	1.03440	4.48695	4.41134	4.31543	2.36331	1.89120	1.48467	4.16984	4.23081	4.12132	1.37858	1.28936	1.23136	5.04118	4.79822	4.54227
13150	1.11208	1.11081	1.03245	4.48552	4.40976	4.31339	2.36366	1.88739	1.48232	4.16746	4.22862	4.11982	1.37973	1.29522	1.23179	5.04411	4.80175	4.54587	32.75	6.1	0.00	-2.04	0.01744	0.01207	0.01527	0.01840	0.01899	0.01484	0.00549	0.01524	0.02022	0.01876	0.01306	0.01663	0.01718	0.01776	0.01386	0.00573	0.01615	0.02160
13310	1.11502	1.11329	1.03575	4.48974	4.41408	4.31834	2.36776	1.89206	1.48495	4.17196	4.23224	4.12367	1.37950	1.29331	1.22835	5.04343	4.80008	4.54378
13480	1.11654	1.11676	1.03714	4.49197	4.41758	4.32159	2.37383	1.89830	1.48936	4.17533	4.23729	4.12782	1.38326	1.29505	1.23124	5.04990	4.80465	4.54831
13640	1.11630	1.11598	1.03483	4.49248	4.41515	4.31971	2.36607	1.89146	1.48644	4.17378	4.23409	4.12608	1.38054	1.29285	1.22919	5.04721	4.80203	4.54602
13810	1.11428	1.11559	1.03634	4.49068	4.41573	4.31942	2.36794	1.89166	1.48625	4.17517	4.23630	4.12760	1.38428	1.29756	1.23580	5.05190	4.80950	4.55288
13970	1.11939	1.11895	1.03968	4.49725	4.42141	4.32541	2.37626	1.89747	1.49011	4.17852	4.24023	4.13126	1.38371	1.29542	1.23206	5.05294	4.80781	4.55148
14140	1.11649	1.11624	1.03811	4.49454	4.41835	4.32189	2.36833	1.89107	1.48632	4.17701	4.23863	4.12934	1.38080	1.29213	1.22972	5.04925	4.80507	4.54893
14300	1.11460	1.11441	1.03519	4.49331	4.41800	4.32096	2.36892	1.89256	1.48204	4.17640	4.23773	4.12918	1.38077	1.29776	1.23367	5.05268	4.81039	4.55321
14470	1.11914	1.11557	1.03923	4.49883	4.42216	4.32557	2.37270	1.89386	1.48668	4.17996	4.24177	4.13271	1.38052	1.29433	1.23193	5.05394	4.80937	4.55259
14630	1.11587	1.11673	1.03914	4.49590	4.42215	4.32769	2.37275	1.89652	1.48932	4.18189	4.24351	4.13435	1.38342	1.29626	1.23366	5.05631	4.81113	4.55427
14800	1.11509	1.11364	1.03509	4.49793	4.42250	4.32568	2.36092	1.89049	1.48671	4.18011	4.24136	4.13327	1.38347	1.29802	1.23528	5.06038	4.81343	4.55775	32.75	6.1	0.00	-2.04	0.01744	0.01207	0.01527	0.01840	0.01899	0.01484	0.00549	0.01524	0.02022	0.01876	0.01306	0.01663	0.01718	0.01776	0.01386	0.00573	0.01615	0.02160
14960	1.11820	1.11906	1.03801	4.50170	4.42518	4.32818	2.37610	1.89346	1.48892	4.18333	4.24371	4.13592	1.38181	1.29434	1.23338	5.05682	4.81123	4.55511
15120	1.11705	1.11730	1.03795	4.50102	4.42593	4.32967	2.36974	1.89697	1.49036	4.18501	4.24565	4.13723	1.38220	1.29717	1.23277	5.06002	4.81329	4.55701
15290	1.11651	1.11484	1.03583	4.50121	4.42439	4.32789	2.36772	1.88998	1.48361	4.18261	4.24394	4.13611	1.38215	1.29832	1.23460	5.05730	4.81495	4.55906
15450	1.11742	1.11872	1.03858	4.50280	4.42669	4.32992	2.36745	1.89371	1.48801	4.18543	4.24690	4.13771	1.38253	1.29701	1.23337	5.05494	4.81176	4.55598
15620	1.11693	1.11783	1.03754	4.50379	4.42917	4.33193	2.36719	1.89734	1.49200	4.18793	4.24879	4.14084	1.38526	1.29942	1.23275	5.05934	4.81607	4.55887
15780	1.11595	1.11793	1.03652	4.50372	4.42817	4.33186	2.36730	1.89257	1.48799	4.18700	4.24703	4.13989	1.38298	1.29672	1.23308	5.05999	4.81746	4.56105
15950	1.11895	1.11598	1.03774	4.50488	4.42994	4.33372	2.36719	1.89503	1.48813	4.18913	4.24865	4.14121	1.38225	1.29588	1.23393	5.05860	4.81555	4.55931
16110	1.11764	1.11741	1.03935	4.50648	4.43210	4.33601	2.37464	1.89708	1.48978	4.19095	4.25169	4.14345	1.38415	1.29893	1.23499	5.06404	4.81842	4.56190
16280	1.11659	1.11682	1.03708	4.50609	4.43066	4.33330	2.37155	1.89433	1.48747	4.18856	4.24964	4.14141	1.38428	1.29884	1.23623	5.06466	4.82102	4.56508
16440	1.11884	1.11936	1.04040	4.50794	4.43307	4.33657	2.37156	1.89640	1.49139	4.19155	4.25236	4.14364	1.38563	1.29743	1.23290	5.06356	4.81920	4.56284	32.69	5.9	0.00	-2.04	0.01744	0.01207	0.01527	0.01840	0.01898	0.01484	0.00549	0.01524	0.02022	0.01876	0.01306	0.01663	0.01718	0.01776	0.01386	0.00573	0.01615	0.02160
16610	1.11909	1.12114	1.04069	4.51165	4.43654	4.33994	2.37688	1.90183	1.49437	4.19449	4.25698	4.14774	1.38808	1.30021	1.23606	5.06875	4.82407	4.56713
16770	1.11947	1.11726	1.03782	4.51167	4.43548	4.33787	2.36975	1.89634	1.48960	4.19278	4.25452	4.14532	1.38500	1.29729	1.23402	5.06726	4.81980	4.56487
16940	1.11723	1.11757	1.03747	4.50998	4.43369	4.33596	2.36719	1.89476	1.48781	4.19157	4.25293	4.14576	1.38638	1.29860	1.23579	5.06680	4.82582	4.56960
17100	1.11977	1.11883	1.04083	4.51541	4.43896	4.34154	2.37227	1.89820	1.49098	4.19630	4.25735	4.14851	1.38593	1.29949	1.23668	5.06975	4.82420	4.56810
17260	1.11779	1.12122	1.04065	4.51372	4.43868	4.34198	2.37346	1.89795	1.49001	4.19739	4.25845	4.15056	1.38458	1.29825	1.23548	5.07004	4.82477	4.56885
17430	1.11776	1.11839	1.03868	4.51378	4.43765	4.33961	2.36945	1.89356	1.48758	4.19503	4.25694	4.14851	1.38368	1.29675	1.23680	5.07144	4.82407	4.56894
17590	1.11988	1.11853	1.03869	4.51488	4.43774	4.34128	2.36883	1.89684	1.48952	4.19727	4.25841	4.15075	1.38510	1.29613	1.23608	5.06884	4.82426	4.56925
17760	1.11630	1.11563	1.03865	4.51510	4.43728	4.34029	2.36538	1.89270	1.48696	4.19658	4.25729	4.14960	1.38609	1.29970	1.23891	5.07452	4.83032	4.57444
17920	1.12320	1.12042	1.04132	4.52022	4.44279	4.34481	2.37260	1.89884	1.49233	4.20059	4.26176	4.15432	1.38588	1.29859	1.23658	5.07293	4.82702	4.57237
18090	1.12208	1.12071	1.04197	4.51958	4.44486	4.34762	2.37736	1.90094	1.49392	4.20309	4.26462	4.15718	1.38677	1.30137	1.23648	5.07491	4.82983	4.57463	32.75	6.3	0.00	-2.04	0.01744	0.01207	0.01527	0.01840	0.01898	0.01484	0.00549	0.01524	0.02022	0.01876	0.01306	0.01663	0.01718	0.01776	0.01387	0.00573	0.01615	0.02160
18250	1.11926	1.11969	1.03982	4.51957	4.44265	4.34518	2.37757	1.89748	1.48893	4.20084	4.26294	4.15507	1.38642	1.29901	1.23834	5.07498	4.83229	4.57697
18410	1.12139	1.11807	1.03980	4.52183	4.44448	4.34808	2.37165	1.89918	1.49130	4.20216	4.26493	4.15591	1.38473	1.29659	1.23455	5.07105	4.82858	4.57367
18580	1.12085	1.11894	1.04060	4.52188	4.44632	4.34792	2.36868	1.89964	1.49376	4.20445	4.26619	4.15808	1.38596	1.29993	1.23508	5.07290	4.83071	4.57591
18740	1.11887	1.11650	1.03884	4.52012	4.44444	4.34718	2.37427	1.89845	1.49074	4.20275	4.26515	4.15677	1.38349	1.29749	1.23437	5.07199	4.82791	4.57384
18900	1.12085	1.12306	1.04282	4.52475	4.44846	4.35148	2.38414	1.90300	1.49489	4.20792	4.27041	4.16130	1.38956	1.30164	1.23843	5.07793	4.83358	4.57886
19070	1.11941	1.11794	1.03999	4.52348	4.44711	4.34842	2.37689	1.89823	1.48949	4.20469	4.26720	4.15925	1.38693	1.29891	1.23980	5.07747	4.83412	4.57873
19230	1.11861	1.12003	1.04080	4.52457	4.44751	4.34978	2.36883	1.89675	1.49343	4.20649	4.26908	4.16104	1.38520	1.29914	1.23457	5.07290	4.83248	4.57810
19400	1.11942	1.11516	1.03739	4.52321	4.44526	4.34762	2.37362	1.89566	1.49022	4.20439	4.26733	4.15919	1.38712	1.30394	1.24044	5.08001	4.83779	4.58373
19560	1.12298	1.12369	1.04269	4.52856	4.45062	4.35302	2.38019	1.90208	1.49346	4.20992	4.27173	4.16338	1.38618	1.30009	1.23453	5.07741	4.83476	4.58038
19730	1.12175	1.12146	1.04202	4.52673	4.45025	4.35330	2.37694	1.89880	1.49367	4.20884	4.27195	4.16341	1.38738	1.30060	1.24037	5.07931	4.83723	4.58213	32.75	6.0	0.00	-2.04	0.01744	0.01207	0.01527	0.01840	0.01898	0.01484	0.00549	0.01524	0.02022	0.01876	0.01306	0.01663	0.01718	0.01776	0.01387	0.00573	0.01615	0.02160
19890	1.12231	1.12289	1.04177	4.52951	4.45160	4.35563	2.37316	1.90047	1.49271	4.21037	4.27322	4.16433	1.38670	1.29991	1.23829	5.08213	4.83697	4.58223
20060	1.11972	1.11945	1.04223	4.52833	4.45265	4.35609	2.37221	1.89910	1.49415	4.21245	4.27494	4.16667	1.38896	1.30247	1.23896	5.08427	4.83858	4.58364
20220	1.12093	1.11908	1.04239	4.52976	4.45215	4.35444	2.37183	1.89820	1.49276	4.21057	4.27372	4.16416	1.38736	1.29941	1.23789	5.08466	4.84048	4.58514
20390	1.12158	1.12116	1.04365	4.53141	4.45356	4.35718	2.36829	1.90128	1.49345	4.21212	4.27413	4.16566	1.38674	1.29937	1.23729	5.08265	4.83766	4.58302
20550	1.12019	1.12323	1.04309	4.52952	4.45560	4.35995	2.37462	1.90119	1.49811	4.21490	4.27742	4.16864	1.38822	1.30255	1.23893	5.08706	4.84192	4.58688
20720	1.12047	1.11974	1.04013	4.53057	4.45373	4.35669	2.36888	1.89911	1.49118	4.21225	4.27522	4.16658	1.38954	1.30412	1.24273	5.08859	4.84445	4.58954
20880	1.12469	1.12328	1.04233	4.53424	4.45707	4.36116	2.37956	1.90159	1.49528	4.21680	4.27822	4.16968	1.38999	1.30330	1.23706	5.08606	4.84247	4.58800
21050	1.12456	1.12584	1.04496	4.53595	4.46015	4.36319	2.38128	1.90594	1.49743	4.21907	4.28156	4.17288	1.39120	1.30473	1.24072	5.09119	4.84622	4.59128
21210	1.12216	1.12254	1.04271	4.53571	4.45767	4.36140	2.37747	1.90095	1.49229	4.21670	4.27947	4.17116	1.38964	1.30418	1.23980	5.09229	4.84883	4.59374
21370	1.12643	1.12156	1.04519	4.53769	4.45972	4.36448	2.37614	1.90141	1.49484	4.21818	4.28109	4.17233	1.39037	1.30145	1.23719	5.09096	4.84600	4.58989	32.75	6.0	0.00	-2.04	0.01744	0.01207	0.01527	0.01840	0.01898	0.01484	0.00549	0.01524	0.02022	0.01875	0.01306	0.01663	0.01718	0.01776	0.01387	0.00573	0.01615	0.02160
21540	1.12228	1.12370	1.04481	4.53673	4.46064	4.36466	2.37682	1.90463	1.49620	4.22063	4.28206	4.17475	1.38974	1.30204	1.23803	5.09349	4.84729	4.59187
21700	1.12196	1.12001	1.04157	4.53578	4.45848	4.36223	2.36900	1.89879	1.49239	4.21804	4.27986	4.17338	1.38621	1.29955	1.23562	5.08661	4.84410	4.58862
21860	1.12232	1.12240	1.04429	4.53894	4.46277	4.36750	2.37792	1.90474	1.49669	4.22387	4.28556	4.17797	1.39136	1.30374	1.24165	5.09483	4.84991	4.59457
22030	1.12402	1.12248	1.04204	4.53934	4.46147	4.36574	2.37028	1.90084	1.49218	4.22145	4.28380	4.17667	1.38863	1.30165	1.24028	5.09489	4.84937	4.59460
22190	1.12143	1.12242	1.04458	4.53918	4.46098	4.36582	2.37055	1.89992	1.49274	4.22133	4.28410	4.17710	1.38730	1.30221	1.23852	5.09284	4.84883	4.59372
22360	1.12237	1.12143	1.04175	4.53717	4.45953	4.36343	2.37712	1.89687	1.49036	4.22052	4.28308	4.17564	1.39018	1.30298	1.24366	5.09915	4.85344	4.59798
22520	1.12332	1.12433	1.04645	4.54178	4.46513	4.36797	2.37474	1.90232	1.49411	4.22415	4.28761	4.18020	1.38926	1.30324	1.23781	5.09704	4.85068	4.59588
22690	1.12362	1.12281	1.04700	4.54434	4.46859	4.37275	2.38955	1.90857	1.49920	4.22759	4.29021	4.18396	1.39340	1.30418	1.24267	5.10243	4.85695	4.60005
22850	1.12555	1.12444	1.04449	4.54347	4.46578	4.36994	2.37655	1.90285	1.49493	4.22537	4.28839	4.18079	1.38965	1.30081	1.23791	5.09678	4.85117	4.59590
23020	1.12188	1.12251	1.04175	4.54125	4.46425	4.36808	2.37362	1.89782	1.49283	4.22438	4.28749	4.17995	1.39071	1.30595	1.24300	5.10131	4.85704	4.60119	32.75	6.1	0.00	-2.04	0.01744	0.01207	0.01527	0.01840	0.01898	0.01484	0.00549	0.01524	0.02022	0.01875	0.01306	0.01663	0.01718	0.01776	0.01387	0.00573	0.01615	0.02160
23180	1.12597	1.12563	1.04729	4.54665	4.46967	4.37339	2.38569	1.90740	1.49948	4.22912	4.29211	4.18370	1.39174	1.30503	1.24134	5.10124	4.85663	4.59979
23340	1.12344	1.12554	1.04559	4.54477	4.46873	4.37395	2.37668	1.90205	1.49763	4.22956	4.29284	4.18457	1.39206	1.30356	1.24034	5.10258	4.85692	4.60116
23510	1.12270	1.12480	1.04290	4.54445	4.46751	4.37109	2.38102	1.89905	1.49447	4.22725	4.29053	4.18273	1.39040	1.30257	1.24071	5.10176	4.85737	4.60136
23670	1.12358	1.12437	1.04534	4.54605	4.47042	4.37441	2.38242	1.90429	1.49803	4.23007	4.29368	4.18558	1.38977	1.30355	1.23987	5.10225	4.85735	4.60149
23840	1.12241	1.12102	1.04258	4.54430	4.46760	4.37173	2.37103	1.89838	1.49408	4.22793	4.29194	4.18463	1.39097	1.30759	1.24662	5.10775	4.86299	4.60801
24000	1.12613	1.12718	1.04955	4.55201	4.47404	4.37870	2.38224	1.90847	1.49945	4.23385	4.29662	4.18914	1.39231	1.30470	1.24118	5.10573	4.86008	4.60468
24170	1.12434	1.12430	1.04447	4.54855	4.47255	4.37604	2.38075	1.90491	1.49514	4.23232	4.29597	4.18836	1.39119	1.30226	1.23960	5.10228	4.85848	4.60332
24330	1.12439	1.12483	1.04501	4.54925	4.47341	4.37664	2.38483	1.90418	1.49617	4.23421	4.29828	4.18971	1.39121	1.30508	1.24226	5.10440	4.86069	4.60462
24500	1.12440	1.12430	1.04546	4.54942	4.47294	4.37736	2.37409	1.90609	1.49634	4.23355	4.29781	4.18940	1.39204	1.30282	1.24162	5.10632	4.86174	4.60600
24660	1.12720	1.12584	1.04643	4.55167	4.47460	4.37954	2.38212	1.90557	1.49854	4.23450	4.29787	4.18992	1.39112	1.30442	1.24004	5.10360	4.85976	4.60439	32.75	6.0	0.00	-2.04	0.01744	0.01207	0.01527	0.01840	0.01898	0.01484	0.00549	0.01524	0.02022	0.01875	0.01306	0.01663	0.01718	0.01776	0.01387	0.00573	0.01615	0.02160
24830	1.12548	1.12610	1.04660	4.55181	4.47586	4.38044	2.37896	1.90681	1.49953	4.23726	4.30106	4.19365	1.39302	1.30586	1.24204	5.10744	4.86254	4.60676
24990	1.12692	1.12512	1.04488	4.55166	4.47454	4.37909	2.38280	1.90212	1.49645	4.23404	4.29944	4.19045	1.39136	1.30665	1.24429	5.10828	4.86608	4.60958
25160	1.12721	1.12789	1.04727	4.55438	4.47828	4.38202	2.38417	1.90852	1.50080	4.23814	4.30211	4.19445	1.39299	1.30474	1.24334	5.11095	4.86429	4.60812
25320	1.12684	1.12783	1.04620	4.55448	4.47810	4.38123	2.38307	1.90663	1.49834	4.23767	4.30201	4.19419	1.39080	1.30339	1.24238	5.10760	4.86291	4.60684
25490	1.12597	1.12836	1.04900	4.55587	4.48029	4.38479	2.38090	1.90927	1.50116	4.24048	4.30459	4.19720	1.39510	1.30402	1.24322	5.11264	4.86646	4.61141
25650	1.12821	1.12426	1.04692	4.55557	4.47946	4.38371	2.38408	1.90638	1.49786	4.24015	4.30468	4.19670	1.39209	1.30640	1.24347	5.11040	4.86493	4.60998
25820	1.12553	1.12657	1.04777	4.55545	4.48036	4.38422	2.37388	1.90920	1.50055	4.24067	4.30461	4.19719	1.39403	1.30540	1.24387	5.10958	4.86623	4.61190
25980	1.12663	1.12674	1.04582	4.55676	4.48030	4.38414	2.38346	1.90452	1.49760	4.23962	4.30387	4.19700	1.39402	1.30898	1.24503	5.11492	4.86973	4.61439
26150	1.12900	1.12739	1.04827	4.55971	4.48325	4.38692	2.37902	1.90928	1.50108	4.24190	4.30746	4.19989	1.39376	1.30692	1.24368	5.11245	4.86572	4.61132
26310	1.12431	1.12673	1.04673	4.55698	4.48288	4.38747	2.38105	1.90915	1.50277	4.24363	4.30898	4.20177	1.39479	1.30636	1.24470	5.11343	4.86958	4.61466	32.75	6.3	0.00	-2.04	0.01744	0.01207	0.01527	0.01840	0.01898	0.01484	0.00549	0.01524	0.02022	0.01875	0.01306	0.01663	0.01718	0.01776	0.01386	0.00573	0.01615	0.02160
26480	1.12677	1.12431	1.04673	4.55747	4.48201	4.38490	2.38304	1.90325	1.49672	4.24160	4.30609	4.19901	1.39374	1.30777	1.24658	5.11470	4.87240	4.61752
26640	1.13030	1.12758	1.04762	4.56296	4.48495	4.38776	2.38679	1.90763	1.49892	4.24418	4.30954	4.20097	1.39365	1.30658	1.23938	5.11532	4.86849	4.61418
26800	1.12649	1.12791	1.04789	4.56130	4.48518	4.38949	2.37995	1.90839	1.49834	4.24511	4.31045	4.20285	1.39338	1.30567	1.24224	5.11496	4.87011	4.61513
26970	1.12473	1.12441	1.04496	4.55951	4.48327	4.38681	2.38093	1.90359	1.49576	4.24338	4.30889	4.20096	1.39099	1.30579	1.24142	5.11232	4.87028	4.61566
27130	1.12575	1.12364	1.04800	4.56197	4.48533	4.38905	2.37941	1.90547	1.49698	4.24536	4.31150	4.20291	1.38997	1.30510	1.24140	5.11385	4.86841	4.61574
27300	1.12431	1.12241	1.04589	4.56087	4.48351	4.38775	2.37317	1.90238	1.49681	4.24429	4.30921	4.20170	1.39331	1.30919	1.24771	5.11564	4.87549	4.62153
27460	1.12790	1.12850	1.04681	4.56649	4.48923	4.39321	2.38319	1.90936	1.50092	4.24914	4.31413	4.20658	1.39366	1.30764	1.24353	5.11418	4.87267	4.61837
27630	1.12697	1.12611	1.04744	4.56457	4.48812	4.39166	2.38854	1.90762	1.50042	4.24819	4.31382	4.20576	1.39243	1.30604	1.24186	5.11418	4.87221	4.61806
27790	1.12789	1.12635	1.04715	4.56500	4.48848	4.39310	2.38453	1.90756	1.49911	4.24936	4.31445	4.20733	1.39368	1.30697	1.24274	5.11538	4.87225	4.61850
27960	1.12601	1.12723	1.04603	4.56392	4.48719	4.39099	2.38287	1.90571	1.49627	4.24892	4.31414	4.20668	1.39253	1.30848	1.24569	5.11563	4.87321	4.61979	32.75	6.1	0.00	-2.04	0.01744	0.01207	0.01527	0.01840	0.01898	0.01484	0.00549	0.01524	0.02022	0.01875	0.01306	0.01663	0.01718	0.01776	0.01386	0.00573	0.01615	0.02160
28120	1.12824	1.12790	1.04946	4.56607	4.49056	4.39441	2.38492	1.90739	1.50136	4.25000	4.31570	4.20745	1.39031	1.30513	1.24198	5.11696	4.87197	4.61877
28290	1.12937	1.12977	1.05159	4.56796	4.49188	4.39592	2.38915	1.90949	1.50262	4.25353	4.31884	4.21123	1.39555	1.30858	1.24514	5.11882	4.87622	4.62193
28450	1.12761	1.12964	1.04790	4.56840	4.49075	4.39509	2.38207	1.90772	1.49939	4.25115	4.31634	4.20983	1.39363	1.30719	1.24202	5.11878	4.87432	4.62037
28620	1.12664	1.12986	1.04855	4.56781	4.49122	4.39621	2.37823	1.90921	1.50058	4.25173	4.31754	4.21042	1.39364	1.30869	1.24358	5.11937	4.87570	4.62156
28780	1.12805	1.12621	1.04773	4.56900	4.49137	4.39502	2.38385	1.90405	1.49926	4.25142	4.31731	4.20980	1.39316	1.30877	1.24406	5.12146	4.87651	4.62346
28950	1.13051	1.12841	1.04949	4.57013	4.49313	4.39683	2.38198	1.90559	1.49933	4.25378	4.32021	4.21154	1.39308	1.30538	1.24124	5.11885	4.87563	4.62171
29110	1.12671	1.12844	1.05088	4.56898	4.49408	4.39901	2.38897	1.90884	1.50363	4.25626	4.32195	4.21498	1.39594	1.30956	1.24564	5.12631	4.87916	4.62594
29280	1.12799	1.12746	1.04953	4.57146	4.49394	4.39673	2.38022	1.90673	1.49911	4.25476	4.31969	4.21293	1.39311	1.30931	1.24501	5.11856	4.87767	4.62425
29440	1.12788	1.12640	1.04866	4.56930	4.49411	4.39749	2.37951	1.90486	1.49906	4.25559	4.31973	4.21294	1.39117	1.30697	1.24235	5.12077	4.87888	4.62597
29610	1.12844	1.12818	1.05026	4.57215	4.49455	4.39929	2.38631	1.90870	1.49981	4.25686	4.32158	4.21488	1.39278	1.30610	1.24205	5.12118	4.87853	4.62454	32.69	6.0	0.00	-2.04	0.01744	0.01207	0.01527	0.01840	0.01898	0.01484	0.00549	0.01524	0.02022	0.01875	0.01306	0.01663	0.01718	0.01776	0.01386	0.00573	0.01615	0.02160
29770	1.12761	1.12894	1.04981	4.57354	4.49759	4.40162	2.38682	1.90971	1.50264	4.25938	4.32361	4.21649	1.39562	1.30811	1.24408	5.12440	4.88057	4.62783
29940	1.12786	1.12633	1.05015	4.57302	4.49526	4.39988	2.38122	1.90606	1.49958	4.25739	4.32234	4.21481	1.39305	1.30821	1.24430	5.12404	4.88016	4.62685
30100	1.12729	1.12839	1.04917	4.57154	4.49546	4.40059	2.38048	1.90507	1.50033	4.25819	4.32170	4.21546	1.39228	1.30935	1.24420	5.12209	4.88006	4.62766
30270	1.12892	1.12790	1.05016	4.57345	4.49772	4.40162	2.38420	1.90867	1.49876	4.25957	4.32475	4.21776	1.39331	1.30790	1.24334	5.12593	4.88023	4.62636
30430	1.12719	1.12975	1.05039	4.57664	4.49970	4.40421	2.38590	1.91002	1.50262	4.26120	4.32592	4.21980	1.39455	1.30917	1.24538	5.12587	4.88235	4.62890
30600	1.12753	1.12845	1.04661	4.57417	4.49717	4.40012	2.37983	1.90497	1.49721	4.25808	4.32337	4.21696	1.39507	1.31056	1.24992	5.12734	4.88618	4.63275
30760	1.13119	1.12896	1.05237	4.57826	4.50119	4.40452	2.38179	1.90785	1.50084	4.26251	4.32611	4.22049	1.39460	1.30838	1.24540	5.12398	4.88264	4.63035
30930	1.12686	1.12857	1.04767	4.57607	4.49964	4.40397	2.38137	1.90767	1.49990	4.26233	4.32703	4.22091	1.39531	1.30925	1.24410	5.13141	4.88548	4.63283
31090	1.12776	1.12885	1.05178	4.57821	4.50170	4.40555	2.38396	1.90836	1.50268	4.26359	4.32878	4.22345	1.39467	1.30819	1.24472	5.12665	4.88350	4.63002
31260	1.12846	1.12914	1.05091	4.57675	4.50152	4.40498	2.38238	1.90847	1.50238	4.26435	4.32805	4.22334	1.39550	1.30805	1.24605	5.12598	4.88518	4.63167	32.75	6.1	0.00	-2.04	0.01744	0.01207	0.01527	0.01840	0.01898	0.01484	0.00549	0.01524	0.02022	0.01875	0.01306	0.01663	0.01718	0.01776	0.01387	0.00573	0.01615	0.02160
31420	1.12758	1.12760	1.04878	4.57724	4.50003	4.40447	2.38282	1.90316	1.49830	4.26287	4.32742	4.22160	1.39285	1.30984	1.24365	5.12947	4.88491	4.63099
31590	1.12829	1.12854	1.04903	4.57756	4.50188	4.40587	2.37949	1.90586	1.49844	4.26401	4.32771	4.22260	1.39204	1.30681	1.24188	5.12957	4.88430	4.63091
31750	1.12849	1.12743	1.05066	4.57828	4.50186	4.40644	2.38202	1.90582	1.50139	4.26608	4.33036	4.22414	1.39372	1.30923	1.24560	5.13032	4.88636	4.63314
31910	1.12811	1.12591	1.04771	4.57798	4.50112	4.40500	2.38160	1.90632	1.49811	4.26427	4.32853	4.22300	1.39381	1.30913	1.24697	5.13045	4.88830	4.63532
32080	1.13077	1.12756	1.04893	4.57997	4.50418	4.40804	2.38080	1.90774	1.49999	4.26632	4.33043	4.22422	1.39318	1.30635	1.24442	5.13045	4.88562	4.63252
32250	1.12870	1.12745	1.04836	4.58199	4.50628	4.41046	2.38782	1.91145	1.50397	4.26909	4.33349	4.22714	1.39439	1.31029	1.24529	5.13358	4.89023	4.63599
32410	1.12800	1.12805	1.04846	4.58128	4.50443	4.40864	2.38312	1.90545	1.49889	4.26711	4.33183	4.22523	1.39462	1.31180	1.24723	5.13743	4.89317	4.63995
32580	1.13067	1.12994	1.05047	4.58539	4.50926	4.41171	2.38699	1.91003	1.50032	4.26944	4.33462	4.22799	1.39334	1.31031	1.24276	5.13234	4.89064	4.63687
32740	1.12658	1.12782	1.04940	4.58166	4.50641	4.41028	2.38217	1.90551	1.50014	4.26888	4.33227	4.22685	1.39168	1.30736	1.24235	5.13123	4.88813	4.63533
32910	1.12993	1.12910	1.05107	4.58295	4.50779	4.41155	2.39009	1.90741	1.50115	4.27012	4.33388	4.22755	1.39580	1.31042	1.24391	5.13561	4.89015	4.63717	32.75	6.2	0.00	-2.04	0.01744	0.01207	0.01527	0.01840	0.01898	0.01484	0.00549	0.01524	0.02022	0.01875	0.01306	0.01663	0.01718	0.01776	0.01387	0.00573	0.01615	0.02160
33070	1.12751	1.12549	1.04872	4.58302	4.50558	4.40856	2.37840	1.90582	1.49752	4.26892	4.33179	4.22746	1.39315	1.30809	1.24756	5.13581	4.89277	4.63928
33240	1.12946	1.12779	1.05027	4.58597	4.50942	4.41250	2.38414	1.91097	1.50052	4.27168	4.33598	4.23078	1.39274	1.30883	1.24573	5.13454	4.89274	4.63853
33400	1.12999	1.12771	1.05009	4.58517	4.50896	4.41188	2.38099	1.90874	1.50122	4.27193	4.33652	4.23220	1.39331	1.30827	1.24508	5.13519	4.89178	4.63868
33570	1.13017	1.12906	1.05076	4.58722	4.51086	4.41384	2.38090	1.90756	1.50145	4.27361	4.33798	4.23147	1.39351	1.30744	1.24373	5.13940	4.89323	4.63886
33730	1.12779	1.12741	1.04971	4.58601	4.50914	4.41158	2.37760	1.90440	1.49755	4.27138	4.33575	4.22997	1.39447	1.30917	1.24675	5.13728	4.89357	4.64054
33900	1.12864	1.12925	1.05242	4.58935	4.51234	4.41630	2.38521	1.90811	1.50218	4.27434	4.33876	4.23356	1.39627	1.30976	1.24467	5.14139	4.89599	4.64207
34060	1.13017	1.12846	1.04989	4.58956	4.51334	4.41556	2.38521	1.90932	1.49953	4.27480	4.33888	4.23343	1.39851	1.31109	1.24774	5.13907	4.89767	4.64535
34230	1.13178	1.13064	1.05250	4.59221	4.51666	4.41867	2.38503	1.91218	1.50306	4.27722	4.34270	4.23611	1.39587	1.30944	1.24434	5.14084	4.89690	4.64337
34390	1.12958	1.12809	1.05151	4.59068	4.51384	4.41783	2.38140	1.90725	1.50014	4.27612	4.34096	4.23473	1.39372	1.30805	1.24168	5.13734	4.89461	4.64178
34560	1.13094	1.12914	1.05067	4.59086	4.51548	4.41910	2.38874	1.90776	1.50235	4.27803	4.34367	4.23747	1.39413	1.30579	1.24390	5.14218	4.89674	4.64358	32.75	6.2	0.00	-2.04	0.01744	0.01207	0.01527	0.01840	0.01898	0.01484	0.00550	0.01524	0.02022	0.01875	0.01306	0.01663	0.01718	0.01776	0.01387	0.00573	0.01615	0.02160
34720	1.12793	1.12814	1.04726	4.59022	4.51282	4.41613	2.38267	1.90542	1.49819	4.27516	4.34068	4.23610	1.39467	1.30889	1.24650	5.14159	4.89923	4.64618
34890	1.12934	1.12733	1.05105	4.59257	4.51592	4.41959	2.38112	1.90967	1.50091	4.27844	4.34438	4.23792	1.39136	1.30577	1.24300	5.13996	4.89637	4.64342
35050	1.12876	1.13147	1.05333	4.59413	4.51939	4.42322	2.38594	1.91129	1.50223	4.28132	4.34748	4.24128	1.39559	1.31027	1.24725	5.14326	4.90150	4.64821
35220	1.12988	1.12939	1.05154	4.59350	4.51791	4.42012	2.37990	1.90576	1.49883	4.27917	4.34565	4.23945	1.39452	1.30718	1.24492	5.14163	4.90001	4.64646
35380	1.12824	1.12892	1.05080	4.59301	4.51754	4.42111	2.38243	1.90646	1.49885	4.27990	4.34566	4.24021	1.39402	1.30588	1.24550	5.14401	4.89918	4.64658
35550	1.12878	1.13031	1.05098	4.59374	4.51824	4.42135	2.38050	1.90802	1.49876	4.28145	4.34701	4.24040	1.39256	1.30620	1.24415	5.14326	4.90092	4.64725
35710	1.13044	1.12885	1.05109	4.59550	4.51971	4.42351	2.38258	1.90778	1.50078	4.28341	4.34861	4.24184	1.39510	1.30689	1.24433	5.14512	4.90028	4.64813
35880	1.12869	1.12785	1.05070	4.59499	4.51941	4.42269	2.37345	1.90559	1.50025	4.28208	4.34748	4.24132	1.39353	1.30878	1.24832	5.14476	4.90175	4.64977
36040	1.12938	1.12974	1.05054	4.59636	4.52144	4.42382	2.38377	1.90881	1.50038	4.28408	4.34965	4.24340	1.39473	1.30843	1.24726	5.14538	4.90134	4.64800
36210	1.13156	1.13022	1.05266	4.59910	4.52395	4.42817	2.39079	1.91096	1.50463	4.28702	4.35221	4.24596	1.39689	1.31227	1.24935	5.14859	4.90552	4.65114	32.75	6.0	0.00	-2.04	0.01744	0.01207	0.01527	0.01839	0.01898	0.01484	0.00550	0.01524	0.02022	0.01875	0.01306	0.01662	0.01718	0.01776	0.01387	0.00573	0.01615	0.02160
36370	1.13151	1.13031	1.05189	4.59852	4.52272	4.42564	2.38770	1.90924	1.50017	4.28497	4.35086	4.24484	1.39506	1.30719	1.24414	5.14640	4.90261	4.65049
36540	1.12846	1.12747	1.05267	4.59724	4.52207	4.42577	2.38746	1.90734	1.49976	4.28536	4.34983	4.24542	1.39551	1.30868	1.24567	5.14885	4.90413	4.65093
36700	1.13158	1.12825	1.05158	4.59782	4.52231	4.42485	2.38606	1.90570	1.49867	4.28447	4.35054	4.24569	1.39522	1.30915	1.24337	5.14875	4.90480	4.65294
36870	1.12921	1.13114	1.05158	4.59922	4.52413	4.42625	2.37737	1.90554	1.50139	4.28619	4.35119	4.24589	1.39305	1.30583	1.24537	5.14575	4.90354	4.65082
37030	1.12839	1.12941	1.05248	4.59922	4.52514	4.42879	2.38183	1.90796	1.50228	4.28825	4.35463	4.24812	1.39516	1.31013	1.24717	5.15274	4.90867	4.65468
37200	1.12940	1.12793	1.05193	4.60116	4.52414	4.42675	2.37969	1.90361	1.49850	4.28658	4.35268	4.24641	1.39768	1.31283	1.25078	5.15474	4.91250	4.65932
37360	1.13348	1.13032	1.05115	4.60526	4.52927	4.43119	2.38514	1.91025	1.50415	4.29026	4.35573	4.25038	1.39673	1.30852	1.24576	5.15359	4.90934	4.65567
37530	1.12868	1.12628	1.05024	4.60171	4.52630	4.42834	2.37987	1.90357	1.49688	4.28870	4.35327	4.24807	1.39387	1.30813	1.24440	5.15248	4.90681	4.65420
37690	1.13175	1.13027	1.05086	4.60325	4.52770	4.43061	2.38901	1.90629	1.50049	4.28953	4.35630	4.25102	1.39432	1.30781	1.24629	5.15555	4.91035	4.65612
37860	1.13044	1.13037	1.04975	4.60112	4.52617	4.42815	2.37562	1.90363	1.49756	4.28810	4.35454	4.24885	1.39385	1.30857	1.24647	5.15582	4.91104	4.65879	32.75	6.1	0.00	-2.04	0.01744	0.01207	0.01527	0.01839	0.01898	0.01484	0.00550	0.01524	0.02022	0.01875	0.01306	0.01662	0.01718	0.01776	0.01387	0.00573	0.01614	0.02159
38020	1.13052	1.13205	1.05217	4.60469	4.52896	4.43193	2.38966	1.91005	1.49939	4.29073	4.35733	4.25078	1.39330	1.30831	1.24412	5.15775	4.90981	4.65579
38190	1.13065	1.12980	1.05326	4.60594	4.53210	4.43481	2.38246	1.91112	1.50288	4.29457	4.36104	4.25468	1.39643	1.30944	1.24858	5.16237	4.91385	4.66109
38350	1.13048	1.13015	1.05261	4.60648	4.53098	4.43295	2.37904	1.90690	1.49945	4.29187	4.35798	4.25334	1.39543	1.30984	1.24921	5.15922	4.91551	4.66122
38520	1.13254	1.13090	1.05439	4.60748	4.53211	4.43507	2.38165	1.90780	1.50115	4.29457	4.35977	4.25417	1.39483	1.30785	1.24590	5.15622	4.91329	4.65954
38680	1.12915	1.12866	1.05303	4.60650	4.53113	4.43449	2.38177	1.90751	1.49985	4.29438	4.35974	4.25386	1.39278	1.30617	1.24379	5.15962	4.91404	4.66075
38850	1.12942	1.12843	1.05100	4.60512	4.52964	4.43183	2.38133	1.90329	1.49787	4.29255	4.35882	4.25287	1.39309	1.30628	1.24359	5.15847	4.91321	4.65912
39010	1.12847	1.13053	1.05080	4.60562	4.53071	4.43405	2.38600	1.90629	1.50096	4.29437	4.36048	4.25428	1.39410	1.30997	1.24829	5.16119	4.91798	4.66349
39180	1.13060	1.13052	1.05405	4.60923	4.53420	4.43679	2.37939	1.90969	1.50136	4.29649	4.36240	4.25801	1.39924	1.31579	1.24984	5.16731	4.92253	4.66778
39340	1.13476	1.13374	1.05721	4.61329	4.53829	4.44088	2.38995	1.91506	1.50482	4.30121	4.36665	4.26081	1.39896	1.31225	1.24843	5.16331	4.91929	4.66643
39510	1.13133	1.13078	1.05273	4.61010	4.53528	4.43834	2.38549	1.90757	1.50130	4.29730	4.36352	4.25700	1.39489	1.30690	1.24428	5.15853	4.91573	4.66155	32.69	6.0	0.00	-2.04	0.01744	0.01207	0.01527	0.01839	0.01898	0.01484	0.00550	0.01524	0.02022	0.01875	0.01306	0.01662	0.01718	0.01776	0.01387	0.00572	0.01614	0.02159
39670	1.12996	1.13168	1.05362	4.60804	4.53417	4.43875	2.38900	1.90866	1.50205	4.29918	4.36442	4.25906	1.39595	1.30952	1.24582	5.16062	4.91706	4.66310
39830	1.12858	1.12978	1.05160	4.60974	4.53365	4.43669	2.38148	1.90533	1.49885	4.29693	4.36187	4.25652	1.39504	1.30833	1.24789	5.16108	4.91979	4.66571
40000	1.13100	1.13036	1.05485	4.61142	4.53594	4.44036	2.38644	1.90820	1.50109	4.29984	4.36498	4.25852	1.39472	1.30826	1.24449	5.16138	4.91807	4.66391
40160	1.13316	1.13072	1.05242	4.61237	4.53737	4.44187	2.38894	1.91101	1.50330	4.30130	4.36699	4.26202	1.39723	1.31036	1.24691	5.16678	4.92137	4.66682
40330	1.13139	1.12977	1.05287	4.61142	4.53528	4.44040	2.37832	1.90698	1.49964	4.29931	4.36530	4.25896	1.39788	1.31094	1.24984	5.16874	4.92491	4.67026
40490	1.13457	1.13491	1.05402	4.61633	4.53952	4.44263	2.38582	1.91192	1.50369	4.30282	4.36768	4.26253	1.39721	1.30895	1.24840	5.16648	4.92296	4.66883
40660	1.13059	1.13113	1.05362	4.61381	4.53818	4.44228	2.38356	1.90835	1.50204	4.30225	4.36766	4.26233	1.39618	1.30954	1.24913	5.16606	4.92229	4.66921
40830	1.13005	1.13283	1.05402	4.61453	4.54010	4.44319	2.38882	1.91098	1.50375	4.30452	4.36928	4.26459	1.39764	1.31058	1.24850	5.16864	4.92418	4.66995
40990	1.13159	1.13195	1.05225	4.61475	4.53877	4.44338	2.37514	1.90678	1.50144	4.30299	4.36830	4.26333	1.39654	1.31297	1.24972	5.16648	4.92566	4.67139
41160	1.13315	1.13176	1.05382	4.61637	4.54108	4.44516	2.38569	1.91136	1.50404	4.30484	4.36942	4.26440	1.39668	1.31167	1.24790	5.16968	4.92604	4.67206	32.75	6.1	0.00	-2.04	0.01744	0.01207	0.01527	0.01839	0.01898	0.01484	0.00549	0.01524	0.02022	0.01875	0.01306	0.01662	0.01718	0.01776	0.01387	0.00572	0.01614	0.02159
41320	1.13115	1.13432	1.05479	4.61679	4.54174	4.44569	2.38370	1.91061	1.50294	4.30559	4.37106	4.26583	1.39568	1.31025	1.24808	5.16735	4.92368	4.67063
41490	1.13208	1.13295	1.05742	4.61849	4.54356	4.44802	2.39141	1.91274	1.50691	4.30788	4.37336	4.26792	1.39932	1.31040	1.24908	5.17190	4.92715	4.67302
41650	1.13276	1.13399	1.05576	4.61888	4.54326	4.44804	2.38748	1.91228	1.50381	4.30826	4.37375	4.26744	1.39646	1.31144	1.24663	5.16899	4.92562	4.67265
41820	1.13224	1.13171	1.05552	4.61826	4.54386	4.44876	2.38831	1.91231	1.50431	4.30976	4.37517	4.26955	1.39850	1.31091	1.24989	5.17154	4.92742	4.67333
41980	1.13133	1.13322	1.05409	4.61947	4.54364	4.44741	2.38813	1.90991	1.50320	4.30765	4.37305	4.26735	1.39903	1.31335	1.25085	5.17387	4.93027	4.67677
42150	1.13665	1.13522	1.05584	4.62188	4.54714	4.45004	2.39665	1.91092	1.50591	4.30988	4.37612	4.27030	1.39950	1.31101	1.24967	5.16928	4.92785	4.67445
42310	1.13213	1.13359	1.05529	4.62033	4.54487	4.44906	2.38358	1.91009	1.50394	4.30835	4.37535	4.27013	1.39774	1.31030	1.24651	5.17272	4.92777	4.67429
42480	1.13307	1.13352	1.05505	4.62161	4.54644	4.45134	2.38379	1.90939	1.50624	4.31132	4.37705	4.27217	1.39809	1.31209	1.24804	5.17348	4.92984	4.67558
42640	1.13210	1.13207	1.05265	4.61999	4.54519	4.44955	2.38251	1.90725	1.50119	4.31092	4.37546	4.27113	1.39839	1.31421	1.25150	5.17646	4.93388	4.67932
42810	1.13434	1.13408	1.05546	4.62475	4.55013	4.45401	2.38689	1.91204	1.50509	4.31290	4.37809	4.27358	1.39872	1.31144	1.24798	5.17398	4.93066	4.67683	32.75	5.9	0.00	-2.04	0.01744	0.01207	0.01527	0.01839	0.01898	0.01484	0.00549	0.01524	0.02022	0.01875	0.01305	0.01662	0.01718	0.01776	0.01387	0.00573	0.01614	0.02159
42970	1.13569	1.13678	1.05885	4.62648	4.55224	4.45570	2.38606	1.91474	1.51001	4.31721	4.38123	4.27743	1.40120	1.31469	1.25281	5.18034	4.93541	4.68057
43140	1.13515	1.13429	1.05718	4.62558	4.54991	4.45445	2.38609	1.91232	1.50532	4.31418	4.37908	4.27442	1.39945	1.31362	1.24707	5.17542	4.93274	4.67747
43300	1.13155	1.13151	1.05441	4.62300	4.54802	4.45106	2.37892	1.90999	1.50252	4.31197	4.37770	4.27283	1.39949	1.31184	1.24995	5.17582	4.93192	4.67892
43470	1.13320	1.13306	1.05628	4.62497	4.55080	4.45442	2.38150	1.90990	1.50758	4.31632	4.38017	4.27560	1.39972	1.31178	1.25132	5.17356	4.93209	4.67841
43630	1.13294	1.13491	1.05766	4.62663	4.55263	4.45709	2.38984	1.91383	1.50646	4.31800	4.38357	4.27765	1.40106	1.31316	1.25109	5.17732	4.93569	4.68041
43800	1.13234	1.13300	1.05522	4.62592	4.55072	4.45533	2.37951	1.90912	1.50533	4.31581	4.38068	4.27642	1.40088	1.31419	1.25087	5.17922	4.93708	4.68267
43960	1.13437	1.13520	1.05830	4.62896	4.55381	4.45712	2.38418	1.91287	1.50664	4.31773	4.38384	4.27771	1.39904	1.31187	1.25027	5.17739	4.93498	4.68057
44130	1.13388	1.13669	1.05854	4.63034	4.55587	4.45888	2.38463	1.91666	1.50785	4.32028	4.38652	4.27937	1.39926	1.31371	1.25111	5.18231	4.93820	4.68324
44290	1.13346	1.13247	1.05638	4.63054	4.55615	4.45920	2.38522	1.91254	1.50519	4.31873	4.38507	4.27990	1.39877	1.31527	1.25058	5.18440	4.93916	4.68422
44460	1.13646	1.13492	1.05643	4.63095	4.55597	4.45837	2.38398	1.91174	1.50522	4.31891	4.38422	4.27926	1.40093	1.31279	1.25288	5.18027	4.93853	4.68440	32.69	6.1	0.00	-2.04	0.01744	0.01207	0.01527	0.01839	0.01898	0.01484	0.00549	0.01524	0.02022	0.01875	0.01305	0.01662	0.01718	0.01776	0.01387	0.00573	0.01614	0.02159
44620	1.13430	1.13567	1.05745	4.63126	4.55704	4.45993	2.39002	1.91297	1.50568	4.32104	4.38716	4.28173	1.39860	1.31394	1.24986	5.18460	4.94157	4.68604
44790	1.13461	1.13451	1.05853	4.63313	4.55700	4.46008	2.38473	1.91237	1.50676	4.32141	4.38651	4.28139	1.39867	1.31174	1.24956	5.18014	4.93736	4.68354
44950	1.13306	1.13583	1.05958	4.63260	4.55979	4.46279	2.38717	1.91597	1.50834	4.32424	4.38998	4.28463	1.39968	1.31501	1.25086	5.18542	4.94197	4.68670
45120	1.13377	1.13734	1.05626	4.63432	4.55980	4.46192	2.38318	1.91258	1.50426	4.32384	4.38822	4.28451	1.40021	1.31327	1.25180	5.18434	4.94039	4.68681
45280	1.13589	1.13521	1.05868	4.63461	4.55916	4.46151	2.39068	1.91438	1.50636	4.32275	4.38944	4.28500	1.39992	1.31679	1.25254	5.18722	4.94225	4.68852
45450	1.13530	1.13752	1.05836	4.63526	4.56050	4.46256	2.38785	1.91225	1.50544	4.32444	4.38949	4.28569	1.39898	1.31249	1.24799	5.18985	4.93938	4.68605
45610	1.13740	1.13770	1.06150	4.63771	4.56318	4.46674	2.39116	1.91650	1.50972	4.32732	4.39301	4.28813	1.40370	1.31623	1.25335	5.18916	4.94465	4.69059
45780	1.13554	1.13585	1.05912	4.63772	4.56343	4.46634	2.39133	1.91436	1.50671	4.32646	4.39162	4.28747	1.40082	1.31468	1.25159	5.18457	4.94215	4.68922
45940	1.13369	1.13483	1.05501	4.63649	4.56184	4.46394	2.38913	1.91326	1.50517	4.32556	4.39117	4.28750	1.40160	1.31443	1.24932	5.18660	4.94370	4.69032
46110	1.13638	1.13603	1.05746	4.63814	4.56343	4.46647	2.38059	1.91336	1.50581	4.32663	4.39317	4.28799	1.39847	1.31391	1.25116	5.18551	4.94192	4.68853	32.69	6.0	0.00	-2.04	0.01744	0.01207	0.01527	0.01839	0.01898	0.01484	0.00549	0.01524	0.02022	0.01875	0.01305	0.01662	0.01718	0.01776	0.01387	0.00573	0.01614	0.02159
46270	1.13694	1.13847	1.06031	4.64065	4.56630	4.47001	2.39443	1.91576	1.50840	4.33060	4.39677	4.29157	1.40109	1.31671	1.25289	5.19030	4.94648	4.69367
46440	1.13704	1.13618	1.05727	4.64002	4.56435	4.46804	2.38559	1.91288	1.50358	4.32834	4.39472	4.29065	1.40122	1.31593	1.25440	5.19437	4.94875	4.69670
46600	1.13716	1.13599	1.06028	4.64227	4.56751	4.47002	2.38410	1.91278	1.50527	4.33150	4.39750	4.29258	1.39962	1.31329	1.25147	5.19092	4.94490	4.69256
46770	1.13560	1.13485	1.05963	4.64100	4.56736	4.46984	2.38464	1.91360	1.50473	4.33068	4.39649	4.29286	1.40230	1.31506	1.25122	5.18997	4.94623	4.69351
46930	1.13427	1.13662	1.05806	4.64182	4.56783	4.47119	2.38946	1.91612	1.50673	4.33171	4.39791	4.29334	1.40023	1.31309	1.25024	5.19151	4.94600	4.69375
47100	1.13629	1.13582	1.05970	4.64136	4.56814	4.47256	2.38663	1.91504	1.50861	4.33387	4.40047	4.29569	1.40215	1.31474	1.25483	5.19551	4.94808	4.69585
47260	1.13716	1.13377	1.05889	4.64396	4.56849	4.47123	2.38779	1.91320	1.50282	4.33222	4.39854	4.29364	1.40205	1.31617	1.25215	5.19666	4.95189	4.69836
47430	1.13663	1.13746	1.06018	4.64590	4.57095	4.47305	2.38979	1.91475	1.50702	4.33540	4.40086	4.29629	1.40080	1.31618	1.25445	5.19338	4.94891	4.69611
47590	1.13534	1.13669	1.05987	4.64371	4.57007	4.47433	2.39095	1.91689	1.50879	4.33637	4.40152	4.29751	1.40304	1.31538	1.25181	5.19637	4.95177	4.69825
47760	1.13567	1.13421	1.05798	4.64407	4.56960	4.47296	2.38482	1.91168	1.50437	4.33365	4.39980	4.29571	1.40324	1.31491	1.25341	5.19942	4.95485	4.70232	32.75	6.1	0.00	-2.04	0.01744	0.01207	0.01527	0.01839	0.01898	0.01484	0.00549	0.01524	0.02022	0.01875	0.01305	0.01662	0.01718	0.01776	0.01386	0.00573	0.01614	0.02159
47920	1.13612	1.13591	1.06126	4.64832	4.57362	4.47704	2.38809	1.91544	1.50680	4.33800	4.40184	4.29806	1.40219	1.31458	1.25120	5.19633	4.95054	4.69882
48080	1.13644	1.13687	1.05932	4.64811	4.57482	4.47749	2.39628	1.91896	1.50861	4.33913	4.40361	4.30009	1.40478	1.31610	1.25074	5.19998	4.95324	4.69989
48250	1.13548	1.13410	1.05839	4.64715	4.57245	4.47543	2.39336	1.91217	1.50373	4.33648	4.40191	4.29709	1.40175	1.31667	1.25212	5.20441	4.95555	4.70261
48410	1.13796	1.13596	1.05820	4.64929	4.57507	4.47810	2.39211	1.91640	1.50645	4.33947	4.40419	4.30053	1.40122	1.31295	1.25079	5.19847	4.95335	4.70034
48580	1.13601	1.13632	1.06114	4.65015	4.57669	4.48013	2.38875	1.91580	1.50885	4.34108	4.40598	4.30227	1.40166	1.31501	1.25175	5.20076	4.95577	4.70301
48740	1.13731	1.13481	1.06037	4.65000	4.57622	4.47810	2.38277	1.91223	1.50338	4.34016	4.40556	4.30137	1.40218	1.31526	1.25177	5.20119	4.95699	4.70395
48910	1.13740	1.13668	1.06081	4.65120	4.57650	4.47966	2.38506	1.91420	1.50648	4.34130	4.40628	4.30279	1.40047	1.31254	1.24965	5.20165	4.95547	4.70246
49070	1.13817	1.13885	1.06226	4.65303	4.57978	4.48336	2.38931	1.91679	1.50979	4.34410	4.40986	4.30571	1.40441	1.31526	1.25287	5.20563	4.95937	4.70622
49240	1.13777	1.13640	1.05943	4.65296	4.57732	4.48082	2.38952	1.91126	1.50718	4.34222	4.40753	4.30319	1.40241	1.31902	1.25282	5.20674	4.96167	4.70857
49400	1.13848	1.13861	1.06005	4.65433	4.58029	4.48275	2.38879	1.91509	1.50824	4.34360	4.40825	4.30521	1.40289	1.31542	1.25524	5.20621	4.96000	4.70580	32.69	6.1	0.00	-2.04	0.01744	0.01207	0.01527	0.01839	0.01898	0.01484	0.00549	0.01524	0.02022	0.01875	0.01305	0.01662	0.01718	0.01776	0.01386	0.00572	0.01614	0.02159
49570	1.13662	1.13595	1.05986	4.65454	4.58036	4.48282	2.39576	1.91517	1.50837	4.34365	4.40900	4.30522	1.40121	1.31617	1.25296	5.20546	4.96095	4.70692
49730	1.13899	1.13698	1.05973	4.65539	4.58104	4.48374	2.39076	1.91424	1.50703	4.34538	4.41076	4.30677	1.40218	1.31397	1.24966	5.20473	4.96018	4.70642
49900	1.13550	1.13686	1.06291	4.65429	4.58225	4.48623	2.39231	1.91756	1.51099	4.34680	4.41330	4.30923	1.40271	1.31406	1.25285	5.20878	4.96246	4.70963
50060	1.13681	1.13753	1.05970	4.65548	4.58032	4.48407	2.39028	1.91307	1.50662	4.34531	4.40951	4.30704	1.40215	1.31905	1.25487	5.21098	4.96607	4.71350
50230	1.14036	1.14019	1.06344	4.66073	4.58539	4.48982	2.39436	1.91776	1.50988	4.34884	4.41408	4.31060	1.40340	1.31444	1.25306	5.21114	4.96527	4.71159
50390	1.13798	1.13859	1.06268	4.65841	4.58578	4.49028	2.38969	1.91681	1.51150	4.34990	4.41648	4.31207	1.40500	1.31589	1.25506	5.21272	4.96644	4.71390
50550	1.13550	1.13622	1.05933	4.65843	4.58381	4.48809	2.38588	1.91242	1.50653	4.34715	4.41332	4.30968	1.40286	1.31660	1.25288	5.21216	4.96571	4.71331
50720	1.13689	1.13389	1.05712	4.65847	4.58371	4.48618	2.39025	1.91460	1.50631	4.34758	4.41373	4.30941	1.40159	1.31402	1.25038	5.20927	4.96373	4.71028
50880	1.13530	1.13133	1.05655	4.65674	4.58148	4.48564	2.38085	1.90914	1.50367	4.34487	4.41145	4.30799	1.40280	1.31587	1.25604	5.21239	4.96850	4.71466
51050	1.13809	1.13639	1.05982	4.66078	4.58545	4.48935	2.39241	1.91339	1.50727	4.34981	4.41622	4.31229	1.40250	1.31527	1.25062	5.21090	4.96508	4.71181	32.69	6.0	0.00	-2.04	0.01744	0.01207	0.01527	0.01839	0.01898	0.01484	0.00549	0.01524	0.02022	0.01875	0.01305	0.01662	0.01718	0.01776	0.01386	0.00572	0.01614	0.02159
51210	1.13781	1.13528	1.06103	4.66114	4.58724	4.49120	2.38503	1.91524	1.50925	4.35191	4.41955	4.31503	1.40343	1.31507	1.25314	5.21649	4.96940	4.71560
51380	1.13571	1.13604	1.05915	4.66022	4.58518	4.48830	2.38664	1.91097	1.50441	4.35020	4.41645	4.31220	1.40417	1.31559	1.25338	5.21646	4.97042	4.71768
51540	1.13944	1.13870	1.06076	4.66278	4.58715	4.49070	2.38759	1.91476	1.50556	4.35171	4.41896	4.31508	1.40077	1.31375	1.25047	5.21244	4.96783	4.71483
51700	1.13869	1.13907	1.06207	4.66449	4.59043	4.49438	2.38902	1.91783	1.51023	4.35515	4.42114	4.31724	1.40420	1.31560	1.25376	5.21777	4.97230	4.71795
51870	1.13587	1.13494	1.06003	4.66213	4.58741	4.49161	2.38637	1.91064	1.50598	4.35283	4.41917	4.31431	1.40210	1.31655	1.25144	5.21777	4.97355	4.71963
52030	1.13684	1.13694	1.06151	4.66501	4.59030	4.49405	2.38905	1.91725	1.50767	4.35549	4.42146	4.31676	1.40168	1.31553	1.25081	5.21777	4.97223	4.71693
52200	1.13737	1.13729	1.06221	4.66578	4.59194	4.49621	2.38756	1.92069	1.51002	4.35750	4.42329	4.31932	1.40478	1.31646	1.25261	5.21958	4.97365	4.71991
52360	1.13616	1.13571	1.05938	4.66540	4.58959	4.49399	2.39116	1.91147	1.50646	4.35441	4.42108	4.31636	1.40184	1.31678	1.25314	5.21836	4.97440	4.71981
52530	1.13712	1.13952	1.06285	4.66623	4.59225	4.49703	2.38946	1.91609	1.50923	4.35793	4.42327	4.31843	1.40453	1.31777	1.25583	5.22221	4.97710	4.72332
52690	1.13924	1.13756	1.06280	4.67011	4.59538	4.50018	2.39124	1.91864	1.51000	4.35959	4.42499	4.32089	1.40632	1.31821	1.25227	5.22196	4.97724	4.72264	32.75	6.2	0.00	-2.04	0.01744	0.01207	0.01527	0.01839	0.01898	0.01484	0.00549	0.01524	0.02022	0.01875	0.01305	0.01662	0.01718	0.01776	0.01386	0.00572	0.01614	0.02159
52860	1.13768	1.13826	1.06347	4.66832	4.59484	4.49983	2.39189	1.91711	1.51123	4.36020	4.42576	4.32116	1.40531	1.31547	1.25444	5.22173	4.97646	4.72317
53020	1.13715	1.13707	1.05951	4.66865	4.59256	4.49673	2.38522	1.91229	1.50838	4.35813	4.42328	4.32031	1.40277	1.31528	1.25265	5.21949	4.97642	4.72309
53180	1.13671	1.13752	1.06038	4.66885	4.59452	4.49887	2.39213	1.91457	1.50520	4.35997	4.42479	4.32182	1.40237	1.31557	1.25325	5.22350	4.97743	4.72299
53350	1.13516	1.13773	1.05961	4.66881	4.59387	4.49879	2.38918	1.91351	1.50630	4.35940	4.42561	4.32199	1.40548	1.31833	1.25783	5.22525	4.98171	4.72841
53510	1.14102	1.13973	1.06316	4.67425	4.59904	4.50425	2.39392	1.91680	1.51062	4.36511	4.43015	4.32540	1.40571	1.31800	1.25448	5.22706	4.98148	4.72713
53680	1.13794	1.14166	1.06414	4.67383	4.60028	4.50473	2.39234	1.92035	1.51081	4.36487	4.43084	4.32633	1.40670	1.31695	1.25428	5.22805	4.98248	4.72740
53840	1.13879	1.13533	1.06086	4.67195	4.59659	4.50182	2.38728	1.91312	1.50777	4.36341	4.42794	4.32460	1.40364	1.31448	1.25128	5.22222	4.97817	4.72419
54000	1.13696	1.13937	1.06318	4.67306	4.60002	4.50479	2.39731	1.91755	1.51084	4.36638	4.43172	4.32846	1.40569	1.31821	1.25439	5.22719	4.98272	4.72860
54170	1.13776	1.13495	1.06028	4.67287	4.59753	4.50220	2.38555	1.91306	1.50842	4.36398	4.42905	4.32559	1.40196	1.31207	1.24927	5.22433	4.97943	4.72527
54330	1.13689	1.13694	1.06079	4.67383	4.60071	4.50671	2.39351	1.92075	1.51049	4.36771	4.43335	4.32968	1.40722	1.31851	1.25210	5.22809	4.98428	4.72979	32.75	6.2	0.00	-2.04	0.01744	0.01207	0.01527	0.01839	0.01898	0.01484	0.00549	0.01524	0.02022	0.01875	0.01305	0.01662	0.01718	0.01776	0.01386	0.00573	0.01614	0.02159
54490	1.14016	1.13711	1.06001	4.67415	4.59918	4.50409	2.38511	1.91463	1.50629	4.36519	4.43088	4.32809	1.40193	1.31373	1.25240	5.22529	4.97932	4.72685
54660	1.13847	1.13964	1.06392	4.67685	4.60289	4.50721	2.39148	1.92005	1.51365	4.36960	4.43523	4.33150	1.40772	1.31845	1.25389	5.23023	4.98641	4.73216
54820	1.13854	1.13574	1.06014	4.67643	4.60070	4.50550	2.39199	1.91406	1.50712	4.36784	4.43263	4.32896	1.40310	1.31441	1.25085	5.22756	4.98193	4.72828
54980	1.13779	1.14078	1.06305	4.67718	4.60298	4.50877	2.39312	1.91762	1.50935	4.37040	4.43564	4.33296	1.40496	1.31509	1.25405	5.23122	4.98642	4.73273
55150	1.13562	1.13618	1.05941	4.67594	4.60126	4.50627	2.38690	1.91208	1.50615	4.36788	4.43219	4.32966	1.40037	1.31226	1.25171	5.22555	4.98292	4.72957
55310	1.13753	1.13930	1.06270	4.67798	4.60482	4.51031	2.39360	1.91818	1.51100	4.37252	4.43747	4.33469	1.40539	1.31549	1.25421	5.23188	4.98808	4.73392
55470	1.13869	1.13634	1.06097	4.67755	4.60190	4.50727	2.39071	1.91286	1.50376	4.36955	4.43387	4.33220	1.40346	1.31530	1.25181	5.23181	4.98673	4.73281
55640	1.13705	1.13827	1.06087	4.67832	4.60276	4.50767	2.39297	1.91255	1.50748	4.37102	4.43561	4.33365	1.40368	1.31655	1.25268	5.22871	4.98557	4.73227
55800	1.13638	1.13674	1.06134	4.67652	4.60163	4.50775	2.38740	1.91290	1.50594	4.37029	4.43441	4.33231	1.40413	1.31591	1.25642	5.23267	4.98974	4.73724
55970	1.13795	1.14059	1.06123	4.68014	4.60576	4.51056	2.39744	1.91539	1.50991	4.37209	4.43697	4.33407	1.40758	1.32123	1.25724	5.23605	4.99268	4.73782	32.75	6.0	0.00	-2.04	0.01744	0.01207	0.01527	0.01839	0.01898	0.01484	0.00549	0.01524	0.02022	0.01875	0.01305	0.01662	0.01718	0.01776	0.01386	0.00572	0.01614	0.02159
56130	1.14190	1.14007	1.06224	4.68340	4.60821	4.51407	2.39416	1.92124	1.51084	4.37609	4.43955	4.33624	1.40769	1.31915	1.25537	5.23565	4.99279	4.73761
56300	1.14036	1.13849	1.06390	4.68161	4.60851	4.51376	2.40024	1.92010	1.51107	4.37580	4.44023	4.33740	1.40657	1.31744	1.25471	5.23651	4.99287	4.73844
56460	1.13759	1.13819	1.06110	4.68216	4.60749	4.51135	2.39050	1.91472	1.50726	4.37350	4.43794	4.33531	1.40552	1.31688	1.25219	5.23463	4.99165	4.73672
56620	1.14031	1.13831	1.06001	4.68236	4.60696	4.51282	2.39226	1.91470	1.50940	4.37488	4.43961	4.33581	1.40363	1.31611	1.25445	5.23321	4.99117	4.73562
56790	1.13837	1.13677	1.05976	4.68153	4.60641	4.51116	2.38597	1.91622	1.50620	4.37426	4.43811	4.33653	1.40628	1.31778	1.25534	5.23684	4.99538	4.74093
56950	1.14082	1.14063	1.06374	4.68608	4.61049	4.51582	2.39211	1.91795	1.51072	4.37845	4.44203	4.34020	1.40461	1.31689	1.25446	5.23977	4.99308	4.73854
57120	1.13992	1.13771	1.06519	4.68642	4.61150	4.51710	2.39643	1.91812	1.51260	4.38007	4.44394	4.34120	1.40661	1.31798	1.25291	5.23944	4.99692	4.74163
57280	1.13844	1.14010	1.06151	4.68527	4.60910	4.51505	2.39202	1.91453	1.50623	4.37810	4.44150	4.33915	1.40532	1.31646	1.25631	5.23671	4.99536	4.74140
57450	1.13942	1.13815	1.06049	4.68492	4.61077	4.51517	2.39297	1.91568	1.50870	4.37808	4.44243	4.34082	1.40483	1.31571	1.25326	5.23836	4.99417	4.74003
57610	1.13804	1.13742	1.06033	4.68439	4.60966	4.51336	2.38345	1.91488	1.50602	4.37697	4.44044	4.33980	1.40682	1.31961	1.25662	5.24525	5.00061	4.74550	32.75	6.1	0.00	-2.04	0.01744	0.01207	0.01527	0.01839	0.01898	0.01484	0.00549	0.01524	0.02022	0.01875	0.01305	0.01662	0.01718	0.01776	0.01386	0.00572	0.01614	0.02159
57770	1.13969	1.14173	1.06392	4.69044	4.61450	4.51994	2.38994	1.91759	1.51141	4.38138	4.44578	4.34403	1.40629	1.31933	1.25572	5.24202	4.99819	4.74248
57940	1.13876	1.14092	1.06374	4.68932	4.61400	4.51841	2.39378	1.91849	1.51030	4.38096	4.44499	4.34279	1.40500	1.31820	1.25513	5.24113	4.99712	4.74186
58100	1.13999	1.14069	1.06340	4.68830	4.61414	4.51828	2.39197	1.91742	1.51166	4.38105	4.44546	4.34396	1.40533	1.32030	1.25407	5.24390	4.99943	4.74428
58270	1.14062	1.13895	1.06506	4.68901	4.61404	4.51881	2.39191	1.91849	1.51011	4.38169	4.44562	4.34425	1.40619	1.31975	1.25567	5.24373	4.99981	4.74507
58430	1.13969	1.14008	1.06443	4.69085	4.61468	4.51988	2.38929	1.91679	1.50983	4.38369	4.44718	4.34647	1.40460	1.31738	1.25286	5.24410	4.99930	4.74317
58600	1.14142	1.14261	1.06671	4.69338	4.61883	4.52413	2.39405	1.92139	1.51524	4.38693	4.45011	4.34877	1.40828	1.32031	1.25756	5.24799	5.00313	4.74785
58760	1.14077	1.13990	1.06320	4.69202	4.61698	4.52154	2.39381	1.91552	1.51160	4.38446	4.44827	4.34597	1.40592	1.31685	1.25365	5.24370	4.99921	4.74497
58930	1.13807	1.14098	1.06215	4.69045	4.61591	4.52050	2.39083	1.91676	1.51131	4.38385	4.44695	4.34595	1.40452	1.31844	1.25514	5.24515	5.00134	4.74719
59090	1.13907	1.14015	1.06395	4.69255	4.61683	4.52186	2.39587	1.91726	1.51106	4.38369	4.44830	4.34646	1.40776	1.32035	1.25641	5.24680	5.00414	4.74965
59260	1.14057	1.14359	1.06545	4.69511	4.61916	4.52358	2.39224	1.91910	1.51193	4.38564	4.44921	4.34803	1.40543	1.31834	1.25474	5.24692	5.00188	4.74706	32.75	5.9	0.00	-2.04	0.01744	0.01207	0.01527	0.01839	0.01898	0.01484	0.00549	0.01524	0.02022	0.01875	0.01305	0.01662	0.01718	0.01776	0.01386	0.00572	0.01614	0.02159
59420	1.13999	1.14075	1.06571	4.69325	4.61958	4.52500	2.39877	1.92169	1.51684	4.38939	4.45172	4.35183	1.40802	1.32257	1.25834	5.24890	5.00500	4.75140
59590	1.14085	1.14095	1.06412	4.69494	4.62027	4.52352	2.39358	1.91549	1.51030	4.38701	4.45012	4.35017	1.40655	1.31777	1.25623	5.24973	5.00412	4.75013
59750	1.13733	1.14045	1.06468	4.69451	4.61966	4.52387	2.39650	1.91742	1.51063	4.38736	4.45050	4.34988	1.40543	1.31931	1.25642	5.24834	5.00542	4.75010
59920	1.14108	1.13830	1.06528	4.69661	4.62173	4.52572	2.39683	1.91911	1.51283	4.38856	4.45237	4.35134	1.40622	1.31945	1.25651	5.24788	5.00548	4.75073
60080	1.13984	1.14102	1.06565	4.69700	4.62194	4.52671	2.39278	1.91812	1.51350	4.38963	4.45295	4.35246	1.40633	1.31777	1.25683	5.25154	5.00603	4.75241
60250	1.13979	1.14060	1.06294	4.69612	4.62035	4.52541	2.38450	1.91608	1.50975	4.38844	4.45107	4.35077	1.40643	1.32163	1.26022	5.24999	5.00784	4.75450
60410	1.14205	1.14053	1.06420	4.70006	4.62446	4.52898	2.38688	1.92059	1.51223	4.39088	4.45515	4.35339	1.40555	1.32064	1.25670	5.25200	5.00648	4.75162
60580	1.14253	1.14418	1.06829	4.70133	4.62728	4.53275	2.39933	1.92316	1.51595	4.39506	4.45910	4.35757	1.40936	1.32309	1.25836	5.25613	5.00968	4.75705
60740	1.14082	1.14025	1.06434	4.70049	4.62515	4.52948	2.39409	1.91794	1.51002	4.39199	4.45559	4.35501	1.40617	1.31828	1.25714	5.25141	5.00707	4.75316
60910	1.13987	1.13989	1.06475	4.69825	4.62393	4.52621	2.39007	1.91768	1.50965	4.39015	4.45438	4.35463	1.40655	1.31923	1.25626	5.25006	5.00790	4.75463	32.75	6.1	0.00	-2.04	0.01744	0.01207	0.01527	0.01839	0.01898	0.01484	0.00549	0.01524	0.02022	0.01874	0.01305	0.01662	0.01718	0.01776	0.01386	0.00572	0.01614	0.02159
61070	1.14107	1.14361	1.06534	4.70112	4.62539	4.52957	2.40044	1.91779	1.51436	4.39340	4.45685	4.35657	1.40531	1.31918	1.25558	5.25379	5.00808	4.75496
61240	1.14087	1.14073	1.06569	4.70175	4.62791	4.53215	2.39570	1.92117	1.51469	4.39578	4.45880	4.35752	1.40826	1.31943	1.25690	5.25438	5.00990	4.75681
61400	1.14143	1.13979	1.06513	4.70101	4.62613	4.52881	2.39421	1.91546	1.50951	4.39295	4.45741	4.35627	1.40740	1.31925	1.25730	5.25653	5.01028	4.75709
61570	1.14190	1.14148	1.06654	4.70271	4.62971	4.53304	2.39412	1.91858	1.51385	4.39593	4.46022	4.35945	1.40819	1.32042	1.25625	5.25765	5.01211	4.75888
61740	1.14215	1.14141	1.06542	4.70458	4.63016	4.53324	2.39141	1.91964	1.51278	4.39660	4.46003	4.35920	1.40832	1.32225	1.25969	5.26033	5.01547	4.76215
61900	1.14387	1.14398	1.06755	4.70843	4.63340	4.53684	2.39814	1.92049	1.51506	4.39908	4.46238	4.36195	1.41029	1.32115	1.25776	5.25725	5.01385	4.76043
62070	1.14080	1.14240	1.06733	4.70559	4.63114	4.53440	2.39478	1.92028	1.51235	4.39761	4.46234	4.36111	1.40592	1.31845	1.25779	5.25914	5.01249	4.75910
62230	1.14065	1.14350	1.06617	4.70449	4.63197	4.53512	2.39525	1.92023	1.51255	4.39918	4.46379	4.36296	1.40849	1.32057	1.25699	5.26006	5.01492	4.76099
62400	1.14181	1.14263	1.06593	4.70611	4.63001	4.53416	2.39358	1.91668	1.50955	4.39730	4.46147	4.36085	1.40859	1.32267	1.25915	5.26053	5.01782	4.76401
62560	1.14524	1.14480	1.06710	4.70879	4.63392	4.53699	2.39594	1.92101	1.51550	4.39947	4.46400	4.36376	1.40889	1.32018	1.25744	5.25873	5.01428	4.76230	32.75	6.1	0.00	-2.04	0.01744	0.01207	0.01527	0.01839	0.01898	0.01484	0.00549	0.01524	0.02022	0.01874	0.01305	0.01662	0.01718	0.01776	0.01386	0.00572	0.01614	0.02159
62730	1.14070	1.14342	1.06631	4.70766	4.63310	4.53645	2.39046	1.91810	1.51312	4.40051	4.46498	4.36287	1.40731	1.32128	1.25670	5.25705	5.01481	4.76148
62890	1.14142	1.14498	1.06733	4.70906	4.63531	4.54017	2.39913	1.92082	1.51423	4.40291	4.46751	4.36696	1.40888	1.32111	1.25923	5.26385	5.01884	4.76448
63060	1.14106	1.14524	1.06744	4.70983	4.63473	4.53672	2.39371	1.91767	1.51138	4.40020	4.46653	4.36397	1.41043	1.32475	1.26120	5.26528	5.02331	4.76860
63220	1.14493	1.14589	1.06731	4.71344	4.63871	4.54210	2.39886	1.92393	1.51657	4.40488	4.46908	4.36800	1.40981	1.32154	1.25845	5.26511	5.02041	4.76621
63390	1.14273	1.14361	1.06729	4.71124	4.63599	4.54017	2.39496	1.91861	1.51290	4.40300	4.46783	4.36651	1.40894	1.32016	1.25800	5.26247	5.01879	4.76516
63550	1.14130	1.14319	1.06739	4.71187	4.63748	4.54165	2.39308	1.92012	1.51367	4.40478	4.47025	4.36895	1.40839	1.32104	1.25810	5.26812	5.02044	4.76646
63720	1.14129	1.14320	1.06551	4.71156	4.63696	4.54208	2.39016	1.91696	1.51057	4.40495	4.46937	4.36683	1.40820	1.32156	1.25925	5.26584	5.02264	4.76925
63880	1.14173	1.14403	1.06774	4.71276	4.63799	4.54251	2.39865	1.91978	1.51453	4.40569	4.47043	4.36842	1.40856	1.32162	1.26061	5.26514	5.01959	4.76722
64050	1.14371	1.14469	1.06842	4.71503	4.64218	4.54646	2.39135	1.92418	1.51582	4.40876	4.47403	4.37209	1.41038	1.32369	1.25942	5.26934	5.02362	4.77040
64210	1.14296	1.14372	1.06739	4.71653	4.64118	4.54568	2.39381	1.91937	1.51506	4.40786	4.47213	4.37079	1.40902	1.32091	1.25741	5.26763	5.02336	4.76990	32.75	6.1	0.00	-2.04	0.01744	0.01207	0.01527	0.01839	0.01898	0.01484	0.00549	0.01524	0.02022	0.01874	0.01305	0.01662	0.01718	0.01776	0.01386	0.00572	0.01614	0.02159
64380	1.14049	1.14248	1.06678	4.71564	4.64209	4.54657	2.40269	1.92035	1.51707	4.40898	4.47462	4.37228	1.40895	1.32263	1.25891	5.27025	5.02576	4.77247
64540	1.14143	1.14297	1.06617	4.71680	4.64192	4.54645	2.39509	1.91959	1.51371	4.40839	4.47318	4.37134	1.40861	1.32131	1.25951	5.27246	5.02563	4.77275
64710	1.14187	1.14506	1.06667	4.71878	4.64376	4.54724	2.39387	1.92060	1.51493	4.41070	4.47465	4.37306	1.40825	1.32109	1.25738	5.26657	5.02515	4.77175
64870	1.14043	1.14548	1.07024	4.71739	4.64478	4.54996	2.39646	1.92283	1.51727	4.41280	4.47851	4.37629	1.41000	1.32436	1.25863	5.27491	5.02822	4.77500
65040	1.14469	1.14352	1.06722	4.71979	4.64415	4.54824	2.39208	1.92211	1.51415	4.41059	4.47590	4.37478	1.40931	1.32251	1.25979	5.27365	5.02723	4.77451
65200	1.14373	1.14449	1.06738	4.71924	4.64492	4.54825	2.39211	1.92037	1.51446	4.41077	4.47637	4.37563	1.41032	1.32508	1.25808	5.27342	5.02834	4.77619
65370	1.14286	1.14539	1.06771	4.72042	4.64566	4.54958	2.40340	1.91854	1.51544	4.41268	4.47749	4.37665	1.40872	1.32067	1.25862	5.27164	5.02752	4.77461
65530	1.14311	1.14576	1.06820	4.72309	4.64937	4.55412	2.40194	1.92218	1.51685	4.41616	4.48114	4.37925	1.41114	1.32400	1.26239	5.27782	5.03209	4.77889
65700	1.14354	1.14522	1.06907	4.72243	4.64842	4.55204	2.39345	1.91886	1.51191	4.41414	4.48047	4.37755	1.41097	1.32238	1.25851	5.27405	5.03036	4.77746
65860	1.14297	1.14328	1.06801	4.72244	4.64720	4.55179	2.39646	1.91728	1.51389	4.41527	4.48038	4.37833	1.40818	1.32182	1.25903	5.27736	5.03209	4.77918	32.75	6.1	0.00	-2.04	0.01744	0.01207	0.01527	0.01839	0.01898	0.01484	0.00549	0.01524	0.02022	0.01874	0.01305	0.01661	0.01718	0.01776	0.01386	0.00572	0.01614	0.02159
66030	1.14415	1.14442	1.06752	4.72404	4.64946	4.55445	2.39354	1.92223	1.51427	4.41646	4.48108	4.38042	1.40866	1.32079	1.25760	5.27534	5.03200	4.77835
66190	1.14465	1.14637	1.07148	4.72590	4.65178	4.55634	2.40066	1.92307	1.51761	4.41934	4.48425	4.38301	1.40985	1.32216	1.25977	5.27957	5.03410	4.78083
66360	1.14382	1.14176	1.06793	4.72502	4.64853	4.55444	2.39399	1.91770	1.51392	4.41596	4.48218	4.38020	1.41216	1.32348	1.26334	5.28504	5.03824	4.78396
66520	1.14591	1.14416	1.07017	4.72905	4.65268	4.55704	2.40239	1.92186	1.51606	4.41921	4.48438	4.38296	1.41029	1.32254	1.25890	5.27904	5.03332	4.78038
66690	1.14178	1.14338	1.06802	4.72547	4.64947	4.55584	2.39321	1.92051	1.51487	4.41793	4.48353	4.38125	1.40917	1.32137	1.25882	5.27828	5.03513	4.78063
66850	1.14221	1.14298	1.06833	4.72689	4.65196	4.55642	2.40177	1.92413	1.51685	4.41909	4.48398	4.38263	1.40923	1.32068	1.25787	5.27719	5.03374	4.78030
67020	1.14252	1.14325	1.06857	4.72580	4.65125	4.55741	2.39613	1.92130	1.51808	4.42121	4.48631	4.38459	1.41196	1.32225	1.26069	5.28113	5.03631	4.78226
67180	1.14300	1.14429	1.06787	4.72776	4.65192	4.55635	2.39908	1.92213	1.51459	4.41970	4.48551	4.38279	1.41078	1.32385	1.26027	5.28239	5.03734	4.78352
67350	1.14603	1.14416	1.06767	4.72870	4.65351	4.55820	2.39452	1.92187	1.51434	4.42101	4.48622	4.38408	1.40905	1.32266	1.25774	5.27885	5.03607	4.78192
67510	1.14201	1.14512	1.06903	4.72790	4.65370	4.56034	2.40030	1.92582	1.51895	4.42449	4.48875	4.38682	1.41383	1.32516	1.25908	5.28210	5.04033	4.78641	32.75	6.2	0.00	-2.04	0.01744	0.01207	0.01527	0.01839	0.01898	0.01484	0.00549	0.01524	0.02022	0.01874	0.01305	0.01661	0.01718	0.01776	0.01386	0.00572	0.01614	0.02159
67680	1.14456	1.14460	1.06715	4.72922	4.65382	4.56007	2.39970	1.92066	1.51507	4.42197	4.48721	4.38537	1.41200	1.32720	1.26456	5.28743	5.04320	4.78932
67840	1.14574	1.14463	1.06656	4.73350	4.65833	4.56319	2.40212	1.92458	1.51802	4.42494	4.49067	4.38866	1.41042	1.32408	1.26187	5.28475	5.03946	4.78510
68010	1.14400	1.14426	1.06810	4.73074	4.65585	4.56137	2.39428	1.92069	1.51482	4.42376	4.48923	4.38785	1.40938	1.32370	1.25884	5.28190	5.03958	4.78554
68170	1.14276	1.14210	1.06746	4.73156	4.65652	4.56110	2.40277	1.92124	1.51547	4.42491	4.48960	4.38813	1.41191	1.32490	1.25910	5.28568	5.04069	4.78733
68340	1.14301	1.14330	1.06723	4.73139	4.65569	4.56039	2.39556	1.91821	1.51458	4.42486	4.49002	4.38803	1.41253	1.32349	1.26404	5.28564	5.04372	4.78983
68500	1.14544	1.14575	1.06732	4.73556	4.65954	4.56389	2.39753	1.92295	1.51484	4.42715	4.49335	4.39134	1.41054	1.32289	1.26005	5.28644	5.04187	4.78730
68670	1.14603	1.14574	1.07019	4.73706	4.66175	4.56711	2.40131	1.92737	1.51863	4.42923	4.49524	4.39366	1.41328	1.32657	1.26293	5.28949	5.04485	4.79099
68830	1.14567	1.14513	1.06920	4.73630	4.66035	4.56555	2.40027	1.92489	1.51588	4.42857	4.49326	4.39203	1.41287	1.32378	1.25986	5.28468	5.04403	4.79014
69000	1.14225	1.14508	1.06955	4.73550	4.65975	4.56481	2.39956	1.92040	1.51581	4.42740	4.49271	4.39221	1.41086	1.32408	1.26083	5.28873	5.04394	4.79000
69160	1.14522	1.14391	1.06959	4.73680	4.66175	4.56639	2.40135	1.92250	1.51565	4.42962	4.49478	4.39310	1.41221	1.32437	1.25770	5.29037	5.04439	4.79052	32.75	6.0	0.00	-2.04	0.01744	0.01207	0.01527	0.01839	0.01898	0.01484	0.00549	0.01524	0.02022	0.01874	0.01305	0.01661	0.01718	0.01776	0.01386	0.00573	0.01614	0.02159
69330	1.14742	1.14757	1.07174	4.73852	4.66297	4.56891	2.40355	1.92688	1.51730	4.43083	4.49769	4.39549	1.41295	1.32546	1.26133	5.29060	5.04652	4.79232
69490	1.14520	1.14515	1.06882	4.73786	4.66140	4.56701	2.40117	1.92282	1.51530	4.42956	4.49647	4.39482	1.41104	1.32420	1.26101	5.28779	5.04559	4.79207
69660	1.14302	1.14465	1.06717	4.73774	4.66158	4.56750	2.39598	1.92152	1.51489	4.42859	4.49540	4.39337	1.41271	1.32683	1.26412	5.29296	5.05015	4.79649
69820	1.14835	1.14824	1.07145	4.74304	4.66684	4.57022	2.40665	1.92608	1.52132	4.43205	4.49805	4.39737	1.41363	1.32628	1.26221	5.29263	5.04779	4.79395
69980	1.14561	1.14498	1.07011	4.73934	4.66491	4.57014	2.39565	1.92529	1.51816	4.43382	4.50016	4.39739	1.41451	1.32691	1.26169	5.29210	5.04834	4.79550
70150	1.14551	1.14468	1.06908	4.73938	4.66329	4.56821	2.39515	1.92156	1.51457	4.43064	4.49631	4.39492	1.41452	1.32492	1.26119	5.28961	5.04764	4.79572
70310	1.14482	1.14407	1.06940	4.74022	4.66425	4.56814	2.40609	1.92255	1.51543	4.43191	4.49776	4.39538	1.41098	1.32314	1.25838	5.28928	5.04601	4.79205
70470	1.14260	1.14081	1.06719	4.73752	4.66123	4.56565	2.39962	1.91536	1.51226	4.42849	4.49541	4.39261	1.41079	1.32672	1.26409	5.29051	5.04994	4.79698
70640	1.14622	1.14627	1.06933	4.74222	4.66566	4.56947	2.39956	1.92435	1.51609	4.43265	4.49970	4.39795	1.41024	1.32430	1.25951	5.29031	5.04654	4.79371
70800	1.14477	1.14584	1.06979	4.74116	4.66512	4.56986	2.40004	1.92304	1.51731	4.43179	4.49934	4.39787	1.41244	1.32385	1.25932	5.29332	5.04714	4.79511	32.75	6.1	0.00	-2.04	0.01744	0.01207	0.01526	0.01839	0.01898	0.01484	0.00549	0.01524	0.02022	0.01874	0.01305	0.01661	0.01718	0.01776	0.01386	0.00573	0.01614	0.02159
70970	1.14501	1.14355	1.06649	4.73920	4.66422	4.56888	2.39504	1.91975	1.51309	4.43084	4.49890	4.39679	1.41282	1.32711	1.26213	5.29060	5.05019	4.79676
71130	1.14651	1.14739	1.06754	4.74133	4.66601	4.57069	2.39945	1.92226	1.51730	4.43316	4.49925	4.39865	1.41175	1.32264	1.26014	5.28908	5.04816	4.79519
71300	1.14453	1.14617	1.06838	4.74261	4.66770	4.57152	2.39954	1.92591	1.51788	4.43448	4.50186	4.40030	1.41340	1.32385	1.26180	5.29322	5.04984	4.79691
71460	1.14387	1.14451	1.06842	4.74156	4.66593	4.56973	2.39176	1.91977	1.51588	4.43300	4.50037	4.39865	1.41288	1.32633	1.26337	5.29485	5.05022	4.79861
71630	1.14584	1.14672	1.07171	4.74543	4.66912	4.57317	2.40303	1.92403	1.51712	4.43501	4.50223	4.40103	1.41364	1.32396	1.26148	5.29571	5.05022	4.79701
71790	1.14893	1.15104	1.07286	4.74684	4.67235	4.57575	2.40777	1.92799	1.52024	4.43761	4.50649	4.40284	1.41641	1.32666	1.26656	5.30221	5.05505	4.80096
71960	1.14686	1.14706	1.07007	4.74581	4.66945	4.57286	2.39444	1.92454	1.51519	4.43603	4.50336	4.40089	1.41232	1.32457	1.26062	5.29790	5.05020	4.79763
72120	1.14574	1.14549	1.07034	4.74435	4.66915	4.57299	2.39814	1.92570	1.51599	4.43655	4.50371	4.40112	1.41179	1.32350	1.25994	5.29432	5.05086	4.79698
72290	1.14736	1.14763	1.07388	4.74900	4.67393	4.57895	2.40699	1.92900	1.52075	4.44047	4.50770	4.40489	1.41790	1.32873	1.26710	5.29909	5.05630	4.80263
72450	1.14759	1.14647	1.07109	4.74628	4.67075	4.57535	2.40142	1.92540	1.51702	4.43747	4.50443	4.40178	1.41149	1.32275	1.25940	5.29576	5.05424	4.79947	32.80	6.1	0.00	-2.04	0.01744	0.01207	0.01526	0.01839	0.01898	0.01484	0.00549	0.01523	0.02022	0.01874	0.01305	0.01661	0.01718	0.01775	0.01386	0.00573	0.01614	0.02159
72610	1.14498	1.14601	1.06890	4.74422	4.66895	4.57267	2.39584	1.92422	1.51600	4.43545	4.50341	4.40031	1.41243	1.32612	1.26238	5.29619	5.05499	4.80130
72780	1.14663	1.14722	1.07168	4.74730	4.67131	4.57727	2.39969	1.92517	1.51812	4.43810	4.50519	4.40303	1.41116	1.32381	1.26230	5.29659	5.05373	4.79985
72940	1.14617	1.14212	1.06939	4.74626	4.67157	4.57547	2.39817	1.92274	1.51698	4.43747	4.50602	4.40272	1.41195	1.32613	1.26182	5.29652	5.05440	4.80115
