WetView ver 7.1	07-26-2019	12:49:15
AC9 Absorption and Attenuation Meter
00000311		; Serial number
2	; structure version number
Reserved
0.000000	0.000000		; Depth calibration
19200			; Baud rate
0.100000			; Path length (meters)
23			; number of temperature calibration bins
				12.61517	13.44096	14.46844	15.49904	16.50682	17.50108	18.49752	19.51783	20.49177	21.49009	22.48286	23.50673	24.54012	25.54812	26.49986	27.49321	28.50960	29.48671	30.47471	31.49432	32.50437	33.48679	34.49133	; temperature bins
a650	Blue	18.61587		0.01156	0.01096	0.01010	0.00930	0.00851	0.00774	0.00661	0.00573	0.00499	0.00402	0.00285	0.00203	0.00096	0.00000	-0.00110	-0.00152	-0.00210	-0.00247	-0.00259	-0.00317	-0.00346	-0.00380	-0.00403		; offset and temperature correction info
a676	Green	18.78942		0.00964	0.00899	0.00863	0.00813	0.00730	0.00639	0.00545	0.00448	0.00385	0.00301	0.00233	0.00165	0.00046	0.00000	-0.00106	-0.00167	-0.00251	-0.00280	-0.00316	-0.00329	-0.00377	-0.00392	-0.00441		; offset and temperature correction info
a715	Brown	18.59217		0.01171	0.01109	0.01043	0.00975	0.00878	0.00789	0.00685	0.00572	0.00469	0.00356	0.00255	0.00160	0.00061	0.00000	-0.00063	-0.00113	-0.00152	-0.00183	-0.00226	-0.00293	-0.00364	-0.00404	-0.00473		; offset and temperature correction info
c510	Red	18.18396		-0.00549	-0.00480	-0.00383	-0.00272	-0.00202	-0.00118	-0.00044	-0.00038	-0.00015	-0.00021	0.00013	0.00007	-0.00007	0.00000	-0.00007	-0.00065	-0.00045	-0.00018	0.00007	0.00039	-0.00001	-0.00002	-0.00045		; offset and temperature correction info
c532	Magenta	18.26528		-0.00721	-0.00645	-0.00581	-0.00518	-0.00465	-0.00345	-0.00281	-0.00270	-0.00182	-0.00141	-0.00108	-0.00072	-0.00022	0.00000	0.00044	0.00030	0.00031	-0.00006	-0.00052	-0.00089	-0.00142	-0.00149	-0.00154		; offset and temperature correction info
c555	Black	18.37125		-0.00430	-0.00419	-0.00381	-0.00319	-0.00286	-0.00254	-0.00205	-0.00196	-0.00138	-0.00137	-0.00067	-0.00051	-0.00030	0.00000	0.00067	0.00087	0.00057	0.00027	-0.00015	-0.00089	-0.00127	-0.00137	-0.00150		; offset and temperature correction info
a412	LtBlue	15.33566		-0.06011	-0.05567	-0.05012	-0.04441	-0.03922	-0.03412	-0.02941	-0.02503	-0.02049	-0.01588	-0.01121	-0.00784	-0.00311	0.00000	0.00273	0.00611	0.00757	0.00871	0.01066	0.01299	0.01539	0.01781	0.02175		; offset and temperature correction info
a440	LtGreen	16.05925		-0.01380	-0.01214	-0.01039	-0.00858	-0.00690	-0.00532	-0.00426	-0.00322	-0.00230	-0.00158	-0.00055	0.00006	0.00001	0.00000	0.00017	0.00016	-0.00094	-0.00222	-0.00363	-0.00486	-0.00567	-0.00651	-0.00782		; offset and temperature correction info
a488	Yellow	16.82827		0.00255	0.00293	0.00331	0.00354	0.00373	0.00378	0.00363	0.00350	0.00291	0.00225	0.00215	0.00142	0.00099	0.00000	-0.00092	-0.00169	-0.00295	-0.00396	-0.00479	-0.00542	-0.00582	-0.00604	-0.00663		; offset and temperature correction info
c650	Blue	18.49287		-0.00570	-0.00516	-0.00456	-0.00403	-0.00346	-0.00232	-0.00132	-0.00122	-0.00073	-0.00066	-0.00035	-0.00016	0.00003	0.00000	0.00044	0.00078	0.00108	0.00057	0.00040	-0.00042	-0.00033	-0.00029	-0.00034		; offset and temperature correction info
c676	Green	18.50570		0.00299	0.00293	0.00287	0.00293	0.00278	0.00294	0.00317	0.00251	0.00243	0.00215	0.00139	0.00123	0.00068	0.00000	-0.00041	-0.00106	-0.00205	-0.00268	-0.00325	-0.00413	-0.00495	-0.00610	-0.00674		; offset and temperature correction info
c715	Brown	17.88888		0.00826	0.00812	0.00773	0.00790	0.00766	0.00758	0.00753	0.00650	0.00571	0.00461	0.00359	0.00222	0.00101	0.00000	-0.00146	-0.00284	-0.00385	-0.00448	-0.00463	-0.00513	-0.00623	-0.00715	-0.00838		; offset and temperature correction info
a510	Red	17.18050		0.00353	0.00364	0.00354	0.00361	0.00381	0.00381	0.00356	0.00332	0.00277	0.00229	0.00176	0.00116	0.00036	0.00000	-0.00014	-0.00069	-0.00088	-0.00147	-0.00150	-0.00129	-0.00120	-0.00134	-0.00091		; offset and temperature correction info
a532	Magenta	17.40228		0.00550	0.00548	0.00526	0.00479	0.00464	0.00422	0.00393	0.00328	0.00253	0.00212	0.00136	0.00085	0.00039	0.00000	-0.00059	-0.00146	-0.00188	-0.00262	-0.00330	-0.00393	-0.00491	-0.00540	-0.00605		; offset and temperature correction info
a555	Black	17.72308		0.00849	0.00832	0.00800	0.00760	0.00724	0.00655	0.00580	0.00495	0.00435	0.00347	0.00252	0.00153	0.00049	0.00000	-0.00050	-0.00155	-0.00214	-0.00306	-0.00350	-0.00411	-0.00470	-0.00539	-0.00570		; offset and temperature correction info
c412	LtBlue	16.72802		-0.05949	-0.05458	-0.04744	-0.04134	-0.03547	-0.03064	-0.02511	-0.02047	-0.01574	-0.01163	-0.00761	-0.00442	-0.00204	0.00000	0.00100	0.00051	-0.00043	-0.00239	-0.00475	-0.00629	-0.00827	-0.00955	-0.01337		; offset and temperature correction info
c440	LtGreen	17.42637		-0.02723	-0.02503	-0.02216	-0.01930	-0.01691	-0.01394	-0.01125	-0.00926	-0.00732	-0.00582	-0.00401	-0.00226	-0.00093	0.00000	0.00082	0.00123	0.00133	0.00097	0.00038	-0.00003	-0.00022	-0.00023	-0.00125		; offset and temperature correction info
c488	Yellow	18.03666		-0.00640	-0.00554	-0.00465	-0.00357	-0.00276	-0.00154	-0.00067	-0.00031	-0.00014	-0.00012	0.00046	0.00032	0.00020	0.00000	0.00001	-0.00024	-0.00060	-0.00084	-0.00126	-0.00180	-0.00276	-0.00304	-0.00427		; offset and temperature correction info
0.003500	0.004000	0.015000	0.020000	0.015000	0.020000	2500.000000	2000.000000	1000.000000	; maxANoise	maxCNoise	maxADifference	maxCDifference	minACounts	minCCounts	minRCounts	maxTempSdev	maxDepthSdev
0			; auxilliary capabilities
1			; acquisition binsize
0	0.19760	0.20167	0.22551	-0.14172	-0.12254	-0.12276	0.29363	0.24801	0.20730	-0.11165	-0.09998	-0.08749	0.20291	0.20076	0.19417	-0.50814	-0.31326	-0.17378	34.72	6.2	0.00	-2.04	0.01737	0.01205	0.01525	0.01873	0.01917	0.01500	0.00546	0.01517	0.02012	0.01907	0.01348	0.01715	0.01712	0.01768	0.01381	0.00578	0.01634	0.02188
160	0.19971	0.20219	0.22341	-0.14070	-0.12427	-0.12564	0.29730	0.24327	0.20367	-0.11445	-0.10320	-0.09060	0.20145	0.19859	0.19514	-0.50750	-0.31137	-0.17211
330	0.20176	0.20361	0.22505	-0.13824	-0.12140	-0.12355	0.30297	0.24798	0.20735	-0.11216	-0.10065	-0.08836	0.20252	0.19772	0.19285	-0.50851	-0.31351	-0.17435
490	0.19869	0.20163	0.22533	-0.14116	-0.12164	-0.12319	0.30032	0.24781	0.20989	-0.11149	-0.09868	-0.08688	0.20434	0.20068	0.19292	-0.50808	-0.31203	-0.17340
650	0.19951	0.20060	0.22379	-0.14070	-0.12352	-0.12592	0.29811	0.24508	0.20308	-0.11417	-0.10304	-0.09030	0.20241	0.19925	0.19331	-0.51005	-0.31262	-0.17354
820	0.20080	0.20221	0.22408	-0.14084	-0.12407	-0.12621	0.29815	0.24374	0.20263	-0.11439	-0.10239	-0.09020	0.19849	0.19625	0.18891	-0.51444	-0.31666	-0.17751
980	0.19789	0.20052	0.22017	-0.14505	-0.12763	-0.13009	0.29154	0.23770	0.19849	-0.11740	-0.10610	-0.09277	0.20089	0.20039	0.19589	-0.51025	-0.31080	-0.17158
1150	0.20090	0.20460	0.22518	-0.13945	-0.12152	-0.12470	0.29939	0.24708	0.20619	-0.11320	-0.10086	-0.08847	0.20146	0.19757	0.19310	-0.51250	-0.31430	-0.17541
1310	0.19917	0.20261	0.22363	-0.14219	-0.12432	-0.12638	0.29898	0.24334	0.20276	-0.11473	-0.10223	-0.08992	0.19873	0.19773	0.19109	-0.51342	-0.31551	-0.17634
1480	0.19986	0.20438	0.22587	-0.14176	-0.12423	-0.12593	0.29563	0.24637	0.20552	-0.11372	-0.10217	-0.08942	0.20145	0.19727	0.19299	-0.51382	-0.31458	-0.17537
1640	0.19965	0.20252	0.22467	-0.14355	-0.12613	-0.12718	0.30175	0.24512	0.20745	-0.11561	-0.10385	-0.09122	0.20434	0.19800	0.19631	-0.51248	-0.31561	-0.17553	34.66	6.1	0.00	-2.04	0.01737	0.01205	0.01525	0.01873	0.01917	0.01500	0.00546	0.01517	0.02012	0.01907	0.01348	0.01715	0.01713	0.01768	0.01381	0.00578	0.01634	0.02188
1810	0.20073	0.20342	0.22584	-0.14274	-0.12504	-0.12684	0.30073	0.24698	0.20791	-0.11483	-0.10286	-0.09084	0.20224	0.19735	0.19294	-0.51546	-0.31753	-0.17809
1970	0.20245	0.20576	0.22669	-0.14116	-0.12217	-0.12398	0.30397	0.25158	0.20993	-0.11172	-0.10055	-0.08857	0.20566	0.20206	0.19483	-0.51033	-0.31347	-0.17444
2140	0.20202	0.20277	0.22577	-0.14214	-0.12451	-0.12666	0.29842	0.24976	0.20837	-0.11480	-0.10199	-0.09058	0.20262	0.19949	0.19274	-0.51393	-0.31675	-0.17728
2300	0.19920	0.20207	0.22389	-0.14320	-0.12488	-0.12747	0.29935	0.24651	0.20615	-0.11575	-0.10377	-0.09128	0.20388	0.20056	0.19268	-0.51277	-0.31602	-0.17651
2470	0.20098	0.20277	0.22478	-0.14327	-0.12470	-0.12639	0.30112	0.24765	0.20796	-0.11473	-0.10267	-0.09122	0.20290	0.20061	0.19563	-0.51286	-0.31436	-0.17487
2630	0.20365	0.20539	0.22458	-0.14207	-0.12342	-0.12551	0.30628	0.24911	0.20802	-0.11369	-0.10170	-0.09031	0.20318	0.19993	0.19175	-0.51209	-0.31575	-0.17681
2800	0.19961	0.20253	0.22521	-0.14313	-0.12386	-0.12561	0.30637	0.25024	0.20927	-0.11332	-0.10188	-0.08966	0.20464	0.20133	0.19625	-0.51207	-0.31435	-0.17583
2960	0.20136	0.20205	0.22387	-0.14290	-0.12497	-0.12776	0.30029	0.24676	0.20681	-0.11593	-0.10387	-0.09203	0.20401	0.20039	0.19573	-0.51154	-0.31331	-0.17483
3130	0.20229	0.20615	0.22682	-0.14064	-0.12331	-0.12559	0.29990	0.24766	0.20827	-0.11401	-0.10207	-0.09052	0.20281	0.20091	0.19198	-0.51340	-0.31562	-0.17671
3290	0.20111	0.20547	0.22678	-0.14455	-0.12467	-0.12574	0.31193	0.25789	0.21546	-0.11452	-0.10194	-0.09069	0.20941	0.20361	0.19870	-0.51273	-0.31537	-0.17596	34.72	6.2	0.00	-2.04	0.01738	0.01206	0.01526	0.01873	0.01917	0.01500	0.00546	0.01518	0.02013	0.01907	0.01348	0.01714	0.01713	0.01768	0.01381	0.00577	0.01634	0.02188
3460	0.20506	0.20309	0.22526	-0.14358	-0.12639	-0.12803	0.29712	0.24778	0.20645	-0.11608	-0.10383	-0.09258	0.20682	0.20491	0.20089	-0.51225	-0.31496	-0.17628
3620	0.20671	0.20561	0.22789	-0.14288	-0.12597	-0.12666	0.30570	0.25205	0.20682	-0.11487	-0.10381	-0.09157	0.20357	0.19894	0.19473	-0.51606	-0.31838	-0.17920
3780	0.20387	0.20390	0.22887	-0.14460	-0.12552	-0.12696	0.30943	0.25338	0.21349	-0.11538	-0.10368	-0.09215	0.20765	0.20259	0.19523	-0.51560	-0.31737	-0.17845
3950	0.20055	0.20068	0.22362	-0.14505	-0.12760	-0.12911	0.29581	0.24598	0.20692	-0.11678	-0.10529	-0.09291	0.20391	0.20061	0.19590	-0.51273	-0.31546	-0.17671
4110	0.20287	0.20608	0.22706	-0.14389	-0.12584	-0.12746	0.30303	0.25046	0.20897	-0.11575	-0.10407	-0.09185	0.20265	0.19866	0.19446	-0.51632	-0.31690	-0.17801
4280	0.20396	0.20578	0.22614	-0.14278	-0.12397	-0.12548	0.30417	0.25044	0.21210	-0.11346	-0.10195	-0.09051	0.20494	0.20141	0.19542	-0.51305	-0.31562	-0.17700
4440	0.20256	0.20246	0.22482	-0.14468	-0.12732	-0.12899	0.29778	0.24857	0.20705	-0.11684	-0.10537	-0.09395	0.20531	0.20214	0.19642	-0.51257	-0.31434	-0.17457
4610	0.20447	0.20470	0.22726	-0.14289	-0.12467	-0.12568	0.30551	0.25349	0.20965	-0.11550	-0.10325	-0.09174	0.20569	0.20135	0.19584	-0.51185	-0.31494	-0.17559
4770	0.20294	0.20477	0.22700	-0.14280	-0.12524	-0.12649	0.30145	0.25171	0.20932	-0.11505	-0.10307	-0.09139	0.20196	0.19984	0.19318	-0.51417	-0.31689	-0.17830
4940	0.20119	0.20269	0.22471	-0.14089	-0.12250	-0.12381	0.30343	0.25050	0.20874	-0.11278	-0.10064	-0.08954	0.20215	0.19856	0.19258	-0.51078	-0.31321	-0.17466	34.66	6.2	0.00	-2.04	0.01737	0.01205	0.01525	0.01873	0.01917	0.01500	0.00546	0.01517	0.02012	0.01907	0.01348	0.01715	0.01712	0.01768	0.01381	0.00578	0.01634	0.02188
5110	0.20272	0.20225	0.22547	-0.14276	-0.12554	-0.12781	0.30007	0.24450	0.20403	-0.11596	-0.10393	-0.09213	0.20069	0.19760	0.19300	-0.51281	-0.31535	-0.17636
5270	0.19988	0.20292	0.22567	-0.14404	-0.12630	-0.12761	0.30754	0.24993	0.20933	-0.11617	-0.10360	-0.09247	0.20612	0.20380	0.19918	-0.51312	-0.31547	-0.17689
5440	0.20713	0.20762	0.23087	-0.14335	-0.12456	-0.12604	0.31479	0.25847	0.21676	-0.11488	-0.10245	-0.09063	0.20865	0.20652	0.19916	-0.51266	-0.31690	-0.17817
5600	0.20879	0.20985	0.23284	-0.14449	-0.12656	-0.12857	0.31733	0.25907	0.21852	-0.11588	-0.10419	-0.09228	0.21209	0.21066	0.20619	-0.51672	-0.31892	-0.17964
5770	0.21280	0.21340	0.23281	-0.14616	-0.12881	-0.13034	0.31762	0.26325	0.22303	-0.11847	-0.10587	-0.09400	0.21820	0.21597	0.21200	-0.52153	-0.32351	-0.18390
5940	0.21795	0.21796	0.24016	-0.15176	-0.13387	-0.13662	0.32917	0.27070	0.23087	-0.12323	-0.11101	-0.09879	0.23092	0.22643	0.22042	-0.52419	-0.32415	-0.18369
6100	0.22470	0.22270	0.24567	-0.15061	-0.13247	-0.13412	0.33054	0.27749	0.23430	-0.12185	-0.10829	-0.09616	0.22604	0.22163	0.21323	-0.52559	-0.32687	-0.18649
6270	0.21715	0.21761	0.23905	-0.15347	-0.13539	-0.13809	0.32459	0.26897	0.22734	-0.12459	-0.11081	-0.09838	0.22212	0.21781	0.21110	-0.52911	-0.33092	-0.19046
6430	0.21888	0.22023	0.24305	-0.15408	-0.13495	-0.13691	0.33134	0.27252	0.23091	-0.12294	-0.11053	-0.09768	0.22267	0.21790	0.21244	-0.52939	-0.32912	-0.18911
6600	0.21388	0.21301	0.23424	-0.15374	-0.13571	-0.13672	0.31649	0.26531	0.22468	-0.12404	-0.11111	-0.09857	0.22070	0.21958	0.21127	-0.52523	-0.32549	-0.18437	34.72	6.1	0.00	-2.04	0.01737	0.01205	0.01525	0.01873	0.01917	0.01500	0.00546	0.01516	0.02011	0.01907	0.01349	0.01715	0.01712	0.01767	0.01380	0.00578	0.01635	0.02189
6760	0.21615	0.21804	0.23928	-0.15142	-0.13299	-0.13427	0.32022	0.26545	0.22588	-0.12191	-0.10878	-0.09600	0.21683	0.21188	0.20617	-0.52615	-0.32673	-0.18665
6930	0.21380	0.21547	0.23828	-0.15046	-0.13105	-0.13234	0.32349	0.26805	0.22349	-0.12022	-0.10686	-0.09396	0.21618	0.21277	0.20898	-0.52387	-0.32426	-0.18359
7090	0.21306	0.21282	0.23540	-0.15203	-0.13391	-0.13631	0.31374	0.26720	0.22549	-0.12349	-0.11026	-0.09775	0.22130	0.21816	0.21244	-0.52235	-0.32171	-0.18157
7260	0.21585	0.21504	0.23795	-0.14872	-0.13075	-0.13220	0.31635	0.26627	0.22338	-0.12014	-0.10689	-0.09533	0.21671	0.21163	0.20603	-0.52253	-0.32326	-0.18477
7420	0.21264	0.21463	0.23646	-0.15131	-0.13287	-0.13473	0.32551	0.26761	0.22588	-0.12151	-0.10904	-0.09727	0.21960	0.21475	0.20895	-0.52629	-0.32825	-0.18787
7590	0.21737	0.21632	0.23797	-0.15142	-0.13210	-0.13402	0.32588	0.26885	0.22896	-0.12054	-0.10807	-0.09617	0.22151	0.21480	0.20987	-0.52226	-0.32511	-0.18578
7750	0.21294	0.21487	0.23588	-0.15295	-0.13492	-0.13721	0.32205	0.26485	0.22184	-0.12381	-0.11107	-0.09889	0.21673	0.21450	0.20734	-0.52771	-0.32675	-0.18786
7920	0.21342	0.21629	0.23606	-0.15390	-0.13575	-0.13686	0.31469	0.26604	0.22316	-0.12324	-0.11108	-0.09880	0.22068	0.21906	0.21137	-0.52325	-0.32235	-0.18274
8080	0.21771	0.22045	0.24107	-0.14924	-0.13102	-0.13313	0.32766	0.27102	0.22898	-0.11995	-0.10784	-0.09587	0.22250	0.21628	0.21100	-0.52136	-0.32405	-0.18493
8250	0.21291	0.21352	0.23582	-0.15101	-0.13193	-0.13363	0.31858	0.26283	0.22271	-0.12167	-0.10953	-0.09714	0.21613	0.21201	0.20373	-0.52557	-0.32604	-0.18647	34.66	6.0	0.00	-2.04	0.01736	0.01205	0.01524	0.01873	0.01917	0.01500	0.00546	0.01516	0.02010	0.01907	0.01349	0.01715	0.01711	0.01766	0.01380	0.00578	0.01635	0.02189
8410	0.21164	0.21422	0.23453	-0.15258	-0.13250	-0.13269	0.32280	0.26477	0.22394	-0.12086	-0.10847	-0.09589	0.21557	0.21356	0.20771	-0.52370	-0.32496	-0.18583
8580	0.21156	0.21350	0.23291	-0.15299	-0.13455	-0.13611	0.31685	0.26071	0.22135	-0.12345	-0.11123	-0.09847	0.21820	0.21681	0.21027	-0.52255	-0.32239	-0.18294
8740	0.21569	0.21719	0.23859	-0.15073	-0.13208	-0.13411	0.32321	0.26666	0.22454	-0.12162	-0.10902	-0.09725	0.21798	0.21196	0.20624	-0.52578	-0.32693	-0.18750
8910	0.21593	0.21693	0.23758	-0.14954	-0.13002	-0.13100	0.32668	0.26846	0.22769	-0.11865	-0.10568	-0.09383	0.22105	0.21641	0.20732	-0.52066	-0.32207	-0.18321
9070	0.21450	0.21507	0.23546	-0.15033	-0.13276	-0.13440	0.31704	0.26147	0.22051	-0.12153	-0.10933	-0.09644	0.21511	0.21277	0.20555	-0.52438	-0.32596	-0.18665
9240	0.21201	0.21201	0.23312	-0.15356	-0.13458	-0.13567	0.31943	0.26286	0.22182	-0.12324	-0.10999	-0.09823	0.21675	0.21228	0.20693	-0.52295	-0.32438	-0.18484
9400	0.21448	0.21334	0.23602	-0.15155	-0.13237	-0.13435	0.32226	0.26390	0.22298	-0.12120	-0.10891	-0.09610	0.21484	0.21188	0.20575	-0.52407	-0.32556	-0.18668
9570	0.21279	0.21384	0.23763	-0.15060	-0.13095	-0.13248	0.32187	0.26594	0.22379	-0.12000	-0.10742	-0.09470	0.21609	0.21220	0.20704	-0.52376	-0.32345	-0.18463
9730	0.21074	0.21357	0.23307	-0.15256	-0.13476	-0.13635	0.31495	0.26229	0.21963	-0.12341	-0.11028	-0.09777	0.21777	0.21643	0.21105	-0.52205	-0.32277	-0.18236
9900	0.21361	0.21380	0.23402	-0.14889	-0.13065	-0.13320	0.31860	0.26058	0.22258	-0.12056	-0.10823	-0.09451	0.21587	0.21097	0.20658	-0.52099	-0.32238	-0.18290	34.72	6.1	0.00	-2.04	0.01736	0.01204	0.01524	0.01874	0.01918	0.01500	0.00546	0.01515	0.02010	0.01907	0.01349	0.01715	0.01711	0.01766	0.01379	0.00578	0.01636	0.02189
10060	0.21175	0.21088	0.23304	-0.15051	-0.13145	-0.13408	0.31723	0.26215	0.22051	-0.12054	-0.10804	-0.09499	0.21320	0.20950	0.20183	-0.52229	-0.32454	-0.18439
10230	0.21302	0.21480	0.23648	-0.14842	-0.12918	-0.13093	0.31550	0.26654	0.22276	-0.11778	-0.10598	-0.09367	0.21835	0.21267	0.20642	-0.52038	-0.32003	-0.18183
10390	0.21229	0.21273	0.23363	-0.14978	-0.13135	-0.13361	0.31755	0.26081	0.21941	-0.12107	-0.10852	-0.09628	0.21373	0.21040	0.20218	-0.52141	-0.32383	-0.18530
10560	0.21030	0.21124	0.23397	-0.15146	-0.13203	-0.13339	0.32323	0.26254	0.21928	-0.12003	-0.10794	-0.09538	0.21351	0.20989	0.20283	-0.52247	-0.32236	-0.18403
10720	0.21157	0.21080	0.23340	-0.15054	-0.13310	-0.13520	0.32057	0.26097	0.21999	-0.12138	-0.10898	-0.09686	0.21477	0.21138	0.20676	-0.51858	-0.31983	-0.18184
10890	0.21400	0.21257	0.23558	-0.14854	-0.13011	-0.13256	0.31984	0.26205	0.22011	-0.11971	-0.10769	-0.09611	0.21301	0.21031	0.20586	-0.52177	-0.32277	-0.18410
11050	0.20993	0.21345	0.23494	-0.15140	-0.13091	-0.13137	0.31782	0.26629	0.22374	-0.11799	-0.10616	-0.09405	0.21645	0.21385	0.20514	-0.51900	-0.31979	-0.18194
11220	0.21197	0.21329	0.23407	-0.14989	-0.13173	-0.13335	0.31692	0.26126	0.21983	-0.12109	-0.10935	-0.09657	0.21459	0.20949	0.20383	-0.52223	-0.32341	-0.18461
11380	0.21120	0.21067	0.23042	-0.15150	-0.13275	-0.13429	0.31587	0.26197	0.21944	-0.12168	-0.10931	-0.09758	0.21163	0.20802	0.20233	-0.52188	-0.32493	-0.18599
11550	0.21169	0.21125	0.23318	-0.14695	-0.12792	-0.12927	0.32222	0.26483	0.22189	-0.11790	-0.10467	-0.09422	0.21503	0.21120	0.20417	-0.51540	-0.31862	-0.18048	34.72	6.1	0.00	-2.04	0.01736	0.01204	0.01524	0.01874	0.01918	0.01501	0.00545	0.01515	0.02009	0.01908	0.01349	0.01715	0.01710	0.01766	0.01379	0.00578	0.01636	0.02190
11710	0.21025	0.21013	0.23186	-0.14834	-0.13052	-0.13258	0.31407	0.25929	0.21581	-0.12071	-0.10796	-0.09593	0.21103	0.20800	0.20137	-0.51843	-0.32177	-0.18322
11870	0.20905	0.20978	0.23286	-0.15021	-0.13174	-0.13322	0.31298	0.25792	0.21536	-0.12057	-0.10923	-0.09618	0.21084	0.20876	0.20255	-0.51988	-0.32111	-0.18221
12040	0.20929	0.20989	0.23305	-0.14924	-0.13045	-0.13256	0.31115	0.25738	0.21615	-0.11960	-0.10718	-0.09496	0.21121	0.20847	0.20382	-0.51834	-0.32084	-0.18233
12200	0.20822	0.21046	0.23268	-0.14855	-0.13056	-0.13204	0.31763	0.25774	0.21808	-0.11936	-0.10680	-0.09472	0.21275	0.20759	0.20247	-0.51689	-0.32032	-0.18107
12370	0.20929	0.20828	0.23222	-0.15001	-0.13151	-0.13271	0.31624	0.25622	0.21550	-0.12004	-0.10739	-0.09573	0.21372	0.20956	0.20621	-0.51702	-0.31829	-0.17925
12540	0.20924	0.21097	0.23295	-0.14775	-0.13016	-0.13165	0.31754	0.25898	0.21695	-0.11990	-0.10690	-0.09472	0.21345	0.20926	0.20233	-0.51702	-0.31921	-0.18077
12700	0.20901	0.21124	0.23201	-0.14800	-0.13003	-0.13194	0.31283	0.25921	0.21703	-0.11943	-0.10700	-0.09439	0.20993	0.20854	0.20122	-0.52049	-0.32103	-0.18272
12870	0.20925	0.21388	0.23441	-0.14701	-0.12840	-0.13090	0.31293	0.26148	0.21927	-0.11798	-0.10598	-0.09288	0.21327	0.20796	0.20259	-0.51713	-0.31904	-0.18012
13030	0.20881	0.20900	0.23062	-0.14812	-0.12891	-0.13084	0.31066	0.25875	0.21665	-0.11923	-0.10654	-0.09402	0.21093	0.20686	0.20077	-0.51887	-0.32071	-0.18164
13200	0.20596	0.20762	0.23157	-0.14792	-0.12834	-0.13061	0.31603	0.25837	0.21658	-0.11740	-0.10536	-0.09273	0.21121	0.20774	0.20062	-0.51574	-0.31781	-0.17977	34.72	6.2	0.00	-2.04	0.01736	0.01204	0.01524	0.01874	0.01918	0.01501	0.00545	0.01515	0.02009	0.01908	0.01349	0.01715	0.01710	0.01765	0.01379	0.00578	0.01636	0.02190
13360	0.20843	0.20941	0.23062	-0.14747	-0.12938	-0.13205	0.30691	0.25761	0.21360	-0.11943	-0.10771	-0.09491	0.21141	0.21046	0.20167	-0.51329	-0.31526	-0.17701
13530	0.21094	0.21108	0.23162	-0.14356	-0.12622	-0.12912	0.31437	0.25858	0.21852	-0.11677	-0.10426	-0.09320	0.21254	0.20734	0.20140	-0.51483	-0.31757	-0.17947
13690	0.20891	0.20886	0.23034	-0.14688	-0.12943	-0.13185	0.30881	0.25681	0.21296	-0.11929	-0.10688	-0.09518	0.20889	0.20457	0.19942	-0.51899	-0.32017	-0.18251
13860	0.20718	0.20731	0.23179	-0.14762	-0.12946	-0.13182	0.30930	0.25715	0.21506	-0.11773	-0.10650	-0.09457	0.21008	0.20777	0.20177	-0.51683	-0.31857	-0.18114
14020	0.20831	0.20905	0.22931	-0.14857	-0.13032	-0.13238	0.30879	0.25406	0.21411	-0.11966	-0.10796	-0.09592	0.20835	0.20753	0.20107	-0.51595	-0.31887	-0.18030
14190	0.20834	0.20928	0.22887	-0.14833	-0.12962	-0.13153	0.30752	0.25421	0.21319	-0.11865	-0.10715	-0.09466	0.20692	0.20432	0.19793	-0.51762	-0.32090	-0.18238
14350	0.20841	0.21024	0.23217	-0.14602	-0.12720	-0.12902	0.31450	0.25902	0.21716	-0.11696	-0.10418	-0.09282	0.21226	0.20698	0.20326	-0.51532	-0.31796	-0.18017
14520	0.21115	0.21175	0.23372	-0.14801	-0.12925	-0.13121	0.31284	0.26110	0.22071	-0.11925	-0.10651	-0.09495	0.21519	0.21073	0.20504	-0.51764	-0.31990	-0.18159
14680	0.20974	0.21107	0.23210	-0.14894	-0.13179	-0.13397	0.31313	0.26254	0.21769	-0.12216	-0.10888	-0.09653	0.21932	0.21430	0.20585	-0.51879	-0.32008	-0.18021
14850	0.20866	0.20760	0.22821	-0.14685	-0.12876	-0.13050	0.30327	0.25277	0.21225	-0.11924	-0.10625	-0.09405	0.20519	0.20144	0.19874	-0.51726	-0.32044	-0.18230	34.72	5.9	0.00	-2.04	0.01735	0.01204	0.01524	0.01874	0.01918	0.01501	0.00545	0.01514	0.02009	0.01908	0.01349	0.01715	0.01710	0.01765	0.01379	0.00578	0.01636	0.02190
15010	0.20766	0.21147	0.23177	-0.14510	-0.12629	-0.12781	0.31892	0.26044	0.21794	-0.11619	-0.10407	-0.09192	0.21252	0.20931	0.20093	-0.51346	-0.31669	-0.17867
15180	0.20867	0.20844	0.23051	-0.14613	-0.12808	-0.13097	0.31568	0.25638	0.21522	-0.11788	-0.10554	-0.09367	0.21004	0.20602	0.20199	-0.51643	-0.32043	-0.18199
15340	0.20938	0.20871	0.23112	-0.14841	-0.12959	-0.13197	0.30578	0.25303	0.21212	-0.11927	-0.10640	-0.09446	0.20579	0.20500	0.20044	-0.51546	-0.31741	-0.17903
15510	0.20949	0.20911	0.23185	-0.14757	-0.12918	-0.13168	0.31133	0.25778	0.21564	-0.11913	-0.10663	-0.09436	0.21130	0.20910	0.20205	-0.51309	-0.31470	-0.17620
15670	0.21066	0.21133	0.23513	-0.14385	-0.12645	-0.12949	0.31673	0.26366	0.22365	-0.11813	-0.10519	-0.09277	0.21748	0.21484	0.20830	-0.51825	-0.32056	-0.18209
15840	0.21281	0.21240	0.23485	-0.14867	-0.13049	-0.13352	0.32507	0.26054	0.22136	-0.12160	-0.10766	-0.09570	0.21481	0.21079	0.20518	-0.52206	-0.32505	-0.18535
16000	0.21121	0.21152	0.23407	-0.15164	-0.13151	-0.13324	0.32322	0.26543	0.22021	-0.12066	-0.10723	-0.09585	0.21576	0.21360	0.20644	-0.52076	-0.32229	-0.18423
16170	0.21196	0.21528	0.23438	-0.15034	-0.13241	-0.13522	0.31995	0.26159	0.22023	-0.12282	-0.10902	-0.09803	0.21776	0.21237	0.20825	-0.51836	-0.32093	-0.18255
16330	0.21315	0.21240	0.23602	-0.14773	-0.13009	-0.13289	0.32063	0.26133	0.21930	-0.12018	-0.10711	-0.09548	0.21344	0.21095	0.20360	-0.52181	-0.32293	-0.18422
16500	0.20982	0.21381	0.23331	-0.14908	-0.13070	-0.13284	0.31300	0.26500	0.22112	-0.11986	-0.10682	-0.09547	0.21351	0.20963	0.20184	-0.52060	-0.32301	-0.18404	34.72	6.1	0.00	-2.04	0.01735	0.01204	0.01524	0.01874	0.01918	0.01501	0.00545	0.01515	0.02009	0.01908	0.01349	0.01716	0.01710	0.01765	0.01379	0.00578	0.01636	0.02190
16660	0.20845	0.20885	0.22949	-0.15089	-0.13179	-0.13404	0.31512	0.25561	0.21343	-0.12152	-0.10757	-0.09562	0.20967	0.20591	0.20160	-0.51811	-0.31967	-0.18153
16830	0.20658	0.20618	0.22930	-0.14791	-0.12886	-0.13077	0.30564	0.25336	0.21279	-0.11877	-0.10638	-0.09457	0.20804	0.20611	0.19934	-0.51738	-0.31966	-0.18137
16990	0.20840	0.21145	0.23184	-0.14612	-0.12717	-0.12962	0.31346	0.25897	0.21708	-0.11815	-0.10512	-0.09399	0.21174	0.21073	0.20312	-0.51793	-0.31921	-0.18124
17160	0.20789	0.21002	0.22962	-0.14874	-0.13030	-0.13386	0.30059	0.25461	0.21155	-0.12109	-0.10829	-0.09649	0.21177	0.20797	0.20343	-0.51482	-0.31514	-0.17714
17320	0.21076	0.20982	0.23242	-0.14401	-0.12639	-0.12901	0.31314	0.25445	0.21500	-0.11714	-0.10461	-0.09255	0.20737	0.20201	0.19525	-0.51361	-0.31634	-0.17808
17490	0.20242	0.20368	0.22517	-0.14528	-0.12615	-0.12911	0.29528	0.24593	0.20736	-0.11764	-0.10499	-0.09366	0.20270	0.19923	0.19413	-0.51337	-0.31549	-0.17717
17650	0.20175	0.20439	0.22446	-0.14367	-0.12508	-0.12746	0.29779	0.24947	0.20842	-0.11668	-0.10409	-0.09193	0.20318	0.20281	0.19613	-0.51282	-0.31521	-0.17634
17820	0.20223	0.20379	0.22346	-0.14421	-0.12631	-0.12886	0.29604	0.24484	0.20365	-0.11703	-0.10425	-0.09294	0.20403	0.20088	0.19401	-0.51038	-0.31128	-0.17320
17980	0.20168	0.20232	0.22355	-0.14093	-0.12331	-0.12595	0.30162	0.24520	0.20656	-0.11480	-0.10102	-0.09025	0.20230	0.19889	0.19380	-0.50950	-0.31323	-0.17506
18150	0.20396	0.20310	0.22706	-0.14338	-0.12481	-0.12675	0.30644	0.25154	0.20952	-0.11646	-0.10431	-0.09217	0.20812	0.20457	0.19943	-0.50800	-0.31125	-0.17272	34.72	5.9	0.00	-2.04	0.01736	0.01204	0.01524	0.01874	0.01918	0.01501	0.00546	0.01515	0.02009	0.01907	0.01349	0.01715	0.01710	0.01766	0.01379	0.00578	0.01636	0.02190
18310	0.20753	0.20649	0.22775	-0.13915	-0.12198	-0.12469	0.31197	0.25168	0.21196	-0.11404	-0.10069	-0.08945	0.20648	0.20200	0.19681	-0.50978	-0.31284	-0.17536
18480	0.20330	0.20563	0.22689	-0.14308	-0.12542	-0.12817	0.30235	0.24922	0.20793	-0.11645	-0.10329	-0.09179	0.20393	0.19810	0.19292	-0.51511	-0.31676	-0.17765
18640	0.20025	0.20381	0.22495	-0.14556	-0.12562	-0.12792	0.30191	0.24689	0.20694	-0.11562	-0.10184	-0.09045	0.20328	0.19836	0.19264	-0.51224	-0.31538	-0.17666
18810	0.20178	0.20067	0.22420	-0.14395	-0.12649	-0.12862	0.29680	0.24277	0.20333	-0.11741	-0.10416	-0.09251	0.20206	0.19919	0.19240	-0.50908	-0.31137	-0.17355
18970	0.20234	0.20335	0.22372	-0.14104	-0.12284	-0.12618	0.30337	0.24557	0.20429	-0.11465	-0.10127	-0.08991	0.19929	0.19721	0.19106	-0.51053	-0.31302	-0.17548
19140	0.20032	0.20299	0.22538	-0.13972	-0.12096	-0.12396	0.30483	0.24693	0.20641	-0.11218	-0.09935	-0.08746	0.20147	0.19804	0.19172	-0.50803	-0.31046	-0.17328
19300	0.19995	0.20124	0.22359	-0.14153	-0.12406	-0.12756	0.29702	0.24111	0.20265	-0.11631	-0.10336	-0.09186	0.20036	0.19811	0.19395	-0.50655	-0.30902	-0.17130
19470	0.20100	0.20218	0.22361	-0.13867	-0.12149	-0.12468	0.29792	0.24412	0.20370	-0.11337	-0.10092	-0.09007	0.19946	0.19772	0.19118	-0.50752	-0.31222	-0.17483
19630	0.20004	0.20423	0.22447	-0.13856	-0.12044	-0.12255	0.30371	0.24884	0.20874	-0.11230	-0.09870	-0.08831	0.20254	0.19785	0.19032	-0.50465	-0.30905	-0.17218
19800	0.20213	0.20389	0.22402	-0.14144	-0.12378	-0.12665	0.29627	0.24660	0.20329	-0.11569	-0.10309	-0.09177	0.20482	0.20036	0.19227	-0.50931	-0.31128	-0.17377	34.77	6.1	0.00	-2.04	0.01736	0.01205	0.01524	0.01874	0.01918	0.01500	0.00546	0.01516	0.02010	0.01907	0.01349	0.01715	0.01711	0.01766	0.01380	0.00578	0.01635	0.02189
19960	0.20063	0.20175	0.22378	-0.14170	-0.12448	-0.12742	0.29912	0.24424	0.20392	-0.11615	-0.10381	-0.09184	0.20229	0.19682	0.19146	-0.51162	-0.31540	-0.17783
20120	0.19784	0.20047	0.22132	-0.14483	-0.12751	-0.13096	0.29416	0.24290	0.20145	-0.11906	-0.10715	-0.09515	0.20035	0.19974	0.19283	-0.51118	-0.31222	-0.17450
20290	0.20188	0.20465	0.22418	-0.14194	-0.12460	-0.12626	0.30117	0.24868	0.20515	-0.11644	-0.10315	-0.09239	0.20064	0.19852	0.19351	-0.51177	-0.31541	-0.17817
20450	0.19984	0.20306	0.22629	-0.14171	-0.12283	-0.12488	0.30803	0.24944	0.20749	-0.11414	-0.10201	-0.08990	0.20351	0.19843	0.19133	-0.50920	-0.31369	-0.17558
20620	0.20079	0.20380	0.22432	-0.14391	-0.12613	-0.12817	0.29936	0.24510	0.20379	-0.11715	-0.10482	-0.09317	0.20082	0.19979	0.19415	-0.51017	-0.31306	-0.17544
20780	0.20273	0.20273	0.22358	-0.14228	-0.12421	-0.12716	0.30026	0.24976	0.20833	-0.11588	-0.10376	-0.09162	0.20252	0.19854	0.19242	-0.51135	-0.31615	-0.17717
20950	0.20312	0.20507	0.22568	-0.14138	-0.12245	-0.12462	0.30625	0.24898	0.21224	-0.11400	-0.10103	-0.09052	0.20378	0.20211	0.19489	-0.50890	-0.31271	-0.17540
21110	0.20255	0.20368	0.22522	-0.14266	-0.12444	-0.12685	0.30002	0.24781	0.20614	-0.11642	-0.10306	-0.09214	0.20256	0.19779	0.19443	-0.51260	-0.31487	-0.17653
21280	0.19887	0.20229	0.22514	-0.14301	-0.12465	-0.12719	0.29841	0.24627	0.20666	-0.11588	-0.10303	-0.09111	0.20191	0.19898	0.19491	-0.50870	-0.31344	-0.17475
21440	0.20205	0.20314	0.22512	-0.14278	-0.12510	-0.12780	0.30065	0.24827	0.20628	-0.11717	-0.10479	-0.09262	0.20358	0.19960	0.19550	-0.51064	-0.31485	-0.17580	34.72	6.1	0.00	-2.04	0.01736	0.01205	0.01525	0.01873	0.01917	0.01500	0.00546	0.01516	0.02010	0.01907	0.01349	0.01715	0.01711	0.01767	0.01380	0.00578	0.01635	0.02189
21610	0.20273	0.20446	0.22616	-0.14164	-0.12406	-0.12668	0.30365	0.24821	0.20697	-0.11581	-0.10297	-0.09227	0.20270	0.19971	0.19358	-0.51157	-0.31625	-0.17748
21770	0.20040	0.20435	0.22617	-0.14312	-0.12379	-0.12501	0.30976	0.24985	0.21062	-0.11377	-0.10071	-0.08980	0.20304	0.20150	0.19440	-0.50722	-0.31278	-0.17421
21940	0.20230	0.20259	0.22422	-0.14165	-0.12393	-0.12646	0.30048	0.24775	0.20718	-0.11643	-0.10287	-0.09178	0.20286	0.20046	0.19437	-0.51135	-0.31485	-0.17611
22100	0.20173	0.20230	0.22525	-0.14346	-0.12567	-0.12842	0.29272	0.24547	0.20600	-0.11697	-0.10444	-0.09266	0.20289	0.20161	0.19534	-0.50935	-0.31296	-0.17444
22270	0.20311	0.20316	0.22888	-0.14218	-0.12412	-0.12688	0.30336	0.24787	0.20789	-0.11557	-0.10284	-0.09093	0.20390	0.20130	0.19463	-0.50979	-0.31474	-0.17610
22430	0.20312	0.20233	0.22583	-0.14252	-0.12433	-0.12667	0.30272	0.25013	0.20922	-0.11630	-0.10343	-0.09137	0.20255	0.19908	0.19587	-0.51194	-0.31590	-0.17721
22600	0.20218	0.20582	0.22769	-0.14184	-0.12400	-0.12622	0.30730	0.25096	0.21074	-0.11551	-0.10216	-0.09066	0.20525	0.20173	0.19433	-0.50996	-0.31430	-0.17531
22760	0.20260	0.20267	0.22413	-0.14402	-0.12619	-0.12940	0.29866	0.24576	0.20622	-0.11845	-0.10509	-0.09339	0.20367	0.20339	0.19652	-0.50865	-0.31264	-0.17368
22930	0.20526	0.20744	0.22754	-0.14118	-0.12364	-0.12648	0.30560	0.24971	0.20980	-0.11609	-0.10266	-0.09071	0.20275	0.19885	0.19584	-0.51086	-0.31434	-0.17628
23100	0.20452	0.20363	0.22682	-0.14352	-0.12595	-0.12857	0.30990	0.24956	0.20766	-0.11736	-0.10477	-0.09253	0.20483	0.20006	0.19576	-0.51479	-0.31829	-0.17848	34.72	6.0	0.00	-2.04	0.01737	0.01205	0.01525	0.01873	0.01917	0.01500	0.00546	0.01516	0.02011	0.01907	0.01348	0.01715	0.01711	0.01767	0.01380	0.00578	0.01635	0.02189
23260	0.20487	0.20508	0.22861	-0.14296	-0.12430	-0.12714	0.31112	0.25296	0.21031	-0.11621	-0.10314	-0.09099	0.20464	0.20148	0.19402	-0.51052	-0.31592	-0.17690
23420	0.20411	0.20454	0.22607	-0.14542	-0.12705	-0.13052	0.29895	0.24826	0.20721	-0.11933	-0.10622	-0.09420	0.20179	0.20044	0.19471	-0.51284	-0.31678	-0.17660
23590	0.20187	0.20562	0.22667	-0.14472	-0.12610	-0.12823	0.30418	0.24881	0.20893	-0.11730	-0.10509	-0.09215	0.20290	0.20186	0.19595	-0.51300	-0.31639	-0.17705
23750	0.20421	0.20434	0.22735	-0.14400	-0.12632	-0.12887	0.30752	0.24995	0.21001	-0.11796	-0.10484	-0.09339	0.20629	0.20250	0.19697	-0.51183	-0.31504	-0.17589
23920	0.20636	0.20486	0.22796	-0.14317	-0.12547	-0.12813	0.30352	0.25213	0.20988	-0.11672	-0.10485	-0.09293	0.20409	0.20288	0.19643	-0.51519	-0.31774	-0.17835
24080	0.20171	0.20548	0.22705	-0.14578	-0.12503	-0.12658	0.30323	0.25564	0.21136	-0.11527	-0.10224	-0.09154	0.20634	0.20323	0.19802	-0.51080	-0.31465	-0.17639
24250	0.20418	0.20562	0.22575	-0.14377	-0.12673	-0.12970	0.30304	0.25006	0.20779	-0.11888	-0.10548	-0.09413	0.20707	0.20441	0.19919	-0.50968	-0.31208	-0.17369
24410	0.20516	0.20499	0.22785	-0.14039	-0.12265	-0.12606	0.30737	0.25384	0.21107	-0.11519	-0.10218	-0.09077	0.20572	0.20247	0.19661	-0.51084	-0.31418	-0.17604
24580	0.20612	0.20456	0.22760	-0.14044	-0.12271	-0.12523	0.30718	0.25319	0.21162	-0.11487	-0.10213	-0.09094	0.20706	0.20284	0.19592	-0.50876	-0.31343	-0.17544
24740	0.20338	0.20355	0.22502	-0.14379	-0.12659	-0.12989	0.30437	0.25283	0.20774	-0.11773	-0.10565	-0.09435	0.20490	0.20087	0.19538	-0.51257	-0.31663	-0.17816	34.66	6.1	0.00	-2.04	0.01737	0.01205	0.01525	0.01873	0.01917	0.01500	0.00546	0.01516	0.02011	0.01907	0.01348	0.01715	0.01712	0.01767	0.01380	0.00578	0.01635	0.02189
24900	0.20207	0.20280	0.22620	-0.14590	-0.12809	-0.13134	0.30629	0.24755	0.20699	-0.11912	-0.10624	-0.09490	0.20352	0.20038	0.19574	-0.51424	-0.31844	-0.17926
25070	0.20200	0.20244	0.22557	-0.14666	-0.12992	-0.13211	0.30186	0.24863	0.20556	-0.11997	-0.10810	-0.09595	0.20314	0.20285	0.19707	-0.51338	-0.31638	-0.17755
25230	0.20417	0.20715	0.22624	-0.14458	-0.12629	-0.12909	0.30483	0.25262	0.21273	-0.11818	-0.10606	-0.09365	0.20490	0.19940	0.19488	-0.51637	-0.31915	-0.17968
25400	0.20433	0.20550	0.22820	-0.14437	-0.12623	-0.12741	0.31194	0.25255	0.21270	-0.11611	-0.10407	-0.09212	0.20631	0.20277	0.19755	-0.51286	-0.31671	-0.17808
25560	0.20409	0.20638	0.22730	-0.14577	-0.12833	-0.13067	0.30359	0.24835	0.20882	-0.11939	-0.10691	-0.09562	0.20501	0.20448	0.19896	-0.51183	-0.31513	-0.17583
25730	0.20501	0.20718	0.22861	-0.14333	-0.12544	-0.12744	0.30643	0.25525	0.21222	-0.11665	-0.10373	-0.09198	0.20614	0.20117	0.19593	-0.51297	-0.31758	-0.17834
25890	0.20626	0.20927	0.22912	-0.14211	-0.12355	-0.12539	0.30909	0.25613	0.21471	-0.11445	-0.10221	-0.09063	0.20899	0.20433	0.19972	-0.51013	-0.31388	-0.17563
26060	0.20649	0.20487	0.22814	-0.14322	-0.12526	-0.12835	0.30585	0.25261	0.20866	-0.11713	-0.10424	-0.09243	0.20672	0.20320	0.19672	-0.51345	-0.31776	-0.17852
26220	0.20497	0.20542	0.22683	-0.14505	-0.12641	-0.12899	0.30351	0.25290	0.21034	-0.11773	-0.10490	-0.09288	0.20441	0.20361	0.19850	-0.51565	-0.31724	-0.17816
26390	0.20594	0.20542	0.22608	-0.14532	-0.12687	-0.12976	0.30582	0.25165	0.20939	-0.11790	-0.10580	-0.09400	0.20654	0.20597	0.19794	-0.51243	-0.31608	-0.17832	34.72	6.0	0.00	-2.04	0.01737	0.01205	0.01525	0.01873	0.01917	0.01500	0.00546	0.01516	0.02011	0.01907	0.01348	0.01715	0.01712	0.01767	0.01380	0.00578	0.01635	0.02188
26550	0.20519	0.20524	0.22861	-0.14377	-0.12617	-0.12942	0.31103	0.25263	0.21302	-0.11705	-0.10477	-0.09262	0.20615	0.20350	0.19762	-0.51287	-0.31771	-0.17933
26720	0.20354	0.20644	0.22892	-0.14520	-0.12556	-0.12758	0.31205	0.25581	0.21371	-0.11574	-0.10307	-0.09042	0.20798	0.20511	0.20073	-0.51138	-0.31585	-0.17738
26880	0.20446	0.20506	0.22874	-0.14450	-0.12710	-0.12978	0.30711	0.25316	0.20901	-0.11801	-0.10635	-0.09400	0.20588	0.20474	0.19828	-0.51000	-0.31489	-0.17567
27050	0.20630	0.20601	0.22915	-0.14290	-0.12527	-0.12824	0.30431	0.25205	0.21279	-0.11709	-0.10470	-0.09211	0.20705	0.20196	0.19770	-0.51250	-0.31713	-0.17914
27210	0.20319	0.20467	0.22824	-0.14533	-0.12518	-0.12689	0.30799	0.25543	0.21435	-0.11545	-0.10263	-0.09044	0.20669	0.20347	0.19829	-0.50881	-0.31495	-0.17689
27380	0.20364	0.20452	0.22713	-0.14401	-0.12733	-0.13003	0.30448	0.25237	0.20894	-0.11847	-0.10659	-0.09414	0.20699	0.20502	0.20016	-0.50886	-0.31230	-0.17389
27540	0.20893	0.20657	0.22926	-0.14136	-0.12493	-0.12732	0.30516	0.25642	0.21199	-0.11618	-0.10386	-0.09142	0.20789	0.20227	0.19634	-0.51151	-0.31648	-0.17753
27700	0.20421	0.20486	0.22938	-0.14249	-0.12451	-0.12717	0.31147	0.25796	0.21218	-0.11555	-0.10323	-0.09133	0.20669	0.20343	0.19598	-0.51048	-0.31478	-0.17686
27870	0.20376	0.20390	0.22604	-0.14504	-0.12761	-0.13044	0.30538	0.24841	0.20951	-0.11881	-0.10649	-0.09411	0.20658	0.20277	0.19710	-0.51344	-0.31615	-0.17687
28030	0.20482	0.20645	0.22613	-0.14478	-0.12803	-0.13024	0.30303	0.25168	0.21008	-0.11925	-0.10702	-0.09426	0.20567	0.20242	0.19622	-0.51475	-0.31928	-0.18084	34.77	6.1	0.00	-2.04	0.01737	0.01205	0.01525	0.01873	0.01917	0.01500	0.00546	0.01517	0.02011	0.01907	0.01348	0.01715	0.01712	0.01767	0.01380	0.00578	0.01635	0.02188
28200	0.20474	0.20646	0.22872	-0.14534	-0.12746	-0.12939	0.30486	0.25454	0.21223	-0.11795	-0.10544	-0.09306	0.20733	0.20581	0.19821	-0.51338	-0.31745	-0.17922
28360	0.20597	0.20645	0.22902	-0.14635	-0.12723	-0.13065	0.30773	0.25324	0.21044	-0.11837	-0.10622	-0.09370	0.20545	0.20146	0.19607	-0.51452	-0.31923	-0.18078
28530	0.20700	0.20945	0.23069	-0.14365	-0.12483	-0.12676	0.30975	0.25733	0.21417	-0.11589	-0.10307	-0.09065	0.20812	0.20699	0.20005	-0.50970	-0.31400	-0.17657
28690	0.20537	0.20763	0.22971	-0.14476	-0.12767	-0.13047	0.30240	0.25180	0.21114	-0.11892	-0.10601	-0.09445	0.20877	0.20632	0.20040	-0.51079	-0.31352	-0.17582
28850	0.20837	0.20775	0.22866	-0.14277	-0.12631	-0.12811	0.31012	0.25294	0.21133	-0.11795	-0.10449	-0.09400	0.20671	0.20176	0.19642	-0.51163	-0.31760	-0.18018
29020	0.20482	0.20677	0.23143	-0.14378	-0.12545	-0.12782	0.30980	0.25563	0.21538	-0.11666	-0.10391	-0.09322	0.20728	0.20323	0.19851	-0.51088	-0.31526	-0.17807
29180	0.20541	0.20622	0.22759	-0.14596	-0.12838	-0.13109	0.30264	0.24945	0.20914	-0.11933	-0.10740	-0.09513	0.20541	0.20292	0.19666	-0.51597	-0.31743	-0.18022
29350	0.20456	0.20672	0.22660	-0.14580	-0.12775	-0.12956	0.30238	0.25372	0.20913	-0.11850	-0.10641	-0.09480	0.20641	0.20195	0.19453	-0.51430	-0.31740	-0.17888
29510	0.20283	0.20420	0.22724	-0.14529	-0.12745	-0.12929	0.31487	0.25103	0.21057	-0.11794	-0.10579	-0.09417	0.20534	0.20199	0.19636	-0.51246	-0.31659	-0.17949
29680	0.20343	0.20603	0.22705	-0.14606	-0.12856	-0.13051	0.29730	0.25130	0.21076	-0.11953	-0.10702	-0.09600	0.20618	0.20598	0.19897	-0.50968	-0.31264	-0.17550	34.72	6.1	0.00	-2.04	0.01737	0.01205	0.01525	0.01873	0.01917	0.01500	0.00546	0.01517	0.02011	0.01907	0.01348	0.01715	0.01712	0.01767	0.01381	0.00578	0.01635	0.02188
29840	0.20787	0.20809	0.22843	-0.14158	-0.12452	-0.12723	0.30897	0.25566	0.21245	-0.11610	-0.10307	-0.09195	0.20857	0.20448	0.19765	-0.51051	-0.31551	-0.17740
30000	0.20417	0.20631	0.22883	-0.14418	-0.12390	-0.12638	0.31216	0.25557	0.21610	-0.11453	-0.10192	-0.09056	0.21021	0.20417	0.19992	-0.50812	-0.31338	-0.17588
30170	0.20551	0.20494	0.22784	-0.14422	-0.12655	-0.12865	0.30676	0.25028	0.21052	-0.11800	-0.10510	-0.09296	0.20814	0.20478	0.19965	-0.50970	-0.31408	-0.17583
30330	0.20597	0.20687	0.22812	-0.14248	-0.12501	-0.12731	0.30700	0.25222	0.21180	-0.11725	-0.10425	-0.09258	0.20753	0.20284	0.19711	-0.51163	-0.31623	-0.17889
30500	0.20393	0.20565	0.22715	-0.14503	-0.12715	-0.12946	0.30678	0.25552	0.21116	-0.11814	-0.10549	-0.09420	0.20591	0.20188	0.19543	-0.51374	-0.31845	-0.17986
30660	0.20357	0.20444	0.22558	-0.14671	-0.12822	-0.13062	0.29922	0.25013	0.20977	-0.11947	-0.10632	-0.09444	0.20348	0.20089	0.19540	-0.51534	-0.32013	-0.18183
30820	0.20426	0.20561	0.22877	-0.14462	-0.12679	-0.12937	0.30637	0.25482	0.21339	-0.11690	-0.10434	-0.09260	0.20711	0.20285	0.19630	-0.51207	-0.31634	-0.17860
30990	0.20393	0.20464	0.22537	-0.14662	-0.12972	-0.13188	0.30343	0.25039	0.20935	-0.11997	-0.10764	-0.09528	0.20510	0.20475	0.19724	-0.51153	-0.31617	-0.17727
31150	0.20480	0.20554	0.23047	-0.14429	-0.12723	-0.12888	0.31102	0.25391	0.21388	-0.11766	-0.10462	-0.09320	0.20745	0.20402	0.19729	-0.51352	-0.31819	-0.18012
31320	0.20654	0.20768	0.22854	-0.14490	-0.12666	-0.12881	0.31445	0.25427	0.21403	-0.11690	-0.10485	-0.09247	0.20911	0.20533	0.19772	-0.51269	-0.31658	-0.17835	34.72	6.2	0.00	-2.04	0.01737	0.01205	0.01525	0.01873	0.01917	0.01500	0.00546	0.01517	0.02011	0.01907	0.01348	0.01715	0.01712	0.01767	0.01381	0.00578	0.01635	0.02188
31480	0.20602	0.20647	0.22594	-0.14581	-0.12909	-0.13217	0.29999	0.24913	0.20852	-0.11999	-0.10667	-0.09482	0.20796	0.20561	0.20092	-0.50906	-0.31460	-0.17613
31650	0.20816	0.20772	0.22967	-0.14340	-0.12679	-0.12973	0.31165	0.25461	0.21421	-0.11760	-0.10455	-0.09252	0.20712	0.20241	0.19941	-0.51429	-0.31862	-0.18019
31810	0.20765	0.20940	0.23168	-0.14263	-0.12422	-0.12684	0.31543	0.25583	0.21409	-0.11553	-0.10257	-0.09072	0.21011	0.20448	0.19817	-0.51178	-0.31450	-0.17613
31980	0.20654	0.20701	0.22833	-0.14454	-0.12661	-0.12980	0.30858	0.25313	0.21104	-0.11794	-0.10516	-0.09330	0.20934	0.20459	0.20000	-0.51049	-0.31395	-0.17535
32140	0.20804	0.20512	0.22904	-0.14312	-0.12569	-0.12869	0.30836	0.25347	0.21395	-0.11789	-0.10505	-0.09198	0.20654	0.20175	0.19537	-0.51466	-0.31754	-0.17916
32300	0.20487	0.20718	0.22781	-0.14402	-0.12586	-0.12895	0.31070	0.25589	0.21287	-0.11645	-0.10444	-0.09198	0.20622	0.20113	0.19359	-0.51181	-0.31633	-0.17791
32470	0.20405	0.20446	0.22494	-0.14670	-0.12919	-0.13179	0.30698	0.24751	0.20862	-0.12026	-0.10718	-0.09473	0.20651	0.20580	0.19958	-0.50933	-0.31337	-0.17481
32630	0.20764	0.20856	0.23002	-0.14171	-0.12331	-0.12550	0.31309	0.25747	0.21568	-0.11484	-0.10232	-0.08937	0.21061	0.20527	0.19846	-0.50882	-0.31354	-0.17595
32790	0.20502	0.20826	0.22982	-0.14406	-0.12601	-0.12832	0.30885	0.25369	0.21180	-0.11659	-0.10458	-0.09155	0.20747	0.20346	0.19640	-0.51205	-0.31627	-0.17819
32960	0.20409	0.20529	0.22694	-0.14688	-0.12856	-0.13147	0.30650	0.24967	0.20867	-0.12024	-0.10831	-0.09524	0.20568	0.19942	0.19553	-0.51748	-0.32108	-0.18334	34.72	6.1	0.00	-2.04	0.01737	0.01205	0.01525	0.01873	0.01917	0.01500	0.00546	0.01517	0.02011	0.01907	0.01348	0.01715	0.01712	0.01767	0.01381	0.00578	0.01635	0.02188
33120	0.20234	0.20422	0.22628	-0.14889	-0.12870	-0.13051	0.30930	0.25505	0.21111	-0.11797	-0.10518	-0.09400	0.20729	0.20202	0.19608	-0.51601	-0.31776	-0.18009
33290	0.20575	0.20669	0.22801	-0.14678	-0.12883	-0.13183	0.31088	0.25230	0.21203	-0.11886	-0.10597	-0.09522	0.20636	0.20272	0.19484	-0.51627	-0.32016	-0.18232
33450	0.20386	0.20517	0.23118	-0.14780	-0.12680	-0.12781	0.31468	0.25651	0.21811	-0.11470	-0.10262	-0.09086	0.21058	0.20589	0.19932	-0.50919	-0.31425	-0.17662
33610	0.20629	0.20682	0.22793	-0.14428	-0.12729	-0.12892	0.30519	0.25346	0.21097	-0.11750	-0.10569	-0.09427	0.21072	0.20644	0.19962	-0.51131	-0.31396	-0.17627
33780	0.20626	0.20701	0.22905	-0.14352	-0.12605	-0.12892	0.30874	0.25375	0.21152	-0.11705	-0.10550	-0.09325	0.20801	0.20375	0.19810	-0.51467	-0.31863	-0.18085
33940	0.20625	0.20658	0.22908	-0.14492	-0.12707	-0.12899	0.30893	0.25417	0.21160	-0.11705	-0.10493	-0.09276	0.20870	0.20545	0.19735	-0.51289	-0.31679	-0.17901
34110	0.20495	0.20761	0.22489	-0.14690	-0.12883	-0.13087	0.30645	0.25232	0.21017	-0.11906	-0.10683	-0.09528	0.20831	0.20662	0.20045	-0.51098	-0.31575	-0.17729
34270	0.20551	0.20861	0.22848	-0.14452	-0.12710	-0.12975	0.30976	0.25257	0.21147	-0.11789	-0.10498	-0.09305	0.20652	0.20371	0.19833	-0.51502	-0.31809	-0.18041
34440	0.20642	0.20790	0.23146	-0.14358	-0.12421	-0.12661	0.30825	0.25793	0.21393	-0.11551	-0.10314	-0.09106	0.20967	0.20562	0.20108	-0.51022	-0.31548	-0.17789
34600	0.20433	0.20479	0.22690	-0.14543	-0.12786	-0.13082	0.30516	0.25284	0.20997	-0.11902	-0.10641	-0.09427	0.20933	0.20450	0.19967	-0.51024	-0.31417	-0.17591	34.72	6.0	0.00	-2.04	0.01737	0.01205	0.01525	0.01873	0.01917	0.01500	0.00546	0.01517	0.02012	0.01907	0.01348	0.01715	0.01712	0.01767	0.01381	0.00578	0.01634	0.02188
34770	0.20551	0.20780	0.22883	-0.14297	-0.12570	-0.12802	0.30587	0.25534	0.21261	-0.11646	-0.10453	-0.09206	0.20657	0.20400	0.19620	-0.51252	-0.31666	-0.17876
34930	0.20318	0.20673	0.22717	-0.14387	-0.12536	-0.12828	0.31030	0.25334	0.21182	-0.11620	-0.10403	-0.09200	0.20905	0.20281	0.19787	-0.51324	-0.31741	-0.17902
35100	0.20512	0.20572	0.23014	-0.14250	-0.12460	-0.12729	0.31220	0.25528	0.21314	-0.11522	-0.10308	-0.09073	0.20789	0.20541	0.20021	-0.50993	-0.31540	-0.17685
35260	0.20436	0.20607	0.22601	-0.14497	-0.12751	-0.13059	0.30117	0.25039	0.21012	-0.11870	-0.10590	-0.09381	0.20507	0.20312	0.19676	-0.51326	-0.31744	-0.17897
35430	0.20459	0.20647	0.22698	-0.14500	-0.12719	-0.13027	0.30156	0.25295	0.21326	-0.11714	-0.10514	-0.09251	0.20783	0.20383	0.19969	-0.51155	-0.31539	-0.17678
35600	0.20446	0.20615	0.22761	-0.14415	-0.12700	-0.12992	0.30714	0.25277	0.21319	-0.11770	-0.10490	-0.09245	0.20938	0.20568	0.20167	-0.50892	-0.31249	-0.17334
35760	0.20760	0.20787	0.23161	-0.14060	-0.12347	-0.12672	0.31230	0.25536	0.21655	-0.11490	-0.10196	-0.09050	0.20963	0.20399	0.19866	-0.51245	-0.31461	-0.17639
35930	0.20576	0.20590	0.22932	-0.14377	-0.12639	-0.12958	0.30516	0.25085	0.21213	-0.11707	-0.10498	-0.09266	0.20537	0.20132	0.19702	-0.51586	-0.31896	-0.17996
36090	0.20392	0.20648	0.22940	-0.14530	-0.12638	-0.12870	0.30833	0.25636	0.21526	-0.11579	-0.10288	-0.09085	0.20766	0.20491	0.19988	-0.51013	-0.31539	-0.17707
36260	0.20517	0.20727	0.22656	-0.14458	-0.12758	-0.13061	0.29680	0.25007	0.20995	-0.11860	-0.10578	-0.09341	0.20952	0.20596	0.20033	-0.51008	-0.31310	-0.17435	34.72	6.1	0.00	-2.04	0.01737	0.01205	0.01525	0.01873	0.01917	0.01500	0.00546	0.01517	0.02012	0.01907	0.01348	0.01715	0.01712	0.01767	0.01381	0.00578	0.01634	0.02188
36420	0.20672	0.20857	0.22890	-0.14231	-0.12521	-0.12861	0.30867	0.25556	0.21396	-0.11681	-0.10420	-0.09279	0.20815	0.20425	0.19918	-0.51385	-0.31709	-0.17819
36590	0.20548	0.20766	0.22779	-0.14401	-0.12625	-0.12940	0.31020	0.25407	0.21410	-0.11706	-0.10491	-0.09307	0.20639	0.20245	0.19492	-0.51484	-0.31842	-0.18027
36750	0.20449	0.20534	0.22862	-0.14460	-0.12567	-0.12820	0.30772	0.25540	0.21406	-0.11592	-0.10377	-0.09238	0.20859	0.20528	0.19771	-0.51341	-0.31624	-0.17865
36920	0.20388	0.20652	0.22763	-0.14551	-0.12828	-0.13133	0.30083	0.25160	0.21196	-0.11858	-0.10656	-0.09373	0.20873	0.20655	0.20221	-0.51087	-0.31336	-0.17550
37080	0.20781	0.20770	0.23040	-0.14229	-0.12498	-0.12878	0.31047	0.25638	0.21388	-0.11538	-0.10418	-0.09137	0.20780	0.20366	0.19781	-0.51201	-0.31563	-0.17801
37250	0.20535	0.20806	0.22963	-0.14407	-0.12637	-0.12812	0.30592	0.25191	0.21320	-0.11618	-0.10306	-0.09289	0.20568	0.20302	0.19604	-0.51317	-0.31638	-0.17764
37410	0.20594	0.20985	0.22827	-0.14276	-0.12477	-0.12716	0.30521	0.25307	0.21274	-0.11546	-0.10329	-0.09147	0.20579	0.20373	0.19766	-0.51083	-0.31528	-0.17703
37580	0.20317	0.20447	0.22685	-0.14512	-0.12774	-0.12970	0.30003	0.25019	0.21033	-0.11814	-0.10575	-0.09407	0.20706	0.20510	0.20039	-0.50900	-0.31175	-0.17397
37740	0.20540	0.20766	0.23004	-0.14173	-0.12402	-0.12694	0.30755	0.25504	0.21294	-0.11570	-0.10301	-0.09169	0.20830	0.20499	0.19936	-0.51014	-0.31424	-0.17634
37910	0.20757	0.20681	0.23004	-0.14310	-0.12534	-0.12829	0.31087	0.25427	0.21293	-0.11600	-0.10385	-0.09232	0.20867	0.20531	0.19815	-0.50976	-0.31388	-0.17600	34.77	6.0	0.00	-2.04	0.01737	0.01205	0.01525	0.01873	0.01917	0.01500	0.00546	0.01517	0.02012	0.01907	0.01348	0.01715	0.01712	0.01767	0.01381	0.00578	0.01634	0.02188
38070	0.20613	0.20760	0.23090	-0.14168	-0.12320	-0.12602	0.30932	0.25408	0.21456	-0.11492	-0.10213	-0.09094	0.20708	0.20466	0.19625	-0.51121	-0.31462	-0.17680
38240	0.20492	0.20965	0.23006	-0.14259	-0.12363	-0.12471	0.31229	0.25713	0.21678	-0.11327	-0.10097	-0.08907	0.21164	0.20531	0.20057	-0.50976	-0.31253	-0.17440
38400	0.20511	0.20792	0.22761	-0.14175	-0.12485	-0.12788	0.30873	0.25327	0.21282	-0.11608	-0.10397	-0.09226	0.20962	0.20456	0.19956	-0.50875	-0.31319	-0.17417
38570	0.20535	0.20754	0.23106	-0.14033	-0.12301	-0.12636	0.30949	0.25467	0.21342	-0.11488	-0.10251	-0.09048	0.20677	0.20192	0.19658	-0.51053	-0.31443	-0.17719
38730	0.20446	0.20625	0.22937	-0.14320	-0.12497	-0.12656	0.30973	0.25474	0.21363	-0.11558	-0.10251	-0.09124	0.20743	0.20327	0.19705	-0.51062	-0.31601	-0.17786
38890	0.20444	0.20449	0.22462	-0.14470	-0.12723	-0.12963	0.30654	0.24971	0.21027	-0.11768	-0.10534	-0.09325	0.20362	0.19986	0.19210	-0.51571	-0.31961	-0.18137
39060	0.20517	0.20697	0.22992	-0.14285	-0.12345	-0.12591	0.31253	0.25752	0.21601	-0.11392	-0.10134	-0.08983	0.20946	0.20393	0.19987	-0.51009	-0.31387	-0.17571
39220	0.20430	0.20532	0.22731	-0.14309	-0.12639	-0.12845	0.30489	0.25348	0.21151	-0.11695	-0.10404	-0.09267	0.20626	0.20409	0.19732	-0.51071	-0.31553	-0.17615
39390	0.20600	0.20841	0.22872	-0.14295	-0.12642	-0.12866	0.30815	0.25185	0.21266	-0.11652	-0.10364	-0.09198	0.20656	0.20255	0.19575	-0.51307	-0.31707	-0.17809
39550	0.20312	0.20638	0.22834	-0.14520	-0.12678	-0.12835	0.30308	0.25265	0.21231	-0.11727	-0.10494	-0.09181	0.20739	0.20281	0.19854	-0.51488	-0.31656	-0.17841	34.72	6.1	0.00	-2.04	0.01737	0.01205	0.01525	0.01873	0.01917	0.01500	0.00546	0.01517	0.02012	0.01907	0.01348	0.01714	0.01712	0.01768	0.01381	0.00577	0.01634	0.02188
39720	0.20271	0.20558	0.22693	-0.14479	-0.12696	-0.12842	0.30882	0.25578	0.21290	-0.11645	-0.10354	-0.09222	0.20645	0.20426	0.19723	-0.51396	-0.31542	-0.17674
39880	0.20437	0.20514	0.22871	-0.14336	-0.12611	-0.12738	0.30393	0.25177	0.21397	-0.11611	-0.10299	-0.09152	0.20636	0.20209	0.19510	-0.51368	-0.31677	-0.17780
40050	0.20591	0.20830	0.23073	-0.14304	-0.12498	-0.12639	0.30758	0.25435	0.21331	-0.11489	-0.10288	-0.09016	0.20691	0.20483	0.19683	-0.51214	-0.31467	-0.17598
40210	0.20325	0.20506	0.22744	-0.14443	-0.12741	-0.12951	0.30254	0.25127	0.21075	-0.11786	-0.10545	-0.09320	0.20825	0.20604	0.20163	-0.51155	-0.31241	-0.17348
40380	0.20435	0.20803	0.23075	-0.14154	-0.12462	-0.12693	0.30911	0.25518	0.21385	-0.11509	-0.10345	-0.09054	0.20852	0.20428	0.19731	-0.51163	-0.31477	-0.17689
40540	0.20500	0.20702	0.22937	-0.14315	-0.12539	-0.12711	0.30585	0.25513	0.21439	-0.11535	-0.10303	-0.09049	0.20617	0.20293	0.19733	-0.51155	-0.31597	-0.17767
40710	0.20553	0.20830	0.23161	-0.14135	-0.12323	-0.12492	0.31915	0.26003	0.21565	-0.11353	-0.10083	-0.08953	0.21072	0.20618	0.19836	-0.50995	-0.31315	-0.17472
40870	0.20597	0.20544	0.22860	-0.14259	-0.12571	-0.12778	0.31177	0.25710	0.21246	-0.11601	-0.10345	-0.09168	0.20774	0.20275	0.19579	-0.51435	-0.31762	-0.17870
41040	0.20440	0.20551	0.22926	-0.14502	-0.12657	-0.12801	0.30804	0.25421	0.21305	-0.11594	-0.10268	-0.09165	0.20708	0.20709	0.19960	-0.51414	-0.31559	-0.17703
41200	0.20615	0.20565	0.22857	-0.14378	-0.12668	-0.12901	0.30833	0.25343	0.21355	-0.11666	-0.10428	-0.09307	0.20898	0.20582	0.20016	-0.51213	-0.31492	-0.17671	34.77	6.1	0.00	-2.04	0.01737	0.01205	0.01525	0.01873	0.01917	0.01500	0.00546	0.01517	0.02012	0.01907	0.01348	0.01714	0.01712	0.01767	0.01381	0.00577	0.01634	0.02188
41370	0.20721	0.20698	0.22794	-0.14286	-0.12500	-0.12724	0.31166	0.25317	0.21429	-0.11587	-0.10366	-0.09233	0.20830	0.20407	0.19699	-0.51324	-0.31738	-0.17931
41530	0.20425	0.20661	0.23118	-0.14545	-0.12545	-0.12731	0.31303	0.25737	0.21586	-0.11435	-0.10201	-0.09000	0.20957	0.20559	0.20034	-0.51188	-0.31470	-0.17640
41700	0.20689	0.20633	0.22648	-0.14419	-0.12718	-0.12956	0.30777	0.25443	0.21260	-0.11713	-0.10408	-0.09328	0.20937	0.20810	0.20452	-0.51127	-0.31169	-0.17367
41860	0.20752	0.20693	0.23136	-0.14047	-0.12391	-0.12668	0.31091	0.25578	0.21461	-0.11438	-0.10182	-0.09089	0.21143	0.20488	0.20166	-0.51164	-0.31431	-0.17664
42030	0.20619	0.20656	0.22885	-0.14397	-0.12596	-0.12854	0.31003	0.25422	0.21185	-0.11634	-0.10355	-0.09241	0.20798	0.20536	0.19823	-0.51515	-0.31677	-0.17921
42190	0.20571	0.20746	0.22992	-0.14435	-0.12614	-0.12835	0.30310	0.25464	0.21227	-0.11594	-0.10286	-0.09176	0.20925	0.20515	0.19893	-0.51340	-0.31510	-0.17713
42360	0.20427	0.20697	0.22772	-0.14507	-0.12778	-0.12935	0.30356	0.25275	0.21108	-0.11795	-0.10493	-0.09356	0.20909	0.20659	0.20215	-0.51050	-0.31300	-0.17485
42520	0.20775	0.20802	0.22933	-0.14171	-0.12491	-0.12705	0.31042	0.25755	0.21402	-0.11528	-0.10353	-0.09185	0.20782	0.20376	0.19887	-0.51309	-0.31695	-0.17865
42690	0.20718	0.21088	0.23183	-0.14140	-0.12279	-0.12397	0.31269	0.25755	0.21658	-0.11338	-0.10069	-0.08831	0.21089	0.20626	0.19929	-0.50687	-0.31283	-0.17523
42850	0.20565	0.20677	0.22913	-0.14208	-0.12493	-0.12652	0.30559	0.25579	0.21302	-0.11604	-0.10268	-0.09201	0.20762	0.20525	0.19848	-0.51250	-0.31576	-0.17770	34.77	6.1	0.00	-2.04	0.01737	0.01205	0.01525	0.01873	0.01917	0.01500	0.00546	0.01517	0.02012	0.01907	0.01348	0.01715	0.01712	0.01768	0.01381	0.00577	0.01634	0.02188
43020	0.20507	0.20510	0.22895	-0.14411	-0.12578	-0.12774	0.30995	0.25349	0.21367	-0.11596	-0.10296	-0.09160	0.20730	0.20360	0.19990	-0.51331	-0.31608	-0.17737
43180	0.20531	0.20662	0.22947	-0.14324	-0.12598	-0.12765	0.30831	0.25529	0.21389	-0.11564	-0.10281	-0.09209	0.20770	0.20450	0.19688	-0.51536	-0.31612	-0.17842
43350	0.20588	0.20787	0.22942	-0.14211	-0.12428	-0.12612	0.30403	0.25425	0.21335	-0.11397	-0.10190	-0.09069	0.21014	0.20555	0.19780	-0.51288	-0.31514	-0.17735
43510	0.20418	0.20577	0.22705	-0.14503	-0.12736	-0.12995	0.29885	0.25143	0.21052	-0.11829	-0.10490	-0.09344	0.20736	0.20417	0.19966	-0.51382	-0.31595	-0.17707
43680	0.20567	0.20810	0.23007	-0.14363	-0.12530	-0.12708	0.30654	0.25381	0.21398	-0.11568	-0.10189	-0.09186	0.21027	0.20860	0.20139	-0.51123	-0.31435	-0.17662
43840	0.20642	0.20627	0.22959	-0.14237	-0.12492	-0.12765	0.30948	0.25352	0.21377	-0.11657	-0.10253	-0.09123	0.21019	0.20842	0.20401	-0.51057	-0.31285	-0.17462
44010	0.20799	0.20810	0.23070	-0.14147	-0.12384	-0.12631	0.30878	0.25840	0.21228	-0.11499	-0.10190	-0.09061	0.20928	0.20462	0.19951	-0.51196	-0.31430	-0.17654
44170	0.20671	0.20881	0.22771	-0.14292	-0.12468	-0.12738	0.30754	0.25547	0.21273	-0.11607	-0.10248	-0.09137	0.20937	0.20274	0.19860	-0.51272	-0.31651	-0.17798
44340	0.20726	0.20837	0.23029	-0.14206	-0.12400	-0.12674	0.30973	0.25810	0.21256	-0.11418	-0.10139	-0.08951	0.21027	0.20547	0.20099	-0.50972	-0.31417	-0.17546
44500	0.20539	0.20794	0.22880	-0.14359	-0.12621	-0.12888	0.31045	0.25193	0.21107	-0.11707	-0.10411	-0.09253	0.21081	0.20759	0.20277	-0.50789	-0.31101	-0.17253	34.72	6.1	0.00	-2.04	0.01737	0.01205	0.01525	0.01873	0.01917	0.01500	0.00546	0.01517	0.02012	0.01907	0.01348	0.01715	0.01712	0.01768	0.01381	0.00578	0.01634	0.02188
44670	0.20931	0.21048	0.23142	-0.13920	-0.12238	-0.12510	0.30828	0.25707	0.21582	-0.11383	-0.10047	-0.09025	0.21024	0.20659	0.20031	-0.50884	-0.31380	-0.17525
44830	0.20588	0.20703	0.22823	-0.14230	-0.12499	-0.12815	0.30480	0.25379	0.21409	-0.11614	-0.10281	-0.09166	0.20675	0.20362	0.19582	-0.51456	-0.31733	-0.17912
45000	0.20731	0.20837	0.23064	-0.14182	-0.12298	-0.12534	0.30962	0.25685	0.21621	-0.11358	-0.10041	-0.08919	0.21061	0.20654	0.19903	-0.50897	-0.31402	-0.17613
45160	0.20613	0.20519	0.22878	-0.14324	-0.12566	-0.12857	0.30405	0.25409	0.21173	-0.11658	-0.10329	-0.09262	0.21037	0.20769	0.19989	-0.50809	-0.31238	-0.17368
45330	0.20900	0.20790	0.23030	-0.14057	-0.12377	-0.12613	0.30960	0.25431	0.21317	-0.11471	-0.10128	-0.09063	0.20700	0.20480	0.19624	-0.51024	-0.31452	-0.17716
45490	0.20530	0.20950	0.22815	-0.14308	-0.12508	-0.12807	0.30368	0.25378	0.21233	-0.11613	-0.10301	-0.09111	0.20689	0.20469	0.19639	-0.51237	-0.31676	-0.17900
45660	0.20611	0.20893	0.23095	-0.14232	-0.12367	-0.12572	0.31162	0.25476	0.21403	-0.11426	-0.10153	-0.08978	0.20792	0.20551	0.20057	-0.51002	-0.31411	-0.17610
45820	0.20496	0.20678	0.22965	-0.14372	-0.12586	-0.12839	0.30753	0.25241	0.21139	-0.11623	-0.10207	-0.09162	0.20919	0.20642	0.20019	-0.51048	-0.31327	-0.17492
45990	0.20558	0.20699	0.22957	-0.14260	-0.12445	-0.12743	0.31132	0.25465	0.21449	-0.11574	-0.10240	-0.09063	0.21004	0.20608	0.20264	-0.50526	-0.31001	-0.17189
46150	0.20807	0.21139	0.23196	-0.13722	-0.12037	-0.12365	0.31050	0.25802	0.21761	-0.11307	-0.09965	-0.08771	0.21215	0.20585	0.20058	-0.50589	-0.31234	-0.17404	34.77	6.0	0.00	-2.04	0.01737	0.01205	0.01525	0.01873	0.01917	0.01500	0.00546	0.01517	0.02012	0.01907	0.01348	0.01715	0.01712	0.01768	0.01381	0.00578	0.01634	0.02188
46320	0.20516	0.20613	0.22833	-0.14209	-0.12435	-0.12763	0.31160	0.25330	0.21199	-0.11621	-0.10217	-0.09061	0.20809	0.20474	0.19903	-0.51104	-0.31546	-0.17731
46480	0.20587	0.20762	0.22873	-0.14279	-0.12553	-0.12886	0.30756	0.25207	0.21170	-0.11772	-0.10374	-0.09146	0.20840	0.20601	0.20275	-0.50692	-0.31080	-0.17245
46650	0.20886	0.20958	0.22963	-0.13854	-0.12107	-0.12444	0.31328	0.25712	0.21568	-0.11373	-0.09862	-0.08891	0.21010	0.20580	0.19897	-0.50981	-0.31253	-0.17506
46810	0.20684	0.20727	0.22822	-0.14214	-0.12535	-0.12833	0.30836	0.25269	0.21264	-0.11715	-0.10312	-0.09224	0.20961	0.20316	0.19664	-0.51003	-0.31552	-0.17752
46980	0.20439	0.20620	0.22697	-0.14447	-0.12773	-0.13029	0.30741	0.25363	0.20845	-0.11850	-0.10510	-0.09363	0.20904	0.20437	0.19990	-0.51086	-0.31261	-0.17463
47140	0.20786	0.20997	0.22735	-0.14187	-0.12407	-0.12751	0.31347	0.25544	0.21393	-0.11598	-0.10254	-0.09122	0.20775	0.20258	0.19690	-0.51416	-0.31661	-0.17824
47300	0.20735	0.20831	0.23085	-0.14147	-0.12360	-0.12558	0.31642	0.25599	0.21604	-0.11487	-0.10109	-0.08998	0.20944	0.20373	0.20051	-0.51023	-0.31417	-0.17674
47470	0.20534	0.20693	0.22703	-0.14405	-0.12651	-0.12979	0.30666	0.25260	0.21217	-0.11788	-0.10466	-0.09364	0.20773	0.20661	0.20186	-0.51041	-0.31177	-0.17384
47630	0.20849	0.20938	0.23062	-0.14069	-0.12359	-0.12691	0.31265	0.25498	0.21403	-0.11557	-0.10223	-0.09081	0.20975	0.20469	0.20036	-0.51148	-0.31473	-0.17613
47800	0.20509	0.20592	0.22875	-0.14303	-0.12540	-0.12750	0.31108	0.25444	0.21502	-0.11617	-0.10300	-0.09192	0.20805	0.20601	0.20026	-0.51310	-0.31408	-0.17698	34.72	6.1	0.00	-2.04	0.01737	0.01205	0.01525	0.01873	0.01917	0.01500	0.00546	0.01517	0.02012	0.01907	0.01348	0.01715	0.01712	0.01768	0.01381	0.00577	0.01634	0.02188
47970	0.20565	0.20627	0.22939	-0.14199	-0.12472	-0.12676	0.31403	0.25757	0.21445	-0.11563	-0.10239	-0.09110	0.20912	0.20583	0.20146	-0.50962	-0.31502	-0.17653
48130	0.20654	0.20535	0.22951	-0.14351	-0.12593	-0.12754	0.30351	0.25397	0.21206	-0.11622	-0.10325	-0.09225	0.20979	0.20613	0.20132	-0.50907	-0.31321	-0.17497
48300	0.20590	0.20852	0.22851	-0.14139	-0.12403	-0.12618	0.30770	0.25761	0.21406	-0.11439	-0.10146	-0.09032	0.20846	0.20453	0.19968	-0.51161	-0.31367	-0.17608
48460	0.20595	0.20872	0.22878	-0.14096	-0.12359	-0.12612	0.30879	0.25660	0.21477	-0.11454	-0.10171	-0.08996	0.20989	0.20588	0.19973	-0.51278	-0.31528	-0.17727
48630	0.20784	0.20866	0.23174	-0.14026	-0.12177	-0.12456	0.31349	0.25849	0.21831	-0.11316	-0.09980	-0.08940	0.21175	0.20622	0.20112	-0.50968	-0.31311	-0.17522
48790	0.20640	0.20868	0.23001	-0.14198	-0.12398	-0.12597	0.31128	0.25611	0.21446	-0.11524	-0.10243	-0.09093	0.20703	0.20595	0.19993	-0.51256	-0.31579	-0.17789
48960	0.20498	0.20744	0.23058	-0.14193	-0.12407	-0.12667	0.31546	0.26023	0.21468	-0.11519	-0.10166	-0.09003	0.20744	0.20556	0.19762	-0.51188	-0.31537	-0.17673
49120	0.20519	0.20618	0.22767	-0.14298	-0.12545	-0.12822	0.30877	0.25426	0.21176	-0.11675	-0.10313	-0.09196	0.20899	0.20682	0.20286	-0.50968	-0.31386	-0.17473
49290	0.20655	0.20907	0.23002	-0.14067	-0.12312	-0.12646	0.31485	0.25702	0.21555	-0.11530	-0.10092	-0.09020	0.20882	0.20391	0.20041	-0.51047	-0.31437	-0.17656
49450	0.20650	0.20699	0.22885	-0.14198	-0.12481	-0.12735	0.30892	0.25585	0.21350	-0.11608	-0.10248	-0.09150	0.20740	0.20390	0.19883	-0.51205	-0.31661	-0.17796	34.72	6.0	0.00	-2.04	0.01737	0.01205	0.01525	0.01873	0.01917	0.01500	0.00546	0.01517	0.02012	0.01907	0.01348	0.01714	0.01712	0.01768	0.01381	0.00578	0.01634	0.02188
49620	0.20595	0.20827	0.23077	-0.14184	-0.12369	-0.12572	0.30940	0.25880	0.21521	-0.11520	-0.10102	-0.08959	0.20976	0.20682	0.19985	-0.51097	-0.31570	-0.17625
49780	0.20531	0.20747	0.22712	-0.14374	-0.12745	-0.12990	0.30536	0.25230	0.21214	-0.11831	-0.10464	-0.09242	0.20922	0.20796	0.20080	-0.51172	-0.31314	-0.17467
49950	0.20816	0.20904	0.22879	-0.14111	-0.12377	-0.12611	0.30948	0.25631	0.21510	-0.11559	-0.10196	-0.09024	0.20810	0.20506	0.20042	-0.51104	-0.31470	-0.17661
50110	0.20539	0.20942	0.23001	-0.14198	-0.12466	-0.12687	0.30909	0.25811	0.21492	-0.11582	-0.10170	-0.09016	0.20915	0.20539	0.19798	-0.51222	-0.31572	-0.17729
50280	0.20717	0.20868	0.23132	-0.14076	-0.12272	-0.12499	0.31218	0.26111	0.21871	-0.11397	-0.10047	-0.08830	0.21034	0.20773	0.20207	-0.51086	-0.31298	-0.17521
50440	0.20596	0.20674	0.22891	-0.14230	-0.12489	-0.12697	0.30858	0.25694	0.21528	-0.11649	-0.10260	-0.09052	0.20832	0.20529	0.19822	-0.51286	-0.31515	-0.17753
50610	0.20530	0.20706	0.22829	-0.14287	-0.12524	-0.12729	0.31220	0.25666	0.21401	-0.11615	-0.10280	-0.09108	0.20840	0.20618	0.20177	-0.51242	-0.31457	-0.17597
50770	0.20599	0.20755	0.22910	-0.14297	-0.12524	-0.12707	0.31262	0.25770	0.21513	-0.11631	-0.10197	-0.08983	0.20809	0.20379	0.19978	-0.51159	-0.31617	-0.17805
50940	0.20672	0.20655	0.23122	-0.14087	-0.12255	-0.12368	0.30865	0.25808	0.21683	-0.11416	-0.10000	-0.08817	0.21043	0.20701	0.20052	-0.51031	-0.31290	-0.17474
51110	0.20402	0.20628	0.22912	-0.14192	-0.12527	-0.12792	0.30712	0.25329	0.21185	-0.11712	-0.10345	-0.09160	0.20692	0.20374	0.19880	-0.51299	-0.31698	-0.17759	34.77	6.1	0.00	-2.04	0.01737	0.01205	0.01525	0.01873	0.01917	0.01500	0.00546	0.01517	0.02012	0.01906	0.01348	0.01714	0.01712	0.01768	0.01381	0.00578	0.01634	0.02188
51270	0.20383	0.20676	0.22688	-0.14373	-0.12600	-0.12791	0.30766	0.25299	0.21179	-0.11659	-0.10326	-0.09194	0.20745	0.20593	0.20150	-0.51314	-0.31492	-0.17600
51440	0.20562	0.20778	0.22721	-0.14223	-0.12511	-0.12762	0.30629	0.25344	0.21460	-0.11671	-0.10262	-0.09274	0.20912	0.20833	0.20190	-0.50918	-0.31067	-0.17293
51600	0.20884	0.20935	0.23122	-0.13817	-0.12129	-0.12441	0.31593	0.25912	0.21473	-0.11408	-0.10086	-0.08923	0.20988	0.20578	0.20079	-0.50858	-0.31287	-0.17542
51770	0.20633	0.20881	0.22656	-0.14169	-0.12467	-0.12696	0.31175	0.25678	0.21387	-0.11565	-0.10270	-0.09199	0.20678	0.20411	0.19812	-0.51470	-0.31709	-0.17929
51930	0.20358	0.20830	0.22885	-0.14325	-0.12401	-0.12562	0.31238	0.26010	0.21500	-0.11440	-0.10070	-0.09046	0.20922	0.20691	0.20041	-0.51126	-0.31353	-0.17573
52100	0.20577	0.20673	0.22865	-0.14258	-0.12598	-0.12911	0.31070	0.25319	0.21285	-0.11753	-0.10395	-0.09325	0.21100	0.20797	0.20254	-0.50953	-0.31042	-0.17313
52260	0.20824	0.21038	0.23058	-0.13929	-0.12261	-0.12503	0.31438	0.25792	0.21676	-0.11476	-0.10089	-0.09056	0.20881	0.20707	0.19981	-0.51194	-0.31448	-0.17657
52430	0.20444	0.20551	0.22730	-0.14314	-0.12578	-0.12775	0.30712	0.25606	0.21164	-0.11683	-0.10195	-0.09211	0.20776	0.20524	0.19966	-0.51429	-0.31654	-0.17826
52590	0.20479	0.20766	0.22866	-0.14206	-0.12382	-0.12562	0.31209	0.25741	0.21425	-0.11589	-0.10228	-0.09144	0.20956	0.20692	0.19984	-0.51104	-0.31541	-0.17721
52760	0.20610	0.20521	0.22773	-0.14380	-0.12721	-0.12968	0.30687	0.25282	0.21080	-0.11870	-0.10447	-0.09413	0.21026	0.20636	0.20458	-0.51067	-0.31228	-0.17428	34.72	6.0	0.00	-2.04	0.01737	0.01205	0.01525	0.01872	0.01917	0.01500	0.00546	0.01517	0.02012	0.01906	0.01348	0.01714	0.01712	0.01768	0.01381	0.00577	0.01634	0.02188
52920	0.20796	0.20740	0.23039	-0.14066	-0.12301	-0.12655	0.30896	0.25776	0.21500	-0.11645	-0.10148	-0.09146	0.20926	0.20493	0.19991	-0.51311	-0.31569	-0.17792
53090	0.20426	0.20858	0.22986	-0.14263	-0.12462	-0.12792	0.30563	0.25721	0.21445	-0.11712	-0.10221	-0.09191	0.20741	0.20483	0.19863	-0.51493	-0.31745	-0.17897
53250	0.20395	0.20868	0.22891	-0.14204	-0.12310	-0.12578	0.30914	0.25962	0.21653	-0.11546	-0.10101	-0.09033	0.20984	0.20730	0.19895	-0.51059	-0.31494	-0.17699
53420	0.20337	0.20520	0.22834	-0.14309	-0.12635	-0.12955	0.30758	0.25405	0.21214	-0.11823	-0.10416	-0.09282	0.20958	0.20929	0.20248	-0.50920	-0.31252	-0.17408
53580	0.20808	0.20871	0.23115	-0.14074	-0.12365	-0.12665	0.31405	0.25576	0.21488	-0.11590	-0.10231	-0.09087	0.20816	0.20600	0.20034	-0.51100	-0.31568	-0.17741
53750	0.20571	0.20765	0.23054	-0.14150	-0.12438	-0.12705	0.30979	0.25557	0.21418	-0.11582	-0.10158	-0.09142	0.20991	0.20830	0.20177	-0.50857	-0.31200	-0.17369
53910	0.20611	0.20973	0.22990	-0.13937	-0.12232	-0.12571	0.31074	0.25544	0.21438	-0.11511	-0.10128	-0.09050	0.20929	0.20628	0.19983	-0.51126	-0.31453	-0.17695
54080	0.20467	0.20688	0.22817	-0.14343	-0.12562	-0.12810	0.30957	0.25518	0.21340	-0.11745	-0.10315	-0.09206	0.20845	0.20466	0.20048	-0.51300	-0.31589	-0.17764
54240	0.20571	0.20636	0.22899	-0.14315	-0.12593	-0.12884	0.31281	0.25388	0.21210	-0.11762	-0.10293	-0.09160	0.20944	0.20590	0.20163	-0.51355	-0.31622	-0.17717
54410	0.20654	0.20872	0.22723	-0.14366	-0.12616	-0.12945	0.30724	0.25378	0.21097	-0.11811	-0.10408	-0.09232	0.20901	0.20789	0.20079	-0.51123	-0.31447	-0.17604	34.77	6.1	0.00	-2.04	0.01737	0.01205	0.01525	0.01872	0.01917	0.01500	0.00546	0.01517	0.02012	0.01906	0.01348	0.01714	0.01712	0.01768	0.01381	0.00577	0.01634	0.02188
54570	0.20608	0.20843	0.22952	-0.14170	-0.12541	-0.12751	0.30870	0.25712	0.21572	-0.11667	-0.10233	-0.09154	0.20789	0.20507	0.19778	-0.51476	-0.31774	-0.17841
54740	0.20618	0.20769	0.22984	-0.14094	-0.12266	-0.12587	0.31537	0.25975	0.21852	-0.11480	-0.10081	-0.08887	0.21071	0.20672	0.20111	-0.50990	-0.31406	-0.17516
54900	0.20704	0.20452	0.22754	-0.14229	-0.12544	-0.12821	0.31007	0.25368	0.21253	-0.11793	-0.10359	-0.09258	0.20781	0.20496	0.20069	-0.51332	-0.31636	-0.17757
55070	0.20492	0.20672	0.22702	-0.14429	-0.12687	-0.12993	0.30150	0.25504	0.21325	-0.11828	-0.10426	-0.09296	0.20962	0.20408	0.19996	-0.51424	-0.31630	-0.17705
55230	0.20387	0.20784	0.22754	-0.14370	-0.12617	-0.12964	0.30714	0.25402	0.21354	-0.11780	-0.10431	-0.09297	0.20738	0.20525	0.19678	-0.51588	-0.31878	-0.18019
55400	0.20602	0.20831	0.22967	-0.14184	-0.12356	-0.12660	0.30858	0.25813	0.21760	-0.11529	-0.10162	-0.09121	0.20980	0.20595	0.20142	-0.51321	-0.31447	-0.17688
55560	0.20362	0.20646	0.22916	-0.14374	-0.12665	-0.13022	0.30659	0.25429	0.21073	-0.11842	-0.10468	-0.09342	0.21077	0.20776	0.20282	-0.50878	-0.31205	-0.17392
55730	0.20803	0.20920	0.22888	-0.14062	-0.12373	-0.12758	0.31179	0.25841	0.21440	-0.11594	-0.10285	-0.09160	0.20822	0.20431	0.19778	-0.51402	-0.31622	-0.17850
55890	0.20677	0.20670	0.22860	-0.14395	-0.12586	-0.12871	0.30702	0.25576	0.21265	-0.11715	-0.10356	-0.09268	0.20731	0.20315	0.19832	-0.51555	-0.31759	-0.17939
56060	0.20533	0.20564	0.22900	-0.14303	-0.12532	-0.12859	0.31476	0.25652	0.21495	-0.11645	-0.10281	-0.09201	0.20939	0.20428	0.19966	-0.51341	-0.31686	-0.17825	34.72	6.1	0.00	-2.04	0.01737	0.01205	0.01525	0.01872	0.01917	0.01500	0.00546	0.01517	0.02012	0.01906	0.01348	0.01714	0.01712	0.01768	0.01381	0.00577	0.01634	0.02188
56220	0.20400	0.20584	0.22873	-0.14464	-0.12660	-0.12940	0.30660	0.25338	0.21425	-0.11813	-0.10466	-0.09417	0.20918	0.20699	0.20018	-0.51422	-0.31674	-0.17764
56390	0.20527	0.20938	0.22943	-0.14304	-0.12569	-0.12803	0.30899	0.25681	0.21572	-0.11668	-0.10332	-0.09223	0.21161	0.20747	0.20397	-0.51001	-0.31257	-0.17427
56550	0.20982	0.20879	0.23102	-0.14049	-0.12307	-0.12523	0.31276	0.25946	0.21693	-0.11527	-0.10179	-0.09097	0.21249	0.20567	0.19988	-0.51257	-0.31529	-0.17751
56720	0.20578	0.20514	0.22850	-0.14388	-0.12659	-0.12935	0.31471	0.25318	0.21362	-0.11802	-0.10461	-0.09437	0.20733	0.20366	0.19963	-0.51685	-0.31772	-0.17953
56880	0.20427	0.20562	0.22832	-0.14559	-0.12739	-0.13028	0.30521	0.25494	0.21180	-0.11858	-0.10508	-0.09495	0.21141	0.20892	0.20237	-0.50918	-0.31203	-0.17406
57050	0.20814	0.20874	0.23260	-0.13966	-0.12220	-0.12527	0.31563	0.25893	0.21751	-0.11503	-0.10164	-0.09046	0.21200	0.20508	0.19958	-0.51008	-0.31460	-0.17574
57210	0.20639	0.20608	0.22892	-0.14247	-0.12604	-0.12865	0.31378	0.25385	0.21154	-0.11684	-0.10450	-0.09304	0.20711	0.20310	0.19703	-0.51503	-0.31779	-0.17860
57380	0.20237	0.20578	0.22742	-0.14520	-0.12872	-0.13178	0.30560	0.25166	0.21167	-0.11995	-0.10614	-0.09564	0.20854	0.20680	0.20307	-0.51104	-0.31409	-0.17525
57540	0.20738	0.20634	0.22962	-0.14064	-0.12458	-0.12830	0.31023	0.25371	0.21420	-0.11684	-0.10325	-0.09223	0.20865	0.20216	0.19721	-0.51464	-0.31719	-0.17850
57710	0.20629	0.20855	0.23193	-0.14177	-0.12373	-0.12649	0.31531	0.25928	0.21678	-0.11460	-0.10187	-0.09100	0.21063	0.20807	0.20093	-0.51020	-0.31532	-0.17645	34.77	6.2	0.00	-2.04	0.01737	0.01205	0.01525	0.01872	0.01917	0.01500	0.00546	0.01517	0.02012	0.01906	0.01348	0.01714	0.01712	0.01768	0.01381	0.00577	0.01634	0.02188
57870	0.20571	0.20828	0.22769	-0.14403	-0.12679	-0.12977	0.30407	0.25346	0.21248	-0.11817	-0.10540	-0.09392	0.21045	0.20609	0.20113	-0.51079	-0.31441	-0.17532
58030	0.20760	0.20664	0.22998	-0.14289	-0.12596	-0.12828	0.31015	0.25430	0.21418	-0.11742	-0.10385	-0.09272	0.20888	0.20295	0.19904	-0.51353	-0.31824	-0.17930
