WetView ver 7.1	07-17-2019	10:08:42
AC9 Absorption and Attenuation Meter
00000311		; Serial number
2	; structure version number
Reserved
0.000000	0.000000		; Depth calibration
19200			; Baud rate
0.100000			; Path length (meters)
23			; number of temperature calibration bins
				12.61517	13.44096	14.46844	15.49904	16.50682	17.50108	18.49752	19.51783	20.49177	21.49009	22.48286	23.50673	24.54012	25.54812	26.49986	27.49321	28.50960	29.48671	30.47471	31.49432	32.50437	33.48679	34.49133	; temperature bins
a650	Blue	18.61587		0.01156	0.01096	0.01010	0.00930	0.00851	0.00774	0.00661	0.00573	0.00499	0.00402	0.00285	0.00203	0.00096	0.00000	-0.00110	-0.00152	-0.00210	-0.00247	-0.00259	-0.00317	-0.00346	-0.00380	-0.00403		; offset and temperature correction info
a676	Green	18.78942		0.00964	0.00899	0.00863	0.00813	0.00730	0.00639	0.00545	0.00448	0.00385	0.00301	0.00233	0.00165	0.00046	0.00000	-0.00106	-0.00167	-0.00251	-0.00280	-0.00316	-0.00329	-0.00377	-0.00392	-0.00441		; offset and temperature correction info
a715	Brown	18.59217		0.01171	0.01109	0.01043	0.00975	0.00878	0.00789	0.00685	0.00572	0.00469	0.00356	0.00255	0.00160	0.00061	0.00000	-0.00063	-0.00113	-0.00152	-0.00183	-0.00226	-0.00293	-0.00364	-0.00404	-0.00473		; offset and temperature correction info
c510	Red	18.18396		-0.00549	-0.00480	-0.00383	-0.00272	-0.00202	-0.00118	-0.00044	-0.00038	-0.00015	-0.00021	0.00013	0.00007	-0.00007	0.00000	-0.00007	-0.00065	-0.00045	-0.00018	0.00007	0.00039	-0.00001	-0.00002	-0.00045		; offset and temperature correction info
c532	Magenta	18.26528		-0.00721	-0.00645	-0.00581	-0.00518	-0.00465	-0.00345	-0.00281	-0.00270	-0.00182	-0.00141	-0.00108	-0.00072	-0.00022	0.00000	0.00044	0.00030	0.00031	-0.00006	-0.00052	-0.00089	-0.00142	-0.00149	-0.00154		; offset and temperature correction info
c555	Black	18.37125		-0.00430	-0.00419	-0.00381	-0.00319	-0.00286	-0.00254	-0.00205	-0.00196	-0.00138	-0.00137	-0.00067	-0.00051	-0.00030	0.00000	0.00067	0.00087	0.00057	0.00027	-0.00015	-0.00089	-0.00127	-0.00137	-0.00150		; offset and temperature correction info
a412	LtBlue	15.33566		-0.06011	-0.05567	-0.05012	-0.04441	-0.03922	-0.03412	-0.02941	-0.02503	-0.02049	-0.01588	-0.01121	-0.00784	-0.00311	0.00000	0.00273	0.00611	0.00757	0.00871	0.01066	0.01299	0.01539	0.01781	0.02175		; offset and temperature correction info
a440	LtGreen	16.05925		-0.01380	-0.01214	-0.01039	-0.00858	-0.00690	-0.00532	-0.00426	-0.00322	-0.00230	-0.00158	-0.00055	0.00006	0.00001	0.00000	0.00017	0.00016	-0.00094	-0.00222	-0.00363	-0.00486	-0.00567	-0.00651	-0.00782		; offset and temperature correction info
a488	Yellow	16.82827		0.00255	0.00293	0.00331	0.00354	0.00373	0.00378	0.00363	0.00350	0.00291	0.00225	0.00215	0.00142	0.00099	0.00000	-0.00092	-0.00169	-0.00295	-0.00396	-0.00479	-0.00542	-0.00582	-0.00604	-0.00663		; offset and temperature correction info
c650	Blue	18.49287		-0.00570	-0.00516	-0.00456	-0.00403	-0.00346	-0.00232	-0.00132	-0.00122	-0.00073	-0.00066	-0.00035	-0.00016	0.00003	0.00000	0.00044	0.00078	0.00108	0.00057	0.00040	-0.00042	-0.00033	-0.00029	-0.00034		; offset and temperature correction info
c676	Green	18.50570		0.00299	0.00293	0.00287	0.00293	0.00278	0.00294	0.00317	0.00251	0.00243	0.00215	0.00139	0.00123	0.00068	0.00000	-0.00041	-0.00106	-0.00205	-0.00268	-0.00325	-0.00413	-0.00495	-0.00610	-0.00674		; offset and temperature correction info
c715	Brown	17.88888		0.00826	0.00812	0.00773	0.00790	0.00766	0.00758	0.00753	0.00650	0.00571	0.00461	0.00359	0.00222	0.00101	0.00000	-0.00146	-0.00284	-0.00385	-0.00448	-0.00463	-0.00513	-0.00623	-0.00715	-0.00838		; offset and temperature correction info
a510	Red	17.18050		0.00353	0.00364	0.00354	0.00361	0.00381	0.00381	0.00356	0.00332	0.00277	0.00229	0.00176	0.00116	0.00036	0.00000	-0.00014	-0.00069	-0.00088	-0.00147	-0.00150	-0.00129	-0.00120	-0.00134	-0.00091		; offset and temperature correction info
a532	Magenta	17.40228		0.00550	0.00548	0.00526	0.00479	0.00464	0.00422	0.00393	0.00328	0.00253	0.00212	0.00136	0.00085	0.00039	0.00000	-0.00059	-0.00146	-0.00188	-0.00262	-0.00330	-0.00393	-0.00491	-0.00540	-0.00605		; offset and temperature correction info
a555	Black	17.72308		0.00849	0.00832	0.00800	0.00760	0.00724	0.00655	0.00580	0.00495	0.00435	0.00347	0.00252	0.00153	0.00049	0.00000	-0.00050	-0.00155	-0.00214	-0.00306	-0.00350	-0.00411	-0.00470	-0.00539	-0.00570		; offset and temperature correction info
c412	LtBlue	16.72802		-0.05949	-0.05458	-0.04744	-0.04134	-0.03547	-0.03064	-0.02511	-0.02047	-0.01574	-0.01163	-0.00761	-0.00442	-0.00204	0.00000	0.00100	0.00051	-0.00043	-0.00239	-0.00475	-0.00629	-0.00827	-0.00955	-0.01337		; offset and temperature correction info
c440	LtGreen	17.42637		-0.02723	-0.02503	-0.02216	-0.01930	-0.01691	-0.01394	-0.01125	-0.00926	-0.00732	-0.00582	-0.00401	-0.00226	-0.00093	0.00000	0.00082	0.00123	0.00133	0.00097	0.00038	-0.00003	-0.00022	-0.00023	-0.00125		; offset and temperature correction info
c488	Yellow	18.03666		-0.00640	-0.00554	-0.00465	-0.00357	-0.00276	-0.00154	-0.00067	-0.00031	-0.00014	-0.00012	0.00046	0.00032	0.00020	0.00000	0.00001	-0.00024	-0.00060	-0.00084	-0.00126	-0.00180	-0.00276	-0.00304	-0.00427		; offset and temperature correction info
0.003500	0.004000	0.015000	0.020000	0.015000	0.020000	2500.000000	2000.000000	1000.000000	; maxANoise	maxCNoise	maxADifference	maxCDifference	minACounts	minCCounts	minRCounts	maxTempSdev	maxDepthSdev
0			; auxilliary capabilities
1			; acquisition binsize
0	0.41934	0.40796	0.45112	-0.16377	-0.14242	-0.14195	0.42817	0.39885	0.38044	-0.12513	-0.11229	-0.09831	0.34169	0.33875	0.39198	-0.55820	-0.34926	-0.20193	32.58	6.2	0.00	-2.04	0.01747	0.01210	0.01531	0.01893	0.01938	0.01515	0.00551	0.01527	0.02024	0.01924	0.01358	0.01726	0.01720	0.01777	0.01388	0.00589	0.01659	0.02217
170	0.41381	0.40580	0.44929	-0.16702	-0.14593	-0.14578	0.42425	0.39528	0.37661	-0.12879	-0.11507	-0.10167	0.33933	0.33939	0.39916	-0.55709	-0.34733	-0.19944
330	0.41588	0.40779	0.45109	-0.16487	-0.14298	-0.14284	0.42996	0.40082	0.37843	-0.12570	-0.11246	-0.09932	0.33965	0.33685	0.39531	-0.55732	-0.35047	-0.20274
500	0.41697	0.40932	0.45463	-0.16302	-0.14039	-0.14051	0.43574	0.40411	0.38561	-0.12331	-0.10981	-0.09666	0.34324	0.34241	0.39711	-0.55382	-0.34578	-0.19795
660	0.41597	0.40699	0.45007	-0.16411	-0.14210	-0.14204	0.42686	0.39797	0.38002	-0.12576	-0.11194	-0.09894	0.33976	0.34014	0.39526	-0.55811	-0.35021	-0.20191
830	0.41628	0.40929	0.45058	-0.16663	-0.14262	-0.14194	0.42898	0.40109	0.38124	-0.12483	-0.11096	-0.09753	0.34244	0.33899	0.39587	-0.55564	-0.34849	-0.20017
990	0.41757	0.40728	0.44983	-0.16506	-0.14387	-0.14394	0.42379	0.39737	0.38043	-0.12742	-0.11378	-0.10097	0.34272	0.34224	0.39817	-0.55381	-0.34627	-0.19746
1160	0.41799	0.40923	0.45261	-0.16250	-0.14115	-0.14205	0.43332	0.40066	0.38291	-0.12469	-0.11103	-0.09792	0.34250	0.33894	0.39395	-0.55677	-0.34787	-0.20031
1320	0.41584	0.40882	0.45032	-0.16558	-0.14430	-0.14385	0.42888	0.39839	0.37939	-0.12708	-0.11278	-0.10004	0.33901	0.33672	0.39842	-0.55827	-0.35119	-0.20191
1490	0.41907	0.40898	0.45100	-0.16590	-0.14413	-0.14452	0.42974	0.39826	0.38049	-0.12681	-0.11182	-0.09902	0.34035	0.34026	0.39672	-0.55635	-0.34807	-0.20040
1650	0.41681	0.40784	0.44777	-0.16570	-0.14457	-0.14500	0.42133	0.39744	0.37870	-0.12821	-0.11443	-0.10034	0.34249	0.33958	0.39943	-0.55577	-0.34720	-0.19905	32.58	6.0	0.00	-2.04	0.01747	0.01210	0.01531	0.01893	0.01938	0.01515	0.00551	0.01527	0.02024	0.01924	0.01358	0.01726	0.01720	0.01777	0.01388	0.00589	0.01659	0.02217
1820	0.41724	0.40845	0.45177	-0.16495	-0.14266	-0.14294	0.42359	0.39808	0.38259	-0.12591	-0.11190	-0.09873	0.34163	0.34165	0.39787	-0.55633	-0.34871	-0.20046
1980	0.42080	0.40711	0.45234	-0.16452	-0.14274	-0.14395	0.43035	0.39871	0.38190	-0.12580	-0.11209	-0.09777	0.34156	0.33913	0.39796	-0.55663	-0.35011	-0.20198
2150	0.41926	0.41067	0.45332	-0.16317	-0.14076	-0.14091	0.43074	0.40238	0.38523	-0.12410	-0.10955	-0.09611	0.34303	0.34191	0.39795	-0.55509	-0.34743	-0.19889
2320	0.41661	0.41014	0.45134	-0.16488	-0.14290	-0.14345	0.43167	0.39748	0.38131	-0.12580	-0.11165	-0.09871	0.34114	0.33932	0.39623	-0.55688	-0.34904	-0.20104
2480	0.41397	0.40479	0.45000	-0.16685	-0.14572	-0.14605	0.42615	0.39442	0.37745	-0.12881	-0.11497	-0.10181	0.34224	0.33974	0.40050	-0.55706	-0.34644	-0.19850
2650	0.41876	0.40649	0.45103	-0.16376	-0.14227	-0.14244	0.42684	0.39738	0.37942	-0.12613	-0.11155	-0.09891	0.34132	0.33939	0.39630	-0.55536	-0.34809	-0.20087
2810	0.41674	0.40775	0.45160	-0.16515	-0.14307	-0.14342	0.42413	0.39946	0.38052	-0.12550	-0.11220	-0.09981	0.34046	0.33877	0.39588	-0.55814	-0.35055	-0.20204
2980	0.41806	0.40956	0.45374	-0.16275	-0.14041	-0.13972	0.43184	0.40477	0.38546	-0.12337	-0.10956	-0.09646	0.34380	0.34234	0.39743	-0.55412	-0.34579	-0.19864
3140	0.41764	0.40822	0.45141	-0.16364	-0.14205	-0.14142	0.42935	0.39985	0.38090	-0.12535	-0.11123	-0.09896	0.34082	0.33951	0.39532	-0.55652	-0.34857	-0.20098
3310	0.41490	0.40838	0.45110	-0.16582	-0.14184	-0.14124	0.42502	0.40092	0.38360	-0.12410	-0.11032	-0.09788	0.34287	0.33948	0.39699	-0.55385	-0.34627	-0.19949	32.58	6.2	0.00	-2.04	0.01747	0.01210	0.01531	0.01893	0.01938	0.01515	0.00551	0.01527	0.02024	0.01924	0.01358	0.01726	0.01720	0.01777	0.01388	0.00589	0.01659	0.02217
3470	0.41653	0.40621	0.44880	-0.16515	-0.14349	-0.14417	0.42309	0.39679	0.37689	-0.12689	-0.11410	-0.10018	0.34368	0.34097	0.39892	-0.55224	-0.34552	-0.19757
3640	0.41824	0.41181	0.45267	-0.16198	-0.14080	-0.14150	0.43180	0.40049	0.38237	-0.12451	-0.11120	-0.09782	0.34148	0.34069	0.39573	-0.55393	-0.34793	-0.19997
3800	0.41544	0.40635	0.44909	-0.16490	-0.14388	-0.14336	0.42253	0.39648	0.38024	-0.12699	-0.11334	-0.10012	0.34009	0.33771	0.39438	-0.55682	-0.34990	-0.20175
3970	0.41730	0.40578	0.45047	-0.16494	-0.14323	-0.14312	0.42585	0.39872	0.37963	-0.12608	-0.11280	-0.09978	0.34192	0.33970	0.39404	-0.55520	-0.34851	-0.20053
4130	0.41375	0.40607	0.45049	-0.16593	-0.14439	-0.14451	0.42222	0.39689	0.37682	-0.12740	-0.11393	-0.10009	0.34153	0.34215	0.39779	-0.55590	-0.34775	-0.19963
4300	0.41753	0.40716	0.45133	-0.16431	-0.14223	-0.14291	0.42597	0.39761	0.38035	-0.12549	-0.11140	-0.09843	0.34309	0.34076	0.39828	-0.55427	-0.34783	-0.20028
4460	0.41777	0.41010	0.45190	-0.16475	-0.14303	-0.14298	0.43002	0.39857	0.38078	-0.12628	-0.11276	-0.09954	0.34131	0.33939	0.39802	-0.55884	-0.35028	-0.20229
4630	0.42064	0.41297	0.45416	-0.16317	-0.14081	-0.14076	0.42863	0.40179	0.38369	-0.12376	-0.11027	-0.09659	0.34451	0.34228	0.40004	-0.55421	-0.34661	-0.19886
4800	0.41747	0.40835	0.45278	-0.16480	-0.14277	-0.14378	0.42577	0.39944	0.38144	-0.12647	-0.11236	-0.09795	0.34186	0.33953	0.39879	-0.55739	-0.34913	-0.20054
4960	0.41735	0.40740	0.45248	-0.16580	-0.14502	-0.14476	0.42854	0.39670	0.37845	-0.12813	-0.11378	-0.10053	0.34134	0.34168	0.40049	-0.55580	-0.34617	-0.19761	32.58	6.0	0.00	-2.04	0.01747	0.01210	0.01531	0.01893	0.01938	0.01515	0.00551	0.01526	0.02024	0.01924	0.01358	0.01726	0.01720	0.01777	0.01387	0.00589	0.01659	0.02217
5130	0.41912	0.40968	0.45463	-0.16401	-0.14257	-0.14282	0.42601	0.39930	0.38116	-0.12545	-0.11183	-0.09921	0.34285	0.33968	0.39853	-0.55714	-0.34826	-0.20042
5290	0.41823	0.41134	0.45322	-0.16461	-0.14239	-0.14281	0.42710	0.40062	0.38143	-0.12546	-0.11254	-0.09916	0.34203	0.33806	0.39907	-0.55854	-0.34948	-0.20148
5460	0.41860	0.41267	0.45670	-0.16222	-0.13914	-0.13952	0.43357	0.40302	0.38489	-0.12272	-0.10904	-0.09672	0.34639	0.34138	0.40071	-0.55314	-0.34454	-0.19781
5620	0.41904	0.40974	0.45148	-0.16271	-0.14091	-0.14128	0.43613	0.39949	0.38122	-0.12411	-0.11057	-0.09780	0.34362	0.33888	0.39787	-0.55537	-0.34731	-0.19994
5790	0.41549	0.40989	0.45312	-0.16438	-0.14109	-0.14062	0.43035	0.40281	0.38444	-0.12361	-0.11002	-0.09777	0.34484	0.34045	0.40175	-0.55463	-0.34710	-0.19948
5950	0.41778	0.40578	0.45227	-0.16555	-0.14392	-0.14389	0.41938	0.39677	0.37887	-0.12627	-0.11383	-0.10069	0.34301	0.34042	0.39631	-0.55641	-0.34656	-0.19845
6120	0.42083	0.40984	0.45355	-0.16403	-0.14193	-0.14197	0.43086	0.40331	0.38360	-0.12609	-0.11341	-0.09913	0.34179	0.33891	0.39608	-0.55653	-0.34897	-0.20159
6280	0.41653	0.40764	0.45152	-0.16653	-0.14306	-0.14234	0.42601	0.39838	0.38270	-0.12577	-0.11228	-0.09928	0.34137	0.33969	0.39951	-0.55641	-0.34957	-0.20212
6440	0.41724	0.40944	0.45002	-0.16786	-0.14631	-0.14668	0.42940	0.39875	0.37908	-0.12945	-0.11559	-0.10214	0.34276	0.33987	0.39841	-0.55899	-0.35009	-0.20184
6610	0.41515	0.40612	0.44883	-0.16650	-0.14415	-0.14409	0.42121	0.39295	0.37631	-0.12686	-0.11365	-0.09979	0.33826	0.33889	0.39434	-0.55582	-0.35000	-0.20272	32.58	6.1	0.00	-2.04	0.01747	0.01210	0.01531	0.01893	0.01938	0.01515	0.00551	0.01526	0.02024	0.01924	0.01358	0.01726	0.01720	0.01777	0.01387	0.00589	0.01659	0.02217
6770	0.41690	0.40712	0.45171	-0.16660	-0.14432	-0.14432	0.42991	0.39959	0.38227	-0.12684	-0.11353	-0.09934	0.34439	0.34254	0.39903	-0.55677	-0.34898	-0.20169
6940	0.41849	0.41000	0.44996	-0.16748	-0.14527	-0.14595	0.42282	0.39623	0.37846	-0.12840	-0.11480	-0.10150	0.34494	0.34500	0.40243	-0.55639	-0.34695	-0.19864
7110	0.41990	0.41063	0.45544	-0.16425	-0.14209	-0.14270	0.42872	0.40241	0.38477	-0.12618	-0.11300	-0.09882	0.34298	0.34312	0.40145	-0.55489	-0.34890	-0.20019
7270	0.41860	0.40990	0.45156	-0.16574	-0.14440	-0.14414	0.42226	0.40018	0.38194	-0.12652	-0.11362	-0.09976	0.34192	0.33857	0.39686	-0.55917	-0.35204	-0.20278
7440	0.42044	0.41337	0.45459	-0.16378	-0.14153	-0.14010	0.43135	0.40331	0.38906	-0.12334	-0.11057	-0.09662	0.34752	0.34502	0.40235	-0.55422	-0.34719	-0.19931
7600	0.42166	0.41051	0.45523	-0.16464	-0.14237	-0.14199	0.43145	0.40170	0.38294	-0.12547	-0.11245	-0.09800	0.34543	0.34195	0.39906	-0.55686	-0.34936	-0.20142
7770	0.42104	0.40982	0.45022	-0.16728	-0.14563	-0.14564	0.42877	0.39586	0.37859	-0.12820	-0.11471	-0.10032	0.34229	0.34365	0.39941	-0.55458	-0.34766	-0.19896
7930	0.42049	0.41007	0.45440	-0.16483	-0.14332	-0.14340	0.42665	0.40178	0.38391	-0.12603	-0.11261	-0.09885	0.34374	0.34144	0.39887	-0.55713	-0.34964	-0.20119
8100	0.42003	0.41085	0.45349	-0.16671	-0.14425	-0.14394	0.42621	0.39924	0.38292	-0.12669	-0.11295	-0.09968	0.34585	0.34139	0.39927	-0.55562	-0.34828	-0.20075
8260	0.41954	0.41157	0.45345	-0.16485	-0.14333	-0.14252	0.42484	0.39833	0.38203	-0.12553	-0.11243	-0.09895	0.34184	0.34009	0.39564	-0.55687	-0.34890	-0.20194	32.58	6.2	0.00	-2.04	0.01747	0.01210	0.01531	0.01893	0.01938	0.01515	0.00551	0.01526	0.02024	0.01924	0.01359	0.01726	0.01720	0.01777	0.01387	0.00589	0.01660	0.02217
8430	0.41952	0.41076	0.45324	-0.16649	-0.14209	-0.14198	0.43324	0.40070	0.38289	-0.12420	-0.11086	-0.09790	0.34511	0.34149	0.39885	-0.55309	-0.34633	-0.19992
8590	0.41865	0.40834	0.45173	-0.16530	-0.14398	-0.14507	0.42587	0.39927	0.37899	-0.12686	-0.11408	-0.10081	0.34278	0.34229	0.39880	-0.55325	-0.34517	-0.19732
8760	0.42143	0.41031	0.45353	-0.16230	-0.14093	-0.14034	0.42938	0.39940	0.38121	-0.12441	-0.11122	-0.09834	0.34270	0.34093	0.39692	-0.55400	-0.34720	-0.20060
8920	0.41882	0.40705	0.44998	-0.16556	-0.14444	-0.14421	0.42701	0.39887	0.37978	-0.12667	-0.11349	-0.10079	0.34058	0.33728	0.39534	-0.55772	-0.35028	-0.20309
9090	0.41479	0.40575	0.44918	-0.16847	-0.14690	-0.14723	0.42492	0.39402	0.37649	-0.12911	-0.11621	-0.10260	0.34276	0.34269	0.39973	-0.55370	-0.34545	-0.19761
9250	0.42055	0.41234	0.45212	-0.16251	-0.14068	-0.14181	0.42821	0.40016	0.38381	-0.12503	-0.11176	-0.09846	0.34376	0.33933	0.39661	-0.55481	-0.34888	-0.20122
9420	0.41661	0.40811	0.45213	-0.16602	-0.14384	-0.14372	0.42958	0.39908	0.37997	-0.12654	-0.11356	-0.10046	0.34097	0.33861	0.39559	-0.55827	-0.35193	-0.20378
9580	0.41696	0.40828	0.45265	-0.16577	-0.14373	-0.14322	0.42426	0.39905	0.38029	-0.12592	-0.11347	-0.09884	0.34219	0.34177	0.39616	-0.55669	-0.35069	-0.20269
9750	0.41781	0.40621	0.44962	-0.16789	-0.14611	-0.14674	0.42499	0.39691	0.38167	-0.12893	-0.11508	-0.10133	0.34195	0.34016	0.39760	-0.55567	-0.34776	-0.19958
9910	0.41632	0.40712	0.45191	-0.16462	-0.14278	-0.14347	0.42936	0.39893	0.37925	-0.12665	-0.11290	-0.09968	0.34094	0.33934	0.39686	-0.55571	-0.34850	-0.20083	32.58	6.0	0.00	-2.04	0.01747	0.01210	0.01531	0.01893	0.01938	0.01515	0.00551	0.01526	0.02024	0.01924	0.01359	0.01726	0.01720	0.01777	0.01387	0.00589	0.01660	0.02217
10080	0.42036	0.40847	0.45440	-0.16531	-0.14319	-0.14323	0.43024	0.39884	0.37806	-0.12578	-0.11235	-0.09864	0.34020	0.33915	0.40045	-0.55679	-0.34964	-0.20194
10240	0.41937	0.40850	0.45095	-0.16365	-0.14107	-0.14096	0.43512	0.40132	0.38424	-0.12435	-0.11050	-0.09700	0.34462	0.34224	0.39897	-0.55442	-0.34637	-0.19923
10410	0.42010	0.41023	0.45398	-0.16361	-0.14168	-0.14140	0.43322	0.40116	0.38091	-0.12514	-0.11200	-0.09760	0.34239	0.34009	0.39854	-0.55639	-0.34927	-0.20125
10570	0.41958	0.40906	0.45225	-0.16733	-0.14554	-0.14533	0.42353	0.39559	0.37689	-0.12911	-0.11510	-0.10111	0.33848	0.33648	0.39767	-0.55681	-0.35096	-0.20311
10740	0.41994	0.40998	0.45468	-0.16684	-0.14486	-0.14482	0.42741	0.39772	0.37806	-0.12767	-0.11325	-0.09986	0.34011	0.34004	0.39523	-0.55654	-0.34870	-0.20097
10910	0.41937	0.40967	0.45530	-0.16518	-0.14340	-0.14389	0.42351	0.39918	0.37999	-0.12603	-0.11236	-0.09867	0.34056	0.34027	0.39666	-0.55654	-0.34841	-0.20159
11070	0.42048	0.40993	0.45178	-0.16623	-0.14418	-0.14471	0.42666	0.39715	0.38100	-0.12761	-0.11416	-0.09965	0.34271	0.34412	0.39855	-0.55370	-0.34667	-0.19875
11240	0.42095	0.41025	0.45407	-0.16301	-0.14154	-0.14163	0.42722	0.40188	0.38306	-0.12518	-0.11172	-0.09823	0.34269	0.34248	0.39777	-0.55460	-0.34795	-0.20038
11400	0.41969	0.40893	0.45365	-0.16499	-0.14392	-0.14352	0.43063	0.39803	0.38070	-0.12656	-0.11280	-0.09986	0.34011	0.34105	0.39594	-0.55822	-0.35155	-0.20379
11570	0.41951	0.41061	0.45487	-0.16309	-0.13990	-0.13939	0.43152	0.40236	0.38701	-0.12323	-0.10979	-0.09652	0.34676	0.34224	0.39831	-0.55114	-0.34430	-0.19797	32.58	6.0	0.00	-2.04	0.01747	0.01210	0.01531	0.01893	0.01938	0.01515	0.00551	0.01526	0.02024	0.01924	0.01359	0.01727	0.01720	0.01777	0.01387	0.00590	0.01660	0.02217
11730	0.42028	0.40852	0.45406	-0.16410	-0.14245	-0.14332	0.43128	0.39687	0.37949	-0.12588	-0.11247	-0.09932	0.34103	0.34028	0.39762	-0.55640	-0.34977	-0.20219
11900	0.41852	0.40680	0.44887	-0.16737	-0.14593	-0.14545	0.41859	0.39491	0.37747	-0.12873	-0.11545	-0.10172	0.34048	0.34102	0.39714	-0.55511	-0.34751	-0.19997
12060	0.41744	0.40817	0.45237	-0.16539	-0.14322	-0.14235	0.42981	0.39886	0.38081	-0.12608	-0.11305	-0.10011	0.34004	0.33854	0.39579	-0.55827	-0.35071	-0.20400
12230	0.41941	0.41207	0.45628	-0.16355	-0.14062	-0.13915	0.43123	0.40411	0.38404	-0.12267	-0.10966	-0.09612	0.34462	0.34202	0.39844	-0.55315	-0.34566	-0.19879
12390	0.42057	0.41151	0.45527	-0.16469	-0.14289	-0.14242	0.43130	0.40024	0.38149	-0.12560	-0.11195	-0.09897	0.34183	0.33846	0.39578	-0.55550	-0.34966	-0.20222
12560	0.41891	0.40831	0.45073	-0.16818	-0.14571	-0.14519	0.42615	0.39693	0.37911	-0.12829	-0.11428	-0.10104	0.34193	0.34287	0.39764	-0.55746	-0.34944	-0.20122
12720	0.41828	0.40840	0.45246	-0.16639	-0.14373	-0.14317	0.42330	0.40057	0.38195	-0.12674	-0.11336	-0.09893	0.34076	0.33920	0.39779	-0.55706	-0.35043	-0.20320
12890	0.41945	0.41063	0.45493	-0.16389	-0.14112	-0.14026	0.42981	0.40157	0.38564	-0.12331	-0.11065	-0.09676	0.34354	0.34049	0.39856	-0.55357	-0.34645	-0.19951
13060	0.42072	0.41113	0.45365	-0.16530	-0.14393	-0.14425	0.42962	0.39989	0.37816	-0.12711	-0.11315	-0.09933	0.33856	0.33797	0.39447	-0.55730	-0.35105	-0.20314
13220	0.41809	0.40787	0.44931	-0.16818	-0.14623	-0.14510	0.42637	0.39612	0.37823	-0.12817	-0.11416	-0.09985	0.34354	0.34075	0.39825	-0.55682	-0.34888	-0.20093	32.64	6.0	0.00	-2.04	0.01747	0.01210	0.01531	0.01893	0.01938	0.01515	0.00551	0.01526	0.02024	0.01924	0.01359	0.01727	0.01720	0.01777	0.01387	0.00589	0.01660	0.02217
13390	0.41811	0.40930	0.45499	-0.16539	-0.14298	-0.14216	0.43008	0.40057	0.38147	-0.12606	-0.11218	-0.09798	0.34550	0.34255	0.39938	-0.55508	-0.34825	-0.20001
13550	0.42044	0.41203	0.45220	-0.16526	-0.14347	-0.14343	0.42228	0.39962	0.37897	-0.12673	-0.11296	-0.09788	0.34267	0.34441	0.40125	-0.55342	-0.34580	-0.19794
13720	0.42406	0.41202	0.45494	-0.16263	-0.14195	-0.14134	0.42598	0.39949	0.38124	-0.12489	-0.11143	-0.09725	0.34280	0.34125	0.39796	-0.55372	-0.34796	-0.20001
13880	0.42139	0.41040	0.45297	-0.16476	-0.14319	-0.14232	0.42530	0.40048	0.38021	-0.12599	-0.11244	-0.09744	0.34379	0.33962	0.39845	-0.55566	-0.34960	-0.20180
14050	0.41909	0.40983	0.45653	-0.16586	-0.14364	-0.14232	0.43628	0.39989	0.38043	-0.12569	-0.11268	-0.09878	0.34042	0.33914	0.39844	-0.55661	-0.35034	-0.20205
14220	0.41887	0.41084	0.45361	-0.16554	-0.14344	-0.14302	0.42769	0.39920	0.38025	-0.12617	-0.11259	-0.09899	0.34114	0.33999	0.39792	-0.55555	-0.34849	-0.20147
14380	0.41940	0.40782	0.45206	-0.16723	-0.14560	-0.14537	0.42523	0.39744	0.37925	-0.12768	-0.11397	-0.10097	0.34366	0.34334	0.39980	-0.55295	-0.34461	-0.19757
14550	0.42139	0.41058	0.45458	-0.16280	-0.14163	-0.14117	0.42618	0.40083	0.38213	-0.12446	-0.11153	-0.09727	0.34369	0.34157	0.39952	-0.55419	-0.34661	-0.19949
14710	0.41938	0.40864	0.44996	-0.16517	-0.14326	-0.14306	0.42674	0.39848	0.38047	-0.12604	-0.11282	-0.09874	0.33941	0.33957	0.39596	-0.55659	-0.35045	-0.20326
14880	0.41838	0.41036	0.45715	-0.16307	-0.14054	-0.13943	0.42707	0.40172	0.38263	-0.12365	-0.11003	-0.09694	0.34366	0.34364	0.40362	-0.55432	-0.34667	-0.19899	32.64	6.0	0.00	-2.04	0.01747	0.01210	0.01531	0.01893	0.01938	0.01515	0.00551	0.01526	0.02024	0.01924	0.01359	0.01727	0.01720	0.01777	0.01387	0.00589	0.01660	0.02217
15040	0.42118	0.41073	0.45266	-0.16445	-0.14256	-0.14182	0.42305	0.39651	0.37851	-0.12590	-0.11154	-0.09844	0.34090	0.34045	0.40124	-0.55801	-0.35052	-0.20341
15210	0.41925	0.40931	0.45206	-0.16789	-0.14519	-0.14435	0.42598	0.39291	0.37491	-0.12806	-0.11380	-0.10007	0.34073	0.34068	0.40023	-0.55439	-0.34835	-0.20043
15370	0.42033	0.40849	0.45347	-0.16553	-0.14354	-0.14321	0.41930	0.39544	0.37752	-0.12673	-0.11276	-0.09946	0.33881	0.33963	0.39825	-0.55848	-0.35118	-0.20352
15540	0.42222	0.41097	0.45443	-0.16383	-0.14133	-0.14020	0.42639	0.40026	0.38172	-0.12445	-0.11005	-0.09668	0.34283	0.34068	0.39927	-0.55299	-0.34688	-0.19965
15700	0.42028	0.41018	0.45370	-0.16543	-0.14345	-0.14287	0.42356	0.39783	0.37995	-0.12619	-0.11199	-0.09894	0.33884	0.33887	0.39642	-0.55694	-0.34992	-0.20238
15870	0.41761	0.40895	0.45446	-0.16699	-0.14364	-0.14196	0.43205	0.40064	0.38280	-0.12443	-0.11090	-0.09719	0.34225	0.34059	0.39691	-0.55390	-0.34742	-0.20066
16030	0.41786	0.40486	0.45210	-0.16661	-0.14491	-0.14445	0.43056	0.39624	0.38006	-0.12761	-0.11415	-0.10011	0.34360	0.34340	0.40084	-0.55367	-0.34514	-0.19719
16200	0.42021	0.41029	0.45376	-0.16195	-0.14125	-0.14091	0.42951	0.40190	0.38320	-0.12442	-0.11093	-0.09698	0.34394	0.34036	0.39958	-0.55588	-0.34740	-0.20000
16360	0.41869	0.40963	0.45099	-0.16508	-0.14420	-0.14364	0.41976	0.39794	0.37868	-0.12663	-0.11208	-0.09880	0.34081	0.33909	0.39380	-0.55751	-0.35033	-0.20287
16530	0.42109	0.41055	0.45453	-0.16523	-0.14346	-0.14236	0.42636	0.39727	0.37856	-0.12622	-0.11220	-0.09816	0.33954	0.33791	0.39697	-0.55705	-0.34929	-0.20115	32.64	6.2	0.00	-2.04	0.01747	0.01210	0.01531	0.01893	0.01938	0.01515	0.00551	0.01526	0.02024	0.01924	0.01359	0.01727	0.01720	0.01777	0.01387	0.00589	0.01660	0.02217
16690	0.41726	0.40787	0.45316	-0.16695	-0.14628	-0.14530	0.42432	0.39385	0.37712	-0.12880	-0.11399	-0.09960	0.33994	0.33938	0.39682	-0.55562	-0.34741	-0.19927
16860	0.41957	0.40731	0.45312	-0.16479	-0.14345	-0.14247	0.43224	0.39976	0.38114	-0.12595	-0.11179	-0.09886	0.34070	0.33886	0.39472	-0.55854	-0.35017	-0.20264
17020	0.42028	0.41189	0.45324	-0.16308	-0.14071	-0.13959	0.43122	0.40304	0.38525	-0.12335	-0.10893	-0.09658	0.34492	0.34194	0.39973	-0.55397	-0.34595	-0.19918
17190	0.41755	0.40596	0.44812	-0.16383	-0.14292	-0.14180	0.42419	0.40060	0.38330	-0.12528	-0.11085	-0.09860	0.34225	0.34020	0.39536	-0.55754	-0.34868	-0.20179
17350	0.41399	0.40374	0.45109	-0.16728	-0.14578	-0.14573	0.42849	0.39700	0.37589	-0.12779	-0.11398	-0.10088	0.34195	0.34049	0.39941	-0.55721	-0.34807	-0.20047
17520	0.41565	0.40606	0.44883	-0.16611	-0.14480	-0.14462	0.42188	0.39711	0.37829	-0.12705	-0.11266	-0.09993	0.34050	0.33554	0.39559	-0.55990	-0.35113	-0.20380
17680	0.41904	0.40909	0.45101	-0.16459	-0.14245	-0.14066	0.42883	0.40057	0.38190	-0.12418	-0.11008	-0.09798	0.34218	0.34143	0.39604	-0.55397	-0.34688	-0.20028
17850	0.41963	0.40676	0.45215	-0.16574	-0.14376	-0.14286	0.42739	0.39636	0.37880	-0.12585	-0.11258	-0.09897	0.34115	0.33909	0.39514	-0.55743	-0.34975	-0.20219
18010	0.41617	0.40795	0.45061	-0.16689	-0.14425	-0.14379	0.42797	0.39677	0.37762	-0.12695	-0.11220	-0.09934	0.34124	0.34053	0.39676	-0.55779	-0.34875	-0.20146
18180	0.41782	0.40948	0.45321	-0.16540	-0.14391	-0.14232	0.42403	0.39801	0.38071	-0.12555	-0.11246	-0.09846	0.34334	0.34111	0.39952	-0.55191	-0.34462	-0.19704	32.58	5.9	0.00	-2.04	0.01747	0.01210	0.01531	0.01893	0.01938	0.01515	0.00551	0.01526	0.02024	0.01924	0.01359	0.01727	0.01720	0.01776	0.01387	0.00589	0.01660	0.02217
18340	0.42107	0.41243	0.45453	-0.16187	-0.14064	-0.14014	0.43155	0.40247	0.38279	-0.12359	-0.10961	-0.09699	0.34329	0.34251	0.39640	-0.55466	-0.34727	-0.19929
18510	0.41972	0.40809	0.45234	-0.16464	-0.14384	-0.14322	0.42696	0.39910	0.37989	-0.12629	-0.11229	-0.09880	0.34017	0.33790	0.39234	-0.55828	-0.35102	-0.20291
18670	0.41350	0.40743	0.45175	-0.16792	-0.14425	-0.14191	0.43055	0.39853	0.38123	-0.12448	-0.11086	-0.09762	0.34191	0.33981	0.39792	-0.55650	-0.34925	-0.20085
18840	0.41635	0.40804	0.44970	-0.16580	-0.14498	-0.14361	0.41977	0.39319	0.37702	-0.12690	-0.11305	-0.09941	0.34260	0.34130	0.39939	-0.55527	-0.34745	-0.19911
19000	0.41989	0.41202	0.45479	-0.16336	-0.14255	-0.14204	0.42664	0.39742	0.37891	-0.12477	-0.11047	-0.09691	0.34058	0.33869	0.39496	-0.55783	-0.34969	-0.20154
19170	0.41943	0.40994	0.45243	-0.16574	-0.14465	-0.14372	0.42991	0.39666	0.37802	-0.12625	-0.11225	-0.09815	0.34210	0.33745	0.39420	-0.55690	-0.34954	-0.20180
19330	0.41548	0.40859	0.45200	-0.16555	-0.14381	-0.14318	0.43164	0.40104	0.38239	-0.12549	-0.11137	-0.09859	0.34347	0.33958	0.39719	-0.55659	-0.34871	-0.20054
19500	0.41477	0.40601	0.44892	-0.16680	-0.14607	-0.14591	0.43177	0.39644	0.37935	-0.12861	-0.11426	-0.10167	0.34217	0.34175	0.39700	-0.55573	-0.34741	-0.19914
19670	0.41819	0.40643	0.45174	-0.16403	-0.14348	-0.14317	0.42789	0.40405	0.38252	-0.12510	-0.11219	-0.09886	0.34067	0.34028	0.39855	-0.55690	-0.34889	-0.20125
19830	0.41828	0.40639	0.45014	-0.16590	-0.14446	-0.14329	0.41962	0.39704	0.38087	-0.12587	-0.11314	-0.09926	0.34010	0.33855	0.39607	-0.55974	-0.35121	-0.20338	32.58	5.9	0.00	-2.04	0.01747	0.01210	0.01531	0.01893	0.01938	0.01515	0.00551	0.01526	0.02024	0.01924	0.01359	0.01727	0.01720	0.01776	0.01387	0.00589	0.01660	0.02217
20000	0.41574	0.41001	0.45241	-0.16415	-0.14136	-0.13985	0.43643	0.40413	0.38515	-0.12300	-0.10992	-0.09702	0.34474	0.34162	0.39843	-0.55314	-0.34670	-0.19910
20160	0.41559	0.40593	0.45152	-0.16451	-0.14296	-0.14160	0.42464	0.39951	0.38374	-0.12483	-0.11213	-0.09844	0.34165	0.34052	0.39780	-0.55581	-0.34926	-0.20116
20330	0.41517	0.40568	0.44821	-0.16724	-0.14621	-0.14572	0.42662	0.39374	0.37830	-0.12819	-0.11501	-0.10105	0.34272	0.34042	0.39693	-0.55326	-0.34586	-0.19824
20490	0.41623	0.40828	0.45337	-0.16369	-0.14237	-0.14212	0.42474	0.40039	0.38087	-0.12523	-0.11234	-0.09911	0.34208	0.33768	0.39293	-0.55694	-0.34974	-0.20154
20660	0.41672	0.40961	0.45277	-0.16477	-0.14313	-0.14159	0.42908	0.39888	0.37838	-0.12457	-0.11187	-0.09815	0.34272	0.34298	0.39899	-0.55425	-0.34616	-0.19758
20820	0.41849	0.40935	0.45298	-0.16202	-0.14073	-0.14054	0.42852	0.39892	0.38048	-0.12438	-0.11130	-0.09755	0.34220	0.34074	0.39696	-0.55542	-0.34767	-0.20013
20990	0.41673	0.40571	0.44782	-0.16497	-0.14380	-0.14297	0.42550	0.39746	0.37829	-0.12625	-0.11331	-0.10009	0.34051	0.33710	0.39367	-0.55897	-0.35075	-0.20250
21150	0.41400	0.40621	0.45020	-0.16728	-0.14341	-0.14231	0.42194	0.39738	0.37920	-0.12495	-0.11204	-0.09808	0.33976	0.33868	0.39822	-0.55479	-0.34876	-0.20096
21320	0.41692	0.40987	0.45167	-0.16486	-0.14416	-0.14381	0.42211	0.39436	0.37684	-0.12637	-0.11371	-0.09961	0.34315	0.34281	0.39827	-0.55272	-0.34453	-0.19683
21490	0.41886	0.40981	0.45424	-0.16192	-0.14176	-0.14129	0.42870	0.40145	0.38145	-0.12448	-0.11076	-0.09738	0.34155	0.33948	0.39353	-0.55473	-0.34709	-0.19975	32.64	6.1	0.00	-2.04	0.01747	0.01210	0.01531	0.01893	0.01938	0.01515	0.00551	0.01526	0.02024	0.01924	0.01359	0.01727	0.01720	0.01776	0.01387	0.00589	0.01660	0.02217
21650	0.41567	0.40815	0.45114	-0.16616	-0.14451	-0.14454	0.42511	0.39612	0.37873	-0.12676	-0.11332	-0.09842	0.33812	0.33769	0.39170	-0.55881	-0.35078	-0.20310
21820	0.41403	0.40550	0.45238	-0.16502	-0.14269	-0.14111	0.42448	0.39934	0.38029	-0.12417	-0.11149	-0.09705	0.34000	0.33913	0.39536	-0.55507	-0.34803	-0.19978
21980	0.41501	0.40522	0.45053	-0.16555	-0.14435	-0.14359	0.42518	0.39762	0.38145	-0.12612	-0.11279	-0.09866	0.34127	0.33766	0.39466	-0.55730	-0.34850	-0.20059
22150	0.41390	0.40656	0.44686	-0.16702	-0.14541	-0.14413	0.42306	0.39420	0.37580	-0.12725	-0.11365	-0.09876	0.34141	0.33995	0.39833	-0.55533	-0.34747	-0.19879
22310	0.41726	0.40654	0.45036	-0.16561	-0.14334	-0.14251	0.42792	0.39645	0.38021	-0.12596	-0.11221	-0.09915	0.34122	0.33889	0.39724	-0.55644	-0.34782	-0.20034
22480	0.41720	0.40602	0.45076	-0.16553	-0.14376	-0.14302	0.42633	0.39780	0.37994	-0.12666	-0.11255	-0.09942	0.33867	0.34130	0.39839	-0.55868	-0.35046	-0.20339
22640	0.42035	0.41181	0.45255	-0.16410	-0.14211	-0.14047	0.43140	0.39960	0.38086	-0.12392	-0.10996	-0.09724	0.34164	0.34068	0.39953	-0.55477	-0.34768	-0.20012
22810	0.42161	0.41149	0.45179	-0.16520	-0.14307	-0.14213	0.42448	0.39693	0.37873	-0.12535	-0.11234	-0.09879	0.34161	0.33997	0.39809	-0.55726	-0.34895	-0.20122
22970	0.41843	0.40741	0.44995	-0.16740	-0.14532	-0.14380	0.42818	0.39577	0.37776	-0.12663	-0.11433	-0.10024	0.33861	0.33774	0.39889	-0.55694	-0.34898	-0.20174
23140	0.41907	0.40871	0.45210	-0.16627	-0.14436	-0.14270	0.42510	0.39809	0.37822	-0.12575	-0.11299	-0.09951	0.34315	0.33995	0.39777	-0.55683	-0.34653	-0.20023	32.58	6.0	0.00	-2.04	0.01747	0.01210	0.01531	0.01893	0.01938	0.01515	0.00551	0.01526	0.02024	0.01924	0.01359	0.01727	0.01720	0.01776	0.01387	0.00589	0.01660	0.02217
23310	0.41705	0.40896	0.45247	-0.16592	-0.14399	-0.14289	0.42627	0.39842	0.38016	-0.12579	-0.11232	-0.09916	0.34403	0.34441	0.39834	-0.55355	-0.34395	-0.19690
23470	0.41950	0.40965	0.45271	-0.16113	-0.14070	-0.14012	0.43105	0.40331	0.38369	-0.12405	-0.11130	-0.09751	0.34413	0.34105	0.39638	-0.55454	-0.34720	-0.19937
23640	0.41723	0.40741	0.44867	-0.16395	-0.14360	-0.14313	0.42636	0.39719	0.37966	-0.12623	-0.11342	-0.09920	0.33929	0.33605	0.39555	-0.56049	-0.35086	-0.20330
23800	0.41696	0.40704	0.45246	-0.16819	-0.14373	-0.14161	0.43037	0.39964	0.37979	-0.12440	-0.11072	-0.09724	0.34205	0.34030	0.39619	-0.55633	-0.34794	-0.19995
23970	0.41781	0.40762	0.45002	-0.16580	-0.14458	-0.14362	0.42554	0.39568	0.37762	-0.12696	-0.11361	-0.09955	0.33862	0.33898	0.39839	-0.55857	-0.34902	-0.20141
24130	0.41694	0.40828	0.44975	-0.16684	-0.14507	-0.14428	0.41795	0.39285	0.37420	-0.12721	-0.11386	-0.09938	0.33893	0.34021	0.39961	-0.55649	-0.34839	-0.20015
24300	0.42018	0.41107	0.45186	-0.16552	-0.14378	-0.14276	0.42724	0.39655	0.37743	-0.12539	-0.11203	-0.09809	0.34084	0.34008	0.39737	-0.55606	-0.34875	-0.20100
24460	0.41913	0.41064	0.45192	-0.16623	-0.14445	-0.14347	0.42898	0.39745	0.37895	-0.12621	-0.11276	-0.09853	0.33900	0.33557	0.39497	-0.55950	-0.35062	-0.20272
24630	0.41857	0.41217	0.45516	-0.16426	-0.14184	-0.14164	0.43266	0.40117	0.38021	-0.12454	-0.11081	-0.09689	0.34292	0.34136	0.39707	-0.55696	-0.34735	-0.19927
24800	0.42082	0.40911	0.45249	-0.16527	-0.14321	-0.14247	0.42583	0.39853	0.38078	-0.12605	-0.11255	-0.09883	0.34000	0.33779	0.39498	-0.55574	-0.34831	-0.20030	32.64	6.1	0.00	-2.04	0.01747	0.01210	0.01531	0.01893	0.01938	0.01515	0.00551	0.01526	0.02024	0.01924	0.01359	0.01727	0.01720	0.01776	0.01387	0.00589	0.01660	0.02217
24960	0.41859	0.40919	0.45135	-0.16692	-0.14579	-0.14534	0.42568	0.39654	0.37968	-0.12795	-0.11467	-0.10138	0.34148	0.33952	0.39469	-0.55691	-0.34686	-0.19901
25130	0.41740	0.40886	0.45317	-0.16456	-0.14293	-0.14289	0.42854	0.39871	0.37916	-0.12587	-0.11354	-0.09884	0.33938	0.33865	0.39616	-0.55743	-0.34919	-0.20159
25290	0.41677	0.40651	0.44933	-0.16552	-0.14406	-0.14271	0.42910	0.39921	0.38174	-0.12564	-0.11265	-0.09944	0.34032	0.33881	0.39461	-0.55874	-0.34971	-0.20217
25460	0.41736	0.40975	0.45386	-0.16367	-0.14106	-0.13924	0.43478	0.40271	0.38123	-0.12260	-0.10963	-0.09650	0.34178	0.33974	0.39873	-0.55432	-0.34631	-0.19849
25620	0.41940	0.40764	0.45223	-0.16455	-0.14276	-0.14101	0.42717	0.39845	0.37895	-0.12477	-0.11192	-0.09892	0.33961	0.33789	0.39458	-0.55746	-0.34913	-0.20154
25790	0.41592	0.40799	0.45402	-0.16650	-0.14303	-0.14114	0.42529	0.39993	0.38251	-0.12402	-0.11144	-0.09765	0.34267	0.33917	0.39582	-0.55639	-0.34753	-0.20030
25950	0.41544	0.40695	0.45121	-0.16626	-0.14519	-0.14439	0.42224	0.39566	0.37687	-0.12703	-0.11410	-0.09993	0.33954	0.34088	0.39677	-0.55467	-0.34670	-0.19790
26120	0.41886	0.40874	0.45262	-0.16294	-0.14189	-0.14107	0.42688	0.39891	0.38056	-0.12438	-0.11159	-0.09790	0.33983	0.33700	0.39500	-0.55581	-0.34857	-0.20012
26280	0.41499	0.40756	0.45079	-0.16644	-0.14458	-0.14319	0.43105	0.39651	0.37803	-0.12607	-0.11244	-0.09892	0.33960	0.33617	0.39422	-0.55750	-0.34995	-0.20214
26450	0.41566	0.40786	0.44883	-0.16605	-0.14363	-0.14295	0.42726	0.39663	0.37943	-0.12619	-0.11280	-0.09840	0.34259	0.33971	0.39694	-0.55561	-0.34884	-0.20078	32.64	6.2	0.00	-2.04	0.01747	0.01210	0.01531	0.01893	0.01938	0.01515	0.00551	0.01526	0.02024	0.01924	0.01359	0.01727	0.01720	0.01776	0.01387	0.00589	0.01660	0.02217
26610	0.41435	0.40431	0.44491	-0.16746	-0.14614	-0.14583	0.42306	0.39580	0.37660	-0.12845	-0.11539	-0.10118	0.34036	0.34097	0.39640	-0.55728	-0.34709	-0.19863
26780	0.41790	0.40661	0.44850	-0.16441	-0.14303	-0.14264	0.42362	0.39721	0.37982	-0.12534	-0.11167	-0.09791	0.33967	0.33870	0.39590	-0.55665	-0.34942	-0.20153
26940	0.41782	0.40979	0.45177	-0.16533	-0.14313	-0.14182	0.42140	0.39624	0.37872	-0.12505	-0.11164	-0.09816	0.33873	0.33948	0.39618	-0.56033	-0.35035	-0.20255
27110	0.41969	0.40856	0.45225	-0.16408	-0.14124	-0.14042	0.42472	0.39831	0.38098	-0.12369	-0.11051	-0.09583	0.34276	0.34004	0.39699	-0.55496	-0.34741	-0.19935
27280	0.41852	0.40834	0.45066	-0.16633	-0.14380	-0.14275	0.42553	0.39783	0.37945	-0.12504	-0.11306	-0.09790	0.33833	0.33719	0.39304	-0.55868	-0.34970	-0.20176
27440	0.41750	0.40667	0.45183	-0.16804	-0.14553	-0.14457	0.42840	0.39459	0.37705	-0.12734	-0.11454	-0.09997	0.33857	0.34003	0.39517	-0.55652	-0.34662	-0.19954
27610	0.41703	0.40793	0.45058	-0.16581	-0.14425	-0.14351	0.42555	0.39733	0.37953	-0.12624	-0.11273	-0.09949	0.34066	0.34054	0.39496	-0.55645	-0.34787	-0.20062
27770	0.41780	0.40753	0.45019	-0.16578	-0.14369	-0.14255	0.42496	0.39836	0.38265	-0.12492	-0.11267	-0.09878	0.34010	0.34036	0.39515	-0.55866	-0.34987	-0.20233
27940	0.41784	0.41137	0.45505	-0.16378	-0.14104	-0.14018	0.43431	0.39979	0.38094	-0.12278	-0.11012	-0.09644	0.34268	0.34112	0.39797	-0.55591	-0.34621	-0.19946
28100	0.41639	0.40748	0.45009	-0.16503	-0.14309	-0.14185	0.42734	0.39686	0.38067	-0.12512	-0.11217	-0.09879	0.33977	0.33750	0.39521	-0.55831	-0.34970	-0.20225	32.64	6.1	0.00	-2.04	0.01747	0.01210	0.01531	0.01893	0.01938	0.01515	0.00551	0.01526	0.02024	0.01924	0.01359	0.01727	0.01720	0.01776	0.01387	0.00589	0.01660	0.02217
28270	0.41734	0.40669	0.45173	-0.16704	-0.14326	-0.14123	0.43017	0.39762	0.37896	-0.12405	-0.11033	-0.09730	0.34006	0.33968	0.39573	-0.55700	-0.34726	-0.20091
28430	0.41585	0.40813	0.45242	-0.16673	-0.14427	-0.14293	0.42385	0.39621	0.37826	-0.12639	-0.11310	-0.09911	0.34302	0.34136	0.39729	-0.55205	-0.34488	-0.19770
28600	0.41878	0.40839	0.45276	-0.16274	-0.14107	-0.13939	0.42778	0.40078	0.38206	-0.12348	-0.10971	-0.09732	0.33996	0.33929	0.39727	-0.55368	-0.34667	-0.19968
28760	0.41851	0.40891	0.45021	-0.16561	-0.14347	-0.14325	0.42378	0.39536	0.37879	-0.12686	-0.11336	-0.09962	0.34066	0.33780	0.39343	-0.55923	-0.35078	-0.20271
28930	0.41446	0.40439	0.44898	-0.16544	-0.14341	-0.14230	0.42878	0.39906	0.38141	-0.12543	-0.11243	-0.09848	0.34239	0.33958	0.39552	-0.55428	-0.34790	-0.20032
29090	0.41672	0.40762	0.44944	-0.16599	-0.14463	-0.14427	0.42290	0.39398	0.37524	-0.12744	-0.11458	-0.10049	0.34280	0.34282	0.40123	-0.55433	-0.34645	-0.19805
29260	0.41812	0.40896	0.44813	-0.16391	-0.14255	-0.14207	0.42031	0.39570	0.37748	-0.12596	-0.11259	-0.09880	0.34089	0.33993	0.39856	-0.55641	-0.34864	-0.20087
29420	0.42007	0.40663	0.45029	-0.16599	-0.14349	-0.14243	0.42509	0.39436	0.37674	-0.12606	-0.11270	-0.09932	0.33819	0.33879	0.39529	-0.55833	-0.34996	-0.20249
29590	0.42053	0.41077	0.45327	-0.16362	-0.14106	-0.14029	0.42700	0.39738	0.37868	-0.12337	-0.11039	-0.09662	0.34261	0.34188	0.39864	-0.55430	-0.34599	-0.19896
29760	0.41918	0.40879	0.45165	-0.16523	-0.14378	-0.14299	0.42943	0.39480	0.37531	-0.12626	-0.11306	-0.09918	0.34023	0.33909	0.39731	-0.55729	-0.34916	-0.20135	32.64	6.1	0.00	-2.04	0.01747	0.01210	0.01531	0.01893	0.01938	0.01515	0.00551	0.01526	0.02024	0.01924	0.01359	0.01727	0.01720	0.01776	0.01387	0.00589	0.01660	0.02217
29920	0.41851	0.40682	0.45080	-0.16743	-0.14589	-0.14457	0.42643	0.39216	0.37527	-0.12659	-0.11293	-0.09956	0.33971	0.33994	0.39738	-0.55529	-0.34738	-0.19932
30090	0.41817	0.41049	0.45292	-0.16531	-0.14411	-0.14270	0.43078	0.39661	0.37642	-0.12542	-0.11165	-0.09782	0.33953	0.33974	0.39555	-0.55537	-0.34828	-0.20040
30250	0.41691	0.40734	0.45017	-0.16553	-0.14326	-0.14277	0.42331	0.39862	0.37976	-0.12576	-0.11201	-0.09855	0.34151	0.33838	0.39651	-0.55729	-0.34926	-0.20133
30420	0.41616	0.40891	0.45309	-0.16372	-0.14140	-0.14026	0.42743	0.40098	0.38275	-0.12396	-0.11039	-0.09698	0.34341	0.33923	0.39522	-0.55266	-0.34669	-0.19874
30580	0.41652	0.40867	0.45484	-0.16616	-0.14316	-0.14208	0.42602	0.39767	0.37783	-0.12526	-0.11218	-0.09877	0.33929	0.33737	0.39493	-0.55644	-0.34970	-0.20253
30750	0.41673	0.40876	0.45328	-0.16734	-0.14276	-0.14108	0.43061	0.39890	0.37996	-0.12327	-0.11012	-0.09755	0.34007	0.33772	0.39336	-0.55565	-0.34654	-0.19974
30910	0.41658	0.40927	0.44963	-0.16641	-0.14482	-0.14444	0.42680	0.39430	0.37607	-0.12711	-0.11303	-0.10030	0.34285	0.34190	0.39639	-0.55280	-0.34448	-0.19736
31080	0.41966	0.40744	0.44879	-0.16248	-0.14119	-0.14011	0.42660	0.40023	0.38200	-0.12360	-0.11022	-0.09736	0.34261	0.33913	0.39463	-0.55409	-0.34701	-0.19950
31240	0.41497	0.40693	0.44885	-0.16547	-0.14449	-0.14278	0.42797	0.39778	0.37779	-0.12634	-0.11347	-0.10038	0.33804	0.33618	0.39375	-0.55870	-0.35087	-0.20312
31410	0.41812	0.40851	0.45033	-0.16567	-0.14327	-0.14203	0.42389	0.39780	0.38077	-0.12535	-0.11151	-0.09859	0.34152	0.33971	0.39574	-0.55578	-0.34823	-0.20033	32.64	6.1	0.00	-2.04	0.01747	0.01210	0.01531	0.01893	0.01938	0.01515	0.00551	0.01526	0.02024	0.01924	0.01359	0.01727	0.01720	0.01776	0.01387	0.00589	0.01660	0.02217
31570	0.41469	0.40502	0.44946	-0.16714	-0.14549	-0.14449	0.42340	0.39687	0.37776	-0.12769	-0.11373	-0.10087	0.34024	0.33730	0.39375	-0.55576	-0.34622	-0.19871
31740	0.41636	0.40997	0.45088	-0.16563	-0.14324	-0.14358	0.42474	0.39744	0.37662	-0.12604	-0.11295	-0.09984	0.34055	0.33919	0.39527	-0.55578	-0.34787	-0.20025
31900	0.41686	0.40653	0.45087	-0.16553	-0.14344	-0.14289	0.42101	0.39524	0.37838	-0.12600	-0.11191	-0.09877	0.33891	0.33492	0.39572	-0.55610	-0.34995	-0.20278
32070	0.41683	0.40817	0.45088	-0.16440	-0.14263	-0.14098	0.43084	0.39596	0.38043	-0.12439	-0.11045	-0.09748	0.34033	0.34005	0.39768	-0.55426	-0.34692	-0.19920
32240	0.41800	0.40713	0.45020	-0.16465	-0.14316	-0.14147	0.42606	0.39491	0.37673	-0.12535	-0.11137	-0.09811	0.33854	0.33680	0.39492	-0.55492	-0.34827	-0.20021
32400	0.41615	0.40936	0.44869	-0.16675	-0.14509	-0.14418	0.41996	0.39396	0.37475	-0.12731	-0.11348	-0.10091	0.34066	0.34136	0.39784	-0.55226	-0.34649	-0.19848
32570	0.41641	0.40562	0.44968	-0.16410	-0.14297	-0.14249	0.42665	0.39927	0.37893	-0.12513	-0.11233	-0.09853	0.34115	0.33789	0.39458	-0.55485	-0.34662	-0.19948
32730	0.41582	0.40839	0.45218	-0.16494	-0.14271	-0.14248	0.43106	0.39729	0.37984	-0.12575	-0.11107	-0.09862	0.33855	0.33806	0.39551	-0.55607	-0.34809	-0.19989
32900	0.41475	0.40740	0.45120	-0.16499	-0.14329	-0.14257	0.42360	0.39735	0.37822	-0.12578	-0.11167	-0.09896	0.34044	0.34102	0.39833	-0.55216	-0.34405	-0.19657
33070	0.42261	0.41207	0.45215	-0.16180	-0.14102	-0.14023	0.42261	0.39658	0.37750	-0.12486	-0.11051	-0.09697	0.34212	0.33959	0.39537	-0.55451	-0.34698	-0.19941	32.64	6.0	0.00	-2.04	0.01746	0.01210	0.01531	0.01893	0.01938	0.01515	0.00551	0.01526	0.02024	0.01924	0.01359	0.01727	0.01720	0.01776	0.01387	0.00589	0.01660	0.02217
33230	0.41836	0.40692	0.45191	-0.16458	-0.14348	-0.14278	0.42295	0.39432	0.37546	-0.12620	-0.11217	-0.09896	0.33809	0.33856	0.39714	-0.55921	-0.35053	-0.20190
33400	0.41445	0.40445	0.45072	-0.16757	-0.14354	-0.14179	0.43237	0.39857	0.38117	-0.12451	-0.11015	-0.09713	0.34238	0.33952	0.39548	-0.55501	-0.34757	-0.19930
33560	0.41701	0.40693	0.45048	-0.16566	-0.14377	-0.14286	0.41851	0.39680	0.37640	-0.12667	-0.11218	-0.09923	0.34088	0.33692	0.39427	-0.55719	-0.34856	-0.20007
33730	0.41759	0.40848	0.44808	-0.16626	-0.14537	-0.14468	0.42614	0.39311	0.37445	-0.12863	-0.11410	-0.10165	0.33929	0.33787	0.39574	-0.55469	-0.34657	-0.19871
33890	0.41876	0.40890	0.45216	-0.16474	-0.14346	-0.14268	0.42134	0.39647	0.37747	-0.12543	-0.11154	-0.09919	0.33717	0.33730	0.39517	-0.55609	-0.34835	-0.20033
34060	0.41741	0.40781	0.45228	-0.16631	-0.14473	-0.14354	0.42483	0.39721	0.37725	-0.12616	-0.11243	-0.09993	0.33620	0.33551	0.39388	-0.55901	-0.35008	-0.20308
34220	0.41730	0.40872	0.45209	-0.16388	-0.14174	-0.14074	0.42475	0.40037	0.38311	-0.12375	-0.10973	-0.09699	0.34229	0.33852	0.39619	-0.55408	-0.34539	-0.19824
34390	0.41703	0.40843	0.44922	-0.16503	-0.14364	-0.14223	0.42385	0.39843	0.37912	-0.12555	-0.11206	-0.09935	0.33928	0.33810	0.39523	-0.55661	-0.34857	-0.20076
34550	0.41413	0.40535	0.44639	-0.16689	-0.14520	-0.14477	0.42253	0.39531	0.37557	-0.12778	-0.11418	-0.10112	0.33895	0.33986	0.39643	-0.55516	-0.34714	-0.19956
34720	0.41638	0.40606	0.45036	-0.16497	-0.14289	-0.14219	0.42392	0.39513	0.37784	-0.12587	-0.11210	-0.09890	0.33566	0.33653	0.39361	-0.55625	-0.34901	-0.20092	32.64	6.0	0.00	-2.04	0.01746	0.01210	0.01531	0.01893	0.01938	0.01515	0.00551	0.01526	0.02023	0.01924	0.01359	0.01727	0.01720	0.01776	0.01387	0.00589	0.01660	0.02217
34880	0.41862	0.40874	0.45109	-0.16595	-0.14325	-0.14232	0.42511	0.39712	0.37802	-0.12561	-0.11165	-0.09917	0.33841	0.33539	0.39310	-0.55543	-0.34946	-0.20198
35050	0.41588	0.40857	0.45153	-0.16433	-0.14193	-0.14092	0.42628	0.40259	0.38161	-0.12402	-0.10993	-0.09756	0.33840	0.33839	0.39300	-0.55460	-0.34736	-0.19909
35220	0.41650	0.40916	0.45292	-0.16518	-0.14320	-0.14229	0.42865	0.39757	0.37694	-0.12607	-0.11180	-0.09912	0.33707	0.33522	0.39232	-0.55523	-0.34958	-0.20162
35380	0.41518	0.40895	0.44763	-0.16797	-0.14650	-0.14577	0.41536	0.39399	0.37694	-0.12853	-0.11389	-0.10066	0.33693	0.33612	0.39332	-0.55620	-0.34855	-0.20104
35550	0.41538	0.40775	0.44994	-0.16586	-0.14327	-0.14222	0.42797	0.39707	0.38119	-0.12561	-0.11124	-0.09840	0.34089	0.33712	0.39372	-0.55632	-0.34783	-0.20022
35710	0.41734	0.41068	0.45299	-0.16487	-0.14331	-0.14254	0.42160	0.39585	0.37848	-0.12599	-0.11190	-0.09886	0.34121	0.34370	0.39759	-0.55137	-0.34413	-0.19607
35880	0.42076	0.41050	0.45253	-0.16170	-0.14071	-0.13974	0.42706	0.40025	0.38181	-0.12358	-0.10965	-0.09632	0.34325	0.33973	0.39709	-0.55272	-0.34589	-0.19783
36040	0.41679	0.40625	0.44986	-0.16371	-0.14258	-0.14230	0.42633	0.39959	0.37977	-0.12540	-0.11137	-0.09769	0.33934	0.33882	0.39494	-0.55697	-0.34842	-0.20067
36210	0.41331	0.40507	0.44756	-0.16668	-0.14492	-0.14432	0.42416	0.39697	0.37966	-0.12687	-0.11363	-0.09958	0.33896	0.33700	0.39396	-0.55742	-0.34910	-0.20114
36380	0.41715	0.40861	0.44990	-0.16596	-0.14371	-0.14380	0.42661	0.39626	0.37898	-0.12666	-0.11262	-0.09924	0.34164	0.34170	0.39554	-0.55662	-0.34896	-0.20032	32.64	6.2	0.00	-2.04	0.01746	0.01210	0.01531	0.01893	0.01938	0.01515	0.00551	0.01526	0.02023	0.01924	0.01359	0.01727	0.01720	0.01776	0.01387	0.00589	0.01660	0.02217
36540	0.41601	0.40576	0.44643	-0.16664	-0.14534	-0.14524	0.42044	0.39396	0.37835	-0.12794	-0.11447	-0.10112	0.34454	0.34370	0.40109	-0.55400	-0.34579	-0.19779
36710	0.41835	0.40709	0.45110	-0.16433	-0.14261	-0.14252	0.42179	0.39911	0.38024	-0.12605	-0.11128	-0.09903	0.34074	0.33998	0.39844	-0.55607	-0.34882	-0.20086
36870	0.41820	0.40817	0.44979	-0.16538	-0.14350	-0.14320	0.42093	0.39699	0.38082	-0.12555	-0.11094	-0.09898	0.33765	0.33743	0.39255	-0.55598	-0.34930	-0.20254
37040	0.42075	0.41144	0.45363	-0.16398	-0.14122	-0.14033	0.43040	0.40066	0.38122	-0.12332	-0.10969	-0.09698	0.34277	0.34049	0.39783	-0.55241	-0.34606	-0.19864
37200	0.41645	0.40710	0.45533	-0.16470	-0.14311	-0.14235	0.42779	0.39806	0.37918	-0.12579	-0.11226	-0.09869	0.33900	0.33853	0.39335	-0.55562	-0.34894	-0.20115
37370	0.41533	0.40547	0.44766	-0.16791	-0.14533	-0.14494	0.42098	0.39934	0.37838	-0.12787	-0.11418	-0.10101	0.34068	0.33675	0.39613	-0.55565	-0.34719	-0.19923
37530	0.41475	0.40756	0.44973	-0.16516	-0.14306	-0.14256	0.43020	0.40031	0.37813	-0.12635	-0.11298	-0.09953	0.33964	0.33751	0.39594	-0.55644	-0.34825	-0.20050
37700	0.41582	0.40779	0.45198	-0.16597	-0.14352	-0.14321	0.42657	0.39787	0.38093	-0.12628	-0.11250	-0.09953	0.34185	0.34078	0.39646	-0.55499	-0.34627	-0.19872
37860	0.41554	0.40644	0.45299	-0.16291	-0.14090	-0.14061	0.43389	0.40058	0.38167	-0.12413	-0.11004	-0.09753	0.34292	0.34003	0.39693	-0.55553	-0.34738	-0.19961
38030	0.41787	0.40537	0.44849	-0.16494	-0.14393	-0.14384	0.42604	0.39549	0.37672	-0.12697	-0.11391	-0.09977	0.33920	0.33677	0.39528	-0.55949	-0.35066	-0.20181	32.69	6.0	0.00	-2.04	0.01746	0.01210	0.01531	0.01893	0.01938	0.01515	0.00551	0.01526	0.02023	0.01924	0.01359	0.01727	0.01720	0.01776	0.01387	0.00589	0.01660	0.02217
38190	0.41582	0.40770	0.44864	-0.16637	-0.14307	-0.14218	0.42673	0.39749	0.38276	-0.12546	-0.11138	-0.09838	0.33914	0.33822	0.39478	-0.55648	-0.34878	-0.20106
38360	0.41672	0.40713	0.45219	-0.16631	-0.14463	-0.14360	0.42602	0.39822	0.37484	-0.12659	-0.11329	-0.09978	0.33999	0.33938	0.39850	-0.55411	-0.34462	-0.19675
38530	0.41890	0.40910	0.45112	-0.16313	-0.14210	-0.14137	0.42814	0.39774	0.37999	-0.12524	-0.11087	-0.09801	0.34081	0.34166	0.39809	-0.55436	-0.34798	-0.20053
38690	0.41639	0.40637	0.44856	-0.16632	-0.14361	-0.14346	0.42236	0.39452	0.37607	-0.12632	-0.11261	-0.09918	0.33867	0.33627	0.39576	-0.55790	-0.35064	-0.20259
38860	0.41986	0.41035	0.45221	-0.16485	-0.14158	-0.14051	0.42897	0.39721	0.37990	-0.12396	-0.11005	-0.09698	0.34199	0.34039	0.39868	-0.55474	-0.34767	-0.19962
39020	0.41915	0.40925	0.45195	-0.16540	-0.14370	-0.14341	0.42648	0.39650	0.37768	-0.12681	-0.11286	-0.09891	0.34087	0.33792	0.39583	-0.55804	-0.34926	-0.20106
39190	0.41442	0.40641	0.44690	-0.16724	-0.14516	-0.14518	0.42156	0.39405	0.37616	-0.12765	-0.11369	-0.10031	0.33746	0.34050	0.39670	-0.55820	-0.34877	-0.19977
39350	0.41944	0.40905	0.45325	-0.16554	-0.14353	-0.14338	0.43073	0.39801	0.37924	-0.12583	-0.11228	-0.09914	0.33825	0.33818	0.39413	-0.55955	-0.35042	-0.20160
39520	0.42141	0.41067	0.45384	-0.16364	-0.14051	-0.14029	0.42678	0.40246	0.38269	-0.12303	-0.11001	-0.09732	0.34119	0.34092	0.39823	-0.55354	-0.34605	-0.19850
39680	0.41734	0.40886	0.45105	-0.16465	-0.14346	-0.14324	0.42784	0.39805	0.38023	-0.12583	-0.11259	-0.09933	0.33975	0.34005	0.39506	-0.55746	-0.34933	-0.20135	32.69	6.2	0.00	-2.04	0.01746	0.01210	0.01530	0.01893	0.01938	0.01515	0.00551	0.01526	0.02023	0.01924	0.01359	0.01727	0.01720	0.01776	0.01387	0.00589	0.01660	0.02217
39850	0.41673	0.40577	0.44734	-0.16755	-0.14621	-0.14591	0.42064	0.39693	0.37764	-0.12914	-0.11542	-0.10181	0.33879	0.33809	0.39626	-0.55497	-0.34737	-0.20000
40010	0.41707	0.40570	0.45020	-0.16515	-0.14391	-0.14262	0.42515	0.39771	0.37903	-0.12613	-0.11282	-0.09981	0.33771	0.33694	0.39351	-0.55757	-0.34946	-0.20247
40180	0.41797	0.40950	0.45281	-0.16485	-0.14110	-0.13997	0.42911	0.40243	0.38156	-0.12400	-0.11003	-0.09771	0.34284	0.33971	0.39547	-0.55290	-0.34670	-0.19876
40340	0.41674	0.40654	0.44884	-0.16516	-0.14286	-0.14248	0.43060	0.39932	0.38047	-0.12633	-0.11344	-0.09938	0.33936	0.33733	0.39364	-0.55653	-0.34945	-0.20176
40510	0.41540	0.40636	0.44925	-0.16695	-0.14310	-0.14178	0.42906	0.39894	0.38077	-0.12490	-0.11082	-0.09770	0.34039	0.33974	0.39531	-0.55538	-0.34778	-0.20057
40670	0.41770	0.40448	0.44748	-0.16692	-0.14467	-0.14433	0.42194	0.39359	0.37782	-0.12767	-0.11398	-0.10048	0.34067	0.33921	0.39690	-0.55429	-0.34608	-0.19863
40840	0.41826	0.41262	0.45195	-0.16249	-0.14076	-0.14138	0.43042	0.39775	0.38089	-0.12509	-0.11114	-0.09730	0.33967	0.33866	0.39537	-0.55559	-0.34854	-0.20120
41000	0.41666	0.40820	0.45085	-0.16701	-0.14453	-0.14400	0.42533	0.39530	0.37671	-0.12685	-0.11291	-0.09895	0.33689	0.33469	0.39364	-0.55864	-0.35094	-0.20302
41170	0.41910	0.40929	0.45201	-0.16573	-0.14267	-0.14225	0.43023	0.39930	0.38030	-0.12481	-0.11218	-0.09817	0.33835	0.33864	0.39481	-0.55640	-0.34834	-0.20097
41330	0.41635	0.40654	0.45048	-0.16710	-0.14589	-0.14616	0.42765	0.39537	0.37531	-0.12875	-0.11479	-0.10152	0.34029	0.33811	0.39706	-0.55318	-0.34467	-0.19689	32.64	6.1	0.00	-2.04	0.01746	0.01210	0.01531	0.01893	0.01938	0.01515	0.00551	0.01526	0.02023	0.01924	0.01359	0.01727	0.01720	0.01776	0.01387	0.00589	0.01660	0.02217
41500	0.41642	0.40727	0.45146	-0.16373	-0.14258	-0.14232	0.43022	0.40154	0.38232	-0.12636	-0.11207	-0.09817	0.33995	0.33506	0.39016	-0.55507	-0.34798	-0.20047
41660	0.41424	0.40707	0.45134	-0.16610	-0.14449	-0.14410	0.43031	0.39915	0.37704	-0.12702	-0.11348	-0.10051	0.33898	0.33800	0.39243	-0.55752	-0.35020	-0.20289
41830	0.41597	0.40855	0.45072	-0.16486	-0.14268	-0.14211	0.42695	0.39978	0.38090	-0.12543	-0.11160	-0.09945	0.34134	0.33875	0.39336	-0.55553	-0.34877	-0.20026
41990	0.41557	0.40538	0.44945	-0.16662	-0.14510	-0.14525	0.42668	0.39415	0.37410	-0.12823	-0.11415	-0.10150	0.34058	0.34079	0.39685	-0.55239	-0.34513	-0.19714
42160	0.41970	0.40816	0.45039	-0.16306	-0.14243	-0.14230	0.43366	0.39589	0.37840	-0.12508	-0.11189	-0.09912	0.33937	0.33685	0.39521	-0.55453	-0.34840	-0.20155
42320	0.41646	0.40536	0.44734	-0.16581	-0.14347	-0.14256	0.42983	0.40002	0.37827	-0.12619	-0.11254	-0.09977	0.34004	0.33613	0.39261	-0.55709	-0.34908	-0.20141
42490	0.41693	0.40849	0.45013	-0.16363	-0.14130	-0.14022	0.43241	0.39732	0.38021	-0.12417	-0.11098	-0.09782	0.34150	0.33814	0.39612	-0.55277	-0.34674	-0.19889
42650	0.41495	0.40787	0.44826	-0.16550	-0.14385	-0.14424	0.42239	0.39607	0.37655	-0.12722	-0.11320	-0.10137	0.33630	0.33577	0.39066	-0.55967	-0.35181	-0.20400
42820	0.41578	0.40541	0.45009	-0.16857	-0.14616	-0.14525	0.42375	0.39296	0.37281	-0.12829	-0.11455	-0.10160	0.33747	0.33642	0.39361	-0.55738	-0.34862	-0.20079
42990	0.41682	0.40820	0.45087	-0.16503	-0.14381	-0.14376	0.42906	0.39408	0.37517	-0.12729	-0.11387	-0.10018	0.33975	0.33944	0.39747	-0.55177	-0.34457	-0.19634	32.64	6.1	0.00	-2.04	0.01746	0.01210	0.01530	0.01893	0.01938	0.01515	0.00551	0.01526	0.02023	0.01924	0.01359	0.01727	0.01720	0.01776	0.01387	0.00589	0.01660	0.02217
43150	0.41891	0.40903	0.45135	-0.16070	-0.13987	-0.14006	0.42648	0.40068	0.38040	-0.12364	-0.10925	-0.09735	0.34042	0.33866	0.39682	-0.55281	-0.34681	-0.19852
43320	0.41571	0.40845	0.44841	-0.16502	-0.14313	-0.14323	0.42921	0.39640	0.37863	-0.12612	-0.11259	-0.09931	0.33676	0.33388	0.38932	-0.55803	-0.35098	-0.20259
43480	0.41564	0.40910	0.45121	-0.16702	-0.14274	-0.14144	0.43033	0.40057	0.38087	-0.12462	-0.11052	-0.09709	0.34102	0.34007	0.39734	-0.55319	-0.34675	-0.19910
43650	0.41492	0.40585	0.44918	-0.16541	-0.14406	-0.14304	0.42638	0.39891	0.37865	-0.12652	-0.11313	-0.09989	0.34076	0.33769	0.39432	-0.55839	-0.34968	-0.20145
43810	0.41509	0.40693	0.44733	-0.16736	-0.14625	-0.14586	0.42172	0.39776	0.37651	-0.12889	-0.11522	-0.10138	0.33944	0.33912	0.39693	-0.55678	-0.34732	-0.19998
43980	0.41875	0.40702	0.45098	-0.16629	-0.14448	-0.14402	0.42475	0.39758	0.37695	-0.12699	-0.11298	-0.09952	0.33921	0.33780	0.39323	-0.55887	-0.35046	-0.20250
44140	0.41755	0.40951	0.45399	-0.16298	-0.14047	-0.13972	0.42985	0.40568	0.38428	-0.12326	-0.10969	-0.09594	0.34123	0.34063	0.39633	-0.55346	-0.34497	-0.19752
44310	0.41841	0.40955	0.45229	-0.16359	-0.14197	-0.14213	0.42953	0.40043	0.37986	-0.12512	-0.11139	-0.09851	0.33985	0.33791	0.39701	-0.55633	-0.34832	-0.20094
44470	0.41563	0.40636	0.44616	-0.16760	-0.14573	-0.14581	0.42365	0.39461	0.37764	-0.12859	-0.11470	-0.10180	0.34031	0.33965	0.39506	-0.55541	-0.34707	-0.19920
44640	0.41504	0.40805	0.44939	-0.16528	-0.14341	-0.14353	0.41940	0.39742	0.37886	-0.12715	-0.11331	-0.10026	0.33813	0.33764	0.39296	-0.55919	-0.35057	-0.20291	32.69	5.9	0.00	-2.04	0.01746	0.01210	0.01530	0.01893	0.01938	0.01515	0.00551	0.01526	0.02023	0.01924	0.01359	0.01727	0.01720	0.01776	0.01387	0.00589	0.01660	0.02217
44800	0.41665	0.40803	0.45238	-0.16400	-0.14234	-0.14086	0.42894	0.40055	0.37993	-0.12447	-0.11068	-0.09794	0.34145	0.33968	0.39747	-0.55460	-0.34600	-0.19909
44970	0.41687	0.40833	0.44674	-0.16555	-0.14397	-0.14307	0.43119	0.39420	0.37700	-0.12776	-0.11393	-0.10058	0.34021	0.33818	0.39285	-0.55718	-0.34943	-0.20229
45130	0.41483	0.40389	0.45026	-0.16650	-0.14380	-0.14290	0.42253	0.39941	0.37800	-0.12725	-0.11333	-0.10047	0.33829	0.33714	0.39378	-0.55586	-0.34928	-0.20158
45300	0.41776	0.40639	0.44927	-0.16591	-0.14327	-0.14281	0.42562	0.39984	0.37839	-0.12665	-0.11356	-0.09973	0.33974	0.33846	0.39503	-0.55483	-0.34767	-0.20005
45460	0.41952	0.40990	0.45219	-0.16450	-0.14236	-0.14176	0.43439	0.39791	0.37689	-0.12542	-0.11195	-0.09847	0.33985	0.34042	0.39430	-0.55480	-0.34842	-0.20090
45630	0.41509	0.40568	0.45024	-0.16615	-0.14192	-0.14073	0.43094	0.40189	0.38357	-0.12433	-0.11071	-0.09755	0.34246	0.33972	0.39687	-0.55329	-0.34750	-0.19936
45790	0.41820	0.40710	0.45087	-0.16526	-0.14389	-0.14302	0.42848	0.39641	0.37835	-0.12755	-0.11330	-0.09979	0.34028	0.33985	0.39556	-0.55550	-0.34904	-0.20088
45960	0.41884	0.40618	0.45010	-0.16667	-0.14454	-0.14495	0.42218	0.39776	0.37919	-0.12763	-0.11400	-0.10012	0.34132	0.34061	0.39572	-0.55505	-0.34796	-0.19987
46120	0.41644	0.40804	0.45231	-0.16539	-0.14337	-0.14353	0.43148	0.39884	0.37876	-0.12693	-0.11303	-0.09909	0.33829	0.33617	0.39449	-0.55847	-0.34996	-0.20231
46290	0.42004	0.41329	0.45623	-0.16409	-0.14111	-0.14033	0.43033	0.40381	0.38254	-0.12367	-0.11031	-0.09661	0.34234	0.34090	0.39708	-0.55244	-0.34525	-0.19798	32.69	6.0	0.00	-2.04	0.01746	0.01210	0.01530	0.01893	0.01938	0.01515	0.00551	0.01526	0.02023	0.01924	0.01359	0.01727	0.01720	0.01776	0.01387	0.00589	0.01660	0.02217
46450	0.41827	0.40760	0.45297	-0.16445	-0.14298	-0.14245	0.43001	0.40077	0.37874	-0.12651	-0.11242	-0.09877	0.33898	0.33750	0.39586	-0.55705	-0.34862	-0.20083
46620	0.41688	0.40630	0.44667	-0.16742	-0.14590	-0.14545	0.42501	0.39464	0.37690	-0.12864	-0.11459	-0.10141	0.34168	0.34099	0.39914	-0.55592	-0.34674	-0.19850
46780	0.41756	0.40860	0.44818	-0.16479	-0.14303	-0.14274	0.43001	0.39924	0.38018	-0.12673	-0.11300	-0.09920	0.34269	0.34041	0.39690	-0.55673	-0.34838	-0.20050
46950	0.41559	0.40812	0.45040	-0.16630	-0.14393	-0.14362	0.42603	0.39882	0.37922	-0.12690	-0.11203	-0.10023	0.33724	0.33865	0.39437	-0.55813	-0.34963	-0.20220
47120	0.41845	0.41125	0.45182	-0.16590	-0.14292	-0.14176	0.42979	0.40006	0.38129	-0.12551	-0.11197	-0.09932	0.34030	0.33946	0.39629	-0.55775	-0.34892	-0.20149
47280	0.41697	0.40558	0.44885	-0.16717	-0.14615	-0.14568	0.42623	0.39588	0.37693	-0.12889	-0.11445	-0.10183	0.33758	0.33834	0.39734	-0.55438	-0.34655	-0.19869
47450	0.41936	0.41090	0.45464	-0.16380	-0.14297	-0.14266	0.42579	0.39711	0.37796	-0.12482	-0.11195	-0.09861	0.34059	0.33987	0.39569	-0.55551	-0.34650	-0.19939
47610	0.41753	0.40991	0.45275	-0.16573	-0.14292	-0.14117	0.43120	0.39951	0.38003	-0.12523	-0.11186	-0.09887	0.33875	0.33803	0.39487	-0.55616	-0.34859	-0.20131
47780	0.41722	0.40895	0.45188	-0.16589	-0.14302	-0.14241	0.42596	0.39830	0.38187	-0.12557	-0.11198	-0.09935	0.34277	0.33966	0.39693	-0.55350	-0.34581	-0.19855
47950	0.41883	0.40867	0.45379	-0.16298	-0.14104	-0.14056	0.42937	0.40148	0.38050	-0.12465	-0.11172	-0.09843	0.33743	0.33765	0.39591	-0.55645	-0.34820	-0.20090	32.69	6.0	0.00	-2.04	0.01746	0.01210	0.01530	0.01893	0.01938	0.01515	0.00551	0.01526	0.02023	0.01924	0.01359	0.01726	0.01720	0.01776	0.01387	0.00589	0.01660	0.02217
48110	0.41854	0.40801	0.45003	-0.16607	-0.14352	-0.14263	0.42844	0.39864	0.37924	-0.12625	-0.11361	-0.10005	0.33774	0.33740	0.39102	-0.56009	-0.35089	-0.20293
48280	0.41600	0.40862	0.45269	-0.16716	-0.14286	-0.14116	0.43181	0.39831	0.38093	-0.12452	-0.11082	-0.09806	0.34033	0.33816	0.39490	-0.55733	-0.34773	-0.20067
48440	0.41892	0.40682	0.45296	-0.16482	-0.14304	-0.14239	0.42996	0.39961	0.38121	-0.12509	-0.11230	-0.09909	0.33808	0.33671	0.39418	-0.55645	-0.34885	-0.20066
48610	0.41641	0.40689	0.44983	-0.16740	-0.14534	-0.14465	0.42527	0.39735	0.37761	-0.12774	-0.11418	-0.10067	0.33980	0.33916	0.39814	-0.55428	-0.34604	-0.19714
48770	0.42021	0.40967	0.45246	-0.16414	-0.14233	-0.14153	0.42747	0.39862	0.37937	-0.12543	-0.11210	-0.09879	0.34198	0.33905	0.39631	-0.55742	-0.34854	-0.20046
48940	0.41715	0.40819	0.45221	-0.16564	-0.14265	-0.14193	0.42964	0.39844	0.38012	-0.12503	-0.11203	-0.09834	0.34022	0.33881	0.39679	-0.55792	-0.34965	-0.20186
49100	0.41996	0.41272	0.45546	-0.16297	-0.13980	-0.13868	0.43413	0.40263	0.38284	-0.12198	-0.10884	-0.09561	0.34353	0.34357	0.39910	-0.55266	-0.34490	-0.19708
49270	0.41755	0.40650	0.45192	-0.16404	-0.14192	-0.14135	0.42532	0.39872	0.38254	-0.12455	-0.11154	-0.09679	0.34177	0.33926	0.39265	-0.55500	-0.34803	-0.19971
49430	0.41586	0.40439	0.44878	-0.16640	-0.14550	-0.14505	0.42688	0.39738	0.37717	-0.12819	-0.11438	-0.10040	0.34056	0.33857	0.39465	-0.55417	-0.34515	-0.19724
49600	0.41738	0.40803	0.45035	-0.16440	-0.14264	-0.14276	0.42577	0.39900	0.37853	-0.12546	-0.11232	-0.09953	0.33820	0.33625	0.39576	-0.55918	-0.34952	-0.20176	32.64	5.9	0.00	-2.04	0.01746	0.01210	0.01530	0.01893	0.01938	0.01515	0.00551	0.01526	0.02023	0.01924	0.01359	0.01727	0.01720	0.01776	0.01387	0.00589	0.01660	0.02217
49760	0.42012	0.41269	0.45395	-0.16353	-0.14090	-0.14014	0.42758	0.39851	0.37974	-0.12345	-0.11049	-0.09677	0.34312	0.33952	0.39561	-0.55099	-0.34545	-0.19874
49930	0.41845	0.40729	0.45044	-0.16471	-0.14301	-0.14270	0.42746	0.39312	0.37612	-0.12567	-0.11272	-0.09972	0.33904	0.33669	0.39393	-0.55727	-0.35031	-0.20275
50090	0.41713	0.40633	0.44985	-0.16702	-0.14435	-0.14373	0.42275	0.39581	0.37875	-0.12599	-0.11311	-0.10022	0.33523	0.33710	0.39244	-0.56022	-0.35126	-0.20368
50260	0.41849	0.40769	0.45472	-0.16405	-0.14096	-0.13983	0.43187	0.40145	0.38124	-0.12291	-0.10955	-0.09692	0.34301	0.33987	0.39469	-0.55345	-0.34536	-0.19842
50420	0.41831	0.40681	0.44800	-0.16487	-0.14342	-0.14202	0.42160	0.39649	0.37769	-0.12567	-0.11271	-0.10029	0.33707	0.33547	0.39288	-0.55719	-0.34983	-0.20228
50590	0.41675	0.40686	0.44874	-0.16720	-0.14506	-0.14462	0.42448	0.39568	0.37591	-0.12727	-0.11417	-0.10064	0.33815	0.33726	0.39664	-0.55530	-0.34542	-0.19834
50750	0.42038	0.40920	0.45293	-0.16337	-0.14154	-0.14059	0.43065	0.39820	0.37966	-0.12437	-0.11142	-0.09803	0.34056	0.33759	0.39209	-0.55654	-0.34892	-0.20076
50910	0.41500	0.40781	0.45281	-0.16637	-0.14222	-0.14077	0.43036	0.39830	0.38079	-0.12383	-0.11040	-0.09799	0.33873	0.33814	0.39505	-0.55611	-0.34755	-0.19954
51080	0.41759	0.40679	0.44970	-0.16614	-0.14482	-0.14348	0.42831	0.39625	0.37620	-0.12682	-0.11404	-0.10069	0.33952	0.33767	0.39605	-0.55683	-0.34785	-0.20006
51240	0.41697	0.40502	0.45047	-0.16549	-0.14352	-0.14176	0.42892	0.39808	0.37848	-0.12587	-0.11196	-0.09783	0.33841	0.33385	0.39072	-0.55709	-0.34984	-0.20198	32.69	6.0	0.00	-2.04	0.01746	0.01210	0.01530	0.01893	0.01938	0.01515	0.00551	0.01526	0.02023	0.01924	0.01359	0.01727	0.01720	0.01776	0.01387	0.00589	0.01660	0.02217
51410	0.41674	0.40600	0.45173	-0.16525	-0.14288	-0.14220	0.43043	0.40117	0.38035	-0.12463	-0.11143	-0.09763	0.33828	0.33676	0.39320	-0.55496	-0.34740	-0.19973
51570	0.41507	0.40730	0.44910	-0.16623	-0.14488	-0.14422	0.43048	0.39292	0.37671	-0.12694	-0.11311	-0.09971	0.33871	0.33856	0.39401	-0.55569	-0.34781	-0.19877
51740	0.41597	0.40781	0.45082	-0.16555	-0.14323	-0.14237	0.42804	0.39871	0.37853	-0.12591	-0.11183	-0.09816	0.33712	0.33610	0.39413	-0.55522	-0.34939	-0.20125
51900	0.41710	0.40888	0.45375	-0.16331	-0.14083	-0.13930	0.43085	0.40467	0.38365	-0.12288	-0.10968	-0.09564	0.34285	0.34126	0.39731	-0.55259	-0.34551	-0.19784
52070	0.41578	0.40487	0.45237	-0.16487	-0.14317	-0.14255	0.42707	0.40099	0.38041	-0.12535	-0.11255	-0.09824	0.33947	0.33662	0.39493	-0.55682	-0.34879	-0.20140
52230	0.41515	0.40727	0.45056	-0.16734	-0.14482	-0.14446	0.42858	0.39617	0.37814	-0.12694	-0.11386	-0.09964	0.33996	0.33812	0.39633	-0.55580	-0.34722	-0.19881
52400	0.41782	0.40752	0.44844	-0.16492	-0.14299	-0.14301	0.42653	0.39964	0.37958	-0.12585	-0.11242	-0.09921	0.33863	0.33871	0.39679	-0.55844	-0.34990	-0.20249
52560	0.41717	0.40951	0.45268	-0.16343	-0.14093	-0.14036	0.42997	0.40089	0.38158	-0.12313	-0.11029	-0.09670	0.34354	0.34112	0.39964	-0.55359	-0.34536	-0.19860
52730	0.41733	0.40756	0.44943	-0.16466	-0.14264	-0.14262	0.42502	0.39492	0.37644	-0.12524	-0.11251	-0.09875	0.33982	0.33836	0.39526	-0.55644	-0.34775	-0.20114
52890	0.41694	0.40785	0.45015	-0.16696	-0.14416	-0.14362	0.42028	0.39638	0.37805	-0.12647	-0.11300	-0.09971	0.33866	0.33711	0.39408	-0.55561	-0.34667	-0.19898	32.64	6.1	0.00	-2.04	0.01746	0.01210	0.01530	0.01893	0.01938	0.01515	0.00551	0.01526	0.02023	0.01924	0.01359	0.01727	0.01720	0.01776	0.01387	0.00589	0.01660	0.02217
53060	0.41720	0.40676	0.45029	-0.16550	-0.14279	-0.14167	0.42579	0.39721	0.37932	-0.12524	-0.11224	-0.09895	0.34220	0.34128	0.39631	-0.55184	-0.34329	-0.19627
53220	0.42081	0.41052	0.45542	-0.16124	-0.13947	-0.13903	0.42806	0.40219	0.38059	-0.12322	-0.11005	-0.09657	0.34084	0.33895	0.39530	-0.55387	-0.34598	-0.19889
53390	0.41557	0.40538	0.45112	-0.16386	-0.14291	-0.14284	0.42530	0.39808	0.37819	-0.12552	-0.11196	-0.09873	0.33717	0.33621	0.39234	-0.55520	-0.34982	-0.20209
53550	0.41549	0.40900	0.45059	-0.16637	-0.14285	-0.14141	0.43155	0.39577	0.38051	-0.12415	-0.11094	-0.09766	0.33874	0.33920	0.39521	-0.55337	-0.34678	-0.19922
53720	0.41678	0.40654	0.44856	-0.16536	-0.14330	-0.14345	0.42323	0.39974	0.37909	-0.12583	-0.11317	-0.09864	0.34029	0.34000	0.39867	-0.55254	-0.34447	-0.19590
53880	0.41658	0.40602	0.45048	-0.16349	-0.14202	-0.14220	0.43306	0.40266	0.38121	-0.12458	-0.11178	-0.09774	0.34101	0.33681	0.39511	-0.55527	-0.34634	-0.19845
54050	0.41449	0.40411	0.45192	-0.16484	-0.14359	-0.14348	0.43189	0.39990	0.37930	-0.12604	-0.11304	-0.09839	0.33729	0.33593	0.39433	-0.55688	-0.34899	-0.20050
54220	0.41616	0.40926	0.45225	-0.16372	-0.14084	-0.14105	0.43126	0.40125	0.38127	-0.12341	-0.11038	-0.09591	0.33974	0.33839	0.39638	-0.55338	-0.34613	-0.19808
54380	0.41653	0.40639	0.44969	-0.16498	-0.14246	-0.14249	0.42542	0.39957	0.38007	-0.12466	-0.11171	-0.09738	0.33940	0.33796	0.39409	-0.55392	-0.34692	-0.19876
54550	0.41518	0.40677	0.45321	-0.16543	-0.14390	-0.14362	0.42265	0.39571	0.37293	-0.12719	-0.11305	-0.09882	0.33969	0.34014	0.39766	-0.55525	-0.34504	-0.19699	32.69	6.0	0.00	-2.04	0.01746	0.01210	0.01530	0.01893	0.01938	0.01515	0.00551	0.01526	0.02023	0.01924	0.01359	0.01727	0.01720	0.01776	0.01387	0.00589	0.01660	0.02217
54710	0.41541	0.41036	0.45209	-0.16375	-0.14196	-0.14221	0.42526	0.39756	0.37840	-0.12475	-0.11094	-0.09765	0.33876	0.33719	0.39601	-0.55376	-0.34612	-0.19909
54880	0.41605	0.40832	0.45010	-0.16430	-0.14213	-0.14235	0.42873	0.40153	0.38005	-0.12473	-0.11163	-0.09739	0.33816	0.33616	0.39227	-0.55654	-0.34749	-0.20057
55040	0.41644	0.40678	0.45083	-0.16193	-0.13906	-0.13878	0.43058	0.40347	0.38356	-0.12240	-0.10805	-0.09499	0.34359	0.34258	0.39839	-0.54972	-0.34393	-0.19685
55210	0.41482	0.40687	0.44904	-0.16240	-0.14014	-0.13983	0.42619	0.39975	0.38082	-0.12383	-0.11052	-0.09743	0.34201	0.33772	0.39262	-0.55507	-0.34652	-0.19870
55370	0.41386	0.40476	0.44655	-0.16566	-0.14382	-0.14374	0.42273	0.39303	0.37591	-0.12653	-0.11381	-0.10006	0.34022	0.33679	0.39315	-0.55726	-0.34762	-0.20034
55540	0.41723	0.40790	0.45065	-0.16442	-0.14199	-0.14086	0.42446	0.39332	0.37768	-0.12463	-0.11154	-0.09837	0.33818	0.33942	0.39601	-0.55658	-0.34750	-0.19961
55710	0.41650	0.40834	0.44865	-0.16416	-0.14169	-0.14150	0.42621	0.39559	0.37587	-0.12526	-0.11164	-0.09840	0.33879	0.33719	0.39532	-0.55328	-0.34542	-0.19735
55870	0.41856	0.41019	0.45246	-0.16291	-0.14098	-0.14056	0.42719	0.39917	0.37843	-0.12387	-0.11080	-0.09710	0.33879	0.33905	0.39283	-0.55414	-0.34724	-0.19858
56040	0.41524	0.40487	0.45155	-0.16477	-0.14286	-0.14172	0.42470	0.39967	0.37945	-0.12472	-0.11229	-0.09827	0.33613	0.33611	0.39191	-0.55683	-0.34959	-0.20137
56200	0.41591	0.40754	0.45122	-0.16586	-0.14274	-0.14138	0.42110	0.39945	0.37977	-0.12408	-0.11052	-0.09736	0.33702	0.33771	0.39576	-0.55417	-0.34593	-0.19853	32.69	6.1	0.00	-2.04	0.01746	0.01210	0.01530	0.01893	0.01938	0.01515	0.00551	0.01526	0.02023	0.01924	0.01359	0.01727	0.01719	0.01776	0.01387	0.00589	0.01660	0.02217
56370	0.41696	0.40552	0.45131	-0.16457	-0.14279	-0.14244	0.43252	0.39793	0.37876	-0.12568	-0.11255	-0.09823	0.33897	0.33703	0.39317	-0.55351	-0.34627	-0.19878
56530	0.41450	0.40594	0.44827	-0.16517	-0.14348	-0.14316	0.42859	0.40011	0.37962	-0.12608	-0.11272	-0.09923	0.33990	0.33746	0.39425	-0.55451	-0.34528	-0.19708
56700	0.41703	0.40807	0.45001	-0.16276	-0.14135	-0.14151	0.42732	0.39746	0.37836	-0.12486	-0.11179	-0.09700	0.33808	0.33767	0.39532	-0.55319	-0.34698	-0.19870
56860	0.41623	0.40916	0.45191	-0.16417	-0.14245	-0.14240	0.42612	0.39678	0.37871	-0.12517	-0.11095	-0.09783	0.33904	0.33979	0.39205	-0.55622	-0.34856	-0.20114
57030	0.41758	0.40896	0.45354	-0.16131	-0.13786	-0.13767	0.43520	0.40436	0.38292	-0.12105	-0.10728	-0.09397	0.34250	0.33822	0.39529	-0.55003	-0.34283	-0.19558
57200	0.41740	0.40776	0.45154	-0.16238	-0.14037	-0.14063	0.42990	0.40008	0.38040	-0.12358	-0.10986	-0.09580	0.33904	0.33758	0.39421	-0.55374	-0.34610	-0.19859
57360	0.41484	0.40580	0.44643	-0.16562	-0.14403	-0.14420	0.42668	0.39521	0.37688	-0.12664	-0.11327	-0.09921	0.33852	0.33757	0.39356	-0.55360	-0.34419	-0.19581
57530	0.41751	0.40681	0.45159	-0.16250	-0.14177	-0.14124	0.42417	0.39741	0.38143	-0.12464	-0.11167	-0.09799	0.34295	0.33906	0.39188	-0.55514	-0.34657	-0.19874
57690	0.41492	0.40498	0.44872	-0.16399	-0.14228	-0.14181	0.42483	0.39918	0.37696	-0.12463	-0.11161	-0.09827	0.33996	0.33755	0.39237	-0.55566	-0.34781	-0.20047
57860	0.41443	0.40907	0.44966	-0.16358	-0.14079	-0.14115	0.42565	0.39605	0.38007	-0.12392	-0.11081	-0.09709	0.33903	0.34098	0.39736	-0.55360	-0.34669	-0.19902	32.69	6.1	0.00	-2.04	0.01746	0.01210	0.01530	0.01893	0.01938	0.01515	0.00551	0.01526	0.02023	0.01924	0.01359	0.01727	0.01720	0.01776	0.01387	0.00589	0.01660	0.02217
58020	0.41700	0.40777	0.43991	-0.16481	-0.14281	-0.14282	0.42165	0.38297	0.37554	-0.12543	-0.11245	-0.09913	0.33829	0.33977	0.39753	-0.55572	-0.34818	-0.20087
58190	0.41712	0.40261	0.44272	-0.16610	-0.14298	-0.14377	0.43209	0.39459	0.37968	-0.12552	-0.11276	-0.09941	0.33789	0.34190	0.39436	-0.55692	-0.34809	-0.20002
58350	0.41389	0.40269	0.44185	-0.16471	-0.14299	-0.14191	0.41283	0.38133	0.36418	-0.12534	-0.11112	-0.09816	0.32488	0.32204	0.38044	-0.55328	-0.34544	-0.19738
58520	0.40270	0.39597	0.43544	-0.16204	-0.13633	-0.13555	0.40269	0.37963	0.36412	-0.11837	-0.10539	-0.09273	0.32939	0.33000	0.38821	-0.54585	-0.33917	-0.19362
