WetView ver 7.1	07-15-2019	21:27:57
AC9 Absorption and Attenuation Meter
00000311		; Serial number
2	; structure version number
Reserved
0.000000	0.000000		; Depth calibration
19200			; Baud rate
0.100000			; Path length (meters)
23			; number of temperature calibration bins
				12.61517	13.44096	14.46844	15.49904	16.50682	17.50108	18.49752	19.51783	20.49177	21.49009	22.48286	23.50673	24.54012	25.54812	26.49986	27.49321	28.50960	29.48671	30.47471	31.49432	32.50437	33.48679	34.49133	; temperature bins
a650	Blue	18.61587		0.01156	0.01096	0.01010	0.00930	0.00851	0.00774	0.00661	0.00573	0.00499	0.00402	0.00285	0.00203	0.00096	0.00000	-0.00110	-0.00152	-0.00210	-0.00247	-0.00259	-0.00317	-0.00346	-0.00380	-0.00403		; offset and temperature correction info
a676	Green	18.78942		0.00964	0.00899	0.00863	0.00813	0.00730	0.00639	0.00545	0.00448	0.00385	0.00301	0.00233	0.00165	0.00046	0.00000	-0.00106	-0.00167	-0.00251	-0.00280	-0.00316	-0.00329	-0.00377	-0.00392	-0.00441		; offset and temperature correction info
a715	Brown	18.59217		0.01171	0.01109	0.01043	0.00975	0.00878	0.00789	0.00685	0.00572	0.00469	0.00356	0.00255	0.00160	0.00061	0.00000	-0.00063	-0.00113	-0.00152	-0.00183	-0.00226	-0.00293	-0.00364	-0.00404	-0.00473		; offset and temperature correction info
c510	Red	18.18396		-0.00549	-0.00480	-0.00383	-0.00272	-0.00202	-0.00118	-0.00044	-0.00038	-0.00015	-0.00021	0.00013	0.00007	-0.00007	0.00000	-0.00007	-0.00065	-0.00045	-0.00018	0.00007	0.00039	-0.00001	-0.00002	-0.00045		; offset and temperature correction info
c532	Magenta	18.26528		-0.00721	-0.00645	-0.00581	-0.00518	-0.00465	-0.00345	-0.00281	-0.00270	-0.00182	-0.00141	-0.00108	-0.00072	-0.00022	0.00000	0.00044	0.00030	0.00031	-0.00006	-0.00052	-0.00089	-0.00142	-0.00149	-0.00154		; offset and temperature correction info
c555	Black	18.37125		-0.00430	-0.00419	-0.00381	-0.00319	-0.00286	-0.00254	-0.00205	-0.00196	-0.00138	-0.00137	-0.00067	-0.00051	-0.00030	0.00000	0.00067	0.00087	0.00057	0.00027	-0.00015	-0.00089	-0.00127	-0.00137	-0.00150		; offset and temperature correction info
a412	LtBlue	15.33566		-0.06011	-0.05567	-0.05012	-0.04441	-0.03922	-0.03412	-0.02941	-0.02503	-0.02049	-0.01588	-0.01121	-0.00784	-0.00311	0.00000	0.00273	0.00611	0.00757	0.00871	0.01066	0.01299	0.01539	0.01781	0.02175		; offset and temperature correction info
a440	LtGreen	16.05925		-0.01380	-0.01214	-0.01039	-0.00858	-0.00690	-0.00532	-0.00426	-0.00322	-0.00230	-0.00158	-0.00055	0.00006	0.00001	0.00000	0.00017	0.00016	-0.00094	-0.00222	-0.00363	-0.00486	-0.00567	-0.00651	-0.00782		; offset and temperature correction info
a488	Yellow	16.82827		0.00255	0.00293	0.00331	0.00354	0.00373	0.00378	0.00363	0.00350	0.00291	0.00225	0.00215	0.00142	0.00099	0.00000	-0.00092	-0.00169	-0.00295	-0.00396	-0.00479	-0.00542	-0.00582	-0.00604	-0.00663		; offset and temperature correction info
c650	Blue	18.49287		-0.00570	-0.00516	-0.00456	-0.00403	-0.00346	-0.00232	-0.00132	-0.00122	-0.00073	-0.00066	-0.00035	-0.00016	0.00003	0.00000	0.00044	0.00078	0.00108	0.00057	0.00040	-0.00042	-0.00033	-0.00029	-0.00034		; offset and temperature correction info
c676	Green	18.50570		0.00299	0.00293	0.00287	0.00293	0.00278	0.00294	0.00317	0.00251	0.00243	0.00215	0.00139	0.00123	0.00068	0.00000	-0.00041	-0.00106	-0.00205	-0.00268	-0.00325	-0.00413	-0.00495	-0.00610	-0.00674		; offset and temperature correction info
c715	Brown	17.88888		0.00826	0.00812	0.00773	0.00790	0.00766	0.00758	0.00753	0.00650	0.00571	0.00461	0.00359	0.00222	0.00101	0.00000	-0.00146	-0.00284	-0.00385	-0.00448	-0.00463	-0.00513	-0.00623	-0.00715	-0.00838		; offset and temperature correction info
a510	Red	17.18050		0.00353	0.00364	0.00354	0.00361	0.00381	0.00381	0.00356	0.00332	0.00277	0.00229	0.00176	0.00116	0.00036	0.00000	-0.00014	-0.00069	-0.00088	-0.00147	-0.00150	-0.00129	-0.00120	-0.00134	-0.00091		; offset and temperature correction info
a532	Magenta	17.40228		0.00550	0.00548	0.00526	0.00479	0.00464	0.00422	0.00393	0.00328	0.00253	0.00212	0.00136	0.00085	0.00039	0.00000	-0.00059	-0.00146	-0.00188	-0.00262	-0.00330	-0.00393	-0.00491	-0.00540	-0.00605		; offset and temperature correction info
a555	Black	17.72308		0.00849	0.00832	0.00800	0.00760	0.00724	0.00655	0.00580	0.00495	0.00435	0.00347	0.00252	0.00153	0.00049	0.00000	-0.00050	-0.00155	-0.00214	-0.00306	-0.00350	-0.00411	-0.00470	-0.00539	-0.00570		; offset and temperature correction info
c412	LtBlue	16.72802		-0.05949	-0.05458	-0.04744	-0.04134	-0.03547	-0.03064	-0.02511	-0.02047	-0.01574	-0.01163	-0.00761	-0.00442	-0.00204	0.00000	0.00100	0.00051	-0.00043	-0.00239	-0.00475	-0.00629	-0.00827	-0.00955	-0.01337		; offset and temperature correction info
c440	LtGreen	17.42637		-0.02723	-0.02503	-0.02216	-0.01930	-0.01691	-0.01394	-0.01125	-0.00926	-0.00732	-0.00582	-0.00401	-0.00226	-0.00093	0.00000	0.00082	0.00123	0.00133	0.00097	0.00038	-0.00003	-0.00022	-0.00023	-0.00125		; offset and temperature correction info
c488	Yellow	18.03666		-0.00640	-0.00554	-0.00465	-0.00357	-0.00276	-0.00154	-0.00067	-0.00031	-0.00014	-0.00012	0.00046	0.00032	0.00020	0.00000	0.00001	-0.00024	-0.00060	-0.00084	-0.00126	-0.00180	-0.00276	-0.00304	-0.00427		; offset and temperature correction info
0.003500	0.004000	0.015000	0.020000	0.015000	0.020000	2500.000000	2000.000000	1000.000000	; maxANoise	maxCNoise	maxADifference	maxCDifference	minACounts	minCCounts	minRCounts	maxTempSdev	maxDepthSdev
0			; auxilliary capabilities
1			; acquisition binsize
0	0.68916	0.64655	0.52250	2.96308	2.51391	2.13378	8.82524	5.24582	2.66789	1.36442	1.28787	1.13553	2.07558	1.63334	1.30117	9.52576	6.07518	3.55260	31.97	6.1	0.00	-2.04	0.01753	0.01214	0.01535	0.01866	0.01922	0.01504	0.00554	0.01534	0.02034	0.01910	0.01342	0.01708	0.01728	0.01785	0.01393	0.00580	0.01632	0.02187
170	0.69036	0.65086	0.52556	2.96386	2.51435	2.13406	8.83782	5.25116	2.67387	1.36464	1.28814	1.13435	2.07764	1.63376	1.29794	9.52521	6.07090	3.54913
330	0.68790	0.65000	0.52505	2.96084	2.51367	2.13487	8.83175	5.24889	2.67167	1.36607	1.28990	1.13557	2.07709	1.63178	1.30001	9.52086	6.07356	3.55122
500	0.68878	0.64735	0.52293	2.96126	2.51290	2.13169	8.82748	5.24653	2.66900	1.36344	1.28678	1.13314	2.07861	1.63598	1.30071	9.52411	6.07605	3.55409
660	0.69169	0.65130	0.52286	2.96492	2.51559	2.13406	8.83389	5.24755	2.67038	1.36533	1.28948	1.13613	2.07342	1.63125	1.29580	9.52666	6.07215	3.55081
830	0.68822	0.64597	0.52160	2.96339	2.51431	2.13308	8.83737	5.24657	2.66837	1.36537	1.28813	1.13558	2.07274	1.62820	1.29465	9.52396	6.07158	3.54950
990	0.68816	0.64902	0.52255	2.96396	2.51561	2.13567	8.82355	5.24613	2.66916	1.36693	1.28964	1.13693	2.07622	1.63056	1.29715	9.52731	6.07553	3.55217
1160	0.68794	0.64666	0.52094	2.96318	2.51368	2.13262	8.83911	5.24661	2.66764	1.36420	1.28818	1.13543	2.07360	1.62940	1.29634	9.52556	6.07328	3.55110
1320	0.68749	0.64463	0.51914	2.96076	2.51137	2.12985	8.82557	5.24177	2.66397	1.36255	1.28473	1.13216	2.07206	1.62927	1.29765	9.52636	6.07371	3.55125
1490	0.68690	0.64752	0.52003	2.96184	2.51259	2.13167	8.82894	5.24164	2.66513	1.36343	1.28697	1.13405	2.07180	1.62732	1.29542	9.52446	6.07175	3.55020
1660	0.68503	0.64527	0.52064	2.96279	2.51324	2.13273	8.82343	5.24217	2.66511	1.36432	1.28733	1.13557	2.06987	1.62618	1.29386	9.52365	6.07113	3.54912	32.03	5.9	0.00	-2.04	0.01753	0.01214	0.01535	0.01866	0.01922	0.01504	0.00555	0.01534	0.02034	0.01910	0.01342	0.01708	0.01728	0.01785	0.01393	0.00580	0.01632	0.02187
1820	0.68598	0.64775	0.52169	2.96499	2.51604	2.13616	8.83978	5.24937	2.67158	1.36725	1.29049	1.13811	2.07435	1.63132	1.29832	9.52860	6.07513	3.55284
1990	0.68688	0.64559	0.51941	2.96257	2.51313	2.13367	8.82658	5.24401	2.66856	1.36409	1.28750	1.13597	2.07383	1.62653	1.29351	9.52615	6.07180	3.55082
2150	0.68218	0.64234	0.51908	2.96038	2.51094	2.13214	8.82585	5.24270	2.66538	1.36286	1.28583	1.13344	2.07112	1.62514	1.29153	9.52300	6.07051	3.54864
2320	0.68410	0.64346	0.51905	2.95891	2.50924	2.13026	8.83601	5.24116	2.66479	1.36152	1.28461	1.13176	2.07130	1.62487	1.29387	9.52400	6.07044	3.54947
2480	0.68534	0.64247	0.51737	2.95818	2.50829	2.12951	8.83107	5.24367	2.66360	1.36096	1.28361	1.13080	2.07118	1.62598	1.29306	9.52385	6.07112	3.54937
2650	0.68491	0.64372	0.51839	2.95881	2.50940	2.12964	8.83613	5.24360	2.66502	1.36145	1.28435	1.13104	2.06918	1.62638	1.29217	9.52135	6.06776	3.54629
2810	0.68140	0.64320	0.51959	2.95585	2.50942	2.13224	8.84186	5.24463	2.66870	1.36434	1.28603	1.13335	2.07276	1.62886	1.29607	9.52710	6.07111	3.54971
2980	0.68441	0.64416	0.51903	2.95873	2.50874	2.12961	8.83607	5.24145	2.66481	1.36048	1.28364	1.13101	2.06997	1.62731	1.29176	9.51880	6.07052	3.54751
3140	0.68303	0.64115	0.51705	2.95684	2.50739	2.12781	8.82675	5.24056	2.66166	1.36016	1.28293	1.12990	2.07194	1.62952	1.29434	9.51735	6.06922	3.54780
3310	0.68322	0.64218	0.51822	2.95732	2.50872	2.12899	8.83082	5.24429	2.66242	1.36013	1.28340	1.12975	2.06962	1.62568	1.29218	9.51852	6.06762	3.54603	31.97	6.0	0.00	-2.04	0.01753	0.01214	0.01535	0.01866	0.01922	0.01504	0.00555	0.01534	0.02034	0.01910	0.01342	0.01708	0.01728	0.01785	0.01393	0.00580	0.01632	0.02187
3470	0.68230	0.64516	0.51784	2.95611	2.50781	2.12899	8.82577	5.24139	2.66648	1.36057	1.28344	1.13031	2.06915	1.62583	1.29377	9.52267	6.06688	3.54500
3640	0.68653	0.64587	0.51957	2.95804	2.50974	2.13068	8.83610	5.24431	2.66702	1.36216	1.28484	1.13159	2.07273	1.62871	1.29417	9.52307	6.06882	3.54683
3810	0.68336	0.64356	0.51901	2.95676	2.50803	2.12855	8.83043	5.24331	2.66492	1.35961	1.28317	1.12922	2.07026	1.62884	1.29503	9.52212	6.06719	3.54576
3970	0.68179	0.64366	0.51878	2.95518	2.50675	2.12574	8.82987	5.23807	2.66435	1.35732	1.28151	1.12841	2.07146	1.62849	1.29721	9.52337	6.06863	3.54732
4140	0.68425	0.64599	0.51947	2.95735	2.50817	2.12826	8.83262	5.24431	2.66575	1.35942	1.28291	1.12968	2.07244	1.62831	1.29440	9.51538	6.06720	3.54450
4300	0.68665	0.64615	0.51923	2.95690	2.50879	2.12920	8.83638	5.24577	2.66533	1.36013	1.28292	1.12992	2.07147	1.62703	1.29354	9.52087	6.06596	3.54443
4470	0.68564	0.64660	0.52110	2.95837	2.51037	2.13051	8.83695	5.24833	2.66932	1.36096	1.28483	1.13189	2.07343	1.63083	1.29661	9.52257	6.07034	3.54733
4630	0.68641	0.64665	0.51910	2.95663	2.50829	2.12740	8.82796	5.24501	2.66636	1.35827	1.28301	1.12944	2.07259	1.62678	1.29411	9.51822	6.06576	3.54436
4800	0.68359	0.64541	0.51885	2.95446	2.50752	2.12800	8.83841	5.24526	2.66544	1.35942	1.28313	1.13011	2.07380	1.62952	1.29576	9.51987	6.06745	3.54507
4960	0.68207	0.64511	0.51942	2.95567	2.50700	2.12603	8.82197	5.23962	2.66360	1.35723	1.28036	1.12729	2.07383	1.63080	1.29752	9.52329	6.06907	3.54779	32.03	6.1	0.00	-2.04	0.01753	0.01214	0.01535	0.01866	0.01922	0.01504	0.00555	0.01534	0.02034	0.01910	0.01342	0.01708	0.01728	0.01785	0.01393	0.00580	0.01632	0.02187
5130	0.68586	0.64413	0.52109	2.95803	2.50940	2.12836	8.83107	5.24628	2.66734	1.35899	1.28345	1.13060	2.07135	1.62906	1.29367	9.52059	6.06737	3.54463
5290	0.68383	0.64405	0.51871	2.95516	2.50599	2.12519	8.83214	5.23793	2.66174	1.35591	1.27980	1.12771	2.06889	1.62616	1.29025	9.51779	6.06527	3.54296
5460	0.68350	0.64322	0.51630	2.95529	2.50661	2.12519	8.81906	5.24280	2.66439	1.35620	1.28119	1.12788	2.06995	1.62590	1.29247	9.52089	6.06661	3.54413
5620	0.68237	0.64263	0.51762	2.95425	2.50557	2.12427	8.82428	5.24114	2.66309	1.35528	1.27980	1.12668	2.06893	1.62787	1.29386	9.52274	6.06808	3.54488
5790	0.68533	0.64579	0.51879	2.95548	2.50684	2.12556	8.82837	5.23956	2.66576	1.35555	1.28175	1.12820	2.06969	1.62825	1.29405	9.51939	6.06600	3.54392
5950	0.68383	0.64540	0.51834	2.95541	2.50684	2.12532	8.82220	5.23774	2.66419	1.35644	1.28107	1.12837	2.07040	1.62674	1.29232	9.51834	6.06645	3.54218
6120	0.68433	0.64325	0.52087	2.95728	2.50929	2.12728	8.82124	5.24588	2.66473	1.35786	1.28333	1.13006	2.07282	1.62845	1.29435	9.52249	6.06743	3.54511
6290	0.68425	0.64382	0.51790	2.95708	2.50820	2.12635	8.81435	5.24130	2.66314	1.35702	1.28239	1.12944	2.07008	1.62705	1.29414	9.52119	6.06803	3.54591
6450	0.68292	0.64340	0.51652	2.95658	2.50687	2.12442	8.82141	5.23697	2.66232	1.35410	1.27951	1.12671	2.07036	1.62663	1.29511	9.51894	6.06964	3.54674
6620	0.68603	0.64448	0.51644	2.95633	2.50811	2.12511	8.82055	5.24069	2.66469	1.35585	1.28192	1.12854	2.06996	1.62785	1.29275	9.52037	6.06684	3.54526	32.03	6.0	0.00	-2.04	0.01753	0.01214	0.01535	0.01866	0.01922	0.01504	0.00555	0.01534	0.02034	0.01910	0.01342	0.01708	0.01728	0.01785	0.01393	0.00580	0.01632	0.02187
6780	0.68522	0.64383	0.51780	2.95669	2.50737	2.12679	8.82717	5.23953	2.66334	1.35662	1.28270	1.12845	2.06866	1.62695	1.29162	9.52232	6.06557	3.54315
6950	0.68567	0.64511	0.52073	2.95885	2.51075	2.12926	8.83964	5.24510	2.66604	1.35933	1.28431	1.12973	2.07282	1.62860	1.29363	9.52402	6.06903	3.54548
7110	0.68481	0.64456	0.51841	2.95724	2.50735	2.12626	8.82717	5.24195	2.66380	1.35616	1.28210	1.12841	2.06865	1.62728	1.29198	9.51942	6.06656	3.54386
7280	0.68372	0.64041	0.51878	2.95583	2.50842	2.12743	8.82588	5.24423	2.66453	1.35774	1.28485	1.13009	2.07032	1.62533	1.29172	9.52252	6.06874	3.54595
7440	0.68432	0.64220	0.51615	2.95643	2.50711	2.12528	8.81993	5.23749	2.65974	1.35473	1.28083	1.12701	2.06757	1.62577	1.29260	9.51912	6.06921	3.54629
7610	0.68417	0.64188	0.51683	2.95803	2.50822	2.12793	8.82734	5.24308	2.66403	1.35689	1.28307	1.12906	2.06681	1.62276	1.28866	9.51712	6.06683	3.54421
7770	0.68237	0.64081	0.51613	2.95539	2.50713	2.12715	8.82459	5.24345	2.66278	1.35588	1.28290	1.12789	2.06852	1.62498	1.29211	9.51737	6.06571	3.54270
7930	0.68091	0.64077	0.51529	2.95395	2.50442	2.12306	8.81931	5.23752	2.65886	1.35295	1.27985	1.12519	2.06623	1.62355	1.28895	9.51632	6.06584	3.54283
8100	0.68173	0.64276	0.51615	2.95337	2.50538	2.12519	8.81802	5.23924	2.66276	1.35507	1.28107	1.12663	2.06862	1.62499	1.28833	9.52152	6.06569	3.54349
8260	0.68024	0.63939	0.51540	2.95348	2.50449	2.12349	8.81790	5.23321	2.65873	1.35466	1.28021	1.12602	2.06985	1.62659	1.29322	9.52233	6.07107	3.54917	32.03	6.1	0.00	-2.04	0.01753	0.01214	0.01535	0.01866	0.01922	0.01504	0.00554	0.01534	0.02034	0.01910	0.01342	0.01708	0.01728	0.01785	0.01393	0.00580	0.01632	0.02188
8430	0.68456	0.64527	0.51645	2.95838	2.50832	2.12867	8.82329	5.23935	2.66330	1.35766	1.28370	1.12825	2.07009	1.62442	1.29017	9.52343	6.06872	3.54682
8590	0.68131	0.64106	0.51472	2.95528	2.50653	2.12624	8.82323	5.24101	2.66313	1.35659	1.28170	1.12829	2.06869	1.62556	1.28818	9.51809	6.06498	3.54274
8760	0.68444	0.64269	0.51809	2.95664	2.50853	2.12941	8.82789	5.24413	2.66535	1.35908	1.28445	1.13044	2.07098	1.62588	1.29270	9.52118	6.06826	3.54651
8920	0.68282	0.64126	0.51584	2.95525	2.50685	2.12702	8.83424	5.24072	2.66224	1.35616	1.28209	1.12766	2.06988	1.62346	1.28814	9.51819	6.06461	3.54373
9090	0.68154	0.63893	0.51454	2.95402	2.50512	2.12625	8.82396	5.23745	2.66117	1.35589	1.28131	1.12762	2.06976	1.62438	1.29122	9.51898	6.06576	3.54405
9250	0.68192	0.64306	0.51657	2.95473	2.50537	2.12593	8.81795	5.24105	2.66045	1.35550	1.28136	1.12748	2.06606	1.62409	1.29083	9.51859	6.06431	3.54235
9420	0.68173	0.64355	0.51813	2.95762	2.50902	2.12851	8.82912	5.24105	2.66421	1.35888	1.28357	1.12993	2.07084	1.62683	1.29308	9.51923	6.06724	3.54610
9590	0.68283	0.64305	0.51880	2.95684	2.50735	2.12687	8.81526	5.23818	2.66391	1.35594	1.28261	1.12883	2.06740	1.62378	1.29129	9.51629	6.06447	3.54292
9750	0.67935	0.64164	0.51437	2.95392	2.50386	2.12322	8.82531	5.23245	2.65925	1.35351	1.27910	1.12567	2.06558	1.62375	1.29223	9.51854	6.06495	3.54332
9920	0.68056	0.64178	0.51807	2.95594	2.50626	2.12684	8.83194	5.23973	2.66073	1.35656	1.28195	1.12906	2.06593	1.62605	1.29187	9.51994	6.06507	3.54400	32.03	6.2	0.00	-2.04	0.01753	0.01214	0.01535	0.01866	0.01922	0.01504	0.00554	0.01534	0.02034	0.01910	0.01342	0.01708	0.01728	0.01784	0.01393	0.00580	0.01632	0.02188
10080	0.68218	0.64146	0.51649	2.95508	2.50554	2.12489	8.82391	5.23856	2.66047	1.35540	1.28072	1.12696	2.07005	1.62668	1.29358	9.52129	6.06903	3.54731
10250	0.68466	0.64375	0.51997	2.95808	2.50827	2.12786	8.82745	5.24049	2.66284	1.35814	1.28409	1.13031	2.07037	1.62742	1.29637	9.52344	6.06895	3.54662
10410	0.68257	0.64217	0.51611	2.95679	2.50758	2.12599	8.82127	5.23965	2.66218	1.35681	1.28289	1.12894	2.06801	1.62308	1.29163	9.51999	6.06550	3.54390
10580	0.68012	0.64048	0.51624	2.95472	2.50575	2.12494	8.82217	5.23794	2.66144	1.35663	1.28163	1.12778	2.06657	1.62108	1.28863	9.51769	6.06461	3.54259
10750	0.68109	0.64042	0.51721	2.95525	2.50598	2.12660	8.81892	5.24173	2.66174	1.35710	1.28194	1.12859	2.06646	1.62423	1.29022	9.51734	6.06582	3.54437
10910	0.68095	0.64090	0.51586	2.95507	2.50467	2.12553	8.82453	5.24094	2.66434	1.35600	1.28097	1.12753	2.06785	1.62303	1.29048	9.51664	6.06355	3.54409
11080	0.68022	0.64047	0.51658	2.95293	2.50233	2.12290	8.80737	5.23858	2.66244	1.35394	1.27813	1.12483	2.06895	1.62436	1.29249	9.51389	6.06558	3.54524
11240	0.68109	0.64008	0.51677	2.95456	2.50419	2.12461	8.82111	5.23906	2.66344	1.35579	1.28018	1.12679	2.06762	1.62462	1.29191	9.51599	6.06562	3.54453
11410	0.68304	0.64529	0.51814	2.95339	2.50439	2.12522	8.81869	5.24116	2.66262	1.35599	1.28086	1.12784	2.06590	1.62453	1.29213	9.51245	6.06316	3.54141
11580	0.68285	0.64380	0.51769	2.95650	2.50703	2.12863	8.82691	5.24259	2.66633	1.35873	1.28479	1.13009	2.07120	1.62808	1.29434	9.52341	6.06829	3.54606	32.03	6.0	0.00	-2.04	0.01753	0.01214	0.01535	0.01866	0.01922	0.01504	0.00554	0.01534	0.02034	0.01910	0.01342	0.01708	0.01728	0.01784	0.01393	0.00580	0.01632	0.02188
11740	0.68084	0.64362	0.51603	2.95641	2.50677	2.12742	8.82770	5.24404	2.66256	1.35744	1.28258	1.12830	2.06848	1.62379	1.28924	9.51461	6.06597	3.54505
11900	0.67972	0.63904	0.51432	2.95409	2.50336	2.12401	8.81989	5.23593	2.65868	1.35492	1.27963	1.12639	2.06399	1.62283	1.28965	9.51696	6.06565	3.54340
12070	0.67961	0.63896	0.51554	2.95386	2.50487	2.12578	8.81215	5.23568	2.65802	1.35588	1.28092	1.12735	2.06628	1.62418	1.29209	9.51451	6.06570	3.54413
12240	0.68081	0.63981	0.51474	2.95452	2.50447	2.12512	8.81098	5.23561	2.65941	1.35567	1.27970	1.12668	2.06919	1.62806	1.29313	9.51721	6.06846	3.54750
12400	0.68450	0.64345	0.51787	2.95767	2.50677	2.12703	8.82888	5.23778	2.66255	1.35790	1.28150	1.12891	2.06750	1.62560	1.29380	9.52121	6.06727	3.54516
12570	0.68310	0.64173	0.51426	2.95489	2.50513	2.12590	8.82079	5.24073	2.65744	1.35734	1.28084	1.12784	2.06336	1.62491	1.29072	9.52011	6.06514	3.54296
12730	0.67819	0.64132	0.51720	2.95352	2.50572	2.12782	8.82259	5.23898	2.66303	1.35830	1.28336	1.13036	2.06864	1.62604	1.29178	9.52281	6.06914	3.54700
12900	0.68038	0.64001	0.51429	2.95609	2.50489	2.12621	8.82759	5.23855	2.65966	1.35664	1.28106	1.12871	2.06724	1.62526	1.29012	9.51961	6.06817	3.54583
13060	0.68172	0.63973	0.51563	2.95453	2.50318	2.12451	8.81883	5.23934	2.65983	1.35530	1.28009	1.12754	2.06621	1.62391	1.29164	9.52480	6.07125	3.55006
13230	0.67886	0.63982	0.51470	2.95841	2.50760	2.12816	8.82104	5.23790	2.66126	1.35767	1.28178	1.12953	2.06933	1.62575	1.29294	9.52148	6.06705	3.54694	32.03	6.0	0.00	-2.04	0.01753	0.01214	0.01535	0.01866	0.01922	0.01504	0.00554	0.01534	0.02034	0.01910	0.01342	0.01708	0.01728	0.01784	0.01393	0.00580	0.01632	0.02188
13390	0.68179	0.64116	0.51580	2.95725	2.50690	2.12859	8.83204	5.24182	2.66185	1.35784	1.28237	1.12979	2.06818	1.62561	1.28932	9.51793	6.06561	3.54476
13560	0.68369	0.64433	0.51828	2.95910	2.50920	2.13022	8.82373	5.24312	2.66555	1.35994	1.28504	1.13197	2.07070	1.62666	1.29138	9.52203	6.06932	3.54908
13720	0.68104	0.64093	0.51488	2.95862	2.50826	2.12813	8.81975	5.23613	2.66019	1.35770	1.28252	1.12960	2.06592	1.62280	1.28960	9.51698	6.06630	3.54407
13890	0.67856	0.63737	0.51407	2.95478	2.50423	2.12455	8.81935	5.23633	2.66002	1.35433	1.28004	1.12663	2.06627	1.62247	1.28973	9.51883	6.06648	3.54580
14060	0.67814	0.64007	0.51460	2.95730	2.50647	2.12519	8.82120	5.23820	2.66269	1.35557	1.28087	1.12739	2.06688	1.62190	1.29071	9.51593	6.06092	3.54114
14220	0.68251	0.64369	0.51860	2.95857	2.50939	2.12875	8.82188	5.24235	2.66464	1.35932	1.28533	1.13085	2.06779	1.62650	1.29424	9.52502	6.06738	3.54613
14390	0.68158	0.64114	0.51610	2.95801	2.50839	2.12728	8.82530	5.23804	2.66017	1.35693	1.28299	1.12893	2.06577	1.62502	1.28965	9.51908	6.06474	3.54280
14550	0.67862	0.63777	0.51396	2.95503	2.50538	2.12380	8.80814	5.23550	2.65778	1.35438	1.27985	1.12624	2.06472	1.62231	1.29028	9.52003	6.06556	3.54406
14720	0.68069	0.63983	0.51516	2.95740	2.50818	2.12632	8.81380	5.23465	2.65971	1.35517	1.28167	1.12746	2.07063	1.62819	1.29384	9.52507	6.07055	3.54755
14880	0.68319	0.64144	0.51614	2.96155	2.51159	2.12980	8.82525	5.23950	2.66494	1.35804	1.28411	1.12964	2.07160	1.62626	1.29275	9.52428	6.06815	3.54512	32.03	6.1	0.00	-2.04	0.01753	0.01214	0.01535	0.01866	0.01922	0.01504	0.00554	0.01534	0.02034	0.01910	0.01342	0.01708	0.01728	0.01784	0.01393	0.00580	0.01632	0.02188
15050	0.68134	0.64063	0.51644	2.95712	2.50781	2.12631	8.81565	5.23909	2.66014	1.35483	1.28147	1.12678	2.06818	1.62254	1.28888	9.51903	6.06290	3.54184
15210	0.67841	0.64196	0.51671	2.95420	2.50854	2.12770	8.83334	5.23959	2.66289	1.35775	1.28341	1.12949	2.07084	1.62418	1.29205	9.51953	6.06793	3.54575
15380	0.68052	0.63938	0.51457	2.95714	2.50853	2.12713	8.82710	5.23734	2.66130	1.35650	1.28221	1.12821	2.06761	1.62438	1.28956	9.52323	6.06616	3.54373
15540	0.68185	0.63941	0.51374	2.95569	2.50716	2.12520	8.81554	5.23746	2.66073	1.35406	1.28060	1.12704	2.06610	1.62411	1.29130	9.51758	6.06576	3.54375
15710	0.68117	0.64075	0.51651	2.95574	2.50751	2.12528	8.82160	5.23837	2.66177	1.35397	1.28075	1.12648	2.06587	1.62384	1.28782	9.52023	6.06412	3.54176
15870	0.68275	0.64319	0.51862	2.95787	2.51053	2.12939	8.83137	5.24215	2.66417	1.35746	1.28351	1.12914	2.07323	1.62702	1.29405	9.52223	6.06953	3.54641
16040	0.68203	0.64386	0.51595	2.95815	2.50939	2.12698	8.83638	5.23941	2.66431	1.35650	1.28284	1.12778	2.06902	1.62412	1.29042	9.52188	6.06660	3.54401
16200	0.68068	0.64067	0.51334	2.95502	2.50645	2.12339	8.82441	5.23544	2.65866	1.35262	1.27928	1.12491	2.06825	1.62715	1.29386	9.52573	6.06806	3.54659
16370	0.68231	0.64445	0.51685	2.95744	2.50896	2.12574	8.82475	5.24158	2.66234	1.35481	1.28174	1.12583	2.06977	1.62673	1.29051	9.52043	6.06611	3.54353
16540	0.67964	0.64365	0.51660	2.95689	2.50838	2.12466	8.82344	5.23864	2.66256	1.35481	1.28106	1.12640	2.06860	1.62516	1.29076	9.51718	6.06472	3.54226	32.08	5.9	0.00	-2.04	0.01753	0.01214	0.01535	0.01866	0.01922	0.01504	0.00554	0.01534	0.02034	0.01910	0.01342	0.01708	0.01728	0.01784	0.01393	0.00580	0.01632	0.02188
16700	0.68268	0.64586	0.51891	2.95981	2.51108	2.12843	8.82867	5.24624	2.66770	1.35748	1.28389	1.12848	2.07325	1.62831	1.29505	9.52468	6.06820	3.54675
16870	0.68346	0.64471	0.51662	2.95820	2.50881	2.12526	8.81935	5.23892	2.66305	1.35457	1.28175	1.12719	2.06889	1.62634	1.29188	9.51534	6.06467	3.54257
17030	0.68009	0.63986	0.51472	2.95457	2.50532	2.12141	8.81519	5.23751	2.66285	1.35117	1.27821	1.12394	2.06891	1.62609	1.29084	9.51793	6.06500	3.54370
17200	0.68089	0.64349	0.51683	2.95703	2.50793	2.12451	8.83873	5.24368	2.66375	1.35427	1.28057	1.12610	2.06982	1.62645	1.29341	9.51913	6.06486	3.54416
17360	0.68295	0.64143	0.51714	2.95632	2.50686	2.12376	8.81688	5.24214	2.66199	1.35381	1.27972	1.12535	2.07165	1.62727	1.29659	9.52108	6.06607	3.54564
17530	0.68234	0.64594	0.51714	2.95809	2.50874	2.12466	8.81637	5.24437	2.66511	1.35455	1.28117	1.12632	2.07120	1.62541	1.29315	9.51404	6.06417	3.54235
17690	0.68144	0.64120	0.51611	2.95498	2.50592	2.12265	8.83209	5.24174	2.66330	1.35292	1.27841	1.12399	2.06796	1.62362	1.29177	9.51474	6.06052	3.53991
17860	0.68066	0.64324	0.51781	2.95728	2.50907	2.12618	8.83800	5.24497	2.66756	1.35654	1.28202	1.12778	2.07251	1.62589	1.29335	9.52028	6.06441	3.54364
18020	0.68078	0.64211	0.51527	2.95643	2.50706	2.12388	8.82311	5.24300	2.66144	1.35360	1.27922	1.12413	2.06929	1.62486	1.28969	9.51354	6.06248	3.54058
18190	0.67979	0.64041	0.51365	2.95404	2.50421	2.12203	8.81184	5.23660	2.66210	1.35249	1.27803	1.12350	2.07045	1.62471	1.29097	9.51772	6.06275	3.54184	32.03	6.0	0.00	-2.04	0.01753	0.01214	0.01535	0.01866	0.01922	0.01504	0.00554	0.01534	0.02034	0.01910	0.01342	0.01708	0.01728	0.01784	0.01393	0.00580	0.01632	0.02188
18350	0.68126	0.64087	0.51612	2.95553	2.50639	2.12405	8.82430	5.24193	2.66628	1.35378	1.27924	1.12415	2.07193	1.62536	1.29159	9.51213	6.05837	3.53888
18520	0.68360	0.64427	0.51867	2.95801	2.50941	2.12670	8.82222	5.24546	2.66876	1.35672	1.28167	1.12691	2.07332	1.62931	1.29528	9.51977	6.06295	3.54209
18680	0.68216	0.64164	0.51533	2.95685	2.50673	2.12344	8.81975	5.24226	2.66345	1.35323	1.27922	1.12368	2.07037	1.62354	1.28838	9.51108	6.05838	3.53748
18850	0.67847	0.64060	0.51469	2.95126	2.50360	2.12082	8.82060	5.24248	2.66275	1.35091	1.27685	1.12247	2.07001	1.62553	1.29341	9.51163	6.05959	3.53899
19020	0.68126	0.64140	0.51632	2.95314	2.50451	2.12133	8.83447	5.24227	2.66316	1.35162	1.27805	1.12345	2.06787	1.62409	1.29125	9.51517	6.05682	3.53644
19180	0.68307	0.64208	0.51794	2.95489	2.50730	2.12475	8.83194	5.24587	2.66510	1.35428	1.27948	1.12436	2.07100	1.62753	1.29342	9.51597	6.06180	3.54050
19350	0.68163	0.64125	0.51725	2.95420	2.50518	2.12136	8.81908	5.23821	2.66210	1.35085	1.27659	1.12230	2.06873	1.62371	1.29214	9.50938	6.05635	3.53605
19510	0.68027	0.64049	0.51679	2.94936	2.50158	2.11831	8.82189	5.23560	2.66141	1.34862	1.27496	1.12019	2.06702	1.62627	1.29204	9.51607	6.05919	3.53869
19680	0.68208	0.64187	0.51833	2.95299	2.50519	2.12139	8.83082	5.24073	2.66301	1.35212	1.27783	1.12387	2.06945	1.62630	1.29328	9.51772	6.06170	3.53948
19840	0.68233	0.64091	0.51762	2.95295	2.50451	2.12041	8.81143	5.24241	2.66430	1.35024	1.27683	1.12136	2.07074	1.62747	1.29506	9.51769	6.06193	3.54159	31.97	6.1	0.00	-2.04	0.01753	0.01214	0.01535	0.01866	0.01922	0.01504	0.00554	0.01534	0.02034	0.01910	0.01342	0.01708	0.01728	0.01784	0.01393	0.00580	0.01632	0.02188
20010	0.68353	0.64497	0.51814	2.95505	2.50635	2.12354	8.82770	5.24405	2.66613	1.35185	1.27820	1.12368	2.07107	1.62564	1.29327	9.51874	6.06036	3.53936
20170	0.68252	0.64218	0.51599	2.95316	2.50438	2.12131	8.82186	5.24420	2.66193	1.35145	1.27730	1.12290	2.06799	1.62731	1.29010	9.51390	6.05958	3.53834
20340	0.68149	0.64260	0.51551	2.95163	2.50261	2.12047	8.82955	5.23924	2.66308	1.34930	1.27509	1.12103	2.06914	1.62378	1.29044	9.50966	6.05601	3.53563
20510	0.68236	0.64372	0.51596	2.95057	2.50228	2.12024	8.82804	5.24160	2.66317	1.35031	1.27614	1.12110	2.06804	1.62424	1.29339	9.51030	6.05746	3.53702
20670	0.68135	0.64158	0.51384	2.94897	2.49999	2.11724	8.82012	5.24048	2.66164	1.34795	1.27324	1.11964	2.06910	1.62955	1.29631	9.51675	6.06112	3.54089
20840	0.68476	0.64323	0.51704	2.95271	2.50282	2.12150	8.82675	5.24280	2.66396	1.35087	1.27553	1.12162	2.07081	1.62803	1.29515	9.51844	6.06061	3.53932
21000	0.68207	0.64256	0.51684	2.95120	2.50126	2.12030	8.81737	5.24502	2.66243	1.35011	1.27528	1.12171	2.06855	1.62484	1.29292	9.51335	6.05617	3.53665
21170	0.67982	0.64027	0.51599	2.94974	2.50039	2.11972	8.82714	5.23933	2.66532	1.34978	1.27402	1.12074	2.06960	1.62598	1.29020	9.51005	6.05519	3.53491
21330	0.68146	0.64173	0.51821	2.95006	2.50098	2.12025	8.83753	5.24045	2.66641	1.35066	1.27549	1.12206	2.06997	1.62791	1.29257	9.51215	6.05665	3.53682
21500	0.68316	0.64071	0.51639	2.94964	2.49984	2.11907	8.83021	5.24197	2.66284	1.34926	1.27442	1.12102	2.06863	1.62421	1.29140	9.51008	6.05505	3.53517	32.03	6.1	0.00	-2.04	0.01753	0.01214	0.01535	0.01866	0.01922	0.01504	0.00554	0.01534	0.02034	0.01910	0.01342	0.01708	0.01728	0.01784	0.01393	0.00580	0.01632	0.02188
21660	0.67904	0.63996	0.51439	2.94770	2.49822	2.11756	8.82044	5.23930	2.66114	1.34734	1.27310	1.11935	2.06969	1.62720	1.29319	9.51003	6.05514	3.53584
21830	0.68154	0.64182	0.51646	2.94874	2.49927	2.11943	8.82403	5.24210	2.66181	1.34817	1.27320	1.11939	2.06976	1.62745	1.29294	9.50923	6.05658	3.53699
22000	0.68115	0.64214	0.51734	2.94873	2.49879	2.11869	8.82931	5.23925	2.66168	1.34786	1.27227	1.11892	2.06900	1.62600	1.29275	9.51263	6.05932	3.53903
22160	0.68265	0.64324	0.51563	2.95109	2.50146	2.12104	8.82476	5.24348	2.66365	1.34959	1.27378	1.12074	2.06945	1.62608	1.29156	9.50898	6.05632	3.53680
22330	0.68044	0.64161	0.51423	2.94681	2.49747	2.11791	8.83780	5.23935	2.66252	1.34689	1.27060	1.11758	2.06733	1.62133	1.28729	9.50833	6.05313	3.53276
22490	0.67970	0.63839	0.51413	2.94454	2.49578	2.11751	8.82931	5.24098	2.66365	1.34803	1.27179	1.11868	2.07019	1.62680	1.29169	9.51128	6.05521	3.53502
22660	0.68088	0.64048	0.51639	2.94656	2.49667	2.11625	8.82375	5.23885	2.66134	1.34619	1.27098	1.11772	2.06754	1.62393	1.29196	9.50714	6.05452	3.53382
22820	0.68045	0.63971	0.51534	2.94519	2.49521	2.11547	8.81460	5.23835	2.66049	1.34588	1.26941	1.11641	2.06812	1.62497	1.29245	9.50893	6.05645	3.53506
22990	0.68104	0.64090	0.51634	2.94533	2.49600	2.11637	8.82555	5.24121	2.66365	1.34623	1.27033	1.11739	2.06964	1.62450	1.29110	9.51298	6.05459	3.53326
23150	0.67975	0.64374	0.51591	2.94497	2.49551	2.11663	8.82009	5.23809	2.66270	1.34593	1.26993	1.11743	2.06825	1.62301	1.29125	9.50861	6.05431	3.53237	32.03	6.0	0.00	-2.04	0.01753	0.01214	0.01535	0.01866	0.01922	0.01504	0.00554	0.01534	0.02034	0.01910	0.01342	0.01708	0.01728	0.01784	0.01393	0.00580	0.01632	0.02188
23320	0.68109	0.64265	0.51754	2.94522	2.49700	2.11682	8.83222	5.24344	2.66746	1.34750	1.27122	1.11864	2.07141	1.62601	1.29295	9.51275	6.05613	3.53392
23490	0.67876	0.64209	0.51644	2.94401	2.49540	2.11475	8.81880	5.23666	2.66242	1.34492	1.26877	1.11615	2.06984	1.62511	1.29078	9.50761	6.05377	3.53227
23650	0.67928	0.64132	0.51170	2.94222	2.49329	2.11337	8.82194	5.23809	2.65958	1.34397	1.26755	1.11550	2.06978	1.62596	1.29401	9.51066	6.05525	3.53351
23820	0.68104	0.64075	0.51546	2.94375	2.49389	2.11438	8.81370	5.23803	2.65980	1.34509	1.26833	1.11639	2.06789	1.62667	1.29217	9.50372	6.05334	3.53132
23980	0.68219	0.64220	0.51541	2.94368	2.49334	2.11316	8.82520	5.23615	2.66340	1.34471	1.26800	1.11518	2.06645	1.62489	1.29287	9.50587	6.05106	3.52908
24150	0.67938	0.64339	0.51774	2.94393	2.49519	2.11455	8.82554	5.24229	2.66615	1.34577	1.26989	1.11689	2.07437	1.62653	1.29256	9.51210	6.05533	3.53347
24310	0.67998	0.64129	0.51562	2.94376	2.49393	2.11339	8.82520	5.24065	2.66421	1.34419	1.26793	1.11588	2.07139	1.62677	1.29366	9.50617	6.05283	3.53093
24480	0.67841	0.64089	0.51477	2.94226	2.49527	2.11526	8.82093	5.24540	2.66654	1.34619	1.27016	1.11732	2.07358	1.62794	1.29530	9.50776	6.05490	3.53311
24640	0.67817	0.64066	0.51420	2.94230	2.49290	2.11226	8.81908	5.23774	2.66089	1.34287	1.26648	1.11386	2.06756	1.62346	1.29258	9.50292	6.05088	3.52916
24810	0.67966	0.63987	0.51205	2.94019	2.49097	2.11104	8.82983	5.23799	2.65889	1.34128	1.26560	1.11291	2.06824	1.62575	1.29048	9.50556	6.05193	3.52968	32.03	6.1	0.00	-2.04	0.01753	0.01214	0.01535	0.01866	0.01922	0.01504	0.00554	0.01534	0.02034	0.01910	0.01342	0.01708	0.01728	0.01784	0.01393	0.00580	0.01632	0.02188
24970	0.68117	0.63926	0.51313	2.94186	2.49218	2.11254	8.82028	5.23864	2.66012	1.34321	1.26805	1.11472	2.06726	1.62256	1.28897	9.50162	6.04989	3.52820
25140	0.68105	0.64338	0.51689	2.94282	2.49411	2.11392	8.82528	5.24179	2.66401	1.34515	1.26832	1.11712	2.06993	1.62616	1.29177	9.50556	6.05198	3.53032
25300	0.68040	0.64131	0.51519	2.94049	2.49198	2.11053	8.81058	5.24100	2.66247	1.34210	1.26589	1.11423	2.06804	1.62433	1.28970	9.50107	6.04878	3.52773
25470	0.67962	0.63911	0.51409	2.93892	2.49023	2.10890	8.82107	5.23894	2.66062	1.34080	1.26488	1.11244	2.07032	1.62562	1.29117	9.50481	6.05183	3.52974
25640	0.67813	0.64167	0.51532	2.94101	2.49249	2.11010	8.81540	5.24277	2.66292	1.34172	1.26641	1.11370	2.06910	1.62367	1.29367	9.49918	6.04987	3.52748
25800	0.68016	0.64278	0.51616	2.94049	2.49151	2.11128	8.81450	5.24073	2.65996	1.34287	1.26608	1.11457	2.06871	1.62351	1.29253	9.50596	6.05002	3.52790
25970	0.68231	0.64336	0.51847	2.94250	2.49404	2.11297	8.83022	5.24419	2.66555	1.34400	1.26779	1.11512	2.07042	1.62889	1.29333	9.50656	6.05181	3.52852
26130	0.68175	0.64383	0.51617	2.94085	2.49214	2.10964	8.82786	5.23891	2.66368	1.34134	1.26545	1.11270	2.06923	1.62508	1.29039	9.49903	6.04649	3.52533
26300	0.67850	0.63845	0.51464	2.93775	2.48771	2.10613	8.82337	5.23585	2.66020	1.33774	1.26291	1.11000	2.06907	1.62725	1.29403	9.50202	6.05107	3.52828
26460	0.68384	0.64163	0.51510	2.93972	2.49131	2.10894	8.81624	5.23988	2.66390	1.34091	1.26544	1.11260	2.06810	1.62335	1.29072	9.50272	6.04846	3.52567	32.03	6.0	0.00	-2.04	0.01753	0.01214	0.01535	0.01866	0.01922	0.01504	0.00554	0.01534	0.02034	0.01910	0.01342	0.01708	0.01728	0.01784	0.01393	0.00580	0.01632	0.02188
26630	0.68052	0.64200	0.51554	2.93954	2.49109	2.10950	8.82365	5.24027	2.66117	1.34156	1.26550	1.11210	2.07074	1.62934	1.29567	9.50935	6.05333	3.53100
26790	0.68291	0.64310	0.51707	2.94417	2.49479	2.11222	8.83477	5.24393	2.66340	1.34363	1.26683	1.11469	2.07131	1.62605	1.29413	9.50701	6.05029	3.52784
26960	0.67979	0.64059	0.51513	2.93964	2.48964	2.10842	8.82663	5.24344	2.66221	1.34070	1.26459	1.11156	2.06696	1.62370	1.28806	9.50292	6.04570	3.52409
27120	0.67799	0.64018	0.51703	2.93697	2.48812	2.10856	8.82180	5.24062	2.66411	1.34196	1.26566	1.11338	2.06822	1.62555	1.28959	9.49963	6.04785	3.52546
27290	0.67964	0.64108	0.51532	2.93717	2.48771	2.10755	8.81108	5.23956	2.66076	1.33972	1.26281	1.11111	2.06998	1.62709	1.29406	9.50357	6.04975	3.52792
27450	0.68083	0.64399	0.51439	2.93924	2.48863	2.10886	8.82562	5.24183	2.66204	1.34017	1.26369	1.11160	2.06882	1.62661	1.29226	9.49923	6.04659	3.52535
27620	0.67996	0.63894	0.51416	2.93646	2.48764	2.10834	8.82388	5.24166	2.66041	1.33970	1.26203	1.11059	2.06840	1.62521	1.29305	9.49649	6.04593	3.52387
27790	0.67874	0.63986	0.51474	2.93831	2.48912	2.10966	8.82303	5.24188	2.66619	1.34090	1.26451	1.11191	2.07161	1.62493	1.29144	9.49978	6.04747	3.52593
27950	0.67961	0.64114	0.51378	2.93675	2.48707	2.10693	8.81400	5.23881	2.65956	1.33835	1.26216	1.10945	2.07171	1.62716	1.29635	9.50048	6.04880	3.52878
28120	0.68268	0.64093	0.51681	2.93891	2.48966	2.10964	8.83197	5.23890	2.66174	1.34100	1.26433	1.11187	2.06940	1.62580	1.29180	9.50320	6.04815	3.52598	32.03	6.1	0.00	-2.04	0.01753	0.01214	0.01535	0.01866	0.01922	0.01504	0.00554	0.01534	0.02034	0.01910	0.01342	0.01708	0.01728	0.01784	0.01393	0.00580	0.01632	0.02188
28280	0.67998	0.63975	0.51458	2.93733	2.48852	2.10731	8.82753	5.24136	2.66144	1.33969	1.26363	1.11179	2.06869	1.62492	1.28966	9.49821	6.04375	3.52370
28450	0.68201	0.64437	0.51811	2.93866	2.49142	2.11203	8.83821	5.24626	2.66596	1.34292	1.26577	1.11334	2.07171	1.62738	1.29296	9.50355	6.04863	3.52703
28610	0.68212	0.64089	0.51570	2.93805	2.48967	2.10846	8.82225	5.23726	2.66114	1.34005	1.26404	1.11191	2.06789	1.62518	1.29234	9.49671	6.04690	3.52536
28780	0.67922	0.63906	0.51301	2.93555	2.48655	2.10593	8.81316	5.23520	2.65721	1.33772	1.26135	1.10940	2.06928	1.62745	1.29112	9.49886	6.04925	3.52784
28940	0.68021	0.64220	0.51560	2.93753	2.48908	2.10876	8.81883	5.24192	2.66412	1.34021	1.26376	1.11154	2.06805	1.62540	1.29138	9.49921	6.04611	3.52502
29110	0.68069	0.64258	0.51767	2.94008	2.49257	2.11197	8.82208	5.24839	2.66627	1.34290	1.26712	1.11469	2.07159	1.62757	1.29064	9.50370	6.05065	3.52874
29270	0.68167	0.64068	0.51641	2.93903	2.49035	2.10967	8.83174	5.24253	2.66206	1.34077	1.26480	1.11274	2.06935	1.62438	1.28997	9.49851	6.04702	3.52499
29440	0.67966	0.63859	0.51692	2.93675	2.48992	2.10972	8.82618	5.24091	2.66326	1.34149	1.26579	1.11357	2.06842	1.62655	1.29043	9.50085	6.04823	3.52652
29600	0.68052	0.64027	0.51404	2.93689	2.48823	2.10696	8.83163	5.23591	2.66098	1.33862	1.26347	1.11048	2.06891	1.62593	1.29174	9.49856	6.04873	3.52859
29770	0.68212	0.64016	0.51397	2.93994	2.49128	2.10990	8.83182	5.24012	2.66380	1.34068	1.26578	1.11381	2.06924	1.62480	1.28802	9.49991	6.04727	3.52576	32.03	6.0	0.00	-2.04	0.01753	0.01214	0.01535	0.01866	0.01922	0.01504	0.00554	0.01534	0.02034	0.01910	0.01342	0.01708	0.01728	0.01784	0.01393	0.00580	0.01632	0.02188
29930	0.67765	0.63967	0.51284	2.93720	2.49017	2.11005	8.82694	5.24108	2.66235	1.34106	1.26535	1.11354	2.06794	1.62413	1.29159	9.49901	6.04761	3.52612
30100	0.67834	0.63724	0.51476	2.93607	2.48751	2.10642	8.83171	5.23661	2.66004	1.33736	1.26224	1.11013	2.06959	1.62356	1.29052	9.49951	6.04810	3.52689
30260	0.68205	0.64069	0.51501	2.93834	2.48943	2.10899	8.82407	5.23908	2.66053	1.33929	1.26441	1.11239	2.06489	1.62364	1.28948	9.49951	6.04589	3.52486
30430	0.68097	0.63972	0.51640	2.93819	2.49096	2.11044	8.82480	5.23902	2.66119	1.34135	1.26556	1.11363	2.06907	1.62470	1.29051	9.49921	6.04709	3.52545
30590	0.68009	0.63944	0.51285	2.93616	2.48804	2.10683	8.81874	5.23840	2.65821	1.33757	1.26279	1.11100	2.07004	1.62832	1.29439	9.50106	6.04993	3.52820
30760	0.68170	0.64268	0.51645	2.93977	2.49089	2.10941	8.82491	5.24103	2.66067	1.33963	1.26445	1.11226	2.06896	1.62549	1.29075	9.50111	6.04701	3.52456
30920	0.68096	0.64127	0.51423	2.93698	2.48866	2.10807	8.82239	5.23898	2.66153	1.33884	1.26427	1.11186	2.06644	1.62232	1.28913	9.49752	6.04460	3.52310
31090	0.68067	0.64268	0.51710	2.93844	2.49049	2.11005	8.83003	5.23913	2.66317	1.34033	1.26563	1.11362	2.06749	1.62453	1.29005	9.49911	6.04639	3.52468
31250	0.67875	0.63989	0.51339	2.93671	2.48706	2.10657	8.82795	5.23502	2.65899	1.33681	1.26204	1.11020	2.06733	1.62645	1.29175	9.49842	6.04862	3.52657
31420	0.68339	0.64006	0.51535	2.93835	2.48802	2.10793	8.82914	5.23750	2.66273	1.33815	1.26327	1.11137	2.06715	1.62589	1.29168	9.49733	6.04585	3.52444	32.03	6.0	0.00	-2.04	0.01753	0.01214	0.01535	0.01866	0.01922	0.01504	0.00554	0.01534	0.02034	0.01910	0.01342	0.01708	0.01728	0.01784	0.01393	0.00580	0.01632	0.02188
31580	0.68099	0.64203	0.51384	2.93711	2.48791	2.10843	8.81533	5.24018	2.66161	1.33900	1.26360	1.11220	2.06521	1.62437	1.28857	9.49997	6.04410	3.52275
31750	0.68183	0.64113	0.51625	2.93911	2.49047	2.11060	8.83150	5.24151	2.66266	1.34038	1.26529	1.11399	2.06831	1.62530	1.29271	9.50162	6.04687	3.52545
31910	0.67985	0.63938	0.51287	2.93743	2.48814	2.10776	8.82593	5.23943	2.65866	1.33877	1.26398	1.11115	2.06818	1.62397	1.29075	9.49713	6.04364	3.52233
32080	0.67893	0.64021	0.51388	2.93559	2.48767	2.10788	8.82520	5.24315	2.66274	1.33823	1.26303	1.11173	2.06660	1.62341	1.28954	9.49524	6.04364	3.52385
32240	0.67945	0.63698	0.51146	2.93599	2.48622	2.10492	8.81488	5.23578	2.65820	1.33561	1.26118	1.10925	2.06599	1.62615	1.29299	9.49992	6.04668	3.52536
32410	0.68209	0.64030	0.51368	2.93886	2.48895	2.10797	8.81970	5.23717	2.66184	1.33759	1.26345	1.11098	2.06745	1.62240	1.28955	9.49469	6.04325	3.52277
32570	0.67795	0.64055	0.51491	2.93606	2.48855	2.10819	8.81566	5.24131	2.66047	1.33892	1.26470	1.11242	2.06869	1.62466	1.28880	9.49703	6.04439	3.52371
32740	0.67844	0.63876	0.51360	2.93682	2.48643	2.10548	8.81909	5.23769	2.65712	1.33626	1.26138	1.10967	2.06833	1.62428	1.29300	9.49300	6.04364	3.52313
32900	0.67910	0.63806	0.51197	2.93538	2.48658	2.10443	8.83627	5.23603	2.65806	1.33550	1.26091	1.10872	2.06610	1.62164	1.28796	9.48901	6.04000	3.51975
33060	0.67659	0.63761	0.51252	2.93456	2.48579	2.10546	8.81564	5.23717	2.65871	1.33482	1.26225	1.10932	2.06559	1.62178	1.28838	9.49817	6.04051	3.52065	32.08	6.1	0.00	-2.04	0.01753	0.01214	0.01535	0.01866	0.01922	0.01504	0.00554	0.01534	0.02034	0.01910	0.01342	0.01708	0.01728	0.01784	0.01393	0.00580	0.01632	0.02188
33230	0.67862	0.63748	0.51183	2.93405	2.48487	2.10323	8.81614	5.23426	2.65863	1.33386	1.26110	1.10729	2.06258	1.62242	1.28591	9.48975	6.03828	3.51764
33390	0.67985	0.63979	0.51460	2.93625	2.48722	2.10761	8.82731	5.24231	2.66178	1.33728	1.26272	1.10973	2.06956	1.62433	1.28995	9.49558	6.04372	3.52278
33560	0.67901	0.63910	0.51344	2.93472	2.48569	2.10385	8.82018	5.23522	2.65671	1.33422	1.26077	1.10703	2.06730	1.62619	1.28896	9.49982	6.04345	3.52260
33720	0.68022	0.63749	0.51372	2.93537	2.48559	2.10462	8.82877	5.23650	2.66054	1.33489	1.26111	1.10805	2.06483	1.62175	1.28740	9.49349	6.03968	3.51925
33880	0.67843	0.63947	0.51288	2.93469	2.48559	2.10453	8.82591	5.23938	2.65947	1.33483	1.26124	1.10753	2.06624	1.62119	1.28906	9.49045	6.04056	3.51968
34050	0.67776	0.63765	0.50962	2.93235	2.48323	2.10195	8.82192	5.23472	2.65653	1.33290	1.25894	1.10640	2.06607	1.62224	1.28823	9.49279	6.03943	3.51781
34210	0.67785	0.63798	0.51209	2.93273	2.48377	2.10193	8.82350	5.23306	2.65903	1.33314	1.25917	1.10628	2.06508	1.62235	1.28797	9.49269	6.03846	3.51753
34380	0.67773	0.63684	0.51002	2.92922	2.47977	2.09829	8.81631	5.23197	2.65489	1.32969	1.25523	1.10325	2.06409	1.62390	1.29406	9.49249	6.04355	3.52174
34540	0.68173	0.64112	0.51611	2.93405	2.48408	2.10280	8.80650	5.23931	2.66096	1.33373	1.26004	1.10686	2.06653	1.62383	1.28984	9.49060	6.03988	3.51887
34710	0.68002	0.63937	0.51290	2.93128	2.48306	2.10110	8.82592	5.23609	2.66090	1.33240	1.25837	1.10556	2.06904	1.62507	1.29164	9.49236	6.04352	3.52165	32.03	5.9	0.00	-2.04	0.01753	0.01214	0.01535	0.01866	0.01922	0.01504	0.00554	0.01534	0.02034	0.01910	0.01342	0.01708	0.01728	0.01784	0.01393	0.00580	0.01632	0.02188
34870	0.68209	0.64183	0.51691	2.93546	2.48599	2.10392	8.81291	5.23832	2.66027	1.33498	1.26068	1.10742	2.06665	1.62229	1.28986	9.49162	6.04133	3.51974
35040	0.67823	0.63769	0.51411	2.93225	2.48310	2.10181	8.81846	5.23631	2.65811	1.33217	1.25821	1.10502	2.06433	1.62060	1.28696	9.48818	6.03739	3.51663
35200	0.67857	0.63885	0.51499	2.93060	2.48321	2.10220	8.81313	5.23907	2.65872	1.33346	1.25986	1.10661	2.06431	1.62241	1.28788	9.49182	6.03955	3.51823
35370	0.67921	0.63690	0.51266	2.93154	2.48207	2.10049	8.82014	5.23546	2.65683	1.33240	1.25895	1.10513	2.06836	1.62579	1.29136	9.49381	6.04280	3.52177
35540	0.68122	0.63933	0.51396	2.93480	2.48479	2.10208	8.82480	5.24154	2.66036	1.33396	1.25959	1.10670	2.06759	1.62377	1.28879	9.49421	6.03862	3.51855
35700	0.67909	0.64005	0.51507	2.93138	2.48153	2.10040	8.81700	5.23452	2.65989	1.33175	1.25783	1.10456	2.06528	1.62269	1.28742	9.48927	6.03715	3.51512
35870	0.68061	0.64064	0.51502	2.93149	2.48365	2.10268	8.82654	5.24050	2.66311	1.33346	1.26006	1.10709	2.06664	1.62495	1.29086	9.49201	6.03969	3.51843
36030	0.68026	0.64017	0.51320	2.93051	2.48214	2.10032	8.83396	5.23309	2.66088	1.33219	1.25871	1.10489	2.06628	1.62113	1.29004	9.49122	6.03812	3.51692
36200	0.67940	0.63734	0.51326	2.92935	2.48071	2.09911	8.82121	5.23451	2.65774	1.33087	1.25702	1.10410	2.06646	1.62432	1.29247	9.49077	6.04081	3.52021
36360	0.67976	0.64080	0.51467	2.93126	2.48294	2.10184	8.82024	5.23637	2.66192	1.33279	1.25988	1.10625	2.06611	1.62391	1.28953	9.49362	6.03952	3.51906	32.08	6.0	0.00	-2.04	0.01753	0.01214	0.01535	0.01866	0.01922	0.01504	0.00554	0.01534	0.02034	0.01910	0.01342	0.01708	0.01728	0.01784	0.01393	0.00580	0.01632	0.02188
36530	0.67887	0.64154	0.51487	2.93099	2.48333	2.10234	8.81974	5.23639	2.65954	1.33380	1.26021	1.10768	2.06454	1.62127	1.28731	9.49257	6.03806	3.51752
36690	0.68137	0.64060	0.51774	2.93254	2.48518	2.10376	8.82243	5.24044	2.66271	1.33505	1.26161	1.10780	2.06914	1.62663	1.29034	9.49212	6.04103	3.51916
36860	0.68014	0.63828	0.51525	2.93135	2.48295	2.10157	8.82917	5.24064	2.65858	1.33332	1.25974	1.10764	2.06492	1.62144	1.28897	9.49043	6.03828	3.51756
37030	0.67808	0.63634	0.51138	2.92837	2.48028	2.09873	8.81895	5.23620	2.65775	1.33118	1.25690	1.10432	2.06311	1.62384	1.28667	9.48794	6.03712	3.51646
37190	0.68007	0.63758	0.51524	2.92932	2.48159	2.09915	8.81452	5.23694	2.65963	1.33139	1.25771	1.10501	2.06494	1.62168	1.28766	9.49182	6.03951	3.51774
37360	0.67929	0.64066	0.51383	2.93048	2.48237	2.10067	8.81475	5.23948	2.65953	1.33244	1.25875	1.10594	2.06355	1.62178	1.28726	9.49376	6.03833	3.51750
37520	0.68048	0.64067	0.51395	2.93024	2.48203	2.09999	8.81189	5.23639	2.65885	1.33196	1.25791	1.10541	2.06801	1.62561	1.29160	9.49386	6.04276	3.52150
37690	0.68079	0.64104	0.51551	2.93361	2.48563	2.10387	8.81637	5.24177	2.66073	1.33510	1.26208	1.10859	2.06696	1.62315	1.28868	9.49033	6.04021	3.51836
37850	0.67923	0.63785	0.51371	2.93119	2.48244	2.10120	8.82024	5.23652	2.65827	1.33282	1.25898	1.10518	2.06408	1.62087	1.28711	9.48858	6.03826	3.51607
38020	0.67858	0.63778	0.51210	2.92838	2.48050	2.09975	8.80956	5.23329	2.65695	1.33224	1.25862	1.10482	2.06379	1.62219	1.28803	9.48843	6.03659	3.51487	32.03	6.1	0.00	-2.04	0.01753	0.01214	0.01535	0.01866	0.01922	0.01504	0.00554	0.01534	0.02034	0.01910	0.01342	0.01708	0.01728	0.01784	0.01393	0.00580	0.01632	0.02188
38180	0.67755	0.63624	0.51229	2.92796	2.48085	2.10026	8.81663	5.23480	2.65851	1.33298	1.25756	1.10558	2.06544	1.62080	1.28957	9.49017	6.03815	3.51561
38350	0.67827	0.63623	0.51118	2.92692	2.47908	2.09850	8.80133	5.23242	2.65700	1.33118	1.25602	1.10366	2.06534	1.62364	1.29235	9.49526	6.04013	3.51838
38520	0.67931	0.63494	0.51418	2.93064	2.48256	2.10187	8.81540	5.23554	2.66221	1.33433	1.25886	1.10639	2.06556	1.62378	1.28971	9.49187	6.03784	3.51633
38680	0.67635	0.63860	0.51397	2.92883	2.48092	2.10152	8.81147	5.23426	2.65972	1.33347	1.25835	1.10610	2.06405	1.62122	1.28669	9.48749	6.03730	3.51460
38850	0.67848	0.64035	0.51459	2.93134	2.48520	2.10385	8.81753	5.23868	2.66298	1.33617	1.26195	1.10848	2.06804	1.62328	1.29023	9.49421	6.04088	3.51846
39010	0.67744	0.63893	0.51198	2.93103	2.48301	2.10233	8.81949	5.24196	2.65947	1.33404	1.26076	1.10750	2.06658	1.62307	1.29037	9.49052	6.03874	3.51576
39180	0.67659	0.63695	0.51183	2.92877	2.48093	2.10043	8.81663	5.23510	2.65845	1.33130	1.25709	1.10444	2.06796	1.62319	1.29188	9.49277	6.03988	3.51811
39340	0.67837	0.63824	0.51415	2.93070	2.48288	2.10210	8.83854	5.23945	2.66200	1.33312	1.25900	1.10632	2.06821	1.62377	1.29038	9.48943	6.03874	3.51478
39510	0.67603	0.63920	0.51362	2.93022	2.48261	2.10213	8.82471	5.23854	2.66183	1.33447	1.26036	1.10722	2.06936	1.62484	1.29124	9.49232	6.04047	3.51837
39670	0.67976	0.64143	0.51580	2.93174	2.48471	2.10425	8.82533	5.23980	2.66298	1.33443	1.26126	1.10829	2.06933	1.62674	1.28945	9.49207	6.03918	3.51645	32.08	6.0	0.00	-2.04	0.01753	0.01214	0.01535	0.01866	0.01922	0.01504	0.00554	0.01534	0.02034	0.01910	0.01342	0.01708	0.01728	0.01784	0.01393	0.00580	0.01632	0.02188
39840	0.67829	0.63713	0.51347	2.92926	2.48091	2.10041	8.82213	5.23890	2.65968	1.33270	1.25913	1.10576	2.06516	1.62144	1.28826	9.48509	6.03581	3.51442
40000	0.67864	0.64067	0.51420	2.92870	2.48225	2.10172	8.82337	5.23711	2.65980	1.33468	1.26102	1.10785	2.06588	1.62219	1.28559	9.49262	6.03857	3.51692
40170	0.67632	0.63630	0.51252	2.93003	2.48155	2.10211	8.81355	5.23825	2.65783	1.33285	1.25926	1.10634	2.06700	1.62310	1.29035	9.49805	6.04200	3.52125
40340	0.67755	0.63776	0.51427	2.93176	2.48442	2.10370	8.80705	5.23803	2.65970	1.33496	1.26213	1.10869	2.06534	1.62284	1.28873	9.49192	6.04069	3.51903
40500	0.67838	0.63681	0.51274	2.93046	2.48266	2.10339	8.81450	5.23490	2.65780	1.33343	1.26005	1.10707	2.06331	1.61861	1.28544	9.48345	6.03651	3.51592
40670	0.67700	0.63696	0.51243	2.93180	2.48470	2.10566	8.81764	5.23874	2.66134	1.33718	1.26235	1.10977	2.06623	1.62297	1.29010	9.49087	6.03935	3.51886
40830	0.67832	0.63824	0.51363	2.93102	2.48294	2.10314	8.81658	5.23648	2.66176	1.33513	1.26224	1.10881	2.06401	1.62222	1.28760	9.49237	6.03736	3.51687
41000	0.67799	0.63537	0.50976	2.92837	2.48013	2.09996	8.81276	5.23382	2.65535	1.33147	1.25820	1.10496	2.06291	1.62215	1.28935	9.48888	6.04161	3.51921
41160	0.67883	0.63748	0.51409	2.93061	2.48242	2.10263	8.82606	5.23607	2.65982	1.33424	1.26121	1.10708	2.06454	1.62243	1.28835	9.48913	6.03828	3.51761
41330	0.67847	0.63795	0.51420	2.92943	2.48119	2.10223	8.81212	5.23893	2.65667	1.33362	1.26006	1.10754	2.06250	1.62022	1.28492	9.48829	6.03636	3.51633	32.03	5.9	0.00	-2.04	0.01753	0.01214	0.01535	0.01866	0.01922	0.01504	0.00554	0.01534	0.02034	0.01910	0.01342	0.01708	0.01728	0.01784	0.01393	0.00580	0.01632	0.02188
41490	0.67756	0.63928	0.51488	2.93112	2.48438	2.10421	8.83469	5.23974	2.66027	1.33597	1.26256	1.10962	2.06572	1.62436	1.28886	9.49202	6.04082	3.51880
41660	0.67817	0.64022	0.51523	2.93080	2.48394	2.10378	8.83165	5.24005	2.66025	1.33438	1.26087	1.10814	2.06505	1.62210	1.28801	9.48873	6.03797	3.51700
41830	0.67767	0.63875	0.51186	2.92859	2.48061	2.10070	8.82199	5.23644	2.65594	1.33250	1.25887	1.10614	2.06381	1.62215	1.28946	9.49142	6.03547	3.51547
41990	0.67899	0.63793	0.51337	2.92911	2.48083	2.10183	8.81291	5.23818	2.65656	1.33373	1.26013	1.10699	2.06533	1.62349	1.28919	9.48993	6.03775	3.51830
42160	0.67899	0.63910	0.51406	2.93131	2.48330	2.10368	8.82362	5.23652	2.65905	1.33443	1.26083	1.10839	2.06487	1.62372	1.29040	9.49287	6.03974	3.51855
42320	0.68046	0.64036	0.51471	2.93155	2.48327	2.10248	8.81997	5.23531	2.65939	1.33402	1.26056	1.10748	2.06672	1.62731	1.29546	9.49441	6.04202	3.52222
42490	0.68108	0.64220	0.51707	2.93515	2.48660	2.10672	8.82845	5.23644	2.66285	1.33714	1.26406	1.11046	2.06783	1.62454	1.28926	9.49391	6.04044	3.52012
42650	0.67925	0.63938	0.51487	2.93269	2.48343	2.10430	8.82115	5.23720	2.65954	1.33440	1.26161	1.10819	2.06654	1.62299	1.28748	9.48848	6.03702	3.51745
42820	0.67812	0.63777	0.51311	2.93146	2.48254	2.10264	8.81689	5.23727	2.65778	1.33357	1.26120	1.10746	2.06526	1.62032	1.28668	9.48589	6.03593	3.51594
42990	0.67828	0.63735	0.51599	2.93177	2.48322	2.10400	8.81341	5.24128	2.66124	1.33468	1.26196	1.10740	2.06728	1.62301	1.29073	9.48519	6.03690	3.51583	32.03	6.2	0.00	-2.04	0.01753	0.01214	0.01535	0.01866	0.01922	0.01504	0.00554	0.01534	0.02034	0.01910	0.01342	0.01708	0.01728	0.01785	0.01393	0.00580	0.01632	0.02188
43150	0.67933	0.63913	0.51335	2.92933	2.47990	2.09981	8.81195	5.23187	2.65714	1.33044	1.25782	1.10439	2.06822	1.62711	1.29381	9.48688	6.03945	3.51971
43320	0.68148	0.64118	0.51726	2.93245	2.48308	2.10329	8.82289	5.23887	2.65954	1.33443	1.26242	1.10796	2.06819	1.62441	1.29158	9.48967	6.03871	3.51860
43480	0.67998	0.64224	0.51473	2.93111	2.48346	2.10336	8.81728	5.23657	2.65916	1.33431	1.26193	1.10812	2.06652	1.62245	1.28930	9.48693	6.03718	3.51693
43650	0.68071	0.64131	0.51647	2.93289	2.48507	2.10489	8.83581	5.24556	2.66716	1.33563	1.26332	1.10954	2.07111	1.62762	1.29474	9.49306	6.03987	3.51958
43810	0.68168	0.63994	0.51511	2.93188	2.48352	2.10530	8.84261	5.24273	2.65526	1.33546	1.26293	1.10883	2.06039	1.61805	1.28570	9.49261	6.04117	3.52019
43980	0.67485	0.63774	0.51343	2.93280	2.48416	2.10358	8.84194	5.24187	2.66255	1.33391	1.26126	1.10722	2.06947	1.62744	1.29409	9.48932	6.03899	3.51891
44140	0.68157	0.64316	0.51735	2.93246	2.48450	2.10460	8.83148	5.24106	2.65905	1.33498	1.26302	1.10943	2.06132	1.61525	1.28216	9.49481	6.04234	3.52094
44310	0.67292	0.63437	0.51159	2.93590	2.48845	2.10906	8.82519	5.23825	2.65715	1.33872	1.26546	1.11192	2.06240	1.61803	1.28592	9.49869	6.04373	3.52225
44470	0.67295	0.63708	0.51216	2.93391	2.48427	2.10401	8.83789	5.24108	2.65906	1.33534	1.26204	1.10792	2.06765	1.62110	1.29037	9.48793	6.03924	3.51846
44640	0.67596	0.63685	0.51149	2.93137	2.48482	2.10629	8.83063	5.23288	2.65413	1.33683	1.26422	1.11120	2.06078	1.61821	1.28667	9.49541	6.04267	3.52175	32.03	6.2	0.00	-2.04	0.01753	0.01214	0.01535	0.01866	0.01922	0.01504	0.00554	0.01534	0.02034	0.01910	0.01342	0.01708	0.01728	0.01785	0.01393	0.00580	0.01632	0.02187
44800	0.67389	0.63378	0.51002	2.93332	2.48431	2.10271	8.82586	5.23181	2.65677	1.33444	1.26136	1.10818	2.06786	1.62476	1.29096	9.49426	6.04378	3.52399
44970	0.68090	0.63829	0.51428	2.93677	2.48749	2.10728	8.82603	5.24072	2.66036	1.33725	1.26524	1.11142	2.06672	1.62485	1.28775	9.49481	6.04279	3.52193
45130	0.67688	0.63611	0.51366	2.93433	2.48501	2.10445	8.81037	5.23312	2.65605	1.33586	1.26344	1.10936	2.06127	1.61776	1.28449	9.49242	6.04054	3.51931
45300	0.67844	0.63735	0.51203	2.93495	2.48581	2.10577	8.82103	5.23611	2.65988	1.33689	1.26333	1.11044	2.06618	1.62137	1.28769	9.49436	6.04168	3.52068
45460	0.67827	0.63455	0.51248	2.93217	2.48309	2.10203	8.82316	5.23534	2.65460	1.33356	1.26042	1.10742	2.06605	1.62452	1.29101	9.49740	6.04384	3.52315
45630	0.68182	0.64058	0.51535	2.93428	2.48533	2.10404	8.83456	5.23827	2.66126	1.33488	1.26197	1.10890	2.06885	1.62205	1.28934	9.48768	6.03908	3.51861
45790	0.67732	0.63865	0.51195	2.93099	2.48306	2.10271	8.82406	5.23780	2.65969	1.33422	1.26113	1.10796	2.06482	1.61946	1.28612	9.48853	6.03862	3.51726
45960	0.67450	0.63590	0.51401	2.93227	2.48456	2.10400	8.81957	5.23515	2.65998	1.33648	1.26278	1.11077	2.06434	1.62265	1.28859	9.48853	6.03978	3.51901
46120	0.67427	0.63494	0.51152	2.93036	2.48239	2.10049	8.82154	5.23531	2.65697	1.33339	1.26017	1.10782	2.06374	1.62263	1.29008	9.49217	6.04246	3.52172
46290	0.67793	0.63670	0.51191	2.93272	2.48424	2.10243	8.80544	5.23721	2.65665	1.33420	1.26121	1.10787	2.06309	1.62140	1.28838	9.49583	6.04143	3.51904	32.03	6.0	0.00	-2.04	0.01753	0.01214	0.01535	0.01866	0.01922	0.01504	0.00555	0.01535	0.02034	0.01910	0.01342	0.01708	0.01728	0.01785	0.01393	0.00580	0.01632	0.02187
46460	0.67700	0.63646	0.51382	2.93211	2.48383	2.10273	8.80925	5.23466	2.65848	1.33470	1.26236	1.10877	2.06394	1.62102	1.28733	9.49259	6.04070	3.51863
46620	0.67830	0.63856	0.51518	2.93401	2.48663	2.10579	8.82760	5.23875	2.66328	1.33688	1.26359	1.11065	2.06869	1.62348	1.28859	9.49463	6.04441	3.52143
46790	0.67892	0.63927	0.51435	2.93340	2.48469	2.10325	8.81329	5.23512	2.66038	1.33453	1.26117	1.10767	2.06494	1.62091	1.28633	9.49030	6.04053	3.51831
46950	0.67534	0.63549	0.51042	2.93014	2.48201	2.10154	8.81783	5.23274	2.65796	1.33349	1.26003	1.10643	2.06227	1.62219	1.28920	9.48985	6.04155	3.51993
47120	0.67726	0.63642	0.51375	2.93364	2.48573	2.10388	8.82047	5.23462	2.66170	1.33598	1.26307	1.10865	2.06564	1.62302	1.28898	9.49219	6.04299	3.52075
47280	0.67736	0.63708	0.51149	2.93410	2.48444	2.10359	8.82052	5.23708	2.65738	1.33611	1.26178	1.10866	2.06560	1.62562	1.29281	9.49404	6.04476	3.52419
47450	0.68004	0.63869	0.51710	2.93758	2.48850	2.10727	8.82036	5.24142	2.66098	1.33824	1.26461	1.11123	2.06652	1.62379	1.28884	9.49399	6.04301	3.52046
47610	0.67750	0.63814	0.51313	2.93528	2.48562	2.10372	8.82720	5.23718	2.65936	1.33531	1.26235	1.10815	2.06350	1.62183	1.28553	9.49209	6.03950	3.51735
47780	0.67985	0.63820	0.51506	2.93465	2.48644	2.10679	8.83647	5.24222	2.66083	1.33770	1.26527	1.11068	2.06936	1.62248	1.29081	9.49274	6.04259	3.52101
47940	0.67900	0.63788	0.51365	2.93339	2.48446	2.10345	8.81796	5.23734	2.66148	1.33497	1.26213	1.10794	2.06722	1.62131	1.28680	9.48770	6.03848	3.51800	32.03	6.1	0.00	-2.04	0.01753	0.01214	0.01536	0.01866	0.01922	0.01504	0.00555	0.01535	0.02034	0.01910	0.01342	0.01708	0.01728	0.01785	0.01393	0.00580	0.01632	0.02187
48110	0.67575	0.63695	0.51131	2.93238	2.48403	2.10394	8.80944	5.23538	2.65813	1.33460	1.26198	1.10796	2.06476	1.62025	1.28875	9.49039	6.03886	3.51761
48270	0.67668	0.63854	0.51396	2.93157	2.48409	2.10338	8.81936	5.23803	2.65782	1.33526	1.26247	1.10887	2.06416	1.62061	1.28967	9.48974	6.03733	3.51664
48440	0.67787	0.63741	0.51495	2.93315	2.48477	2.10467	8.81414	5.23941	2.66203	1.33517	1.26317	1.10871	2.06818	1.62444	1.29105	9.49114	6.03908	3.51837
48600	0.67787	0.63696	0.51309	2.93126	2.48223	2.10087	8.81263	5.23509	2.65742	1.33310	1.26052	1.10703	2.06886	1.62528	1.29296	9.48785	6.04103	3.52140
48770	0.68060	0.63817	0.51466	2.93424	2.48509	2.10398	8.83031	5.23760	2.65970	1.33553	1.26254	1.10906	2.06707	1.62318	1.29076	9.48855	6.03957	3.51809
48940	0.67964	0.63993	0.51500	2.93174	2.48387	2.10288	8.81459	5.23932	2.65938	1.33473	1.26222	1.10875	2.06694	1.62255	1.29101	9.48680	6.03837	3.51768
49100	0.67720	0.63899	0.51494	2.93275	2.48463	2.10315	8.81992	5.24021	2.66063	1.33450	1.26120	1.10923	2.06825	1.62351	1.29216	9.49059	6.03674	3.51627
49270	0.67939	0.64029	0.51625	2.93420	2.48544	2.10442	8.83171	5.23935	2.66189	1.33678	1.26289	1.10984	2.06753	1.62482	1.29156	9.49039	6.03881	3.51842
49430	0.68041	0.63857	0.51631	2.93380	2.48489	2.10320	8.81157	5.24188	2.66093	1.33485	1.26147	1.10903	2.06701	1.62343	1.29102	9.48929	6.03850	3.51776
49600	0.67820	0.64158	0.51596	2.93245	2.48552	2.10492	8.82236	5.24028	2.66196	1.33701	1.26275	1.11103	2.06836	1.62457	1.29348	9.49047	6.04012	3.51866	32.03	6.1	0.00	-2.04	0.01753	0.01214	0.01536	0.01866	0.01922	0.01504	0.00555	0.01535	0.02034	0.01910	0.01342	0.01708	0.01728	0.01785	0.01393	0.00580	0.01632	0.02187
49760	0.67983	0.63810	0.51244	2.93286	2.48416	2.10153	8.81372	5.23947	2.66164	1.33345	1.25959	1.10816	2.06748	1.62427	1.29011	9.48554	6.03617	3.51606
49930	0.67684	0.63892	0.51199	2.93151	2.48205	2.10031	8.81367	5.23698	2.65976	1.33260	1.25790	1.10636	2.06828	1.62454	1.29136	9.48719	6.03652	3.51753
50090	0.68084	0.64242	0.51493	2.93337	2.48324	2.10197	8.80846	5.24084	2.66258	1.33446	1.26081	1.10839	2.06831	1.62461	1.29115	9.48236	6.03487	3.51519
50260	0.67927	0.63804	0.51418	2.93062	2.48137	2.10001	8.82820	5.23991	2.65944	1.33333	1.25917	1.10780	2.06570	1.62293	1.28738	9.48340	6.03287	3.51335
50430	0.67959	0.63934	0.51528	2.93211	2.48279	2.10233	8.81541	5.24366	2.66142	1.33509	1.26117	1.10848	2.06829	1.62304	1.28891	9.48265	6.03579	3.51578
50590	0.67957	0.64019	0.51329	2.93179	2.48274	2.10274	8.82506	5.23841	2.65948	1.33473	1.26021	1.10823	2.06581	1.62199	1.28807	9.48440	6.03490	3.51538
50760	0.67867	0.63727	0.51283	2.93060	2.48089	2.09950	8.82169	5.23620	2.65897	1.33236	1.25812	1.10663	2.06716	1.62548	1.29072	9.48953	6.03800	3.51773
50920	0.67988	0.64047	0.51400	2.93240	2.48251	2.10107	8.82012	5.23603	2.66039	1.33438	1.25987	1.10773	2.06831	1.62539	1.29034	9.48634	6.03575	3.51534
51090	0.67934	0.63860	0.51459	2.93090	2.48207	2.09985	8.83089	5.23961	2.65929	1.33380	1.25890	1.10687	2.06531	1.62328	1.28917	9.48709	6.03338	3.51354
51260	0.68246	0.64216	0.51585	2.93295	2.48468	2.10411	8.82450	5.24343	2.66421	1.33677	1.26212	1.10976	2.06933	1.62691	1.29526	9.48895	6.03934	3.51753	31.97	6.0	0.00	-2.04	0.01753	0.01214	0.01536	0.01866	0.01922	0.01504	0.00555	0.01535	0.02034	0.01910	0.01342	0.01708	0.01728	0.01785	0.01393	0.00580	0.01632	0.02187
51420	0.68203	0.63833	0.51540	2.93143	2.48255	2.10127	8.82333	5.23990	2.66041	1.33454	1.25981	1.10761	2.06782	1.62403	1.29000	9.48427	6.03515	3.51463
51580	0.67769	0.63730	0.51276	2.92827	2.47842	2.09798	8.80931	5.23355	2.65756	1.33138	1.25569	1.10400	2.06553	1.62252	1.28796	9.48343	6.03475	3.51459
51750	0.67964	0.63754	0.51385	2.92881	2.48030	2.10058	8.83231	5.23791	2.65977	1.33403	1.25863	1.10738	2.06652	1.62434	1.29015	9.48826	6.03589	3.51612
51920	0.68096	0.63997	0.51390	2.93007	2.48054	2.10019	8.80707	5.23682	2.65774	1.33461	1.25848	1.10731	2.06696	1.62620	1.29070	9.48796	6.03882	3.51850
52080	0.68100	0.64032	0.51575	2.93215	2.48212	2.10168	8.82063	5.23868	2.66348	1.33688	1.25926	1.10844	2.06579	1.62334	1.29223	9.48527	6.03510	3.51519
52250	0.68014	0.63922	0.51365	2.92829	2.47997	2.09969	8.80847	5.23759	2.65991	1.33567	1.25762	1.10716	2.06558	1.62369	1.28864	9.48303	6.03388	3.51384
52410	0.67758	0.64010	0.51418	2.92701	2.48085	2.10276	8.82209	5.24301	2.66126	1.33959	1.26125	1.11109	2.06866	1.62521	1.29005	9.48796	6.03873	3.51810
52580	0.67876	0.64013	0.51474	2.92934	2.48054	2.12598	8.81979	5.23916	2.66119	1.38593	1.30179	1.15777	2.06693	1.62378	1.28998	9.54056	6.09012	3.56770
52740	0.67895	0.63718	0.51340	2.97169	2.52266	2.15094	8.81424	5.23482	2.65834	1.39371	1.30791	1.16260	2.06669	1.62698	1.29078	9.55158	6.09930	3.57671
52910	0.68274	0.63950	0.51608	2.97902	2.53105	2.15769	8.81947	5.23775	2.66128	1.39801	1.31223	1.16710	2.06824	1.62340	1.29207	9.55627	6.10085	3.57686	32.08	6.0	0.00	-2.04	0.01753	0.01214	0.01536	0.01866	0.01922	0.01504	0.00555	0.01535	0.02034	0.01910	0.01342	0.01708	0.01728	0.01785	0.01394	0.00580	0.01632	0.02187
53070	0.68028	0.64002	0.51663	2.98115	2.53387	2.15974	8.81644	5.24228	2.66114	1.40159	1.31491	1.16915	2.06790	1.62372	1.28900	9.56053	6.10436	3.57971
53240	0.67948	0.64266	0.51816	2.98725	2.54088	2.16527	8.82148	5.24381	2.66264	1.40774	1.32073	1.17578	2.07123	1.62681	1.29289	9.56811	6.11156	3.58563
53400	0.67951	0.64065	0.51659	2.99020	2.54221	2.16646	8.83282	5.24315	2.66035	1.40692	1.32150	1.17597	2.06622	1.62181	1.28879	9.56816	6.11053	3.58549
53570	0.68111	0.63932	0.51427	2.99111	2.54369	2.16783	8.81778	5.24046	2.66264	1.40678	1.32213	1.17590	2.06792	1.62473	1.29125	9.56761	6.11606	3.59133
53740	0.68001	0.63974	0.51356	2.99558	2.54791	2.17087	8.82609	5.24176	2.66266	1.40898	1.32655	1.17815	2.06590	1.62401	1.28919	9.56696	6.11454	3.59088
53900	0.68040	0.64064	0.51712	3.00257	2.55425	2.17751	8.82586	5.24314	2.66420	1.41252	1.33118	1.18399	2.06999	1.62708	1.29140	9.58103	6.12291	3.59892
54070	0.68137	0.63980	0.51508	3.00370	2.55395	2.17746	8.82934	5.24313	2.66056	1.41294	1.33218	1.18227	2.06587	1.62152	1.29007	9.57228	6.12043	3.59763
54230	0.67747	0.63689	0.51338	3.00227	2.55311	2.17509	8.81319	5.23831	2.65654	1.41017	1.33052	1.18079	2.06603	1.62435	1.28809	9.57067	6.12172	3.59869
54400	0.67888	0.63928	0.51331	3.00598	2.55619	2.17836	8.81425	5.24071	2.65860	1.41192	1.33212	1.18221	2.06897	1.62741	1.29297	9.58108	6.12805	3.60403
54560	0.68308	0.64083	0.51648	3.01037	2.56039	2.18218	8.83437	5.24276	2.66539	1.41471	1.33490	1.18472	2.06925	1.62440	1.29170	9.57905	6.12533	3.60105	32.03	6.1	0.00	-2.04	0.01753	0.01214	0.01536	0.01866	0.01922	0.01504	0.00555	0.01535	0.02034	0.01910	0.01342	0.01708	0.01728	0.01785	0.01394	0.00580	0.01632	0.02187
54730	0.67994	0.63940	0.51478	3.00863	2.55807	2.17896	8.82562	5.24031	2.66115	1.41049	1.33329	1.18211	2.06592	1.62143	1.28866	9.57513	6.12133	3.59787
54890	0.67753	0.63843	0.51543	3.00652	2.55815	2.18962	8.82113	5.24423	2.66277	1.43337	1.35713	1.20332	2.07002	1.62540	1.29194	9.59878	6.14650	3.62288
55060	0.68021	0.63850	0.51429	3.03181	2.57799	2.19906	8.82500	5.24019	2.66184	1.42823	1.35244	1.19702	2.06872	1.62477	1.28852	9.58805	6.13968	3.61812
